init 0.9195535182952881 6.013306745635189 3.511833429336548 1.4061723947525024 0.0 0.0 0.0 0.0
1 0.9570816159248352 6.046460879673543 3.5137739181518555 1.4069936275482178 0.24351999163627625 0.0854503758295641 0.22393342852592468 0.10024135559797287
2 0.928556501865387 6.068620841824614 3.54372501373291 1.4456745386123657 0.4021070897579193 0.4056428689425815 0.5286023616790771 0.39519092440605164
3 0.9256645441055298 6.09909168117601 3.547837495803833 1.4654089212417603 0.37754034996032715 0.5517159589489364 0.6020069718360901 0.7580922842025757
4 0.9210392236709595 6.197246703314022 3.539999485015869 1.4601554870605469 0.3744269907474518 0.7328149952488822 0.6386122107505798 0.758773922920227
5 0.9937925934791565 6.242142525261327 3.566938638687134 1.4820586442947388 0.5937938094139099 0.8113558427009807 0.7488846182823181 0.8101955056190491
6 0.9658197164535522 6.2256856528549305 3.5545976161956787 1.491679310798645 0.5460787415504456 0.8059085759602429 0.7601944804191589 0.8325280547142029
7 0.9810348749160767 6.238826928508997 3.5731823444366455 1.5063660144805908 0.5863160490989685 0.8258556240250468 0.7769603729248047 0.8459715247154236
8 1.0299906730651855 6.1905539832329906 3.5001561641693115 1.5608724355697632 0.7053991556167603 0.6794066890400018 0.9513339400291443 0.9247265458106995
9 1.024651288986206 6.203786630944996 3.495596170425415 1.5514025688171387 0.6779934167861938 0.720649291598468 0.9890177845954895 0.9190327525138855
10 0.9793732166290283 6.181084676902232 3.4915435314178467 1.5390931367874146 0.5718281269073486 0.7275932967708286 0.9149617552757263 0.8922809362411499
11 1.0014872550964355 6.176284144158888 3.4937126636505127 1.4720441102981567 0.5799278020858765 0.78604555440495 0.9355818629264832 1.0021146535873413
12 1.021191120147705 6.158048358600563 3.490786552429199 1.4689818620681763 0.5832216739654541 0.7527375270865836 0.9697805047035217 1.0023633241653442
13 1.021559476852417 6.1611968079023285 3.4888811111450195 1.4776859283447266 0.5821563005447388 0.7750545895265197 0.9709305167198181 0.967810332775116
14 1.0257078409194946 6.162807080332564 3.492230176925659 1.4814326763153076 0.5869146585464478 0.7760734719680012 1.0620735883712769 0.9746237993240356
15 1.1341735124588013 6.214017291156673 3.4830944538116455 1.5292226076126099 0.7560423612594604 0.8683504478792041 1.1481177806854248 1.027321219444275
16 1.114224910736084 6.164882552494851 3.491806983947754 1.5263841152191162 0.7256160974502563 0.8215026571580747 1.1131443977355957 1.018479824066162
17 1.0819398164749146 6.1726965356456835 3.4904210567474365 1.5111703872680664 0.6810358166694641 0.8528583337299447 1.0679696798324585 1.006771445274353
18 1.0866384506225586 6.160025448488241 3.492656946182251 1.5017304420471191 0.6873397827148438 0.84202287564999 1.0586756467819214 0.9987987279891968
19 1.089874029159546 6.157248628680501 3.4898955821990967 1.5016529560089111 0.6838080883026123 0.8389030342800047 1.0522396564483643 0.9967080354690552
20 1.03431236743927 6.039232540673941 3.4863038063049316 1.49662184715271 0.6019365191459656 0.7641167290926895 1.0514180660247803 1.016828179359436
21 1.0340758562088013 6.0419727703560415 3.484020948410034 1.5017666816711426 0.6092149019241333 0.7281726131387442 1.0442980527877808 1.0254533290863037
22 1.0559858083724976 6.023314728045572 3.493701219558716 1.543845534324646 0.6511971950531006 0.7616965176158933 1.0831369161605835 1.1333253383636475
23 1.0451098680496216 6.013057821085378 3.4736251831054688 1.5382250547409058 0.6190102100372314 0.8166117484751533 1.021559238433838 1.113112449645996
24 1.0451098680496216 6.01831146903461 3.4704320430755615 1.5440218448638916 0.6190102100372314 0.8190434836819166 1.096835732460022 1.1312355995178223
25 1.0610188245773315 6.0184762688022895 3.4747869968414307 1.54742431640625 0.6431270241737366 0.8362914766678904 1.1116310358047485 1.131187081336975
26 1.0690183639526367 6.019060628153945 3.4887447357177734 1.5655488967895508 0.6709378957748413 0.8287301906261181 1.1130670309066772 1.1659293174743652
27 1.059730887413025 6.0399506232262485 3.494826316833496 1.5606813430786133 0.6654979586601257 0.8444454334321234 1.1121529340744019 1.1633838415145874
28 1.0593010187149048 6.035693815997877 3.4914190769195557 1.5191617012023926 0.657745361328125 0.8419238383489365 1.103222370147705 1.1989201307296753
29 1.0588569641113281 5.959970776418251 3.4995079040527344 1.519666314125061 0.6588234901428223 0.8926033397356442 1.091326355934143 1.1962274312973022
30 1.0596996545791626 5.9617171012095 3.501415491104126 1.5204678773880005 0.6599569320678711 0.8917486419712366 1.1057122945785522 1.1941686868667603
31 1.0395694971084595 5.9664681388537995 3.4988365173339844 1.514390230178833 0.6218283772468567 0.9092918429336072 1.0918134450912476 1.1776143312454224
32 1.0570887327194214 5.992976667745849 3.516071081161499 1.5491232872009277 0.6987884044647217 0.9003235063758814 1.1713776588439941 1.237533688545227
33 1.048757553100586 5.979064722750351 3.518571138381958 1.5330795049667358 0.6820166707038879 0.9099041733995761 1.18116295337677 1.2127859592437744
34 1.0383961200714111 5.947928983538466 3.4854629039764404 1.5146249532699585 0.623603105545044 0.9182483041532008 1.0832451581954956 1.162035584449768
35 1.0389811992645264 5.956025833149529 3.479372501373291 1.5223444700241089 0.6413763761520386 0.934628232415552 1.0335655212402344 1.1565375328063965
36 1.0399383306503296 5.962045398860656 3.4804232120513916 1.519978404045105 0.6471642255783081 0.9269938846485167 1.0314146280288696 1.1566338539123535
37 1.0527162551879883 5.974490026642365 3.469475030899048 1.5266727209091187 0.7237564921379089 0.9451197491175638 1.0589404106140137 1.1772632598876953
38 1.0570557117462158 5.970310715891838 3.465907573699951 1.527116298675537 0.7159345746040344 0.9723726749153555 1.0535801649093628 1.1825059652328491
39 1.051287293434143 5.963963792253262 3.470553159713745 1.530366063117981 0.6986079812049866 0.9798447157033896 1.0003219842910767 1.1927086114883423
40 1.0400481224060059 5.961922300068795 3.470808982849121 1.5259788036346436 0.6779112815856934 0.9850828122932173 0.9912097454071045 1.1854383945465088
41 1.0358244180679321 5.964875860002179 3.469466209411621 1.524411916732788 0.6710046529769897 1.0519100798739223 0.9948115944862366 1.1855247020721436
42 1.0391801595687866 5.969764545458064 3.4713587760925293 1.5299055576324463 0.6776728630065918 0.9680110516045851 0.9916765689849854 1.1940248012542725
43 1.0194400548934937 5.963917191862417 3.473148822784424 1.5278929471969604 0.6532734632492065 0.9479110317346031 0.9673209190368652 1.190224528312683
44 1.004143476486206 5.96751467383887 3.4719815254211426 1.5122240781784058 0.640015184879303 0.9352243796970519 0.9464325904846191 1.1710796356201172
45 1.004141926765442 5.968082672241819 3.472926378250122 1.512224555015564 0.6400153636932373 1.0110234549783994 0.9556027054786682 1.1710801124572754
46 1.0039160251617432 5.967218862432076 3.467684507369995 1.5123783349990845 0.6412285566329956 1.0072078995262579 0.9560783505439758 1.170027494430542
47 1.001302719116211 5.968981455843558 3.4682106971740723 1.5146466493606567 0.6362919807434082 0.99607714516846 0.9422229528427124 1.1675101518630981
48 1.004608392715454 5.9703696011593275 3.4645841121673584 1.5173664093017578 0.6444731950759888 0.9490334131335935 0.9619095325469971 1.1693837642669678
49 1.0040911436080933 5.973297951634583 3.4633359909057617 1.5173393487930298 0.6407008767127991 0.9473593315523846 0.9621268510818481 1.1694607734680176
50 1.0038621425628662 5.975482136690349 3.4607715606689453 1.5002555847167969 0.641250491142273 0.9383749345601172 0.9658644795417786 1.1357659101486206
51 1.0101721286773682 5.979483747627528 3.453789472579956 1.5004268884658813 0.6488773822784424 0.950126644037454 0.970674991607666 1.1359363794326782
52 1.0006890296936035 5.995569911362649 3.455437421798706 1.508423924446106 0.6507935523986816 0.9654325838605399 0.9768064022064209 1.1469978094100952
53 0.9991413354873657 5.997481064732933 3.4556469917297363 1.514168381690979 0.6537811756134033 0.9735965964277242 0.9854575991630554 1.154337763786316
54 0.9989955425262451 5.97694165323415 3.47033429145813 1.5293813943862915 0.6973949074745178 1.011791944031769 1.0332188606262207 1.1835397481918335
55 0.9976475834846497 5.977420390197505 3.470956563949585 1.5306665897369385 0.6951558589935303 1.0166123837654597 1.0361839532852173 1.184634804725647
56 0.99981689453125 5.964525613566802 3.4755094051361084 1.5242865085601807 0.6895245313644409 1.0177687162229563 1.0273131132125854 1.1749616861343384
57 1.0012378692626953 5.964313675114795 3.4753692150115967 1.6072109937667847 0.6847611665725708 1.0088946059257209 1.0420246124267578 1.327928066253662
58 1.0034533739089966 5.989452512232744 3.475393533706665 1.6178497076034546 0.6944810748100281 1.0278646468945059 1.063844084739685 1.3422452211380005
59 1.0000557899475098 5.994790510131835 3.482325553894043 1.6287903785705566 0.6910142302513123 1.0359920776061848 1.0697966814041138 1.3563690185546875
60 1.0005218982696533 6.004503870203561 3.477135419845581 1.6207857131958008 0.6876131296157837 1.026597447348114 1.067138433456421 1.3429607152938843
61 1.0009711980819702 6.011167288909154 3.4770123958587646 1.623071312904358 0.687894880771637 1.0373470534844937 1.0684086084365845 1.346746563911438
62 1.001395583152771 6.009108852840254 3.4853992462158203 1.6251236200332642 0.6871002316474915 1.039972188645525 1.0665342807769775 1.339411973953247
63 1.0013223886489868 6.005407377427852 3.481184959411621 1.6255056858062744 0.6869844794273376 1.0345275313365403 1.0678651332855225 1.3383830785751343
64 1.000760555267334 6.0026519622001135 3.4802255630493164 1.6262739896774292 0.6859678626060486 1.0391415294382829 1.1133735179901123 1.3388447761535645
65 0.9969722628593445 6.002103328706922 3.4741976261138916 1.6287918090820313 0.684647798538208 1.0386795557051507 1.1255995035171509 1.3418033123016357
66 0.9975607395172119 6.008307479263541 3.4735240936279297 1.6310226917266846 0.6868219375610352 1.038353633260767 1.1260837316513062 1.3445738554000854
67 0.9850176572799683 6.018382163965455 3.4669950008392334 1.5943090915679932 0.6555725336074829 1.0592937996075393 1.0974422693252563 1.2904891967773438
68 0.9845610857009888 6.017068035719089 3.4668965339660645 1.594211220741272 0.6556152701377869 1.0718985342686995 1.096236228942871 1.2906008958816528
69 0.9845904111862183 6.020994074031175 3.468204975128174 1.593985915184021 0.6563850045204163 1.0733329919718033 1.0973073244094849 1.2910487651824951
70 0.9831927418708801 6.022625633890056 3.465613842010498 1.584728717803955 0.6471190452575684 1.0708783311515901 1.0804798603057861 1.2738096714019775
71 0.9873141646385193 6.02146419452079 3.4726035594940186 1.5899574756622314 0.6483907103538513 1.0773886695310968 1.1113897562026978 1.2855252027511597
72 0.9843963980674744 6.02209157981829 3.4716861248016357 1.5918171405792236 0.6450519561767578 1.0857883437082456 1.1242756843566895 1.3030598163604736
73 0.9841952919960022 6.024291891621712 3.472036838531494 1.5915342569351196 0.6454736590385437 1.0712894250318459 1.1298365592956543 1.3015265464782715
74 0.9847943782806396 6.014501721022309 3.4735052585601807 1.5940594673156738 0.6481229662895203 1.0534874289034242 1.1369662284851074 1.3052699565887451
75 0.9854941964149475 6.037216167818361 3.4717390537261963 1.5895274877548218 0.64765864610672 1.0715708868100882 1.142651915550232 1.295356273651123
76 0.9655921459197998 6.042249211491885 3.483046531677246 1.5896356105804443 0.605329155921936 1.0750151613672145 1.1305732727050781 1.2892972230911255
77 0.9640478491783142 6.028111553083204 3.4789674282073975 1.575478434562683 0.5892213582992554 1.1087968619615767 1.1183955669403076 1.263327956199646
78 0.9752739071846008 6.022706118281286 3.47444224357605 1.5729376077651978 0.5816049575805664 1.053781885881666 1.1138896942138672 1.2612937688827515
79 0.9587320685386658 6.025607770011744 3.466803550720215 1.5559219121932983 0.5598068237304688 1.0605517877160664 1.101043701171875 1.2381200790405273
80 0.9574686884880066 6.0245111050883775 3.47121000289917 1.556731939315796 0.5603078603744507 1.068658872921492 1.0993293523788452 1.2374746799468994
81 0.9576769471168518 6.024297338232478 3.4710772037506104 1.5567539930343628 0.560583770275116 1.0715071532449036 1.0996817350387573 1.237424373626709
82 0.957176923751831 6.034423229229855 3.4649155139923096 1.561124563217163 0.5672628283500671 1.0787723403929368 1.0781257152557373 1.2510029077529907
83 0.9577564597129822 6.039806474950803 3.4656639099121094 1.5609949827194214 0.5671197772026062 1.081212325268594 1.0831055641174316 1.2510137557983398
84 0.957051694393158 6.040804005308235 3.4684135913848877 1.5592249631881714 0.565165638923645 1.0801020628426317 1.079106330871582 1.249069333076477
85 0.9570747017860413 6.039694192182383 3.4691269397735596 1.5590468645095825 0.5644121766090393 1.0593233739403245 1.0788066387176514 1.248507022857666
86 0.9673754572868347 6.047333895392564 3.4685280323028564 1.5493422746658325 0.5743810534477234 1.0449954585349641 1.0587399005889893 1.2404214143753052
87 0.9616007804870605 6.046550860239573 3.469139337539673 1.538494348526001 0.5599870681762695 1.029344429837 1.0554417371749878 1.223459243774414
88 0.9609928131103516 6.052535344021892 3.4648189544677734 1.566730260848999 0.5910707116127014 1.0159963824586078 1.1119407415390015 1.2660964727401733
89 0.9603032469749451 6.051767479872305 3.4653408527374268 1.5667102336883545 0.5909778475761414 1.0158447219750657 1.1145963668823242 1.2666829824447632
90 0.9644090533256531 6.049116147945033 3.465855121612549 1.564880132675171 0.5977509021759033 1.0234308936356764 1.1038843393325806 1.2623178958892822
91 0.9644085168838501 6.047439198311878 3.4660069942474365 1.5649203062057495 0.5977579355239868 1.0399390016974517 1.0854315757751465 1.2623975276947021
92 0.962741494178772 6.048955456395557 3.4701578617095947 1.553235650062561 0.5941816568374634 1.0362916503919588 1.0793530941009521 1.2611184120178223
93 0.9636255502700806 6.056152964086244 3.4728682041168213 1.5547033548355103 0.5954522490501404 1.0556510300687312 1.076867938041687 1.2631462812423706
94 0.9704947471618652 6.03821295813816 3.4772658348083496 1.588668942451477 0.6290215849876404 1.028428537612527 1.0988143682479858 1.312178134918213
95 0.9694209098815918 6.03449945899002 3.4772651195526123 1.5884413719177246 0.6282752156257629 1.0217128842995558 1.0978626012802124 1.3118293285369873
96 0.9694209098815918 6.03554261048118 3.4771642684936523 1.5884413719177246 0.6282752156257629 1.0217136438727028 1.098663091659546 1.3118293285369873
97 0.9684730768203735 6.035298558650641 3.4725148677825928 1.5880835056304932 0.6264270544052124 1.0209886751361097 1.1129958629608154 1.311589241027832
98 0.9692175388336182 5.967020676759049 3.472205400466919 1.5871480703353882 0.6227622032165527 0.9598974448956872 1.104202389717102 1.3096195459365845
99 0.9620786309242249 5.965821478542998 3.4808764457702637 1.5784969329833984 0.610131561756134 0.9821870676221219 1.0629074573516846 1.2957725524902344
100 0.9601777195930481 5.961584537472631 3.4780895709991455 1.5713709592819214 0.6015744805335999 0.9853675903736684 1.0592091083526611 1.281933307647705
101 0.9570030570030212 5.961184415672053 3.478753089904785 1.5721163749694824 0.6056227684020996 0.9805306702197679 1.0575799942016602 1.293545126914978
102 0.961509644985199 5.963432343889053 3.473931312561035 1.4970613718032837 0.6141917705535889 0.978517662580306 1.0283855199813843 1.1501014232635498
103 0.9629182815551758 5.9663221571617315 3.4737937450408936 1.498599648475647 0.6161686778068542 0.9835903017391548 1.029510736465454 1.1547998189926147
104 0.9597730040550232 5.983204635678034 3.472489356994629 1.4972944259643555 0.610015332698822 0.9686337900489695 1.0284029245376587 1.1513341665267944
105 0.9583401083946228 5.987045133751635 3.4691390991210938 1.4814823865890503 0.6035999059677124 0.9732514745545012 1.0234489440917969 1.1183620691299438
106 0.9377280473709106 5.978372846386021 3.4714908599853516 1.486129879951477 0.5768258571624756 0.9558173055622841 1.0288580656051636 1.1202298402786255
107 0.9376729130744934 6.000116496843915 3.472970962524414 1.486179232597351 0.5770983695983887 0.9463797628350447 1.0443284511566162 1.1202589273452759
108 0.9381461143493652 5.997612071690006 3.4729132652282715 1.4844350814819336 0.5778721570968628 0.9443575869551883 1.0442062616348267 1.120356798171997
109 0.9369418621063232 6.00169648370836 3.4718117713928223 1.4777041673660278 0.5729881525039673 0.9251191785943329 1.0447133779525757 1.1122452020645142
110 0.937818169593811 6.004783402432487 3.471879720687866 1.4803571701049805 0.5749903917312622 0.928346945937937 1.0453152656555176 1.1153852939605713
111 0.9333968758583069 5.986154456739407 3.470811605453491 1.4805560111999512 0.575424313545227 0.9112040369741308 1.04345703125 1.110511064529419
112 0.9379514455795288 5.989128228862011 3.467317819595337 1.483285903930664 0.5819931626319885 0.9040618744464647 1.053058385848999 1.1138979196548462
113 0.9315903186798096 5.992251109938629 3.4756436347961426 1.4820514917373657 0.5711118578910828 0.8995447861099547 1.0417453050613403 1.105984091758728
114 0.9315688610076904 5.999222398040161 3.4753384590148926 1.481859803199768 0.5720332264900208 0.8840516819640514 1.0398839712142944 1.1057114601135254
115 0.9445531368255615 5.9977848160931755 3.4758033752441406 1.4715248346328735 0.5922781825065613 0.8677977476757178 1.038318157196045 1.0981776714324951
116 0.9491089582443237 5.989736150657751 3.477069139480591 1.4810711145401 0.6005117297172546 0.861787649207662 1.0407649278640747 1.1079272031784058
117 0.949199914932251 5.995004535013279 3.4776041507720947 1.4808136224746704 0.5990060567855835 0.8702018576734557 1.0367555618286133 1.1066278219223022
118 0.944601833820343 5.99269569294474 3.4771981239318848 1.486332893371582 0.6002152562141418 0.8759811062945522 1.0450537204742432 1.1157307624816895
119 0.9409467577934265 5.963969797010247 3.4771711826324463 1.4858132600784302 0.6030023097991943 0.918566648787185 1.0212064981460571 1.1154428720474243
120 0.9433061480522156 5.965100914329777 3.4767749309539795 1.4860918521881104 0.6058529019355774 0.9251393339924312 1.0219839811325073 1.1145288944244385
121 0.9391659498214722 5.961851011023872 3.4769701957702637 1.4852324724197388 0.611780047416687 0.9174728471018695 1.0242921113967896 1.1155240535736084
122 0.9393312931060791 5.960217668550768 3.4771831035614014 1.4852194786071777 0.6118478178977966 0.9169963059440875 1.0245692729949951 1.115526795387268
123 0.9379227757453918 5.967126364229578 3.478755474090576 1.4817861318588257 0.6221985816955566 0.912820512696239 1.0606600046157837 1.1235225200653076
124 0.9390169382095337 5.966603833361698 3.475851058959961 1.4768086671829224 0.6215307712554932 0.9318085090474446 1.0607552528381348 1.1189583539962769
125 0.9477832913398743 5.977943643933675 3.482609272003174 1.489688515663147 0.6301283240318298 0.9280433867558747 1.0732017755508423 1.1341007947921753
126 0.9562724828720093 5.971382785361523 3.4843909740448 1.490562915802002 0.6338070631027222 0.928775880334695 1.0722737312316895 1.1336842775344849
127 0.958156943321228 5.96130796789692 3.4839699268341064 1.490643858909607 0.6342412233352661 0.9261017489780144 1.0728237628936768 1.133506178855896
128 0.9581646919250488 5.957569628748149 3.484513521194458 1.4926141500473022 0.6389815807342529 0.9266642292394448 1.0754445791244507 1.1389976739883423
129 0.957716166973114 5.958540401758421 3.484860420227051 1.5177665948867798 0.6362546682357788 0.9333435749599448 1.0780049562454224 1.1864709854125977
130 0.9550891518592834 5.965555762734752 3.48537278175354 1.5128569602966309 0.6291720867156982 0.9532954802623126 1.0898199081420898 1.1756930351257324
131 0.956397294998169 5.9584814018044785 3.486619472503662 1.5183912515640259 0.6296267509460449 0.946448344207581 1.1090967655181885 1.1798477172851563
132 0.9569832682609558 5.963272936905867 3.4936656951904297 1.5153253078460693 0.6279967427253723 0.959150032206435 1.0913044214248657 1.1775940656661987
133 0.9471930861473083 5.960856804206826 3.4863903522491455 1.508391261100769 0.6010928750038147 0.9844210346110204 1.0802632570266724 1.1694210767745972
134 0.9370755553245544 5.939152805593203 3.4896912574768066 1.5137338638305664 0.5987407565116882 0.9320179302707777 1.1093909740447998 1.1848344802856445
135 0.9369134306907654 5.928683596393751 3.4947128295898438 1.5168325901031494 0.5890858769416809 0.9214315711653533 1.097995400428772 1.1836535930633545
136 0.937035083770752 5.929243723440712 3.4941306114196777 1.5087690353393555 0.5899937152862549 0.9221561515891044 1.0986090898513794 1.1857775449752808
137 0.9406388401985168 5.932624561856281 3.493278741836548 1.521510362625122 0.5953878164291382 0.9264210483479339 1.1072609424591064 1.2277694940567017
138 0.9415783882141113 5.932843680461893 3.493457555770874 1.54013192653656 0.5934876799583435 0.926707945047883 1.1066014766693115 1.252150058746338
139 0.9433929920196533 5.949827625440478 3.4847702980041504 1.5369879007339478 0.5881811380386353 0.9270197254406467 1.099534273147583 1.2458405494689941
140 0.9354126453399658 5.949741506879107 3.4860875606536865 1.536855936050415 0.5920748710632324 0.9253586714149443 1.1017711162567139 1.2372775077819824
141 0.9489247798919678 5.9539783609049035 3.4926719665527344 1.5546211004257202 0.5936626195907593 0.9151182724755929 1.1195642948150635 1.2634778022766113
142 0.9432879686355591 5.979093967623345 3.4918107986450195 1.5502870082855225 0.5901302099227905 0.9327163366243588 1.0974177122116089 1.2604397535324097
143 0.9433882236480713 5.9809251225572115 3.493023157119751 1.5443460941314697 0.5902820229530334 0.9335949373470681 1.1023927927017212 1.2623952627182007
144 0.9452952742576599 5.98055879511343 3.492938995361328 1.5446535348892212 0.5938383340835571 0.9347065261174728 1.1008760929107666 1.2632181644439697
145 0.9493309855461121 5.980375336612209 3.4837634563446045 1.5261296033859253 0.5854892730712891 0.9420440389410727 1.082680583000183 1.2370617389678955
146 0.9492143988609314 5.981079534075952 3.4813756942749023 1.5256221294403076 0.5845010876655579 0.9371166295073813 1.0813384056091309 1.228521704673767
147 0.9374300241470337 5.990868866276195 3.486769437789917 1.5033518075942993 0.5436344146728516 0.9412582133822912 1.0723999738693237 1.2026671171188354
148 0.9374682903289795 5.967258887043362 3.48673939704895 1.504293441772461 0.5453077554702759 0.9165691805784001 1.05087149143219 1.2043875455856323
149 0.9429159760475159 5.971714809532551 3.479979991912842 1.504533052444458 0.5505818724632263 0.9254734338327812 1.046442985534668 1.199721336364746
150 0.9435162544250488 5.97347783671681 3.480006456375122 1.505333423614502 0.5521566867828369 0.9280514496908637 1.045916199684143 1.2003531455993652
151 0.9435254335403442 5.954963598982384 3.480233907699585 1.5041085481643677 0.548671543598175 0.9189547132428912 1.0424302816390991 1.2021561861038208
152 0.9430418014526367 5.959014767140161 3.4816441535949707 1.506108045578003 0.5483447313308716 0.9126776030598224 1.0380325317382813 1.2044775485992432
153 0.9421904683113098 5.962055142497291 3.4835684299468994 1.5059256553649902 0.5539568066596985 0.9003624973371126 1.0772875547409058 1.2064521312713623
154 0.9423862099647522 5.969036550461729 3.484549045562744 1.5059067010879517 0.5537769198417664 0.9656025538352452 1.0398976802825928 1.2064343690872192
155 0.9421589374542236 5.963458445723324 3.484504222869873 1.5059226751327515 0.5537861585617065 0.9651002903810243 1.041748046875 1.2064805030822754
156 0.9409821629524231 5.966143414903982 3.4824299812316895 1.477299690246582 0.5525743365287781 1.031444506769729 1.0565056800842285 1.1597621440887451
157 0.9327443242073059 5.955378889475505 3.4739418029785156 1.4650028944015503 0.5347417593002319 0.9946313983841032 1.0315536260604858 1.146814227104187
158 0.9326251149177551 5.959254613573675 3.4737391471862793 1.463735580444336 0.5344993472099304 1.0682099044773952 1.0483787059783936 1.1471030712127686
159 0.9334598779678345 5.957848481146589 3.4697296619415283 1.4065905809402466 0.5348330736160278 1.0840591403049746 1.0763765573501587 1.165026068687439
160 0.9284680485725403 5.947614121448701 3.46946382522583 1.405896782875061 0.5282508730888367 1.079688355821806 1.1028319597244263 1.1609387397766113
161 0.9231809377670288 5.938949980611929 3.481612205505371 1.401305913925171 0.5173544883728027 0.9725361582415575 1.1149128675460815 1.1623245477676392
162 0.9241278171539307 5.9376560733975206 3.4818952083587646 1.4019956588745117 0.5155465006828308 0.9688705626977393 1.1154552698135376 1.1652741432189941
163 0.9241278171539307 5.929953148034469 3.4818952083587646 1.4019956588745117 0.5155465006828308 0.9787823318622644 1.114018440246582 1.1652741432189941
164 0.9237245917320251 5.930967869417827 3.481204032897949 1.4011764526367188 0.5154902935028076 0.9786987417687045 1.1131017208099365 1.1637654304504395
165 0.9255978465080261 5.934349283558551 3.4795963764190674 1.3967539072036743 0.511135458946228 0.9942453499541927 1.1107841730117798 1.1586110591888428
166 0.9258751273155212 5.932450159194255 3.4795355796813965 1.396597981452942 0.511147141456604 0.9908287818820682 1.110386610031128 1.158452033996582
167 0.9299097061157227 5.934235290981674 3.4791505336761475 1.3981167078018188 0.5198293328285217 0.99832496979597 1.134584903717041 1.162394404411316
168 0.9300649762153625 5.931762201622445 3.4784903526306152 1.398158311843872 0.5198370218276978 0.9953034272373354 1.133974313735962 1.1620136499404907
169 0.9288384914398193 5.944194123861437 3.4772653579711914 1.3987247943878174 0.5171098709106445 1.0002171499411432 1.122682809829712 1.1596858501434326
170 0.924312174320221 5.948794848126562 3.476381778717041 1.3983995914459229 0.5176310539245605 1.0885755973573528 1.1153806447982788 1.154383659362793
171 0.9277955293655396 5.941756185743881 3.47528076171875 1.4016026258468628 0.5233936309814453 1.01223866439035 1.1023069620132446 1.157393217086792
172 0.9202885627746582 5.940076986398096 3.481112003326416 1.4113147258758545 0.5272985696792603 1.0108534042217383 1.0894194841384888 1.1693674325942993
173 0.9221417307853699 5.942052457057653 3.473081111907959 1.4124159812927246 0.527879536151886 1.0389465216987137 1.092903733253479 1.1712645292282104
174 0.9227917790412903 5.944246834991325 3.472590923309326 1.4096232652664185 0.5260865092277527 1.042771277793224 1.092543125152588 1.17136812210083
175 0.9287367463111877 5.954077472872686 3.476499319076538 1.411234974861145 0.5185262560844421 1.0474020019757373 1.0880314111709595 1.168405294418335
176 0.9295905232429504 5.9492786906249995 3.4831137657165527 1.4305460453033447 0.5241149663925171 1.0507169217979648 1.091064691543579 1.189534068107605
177 0.9207221269607544 5.948650971843641 3.473973274230957 1.4168018102645874 0.5086449384689331 1.0488175275241234 1.0864447355270386 1.1667546033859253
178 0.9234031438827515 5.946170121262479 3.4752557277679443 1.4180580377578735 0.5118045210838318 1.0529212430887793 1.0870896577835083 1.1639913320541382
179 0.9195833206176758 5.952308166397191 3.467000722885132 1.409624457359314 0.500170886516571 1.051543382312871 1.0763274431228638 1.15485680103302
180 0.9122589230537415 5.952320465401953 3.4701545238494873 1.3856993913650513 0.5019608736038208 1.0770355588116802 1.070711612701416 1.1305357217788696
181 0.9141835570335388 5.940983783501286 3.472276210784912 1.3848658800125122 0.5052807927131653 1.0858330474314326 1.071783423423767 1.130811095237732
182 0.91119784116745 5.940007212496413 3.4658284187316895 1.3852969408035278 0.5015572309494019 1.0683740816550382 1.0665251016616821 1.1323851346969604
183 0.9057631492614746 5.939726184209972 3.4635164737701416 1.3846038579940796 0.49117565155029297 1.0751257388391706 1.0632389783859253 1.1209430694580078
184 0.9086385369300842 5.937968539731676 3.459332227706909 1.4173367023468018 0.4963778853416443 1.085984361179786 1.0786570310592651 1.198732614517212
185 0.9064086675643921 5.9346991390936 3.45957612991333 1.4183547496795654 0.4960978627204895 1.0802657933893764 1.0767723321914673 1.1978907585144043
186 0.906345546245575 5.932040350649069 3.459242820739746 1.4184283018112183 0.49599072337150574 0.9951481231096697 1.1103310585021973 1.1978455781936646
187 0.9068728685379028 5.932570911687764 3.4594733715057373 1.4182461500167847 0.49572286009788513 1.0038696581355993 1.0975602865219116 1.197962999343872
188 0.9072805047035217 5.9329822102698815 3.4590859413146973 1.4183984994888306 0.4968279004096985 1.0543094669454771 1.0944113731384277 1.1980079412460327
189 0.9073284864425659 5.93455135608465 3.461188316345215 1.417587399482727 0.4969066083431244 1.0535859242221381 1.0949252843856812 1.199155330657959
190 0.9073284864425659 5.935145379790208 3.463186025619507 1.4244662523269653 0.4969066083431244 1.050952958570709 1.1027438640594482 1.1997588872909546
191 0.9071474075317383 5.929650855618797 3.463200807571411 1.4244717359542847 0.4967803359031677 1.0467583112227044 1.1023731231689453 1.199757695198059
192 0.9055303931236267 5.928880828585903 3.466033458709717 1.425736904144287 0.49743279814720154 1.0542897205063086 1.092348575592041 1.2004648447036743
193 0.9055004715919495 5.927852316113986 3.4648637771606445 1.4286003112792969 0.4958852231502533 1.0480413134482618 1.1060172319412231 1.2007254362106323
194 0.9058759212493896 5.928737345725203 3.464921236038208 1.428749442100525 0.4962601363658905 1.0355822196266946 1.1049586534500122 1.2006534337997437
195 0.9058759212493896 5.9271128122100585 3.4681501388549805 1.428749442100525 0.4962601363658905 1.0315199711284397 1.1653090715408325 1.2006534337997437
196 0.9053890109062195 5.940626160231794 3.4686837196350098 1.4310849905014038 0.49651578068733215 1.0252683848795987 1.1754003763198853 1.2030019760131836
197 0.9053890109062195 5.946442833006609 3.4686837196350098 1.4310849905014038 0.49651578068733215 1.030330098533299 1.1757926940917969 1.2030019760131836
198 0.9053683876991272 5.9468835985896975 3.4687390327453613 1.428626537322998 0.4967415928840637 1.0311012783602358 1.1754863262176514 1.202211856842041
199 0.9009647369384766 5.952223724389065 3.4709246158599854 1.4307979345321655 0.49691563844680786 1.0499479421657552 1.1746903657913208 1.2053579092025757
200 0.9009647369384766 5.945596661667753 3.4709246158599854 1.4307979345321655 0.49691563844680786 1.0418014537073117 1.1740469932556152 1.2053579092025757
201 0.9012076258659363 5.944614070463988 3.468965768814087 1.4307433366775513 0.49727708101272583 1.0390332359256311 1.1754422187805176 1.2053908109664917
202 0.9010060429573059 5.951494662501231 3.4661781787872314 1.4286882877349854 0.5019398927688599 1.0354622329506047 1.1809017658233643 1.205672264099121
203 0.9023293852806091 5.960414682961933 3.4717166423797607 1.4301674365997314 0.5020430684089661 1.063278567156484 1.186576008796692 1.2057085037231445
204 0.9049035906791687 5.949835928454654 3.471574068069458 1.4340981245040894 0.5008524060249329 1.0421639338954198 1.1617116928100586 1.210503339767456
205 0.8909171223640442 5.954886783468444 3.4694385528564453 1.4274958372116089 0.49664729833602905 1.0403310432964576 1.1539428234100342 1.206372618675232
206 0.8902730345726013 5.953559541530195 3.4714770317077637 1.428234338760376 0.4969153106212616 1.039143605984225 1.1566416025161743 1.206980586051941
207 0.8916255235671997 5.951384953771027 3.472623825073242 1.4296090602874756 0.4982025623321533 1.038840740694292 1.1574862003326416 1.2072809934616089
208 0.8915217518806458 5.9424461902896635 3.478985071182251 1.5088781118392944 0.4978187382221222 0.989226396409657 1.183402419090271 1.347343921661377
209 0.8894619345664978 5.943144950650657 3.485295534133911 1.505723237991333 0.4975266754627228 0.9905837305361831 1.1742939949035645 1.3438581228256226
210 0.8922252655029297 5.984675785178598 3.48030686378479 1.5065107345581055 0.49420851469039917 0.9348701252392984 1.1448875665664673 1.3419866561889648
211 0.8921868801116943 5.981922898654878 3.4799118041992188 1.5065054893493652 0.4942283630371094 0.9355733119561849 1.1463537216186523 1.3419196605682373
212 0.9007053375244141 5.9906617125020105 3.4790899753570557 1.5066083669662476 0.49157941341400146 0.9459212299296277 1.1477452516555786 1.3415368795394897
213 0.8980762958526611 5.98908912977581 3.479128837585449 1.5069855451583862 0.4953140318393707 0.9337858225725802 1.152129054069519 1.3438057899475098
214 0.8978239893913269 5.956893401121507 3.479914665222168 1.5075550079345703 0.4972530007362366 0.949461538496322 1.1527379751205444 1.3430581092834473
215 0.8978239893913269 5.959635050442409 3.4798648357391357 1.5075550079345703 0.4972530007362366 0.9539331098387008 1.1530436277389526 1.3430581092834473
216 0.8928630948066711 5.954329873597705 3.478651523590088 1.5047266483306885 0.5025300979614258 0.9476694913003234 1.1686911582946777 1.3392384052276611
217 0.8931273221969604 5.9611037177756065 3.4820568561553955 1.506998062133789 0.5065743327140808 0.9693765687670318 1.1724926233291626 1.3421097993850708
218 0.8956333994865417 5.959674459311247 3.4778473377227783 1.5116193294525146 0.5190603733062744 0.9643534110609285 1.1722949743270874 1.3455005884170532
219 0.8924818634986877 5.949132527032916 3.4808242321014404 1.5073763132095337 0.5132607221603394 0.9579253204153824 1.1720361709594727 1.3434747457504272
220 0.8904046416282654 5.945729313160399 3.477337121963501 1.497775673866272 0.5143713355064392 0.9508880069791846 1.1535167694091797 1.1964995861053467
221 0.8913962244987488 5.9486928551941105 3.4770469665527344 1.4959474802017212 0.5155571699142456 0.9552050299566776 1.1525710821151733 1.1948063373565674
222 0.8918329477310181 5.940522251633655 3.476553440093994 1.496227741241455 0.5139843821525574 0.9506861584877764 1.151911735534668 1.196670413017273
223 0.8905268311500549 5.957741895175363 3.477114200592041 1.497171401977539 0.511450469493866 0.959634757775048 1.1758995056152344 1.1972386837005615
224 0.8931352496147156 5.961058859838898 3.4782838821411133 1.499258041381836 0.512566328048706 0.9456631624333118 1.1791713237762451 1.198228120803833
225 0.8932408690452576 5.957675455141079 3.478334665298462 1.4992088079452515 0.5126178860664368 0.942965336636557 1.178986668586731 1.198167085647583
226 0.8917183876037598 5.953261618028043 3.479246139526367 1.4955029487609863 0.5104677677154541 0.9645394477197369 1.1743017435073853 1.192108154296875
227 0.8937865495681763 5.959777151572864 3.4791274070739746 1.4948036670684814 0.506722629070282 0.9698944800845694 1.1722487211227417 1.1900516748428345
228 0.8945643901824951 5.954195186194648 3.478926658630371 1.5027046203613281 0.508036732673645 0.9689724324818197 1.1728341579437256 1.192650318145752
229 0.8940243721008301 5.9292130546023625 3.482771873474121 1.502705693244934 0.5131558775901794 0.9552932163003672 1.1932917833328247 1.1922082901000977
230 0.8936105966567993 5.901768035444062 3.482773542404175 1.502581000328064 0.5129936337471008 0.9810453497064113 1.1718978881835938 1.1920530796051025
231 0.8935839533805847 5.901789772351678 3.4802539348602295 1.5025779008865356 0.5126187801361084 0.9805993061052231 1.1725831031799316 1.1920262575149536
232 0.8932422399520874 5.901955323105028 3.4781696796417236 1.4969841241836548 0.5079373717308044 0.9828753661146741 1.172066330909729 1.1856019496917725
233 0.8950486779212952 5.917586844866376 3.480637788772583 1.5081923007965088 0.5178573727607727 0.986261854912261 1.2053741216659546 1.2043571472167969
234 0.8960878849029541 5.915741449053579 3.475865364074707 1.5088114738464355 0.517015814781189 0.9894355475380185 1.204907774925232 1.2041964530944824
235 0.899558961391449 5.92193909077051 3.4770214557647705 1.5073935985565186 0.5147079825401306 0.9939951166795319 1.2047033309936523 1.2029119729995728
236 0.899558961391449 5.926958164251203 3.4770214557647705 1.5073935985565186 0.5147079825401306 0.9624113476541508 1.2069097757339478 1.2029119729995728
237 0.8994532823562622 5.925749880763374 3.4770543575286865 1.5073481798171997 0.5146761536598206 0.9627253253528839 1.2070356607437134 1.202948808670044
238 0.9003259539604187 5.9252661616576505 3.4763686656951904 1.5068906545639038 0.514165997505188 0.9662700684062018 1.2067197561264038 1.20179283618927
239 0.9002453684806824 5.92399346337413 3.481889247894287 1.5060826539993286 0.5122501254081726 0.972448905200915 1.1990716457366943 1.1990387439727783
240 0.898675799369812 5.919444809868589 3.477104902267456 1.509310245513916 0.509353518486023 0.9722123469748277 1.19343900680542 1.202633023262024
241 0.8985058069229126 5.92016387047075 3.4776768684387207 1.5094857215881348 0.5090001821517944 0.9724402992146688 1.194353461265564 1.2034821510314941
242 0.8974483609199524 5.9066096870277125 3.476337432861328 1.5095984935760498 0.5129399299621582 0.961874419689184 1.197295069694519 1.204496145248413
243 0.8974366188049316 5.913584419447648 3.4763402938842773 1.509595274925232 0.5129541754722595 0.971962693024662 1.1980209350585938 1.204494833946228
244 0.8973433971405029 5.908901375356507 3.476304054260254 1.509637713432312 0.5128235816955566 0.9646143680845894 1.1974196434020996 1.2042794227600098
245 0.8973444104194641 5.906445531080443 3.4760901927948 1.5287237167358398 0.5128248333930969 0.9598456755026221 1.1973011493682861 1.2328962087631226
246 0.895285427570343 5.908043026859556 3.476909875869751 1.524534821510315 0.5093613266944885 0.9891370043633807 1.1762396097183228 1.2285233736038208
247 0.8947852849960327 5.912245193728864 3.4730677604675293 1.5242303609848022 0.5088160634040833 0.999066638285683 1.1594797372817993 1.2280601263046265
248 0.8947852849960327 5.912033471461833 3.470702648162842 1.5263856649398804 0.5088160634040833 0.9948186887456981 1.1622869968414307 1.22634756565094
249 0.8947484493255615 5.91899430742481 3.470937490463257 1.5264447927474976 0.5090206861495972 0.9815232135689734 1.156860589981079 1.2264797687530518
250 0.894644021987915 5.913810753193329 3.4682962894439697 1.5252602100372314 0.5053576231002808 1.001616770554584 1.1508055925369263 1.2232565879821777
251 0.8962123394012451 5.910765542060237 3.467644691467285 1.5259530544281006 0.5068346858024597 0.9881563724658313 1.1503546237945557 1.2242801189422607
252 0.8962293863296509 5.9147145183617935 3.470886468887329 1.5260047912597656 0.5069307088851929 0.9908361629509284 1.146803855895996 1.2243092060089111
253 0.8965814113616943 5.907436652276132 3.470510482788086 1.5263172388076782 0.5084520578384399 0.9838791396051008 1.1464524269104004 1.2250065803527832
254 0.8932123780250549 5.912723776083388 3.4675393104553223 1.5185256004333496 0.5036705136299133 0.9888514138325372 1.1424771547317505 1.2138100862503052
255 0.8927822113037109 5.912742710888158 3.467574119567871 1.5152713060379028 0.5007509589195251 0.9998477139363897 1.1436039209365845 1.2114711999893188
256 0.8945872187614441 5.915711872814575 3.46903920173645 1.5144425630569458 0.5081511735916138 0.9978635333884897 1.148056983947754 1.2110868692398071
257 0.8917495608329773 5.91366534993254 3.4696505069732666 1.5106706619262695 0.49572044610977173 1.0155825320824219 1.1464656591415405 1.2051286697387695
258 0.8913703560829163 5.920410192853207 3.4696292877197266 1.5188941955566406 0.4956401586532593 0.9803662188642099 1.144595742225647 1.2110629081726074
259 0.8910886645317078 5.911947545296537 3.4696085453033447 1.519115686416626 0.4960395097732544 1.0392154998704917 1.1436353921890259 1.2114659547805786
260 0.891350507736206 5.907571738081275 3.4696645736694336 1.5198426246643066 0.4936367869377136 1.0386125635120314 1.1494470834732056 1.2115654945373535
261 0.8918201327323914 5.88046191840377 3.469287872314453 1.520664095878601 0.4939272701740265 1.019387838203592 1.1706953048706055 1.2141846418380737
262 0.8914121985435486 5.884945398744541 3.4688258171081543 1.5210832357406616 0.4934130311012268 1.0204465190780343 1.1707204580307007 1.2145795822143555
263 0.8942136168479919 5.90511189892579 3.4706029891967773 1.5187201499938965 0.49727049469947815 0.9961714848257707 1.1721006631851196 1.2221819162368774
264 0.8946396112442017 5.91456569913772 3.469148874282837 1.5208055973052979 0.49732738733291626 0.9876203368122514 1.1655579805374146 1.2213051319122314
265 0.8916371464729309 5.913003673778837 3.470585823059082 1.520270824432373 0.49572283029556274 0.9798759364194505 1.1597356796264648 1.2190594673156738
266 0.8918039202690125 5.9085381907865635 3.4714550971984863 1.5200926065444946 0.49524813890457153 0.9762743570874561 1.1513701677322388 1.2191920280456543
267 0.8917620182037354 5.911542481655797 3.4703593254089355 1.5200068950653076 0.482102632522583 1.004728007637185 1.1466953754425049 1.2161024808883667
268 0.8917741775512695 5.911950056100197 3.4703056812286377 1.519928216934204 0.4818732738494873 1.0016931933703805 1.1466056108474731 1.2161041498184204
269 0.8924106359481812 5.917966732214594 3.4728126525878906 1.5273958444595337 0.4839308559894562 1.0337401036102345 1.1531199216842651 1.2228549718856812
270 0.8960057497024536 5.913388005045382 3.469242811203003 1.5320141315460205 0.48961141705513 1.0490901604511775 1.1565437316894531 1.2342427968978882
271 0.8880624771118164 5.914824402655011 3.469884157180786 1.522062063217163 0.47680532932281494 1.0108513579124663 1.1530190706253052 1.2255377769470215
272 0.8881491422653198 5.918673978738695 3.4697818756103516 1.5217034816741943 0.47798147797584534 1.0162180535160863 1.1550407409667969 1.2266372442245483
273 0.8832570910453796 5.92099705934012 3.4660391807556152 1.5179146528244019 0.47399377822875977 1.026540802423803 1.1539024114608765 1.2247810363769531
274 0.883113443851471 5.922129506513345 3.4662599563598633 1.5187036991119385 0.477458655834198 1.0156101869469796 1.163610816001892 1.2267080545425415
275 0.8855326175689697 5.920950608509634 3.4842281341552734 1.5252087116241455 0.4847211241722107 1.013417993190339 1.1814604997634888 1.235172152519226
276 0.8864020109176636 5.9337486033521945 3.482841968536377 1.5244309902191162 0.47918373346328735 1.0100259543741679 1.173383116722107 1.2316864728927612
277 0.8865683078765869 5.926534878510918 3.483795166015625 1.5257498025894165 0.48317795991897583 1.0046097739030166 1.1751710176467896 1.236039400100708
278 0.885705828666687 5.903436783172933 3.4826197624206543 1.526802897453308 0.483588308095932 1.0621639868079351 1.1350663900375366 1.2369319200515747
279 0.8860650658607483 5.905753441246473 3.4826295375823975 1.5280064344406128 0.48407119512557983 1.058655623163654 1.134942889213562 1.2382389307022095
280 0.8860068321228027 5.932467103383497 3.4823312759399414 1.5281627178192139 0.48423802852630615 1.0341782136956517 1.154159426689148 1.237784743309021
281 0.8865294456481934 5.916164872796845 3.486476421356201 1.531770944595337 0.48544812202453613 1.05880923845775 1.1590605974197388 1.2402033805847168
282 0.8865591287612915 5.892703253352058 3.486528158187866 1.5315531492233276 0.4873919188976288 1.0703244248973047 1.1535013914108276 1.2401546239852905
283 0.885932445526123 5.89064791939383 3.4869368076324463 1.5312254428863525 0.4872203767299652 1.057812207964147 1.1523469686508179 1.2400763034820557
284 0.8855239152908325 5.899475749547753 3.4855668544769287 1.5313746929168701 0.48686543107032776 1.053204246606857 1.164062261581421 1.240199327468872
285 0.8855239152908325 5.927373619607605 3.485738515853882 1.5313363075256348 0.48686543107032776 1.0379518788553892 1.187717080116272 1.243004560470581
286 0.8859179615974426 5.919904565145965 3.486499309539795 1.5367945432662964 0.4870415925979614 1.0115833540269423 1.190168023109436 1.2450872659683228
287 0.8858274221420288 5.915967771760229 3.4855127334594727 1.5369755029678345 0.48696210980415344 1.006959443222133 1.1894632577896118 1.245221495628357
288 0.8907067179679871 5.911925096782247 3.486067771911621 1.5356864929199219 0.4838173985481262 1.0147359608406832 1.1896440982818604 1.2512850761413574
289 0.9079294204711914 5.91775323433401 3.4822614192962646 1.5349605083465576 0.4884878396987915 1.0068183116733966 1.160436987876892 1.2510526180267334
290 0.9079294204711914 5.916127583672394 3.4821107387542725 1.5349605083465576 0.4884878396987915 1.007608768032228 1.15943443775177 1.2510526180267334
291 0.9079506993293762 5.9178673530030235 3.482534885406494 1.5351641178131104 0.48874709010124207 1.0624187642021443 1.1570998430252075 1.251217007637024
292 0.9078091979026794 5.924424077083692 3.4820141792297363 1.5356252193450928 0.4902222156524658 1.0612229389321937 1.157555103302002 1.2514538764953613
293 0.9071714282035828 5.9237016392766355 3.480635166168213 1.537513017654419 0.4945586919784546 1.0549954172163278 1.1623269319534302 1.265590786933899
294 0.9072441458702087 5.924551443454165 3.4806599617004395 1.5374592542648315 0.49467161297798157 1.0595196353149616 1.162655234336853 1.2655699253082275
295 0.9037470817565918 5.912491867240773 3.4820380210876465 1.5371054410934448 0.5014418363571167 1.0699544411849418 1.1705100536346436 1.2676594257354736
296 0.9002090096473694 5.910302620464455 3.4856293201446533 1.5326364040374756 0.49092450737953186 1.0628011674623294 1.1696443557739258 1.2639561891555786
297 0.899005651473999 5.914658797310686 3.478853464126587 1.532916784286499 0.4938943386077881 1.067589095523871 1.1750001907348633 1.270275592803955
298 0.899005651473999 5.91804611025451 3.478853464126587 1.532916784286499 0.4938943386077881 1.0740273666828999 1.175520420074463 1.270275592803955
299 0.8991817831993103 5.917994400511832 3.4789390563964844 1.5366958379745483 0.4962482452392578 1.0818448307633166 1.180040955543518 1.288137435913086
300 0.9034646153450012 5.911694769428127 3.480485439300537 1.5417087078094482 0.5026882290840149 1.074344299501076 1.1828993558883667 1.2941263914108276
301 0.9106711745262146 5.937469781955701 3.4773898124694824 1.543287754058838 0.5148540735244751 1.0579266313063662 1.178765058517456 1.2960959672927856
302 0.9124096632003784 5.938287587950723 3.4714574813842773 1.5407278537750244 0.5148271322250366 1.0561696860560208 1.1742552518844604 1.29412841796875
303 0.9072190523147583 5.9408240344501895 3.4714033603668213 1.5391377210617065 0.5095412135124207 1.0481520612448634 1.1720119714736938 1.2930004596710205
304 0.9061612486839294 5.940456868673524 3.4736225605010986 1.5360244512557983 0.498970627784729 1.0474315093233844 1.170757532119751 1.290305495262146
305 0.90601646900177 5.946216754487358 3.477219343185425 1.5360909700393677 0.4991705119609833 1.0620893764729837 1.1515119075775146 1.2902946472167969
306 0.9059075117111206 5.94324525752294 3.4782660007476807 1.5357996225357056 0.4979211091995239 1.0571383233364153 1.1474926471710205 1.2896919250488281
307 0.9058582186698914 5.943107715724927 3.473193407058716 1.535649061203003 0.49788373708724976 1.0591872983088182 1.1548867225646973 1.2895311117172241
308 0.9058582186698914 5.942051404937516 3.4731907844543457 1.535416841506958 0.49788373708724976 1.0559910280417097 1.1546217203140259 1.2890632152557373
309 0.904206395149231 5.936906578738943 3.474972724914551 1.535821795463562 0.4969635009765625 1.033683935909286 1.1529020071029663 1.2893928289413452
310 0.8935959935188293 5.939720978667691 3.473386526107788 1.530367374420166 0.4978207051753998 1.0487356265136218 1.144038200378418 1.2852113246917725
311 0.8931419849395752 5.937480229634618 3.473578691482544 1.5305525064468384 0.5007318258285522 1.0511286861074682 1.1412349939346313 1.2856892347335815
312 0.8900542259216309 5.93934502370473 3.4756481647491455 1.5286563634872437 0.49726736545562744 1.0562537737559021 1.1403802633285522 1.284034252166748
313 0.8897425532341003 5.935378492581854 3.4744873046875 1.5276082754135132 0.4970698356628418 1.0527928678239877 1.1468125581741333 1.283268690109253
314 0.8878494501113892 5.919910943166905 3.465296506881714 1.5179599523544312 0.4854238033294678 0.9887276932047311 1.1383109092712402 1.2698510885238647
315 0.8955006003379822 5.918660450217961 3.461068868637085 1.5227580070495605 0.5009259581565857 0.9745754100784866 1.1623119115829468 1.273739218711853
316 0.8950821161270142 5.921530845230568 3.4603004455566406 1.5236718654632568 0.5024365782737732 0.9788721685197563 1.1629297733306885 1.274304747581482
317 0.894903838634491 5.921883684311856 3.4600932598114014 1.523752212524414 0.502377450466156 0.975565276859943 1.1444669961929321 1.273939609527588
318 0.8918481469154358 5.925597528370085 3.4634411334991455 1.5046567916870117 0.4856403172016144 0.9810788858817865 1.1331555843353271 1.2504761219024658
319 0.8847267627716064 5.927119549721426 3.458728313446045 1.496711015701294 0.4813050329685211 0.972656172455805 1.1272776126861572 1.3406535387039185
320 0.8842135667800903 5.922993934133347 3.458970785140991 1.4963972568511963 0.48110735416412354 0.9658256074114739 1.126931071281433 1.3406457901000977
321 0.8849896788597107 5.91657411444616 3.459287405014038 1.4978816509246826 0.4831908047199249 0.9656534089669089 1.1281858682632446 1.342105746269226
322 0.8835806250572205 5.914614192659697 3.4581642150878906 1.4996881484985352 0.48133552074432373 0.9695837649003325 1.1289774179458618 1.3435324430465698
323 0.8836947679519653 5.911817396672393 3.4591317176818848 1.4973022937774658 0.48164746165275574 0.9662627029526569 1.12613844871521 1.362350344657898
324 0.8827940821647644 5.920114963686572 3.462759017944336 1.4915707111358643 0.45954981446266174 0.9675155103770531 1.138744831085205 1.357773780822754
325 0.8829146027565002 5.917560202727183 3.462735891342163 1.4915786981582642 0.45978397130966187 0.9447785917547206 1.136965274810791 1.3579384088516235
326 0.8802809119224548 5.923674184929095 3.4639103412628174 1.497762680053711 0.480949342250824 0.9291953499879886 1.1441621780395508 1.3676080703735352
327 0.8798115253448486 5.92025099047637 3.4640350341796875 1.4999767541885376 0.4833897650241852 0.9503319071890605 1.122677206993103 1.3678998947143555
328 0.8787429928779602 5.917354924800277 3.4635839462280273 1.504215121269226 0.4833468794822693 0.9496702662768562 1.123016357421875 1.368204951286316
329 0.8809080123901367 5.922539470980672 3.4633538722991943 1.5080993175506592 0.48271915316581726 0.9824855089753621 1.1250368356704712 1.362772822380066
330 0.8831281065940857 5.924814462662706 3.4623188972473145 1.5078438520431519 0.4762336015701294 0.9962737731925815 1.1226640939712524 1.3602838516235352
331 0.8864740133285522 5.92346525834703 3.4605441093444824 1.5288500785827637 0.4818444848060608 1.0409966950016003 1.1243185997009277 1.3516052961349487
332 0.8845689296722412 5.922539830164531 3.4603264331817627 1.5275901556015015 0.4787521958351135 1.0391174542600548 1.123956561088562 1.3505088090896606
333 0.8858673572540283 5.9246819561063875 3.4599595069885254 1.5293043851852417 0.4829990863800049 1.0370907597832975 1.1356372833251953 1.3534601926803589
334 0.8858109712600708 5.930303334670626 3.4634530544281006 1.5275427103042603 0.484010249376297 1.0476169782940963 1.139851450920105 1.351765751838684
335 0.8798248171806335 5.9272003700379745 3.463494300842285 1.5576485395431519 0.5179479718208313 1.0611841359532057 1.1385282278060913 1.373739242553711
336 0.8827293515205383 5.924940689990871 3.4645354747772217 1.5594626665115356 0.5218927264213562 1.0546627953555574 1.139102578163147 1.374627947807312
337 0.8860208988189697 5.919147019300298 3.465724229812622 1.5583009719848633 0.517284095287323 1.0137830999500865 1.146196722984314 1.3727402687072754
338 0.8856282234191895 5.920185446816588 3.466209888458252 1.5536946058273315 0.5158147215843201 1.0080983860113106 1.1479004621505737 1.367545485496521
339 0.8812670707702637 5.928808049048659 3.46730899810791 1.5164121389389038 0.4979517459869385 1.0392067005055883 1.1361796855926514 1.310955286026001
340 0.8817606568336487 5.925531225036472 3.467024803161621 1.51578688621521 0.4961056411266327 1.0355590745624292 1.1345045566558838 1.308687686920166
341 0.8805161714553833 5.939223531496699 3.469383955001831 1.4974191188812256 0.49467921257019043 1.0514932226213576 1.1307458877563477 1.288057565689087
342 0.8805161714553833 5.9381900761294055 3.469383955001831 1.4974191188812256 0.49467921257019043 1.0464078341933636 1.1303274631500244 1.288057565689087
343 0.8778875470161438 5.947821802630663 3.469332695007324 1.4957830905914307 0.48901084065437317 1.0576532694725602 1.1264681816101074 1.2867814302444458
344 0.8847226500511169 5.953005665700646 3.4704902172088623 1.5028549432754517 0.4918329119682312 1.050484156927251 1.1278109550476074 1.2983791828155518
345 0.8847226500511169 5.948339316491711 3.4704816341400146 1.5027271509170532 0.4918329119682312 1.0376498950332806 1.1266988515853882 1.2979223728179932
346 0.8872079253196716 5.950820794694023 3.4704105854034424 1.5023807287216187 0.4876478910446167 1.0348327665788937 1.1260703802108765 1.2970683574676514
347 0.8883172273635864 5.953675902726574 3.4710278511047363 1.5070117712020874 0.48929792642593384 1.0518164617903178 1.1283472776412964 1.3053004741668701
348 0.8870233297348022 5.9488464973842685 3.470346212387085 1.507177710533142 0.48721185326576233 1.0524404765431432 1.1430020332336426 1.3060314655303955
349 0.8876059055328369 5.94819548154807 3.470154047012329 1.5062357187271118 0.47402700781822205 1.0620629331071363 1.1361896991729736 1.3021587133407593
350 0.8906813859939575 5.948280234111557 3.4691717624664307 1.5066150426864624 0.4793941080570221 1.0629614653367627 1.1361663341522217 1.3022139072418213
351 0.8840868473052979 5.949451066277331 3.471069574356079 1.5008528232574463 0.4709261655807495 1.0610290001073095 1.136258602142334 1.2972420454025269
352 0.8853213787078857 5.950752520025942 3.4703848361968994 1.5008279085159302 0.4698200225830078 1.064090394579816 1.1362029314041138 1.2958106994628906
353 0.8850870132446289 5.956175725491006 3.4702188968658447 1.5006717443466187 0.46845489740371704 1.0640789287476233 1.1379175186157227 1.2979813814163208
354 0.8842347860336304 5.9531001181241825 3.4695353507995605 1.4954415559768677 0.4622937738895416 1.0472410013204752 1.1293498277664185 1.2916088104248047
355 0.8845689296722412 5.957569745291574 3.4699671268463135 1.4954572916030884 0.46276965737342834 1.051872073736601 1.0901715755462646 1.291088581085205
356 0.8845689296722412 5.962953074979117 3.472994804382324 1.4954572916030884 0.46276965737342834 1.0334269739501976 1.0743411779403687 1.291088581085205
357 0.8893212676048279 5.972355037729313 3.47133207321167 1.493414282798767 0.4565998315811157 1.0331268032261438 1.0501980781555176 1.2969669103622437
358 0.8894028663635254 5.970856943826305 3.471419095993042 1.4927469491958618 0.4565882384777069 1.0297217869893798 1.0500907897949219 1.298470377922058
359 0.8889057636260986 5.975299805300566 3.4708597660064697 1.5037822723388672 0.46472010016441345 1.0201368242761177 1.0572140216827393 1.3133106231689453
360 0.8893776535987854 5.976907810678834 3.4708657264709473 1.5037500858306885 0.46488869190216064 1.0283056056706465 1.056557536125183 1.313277244567871
361 0.8877456784248352 5.975316675052031 3.4759531021118164 1.5041700601577759 0.4659302830696106 1.0176505275400582 1.0601271390914917 1.31385338306427
362 0.890897274017334 5.9753727923067865 3.4763388633728027 1.5046261548995972 0.4721130430698395 1.0178170153015065 1.0639371871948242 1.3216075897216797
363 0.89436274766922 5.969799836586941 3.475525379180908 1.512951374053955 0.4726119339466095 1.0073858170360876 1.0619421005249023 1.3480595350265503
364 0.8968833684921265 5.9625430680235905 3.4752509593963623 1.5180152654647827 0.47619175910949707 1.0160004780384007 1.063884973526001 1.356377124786377
365 0.9012126326560974 5.93840620564618 3.4744715690612793 1.5185672044754028 0.47701552510261536 1.052465745736296 1.0686697959899902 1.3567596673965454
366 0.9008409976959229 5.937543955250193 3.4741759300231934 1.518687129020691 0.4777218997478485 1.0490445214784498 1.068562626838684 1.3569408655166626
367 0.9008411169052124 5.943325660185642 3.4741761684417725 1.51868736743927 0.4777219891548157 1.0937355396106248 1.065071940422058 1.3569409847259521
368 0.9007987380027771 5.943912515772004 3.4710206985473633 1.518038034439087 0.4774210751056671 1.0902523471494938 1.0642386674880981 1.356392741203308
369 0.897734522819519 5.954422420593376 3.4717414379119873 1.5191001892089844 0.4773293435573578 1.0903780864933574 1.062944769859314 1.357351541519165
370 0.8974331021308899 5.955260502670867 3.471437692642212 1.5189534425735474 0.47717177867889404 1.0696767529798918 1.0654550790786743 1.357114553451538
371 0.8966853618621826 5.963522996015272 3.4732301235198975 1.521772861480713 0.4828506410121918 1.0398366566577915 1.0680557489395142 1.3636841773986816
372 0.8977341651916504 5.958202229746992 3.4731485843658447 1.5216689109802246 0.48322078585624695 1.0261889996667148 1.066730260848999 1.3637720346450806
373 0.8977100849151611 5.950879955144165 3.4732840061187744 1.5216645002365112 0.48326194286346436 1.0174126249994848 1.0658093690872192 1.3637661933898926
374 0.8970191478729248 5.95121652653056 3.47318172454834 1.520447015762329 0.4822806119918823 1.025711219307254 1.0664570331573486 1.3622047901153564
375 0.8969911336898804 5.952632367796934 3.4730913639068604 1.5140591859817505 0.48175427317619324 1.0306486843924278 1.0673691034317017 1.3664222955703735
376 0.8966651558876038 5.956960176225663 3.4660708904266357 1.5167149305343628 0.48039913177490234 1.035778197520469 1.0632548332214355 1.3644465208053589
377 0.8948453068733215 5.962345873752113 3.4680888652801514 1.52098548412323 0.48423439264297485 0.9959973514032889 1.064415454864502 1.3706719875335693
378 0.8980008363723755 5.97074306658451 3.4700915813446045 1.5202867984771729 0.4847012460231781 1.003280265292937 1.1121320724487305 1.3670949935913086
379 0.9012205600738525 5.96528365646557 3.4741063117980957 1.521661639213562 0.49154844880104065 1.006625196064404 1.114306092262268 1.3699947595596313
380 0.8955652713775635 5.964603093976049 3.476113796234131 1.5213119983673096 0.49473127722740173 1.0034167039069994 1.1203327178955078 1.3698251247406006
381 0.894402265548706 5.95904440237041 3.4747185707092285 1.5193320512771606 0.4962656795978546 0.9995244402674568 1.1203795671463013 1.3678494691848755
382 0.8942701816558838 5.965110882118339 3.4752540588378906 1.5192763805389404 0.49689406156539917 1.0002419171567258 1.1209577322006226 1.368192434310913
383 0.8934714198112488 5.9624091200153275 3.485820770263672 1.5192393064498901 0.4965110719203949 0.9925809954322921 1.1038769483566284 1.3681882619857788
384 0.8899983167648315 5.953675585466394 3.488797664642334 1.5224329233169556 0.4915885031223297 1.006971700114582 1.1017667055130005 1.3639668226242065
385 0.8906651139259338 5.92720074825893 3.4865241050720215 1.5110979080200195 0.4902317523956299 1.0228493667284673 1.099886178970337 1.341984748840332
386 0.8877747058868408 5.902343856965347 3.4820196628570557 1.5129594802856445 0.4970027208328247 1.007604928803028 1.1181349754333496 1.346776008605957
387 0.896153450012207 5.923548904998931 3.4734888076782227 1.5210384130477905 0.49297574162483215 1.0012391229984 1.131238579750061 1.3524367809295654
388 0.8985929489135742 5.9236382826692875 3.471714735031128 1.5233051776885986 0.4958345293998718 1.0097276323917082 1.1316455602645874 1.3526514768600464
389 0.9008836150169373 5.913230699144478 3.468998908996582 1.5185917615890503 0.48421308398246765 1.0388577537165495 1.125748634338379 1.3461639881134033
390 0.9028509855270386 5.916866265409791 3.471595048904419 1.5211677551269531 0.48808565735816956 1.0381328988092526 1.1315199136734009 1.3473303318023682
391 0.9038069844245911 5.918416208263531 3.4726481437683105 1.518920660018921 0.48393514752388 1.0436944718995018 1.1285953521728516 1.343275785446167
392 0.903159499168396 5.938139287327945 3.4778826236724854 1.5082757472991943 0.47758668661117554 1.0127391253123286 1.1245744228363037 1.3298202753067017
393 0.9161852598190308 5.894662030826572 3.4693267345428467 1.499327301979065 0.48103204369544983 1.0888594268376817 1.1300337314605713 1.3299423456192017
394 0.9157487154006958 5.8928953649607845 3.467761278152466 1.499959111213684 0.4808140993118286 1.0908719986700608 1.128860592842102 1.3308055400848389
395 0.9130785465240479 5.897285629908969 3.470268726348877 1.501214861869812 0.4821624159812927 1.0697133824080376 1.1238833665847778 1.2911590337753296
396 0.9118562936782837 5.923603214017499 3.467756748199463 1.5022850036621094 0.4784853458404541 1.0338838942260935 1.1193501949310303 1.2904691696166992
397 0.9103101491928101 5.922789819591109 3.470092535018921 1.5012900829315186 0.4773200750350952 1.0349297534451698 1.117966890335083 1.2899113893508911
398 0.9130551815032959 5.923096440997672 3.464595079421997 1.504268765449524 0.48003318905830383 1.0259753364336557 1.1239991188049316 1.2921866178512573
399 0.9094515442848206 5.934048834533318 3.4650936126708984 1.500884771347046 0.4789571762084961 1.0532902759660003 1.1223516464233398 1.2885140180587769
400 0.9088490605354309 5.929847440276126 3.4651756286621094 1.5008398294448853 0.4788528382778168 1.0441068003797835 1.1223615407943726 1.2885085344314575
