init 0.9226958155632019 6.405732294222257 3.256176471710205 2.2111237049102783 0.0 0.0 0.0 0.0
1 0.9601009488105774 6.416673408801125 3.2587289810180664 2.2914624214172363 0.43956053256988525 0.5788570452621487 0.709394633769989 0.5112636089324951
2 0.964037299156189 6.257264100269356 3.2664413452148438 2.359462261199951 0.447618693113327 1.4116608140797222 0.8791341781616211 0.8594430088996887
3 1.0328054428100586 6.15817084582959 3.272022247314453 2.3480849266052246 0.5765175223350525 1.5610469665563058 1.0680840015411377 1.006521463394165
4 1.0277483463287354 6.1650013387561104 3.2571206092834473 2.3318490982055664 0.5379425883293152 1.4485257327045806 1.1190286874771118 0.980046808719635
5 1.0267302989959717 6.17339981503018 3.2535922527313232 2.332024335861206 0.5382848381996155 1.4087015529855602 1.1480300426483154 0.9806460738182068
6 1.025557518005371 6.169131270917462 3.2596957683563232 2.3464980125427246 0.5582324266433716 1.408040737885802 1.1676334142684937 1.0217934846878052
7 1.0179566144943237 6.149368152500411 3.2573580741882324 2.336343765258789 0.5439896583557129 1.5138979338520748 1.175419807434082 1.0179848670959473
8 1.015975832939148 6.155689044065918 3.2567663192749023 2.3396990299224854 0.5272808074951172 1.4950555659565652 1.159018635749817 1.016719937324524
9 0.9986478090286255 6.1561548786271025 3.271488666534424 2.354966640472412 0.5408672094345093 1.4369153453878771 1.1996842622756958 1.0196189880371094
10 0.9996638298034668 6.378697864683853 3.268275499343872 2.3521924018859863 0.542235791683197 1.0327996821670764 1.1784560680389404 1.0213350057601929
11 1.0133614540100098 6.555771290977141 3.270888566970825 2.3584721088409424 0.5494648814201355 1.309619919311363 1.2160195112228394 1.036622405052185
12 1.0138111114501953 6.559573094853191 3.2831475734710693 2.4372503757476807 0.5486144423484802 1.3131875534352428 1.241723656654358 1.1417312622070313
13 1.02240788936615 6.5567982583777376 3.2884955406188965 2.461526870727539 0.5675104856491089 1.3349553190282892 1.1792324781417847 1.2071892023086548
14 0.9718196988105774 6.6362621141300435 3.273014545440674 2.4258673191070557 0.47463488578796387 1.4888480309818162 1.096160650253296 1.1267160177230835
15 0.9717658758163452 6.636004715478469 3.271048069000244 2.3714706897735596 0.4747958481311798 1.4888040317694236 1.110105037689209 1.2392815351486206
16 0.9769633412361145 6.63180916321729 3.2753472328186035 2.365561008453369 0.46900126338005066 1.4700015612734 1.1053636074066162 1.239648699760437
17 0.9728918671607971 6.592169041966731 3.27229380607605 2.3650901317596436 0.46656814217567444 1.4557704207756053 1.1123828887939453 1.2388578653335571
18 0.9687047600746155 6.596399344953799 3.2714571952819824 2.365185022354126 0.4608008563518524 1.4366505895947568 1.1104656457901 1.2392070293426514
19 0.9649375081062317 6.598529952892037 3.270275592803955 2.3632559776306152 0.4559716582298279 1.4129367540146387 1.1100611686706543 1.2401496171951294
20 0.9676783084869385 6.597475253604099 3.268742799758911 2.363171339035034 0.4515993297100067 1.4042179730070947 1.1169037818908691 1.244814395904541
21 0.9640581607818604 6.60114388103681 3.2690062522888184 2.3657877445220947 0.4603627026081085 1.3972086825477972 1.1284127235412598 1.2561194896697998
22 0.9658285975456238 6.601275553338758 3.2708041667938232 2.367614269256592 0.4634762406349182 1.4119937014449209 1.1723922491073608 1.2598912715911865
23 0.965994656085968 6.581320105182058 3.270667791366577 2.367645263671875 0.4634562134742737 1.382579146205127 1.1692599058151245 1.259961485862732
24 0.9518835544586182 6.612516647222155 3.2740771770477295 2.3737306594848633 0.46751493215560913 1.4547352431194154 1.198564052581787 1.2499293088912964
25 0.9410051107406616 6.6188817184759 3.271193027496338 2.3709557056427 0.4203421473503113 1.4727763561646314 1.1267647743225098 1.2581290006637573
26 0.9380715489387512 6.623989437126539 3.260247230529785 2.3723015785217285 0.41759857535362244 1.5335151568854437 1.2017686367034912 1.2566438913345337
27 0.9375403523445129 6.629689698553576 3.2604105472564697 2.3723185062408447 0.41828253865242004 1.5206079204038123 1.2027143239974976 1.2568649053573608
28 0.9371862411499023 6.626234980881712 3.2605226039886475 2.375169038772583 0.4175064265727997 1.539355904632444 1.2002675533294678 1.2592012882232666
29 0.9359894394874573 6.625469619561192 3.2601029872894287 2.3748369216918945 0.41661563515663147 1.5443921641372307 1.199213981628418 1.259211778640747
30 0.9360132217407227 6.630677162688167 3.260040521621704 2.3748178482055664 0.41696032881736755 1.4989208362988695 1.2144936323165894 1.2593575716018677
31 0.9510891437530518 6.629886042241992 3.2641866207122803 2.3732259273529053 0.4338933229446411 1.5139522762804511 1.2321943044662476 1.2583584785461426
32 0.9510401487350464 6.626386443913847 3.263633966445923 2.3733279705047607 0.4339304566383362 1.5359716815275732 1.241316795349121 1.2583452463150024
33 0.98276686668396 6.6264829268341146 3.261565923690796 2.375296115875244 0.4608292579650879 1.5215753561609624 1.2745462656021118 1.2630747556686401
34 0.9805238246917725 6.624280717664031 3.261075258255005 2.3787269592285156 0.46081966161727905 1.5568542193006556 1.2738406658172607 1.2607156038284302
35 0.9804149866104126 6.621141705135802 3.262230634689331 2.3785924911499023 0.46562743186950684 1.554987546296565 1.278863787651062 1.260135531425476
36 0.9808666110038757 6.528237631588272 3.2643141746520996 2.379058599472046 0.4692658483982086 1.3120512849254373 1.273866891860962 1.2591009140014648
37 0.9544748067855835 6.535592991729503 3.2575931549072266 2.365415334701538 0.42352184653282166 1.3372404805284561 1.2417880296707153 1.2340970039367676
38 0.9561328291893005 6.558775446765477 3.2578184604644775 2.355024814605713 0.4254351854324341 1.2788196905302531 1.2381964921951294 1.2350577116012573
39 0.9561328291893005 6.53970039774707 3.2578184604644775 2.355024814605713 0.4254351854324341 1.3579589721553835 1.2580082416534424 1.2350577116012573
40 0.9652767181396484 6.537663362057216 3.262303352355957 2.368020534515381 0.4529523253440857 1.3474557911035074 1.2686359882354736 1.257549524307251
41 0.9655411839485168 6.537768976069637 3.262303352355957 2.3680965900421143 0.4538036584854126 1.348303109566161 1.2694865465164185 1.2578821182250977
42 0.9542970657348633 6.536115674128731 3.261854410171509 2.361037492752075 0.45319265127182007 1.350292666256192 1.2697888612747192 1.2432132959365845
43 0.9534630179405212 6.537752236107309 3.2615609169006348 2.361215829849243 0.45152905583381653 1.3027868716727553 1.2543137073516846 1.2427079677581787
44 0.955990731716156 6.542670226129419 3.261482000350952 2.3612983226776123 0.45671430230140686 1.3173008629530722 1.2713677883148193 1.2457674741744995
45 0.9552521705627441 6.542605127441813 3.2605764865875244 2.3611900806427 0.4557706415653229 1.31753612327893 1.2817740440368652 1.2452683448791504
46 0.9614334106445313 6.543523133776705 3.2639312744140625 2.363149642944336 0.45853191614151 1.3599033541561196 1.266702651977539 1.2464035749435425
47 0.9619032144546509 6.545035621684169 3.2697205543518066 2.3710687160491943 0.45904281735420227 1.3627073712288142 1.2115693092346191 1.2523478269577026
48 0.9629359245300293 6.55467304408226 3.2723701000213623 2.3724966049194336 0.461847186088562 1.3708302983308558 1.2064428329467773 1.2498326301574707
49 0.960149347782135 6.5513409467414485 3.2732975482940674 2.3691554069519043 0.4670701324939728 1.3648692536838054 1.208872675895691 1.2529362440109253
50 0.9609434008598328 6.550152160096934 3.2732324600219727 2.370372772216797 0.4647741913795471 1.3588275255291586 1.21176278591156 1.2503069639205933
51 0.962085485458374 6.550216290578719 3.273439407348633 2.370800495147705 0.4656798243522644 1.3596135649583634 1.2124955654144287 1.251548171043396
52 0.9547120332717896 6.54493497478391 3.2733230590820313 2.3690662384033203 0.4584816098213196 1.3514766497347168 1.2072700262069702 1.2502504587173462
53 0.954500675201416 6.55727071100999 3.273515462875366 2.3685734272003174 0.4570786952972412 1.3238460927829536 1.1960736513137817 1.2499289512634277
54 0.9521750807762146 6.5543763928219425 3.2715554237365723 2.395195484161377 0.4540846049785614 1.328569007396486 1.1924464702606201 1.1980117559432983
55 0.9520063996315002 6.5572080562940265 3.2714731693267822 2.393018960952759 0.4521982669830322 1.3282542120150855 1.2106603384017944 1.2013691663742065
56 0.9454624652862549 6.538176513134535 3.2704455852508545 2.3898353576660156 0.4438641369342804 1.4009959066087463 1.2112878561019897 1.1959724426269531
57 0.9315135478973389 6.542964200034272 3.2702651023864746 2.38844633102417 0.44606491923332214 1.3988242389418464 1.2132986783981323 1.1932244300842285
58 0.9398176074028015 6.542401791951154 3.270711898803711 2.390413761138916 0.44863829016685486 1.3950285293400893 1.2004936933517456 1.1927343606948853
59 0.9398223757743835 6.547047845690258 3.2726523876190186 2.3501698970794678 0.4486704468727112 1.4009984836770808 1.217199683189392 1.1827186346054077
60 0.9478914141654968 6.581363577022902 3.2739486694335938 2.3536007404327393 0.46721944212913513 1.4566581881982577 1.2305762767791748 1.189141035079956
61 0.9436763525009155 6.578620796028737 3.274665355682373 2.3507537841796875 0.47217506170272827 1.4489462170707663 1.2297792434692383 1.1911752223968506
62 0.9340527653694153 6.561436285339479 3.274813652038574 2.3505771160125732 0.46976765990257263 1.4253403674602594 1.2488495111465454 1.1841856241226196
63 0.931752622127533 6.561192062388379 3.2748336791992188 2.350522518157959 0.4696546196937561 1.413055136244056 1.2278023958206177 1.1842560768127441
64 0.9335528612136841 6.561323359676845 3.2780346870422363 2.348273515701294 0.4880596697330475 1.463868953486661 1.2436429262161255 1.189308524131775
65 0.9330021142959595 6.562184362251835 3.2788591384887695 2.349180221557617 0.48726919293403625 1.4309325548432394 1.2908697128295898 1.1911982297897339
66 0.9330021142959595 6.591125642707126 3.2784817218780518 2.341686964035034 0.48726919293403625 1.4490609638329017 1.2932671308517456 1.1804507970809937
67 0.9321591258049011 6.58600960188204 3.279604196548462 2.3455119132995605 0.4948694109916687 1.4484985146473885 1.3607664108276367 1.1860630512237549
68 0.9313306212425232 6.585231299844531 3.2869465351104736 2.3848724365234375 0.4975094795227051 1.4470766918799403 1.3079673051834106 1.1304407119750977
69 0.9329378008842468 6.597073767177783 3.2879772186279297 2.370732307434082 0.4974730610847473 1.4707019841688755 1.309389591217041 1.1230977773666382
70 0.9473260641098022 6.601730696237961 3.289616584777832 2.3736772537231445 0.499565064907074 1.4753110621442085 1.3135863542556763 1.126639485359192
71 0.9515941143035889 6.636302022182561 3.293684244155884 2.3856029510498047 0.5096275210380554 1.4201345399571677 1.3144078254699707 1.1402506828308105
72 0.9464291334152222 6.641855266255395 3.2947046756744385 2.3841958045959473 0.5047353506088257 1.4440275951344128 1.3135448694229126 1.1384141445159912
73 0.9436909556388855 6.643858713029792 3.2959537506103516 2.3863184452056885 0.5110287070274353 1.444117927080556 1.3350868225097656 1.1427969932556152
74 0.9283080101013184 6.689508015007081 3.298978805541992 2.3690977096557617 0.4556913673877716 1.3248838266094283 1.2558029890060425 1.1151812076568604
75 0.9287938475608826 6.68981032342634 3.2989020347595215 2.369173526763916 0.4559391140937805 1.3256728612734585 1.2559481859207153 1.1154505014419556
76 0.9278193116188049 6.689875871665934 3.2988922595977783 2.36916446685791 0.4558980166912079 1.3261158086818856 1.2559542655944824 1.115565299987793
77 0.9421020746231079 6.67938919273895 3.305304527282715 2.387329339981079 0.4882812798023224 1.308037721456861 1.2736393213272095 1.1477200984954834
78 0.9456936120986938 6.684245670354386 3.307659387588501 2.390444755554199 0.49171972274780273 1.3340559808623222 1.2580437660217285 1.1539736986160278
79 0.9456155896186829 6.683931263415103 3.307710647583008 2.3903262615203857 0.49148350954055786 1.3335307900190072 1.2569211721420288 1.1537806987762451
80 0.9462547302246094 6.68549118535826 3.3094496726989746 2.3979811668395996 0.49187204241752625 1.3108753950172647 1.2657307386398315 1.16261887550354
81 0.9427523612976074 6.680480156237027 3.3096351623535156 2.393160104751587 0.4952458441257477 1.3043089388785631 1.2635482549667358 1.166853427886963
82 0.9426003694534302 6.682391248985799 3.3094539642333984 2.3932347297668457 0.4949687123298645 1.291767295638994 1.1764025688171387 1.1668931245803833
83 0.9324480891227722 6.6867483598996476 3.2934086322784424 2.329833507537842 0.4781183898448944 1.3125705238399472 1.1959997415542603 1.1900966167449951
84 0.9256921410560608 6.654494325759278 3.26731276512146 2.3134005069732666 0.4506451487541199 1.2938118330499009 1.1784526109695435 1.1693068742752075
85 0.9406717419624329 6.654731809232984 3.2715415954589844 2.3184187412261963 0.45395922660827637 1.2740003164632874 1.1902552843093872 1.171318531036377
86 0.9330797791481018 6.6401223359207275 3.2719972133636475 2.3201181888580322 0.4585380256175995 1.2672019688602392 1.2030082941055298 1.173836350440979
87 0.9284306764602661 6.637844246103146 3.2712626457214355 2.3195388317108154 0.4604261517524719 1.2637554614177948 1.2005842924118042 1.1720436811447144
88 0.9351173043251038 6.6434315493186356 3.264488697052002 2.3259265422821045 0.4685245454311371 1.2815551174683564 1.20328688621521 1.178395390510559
89 0.9351142048835754 6.643440507723893 3.264497756958008 2.3259925842285156 0.46849867701530457 1.281557429743568 1.2033066749572754 1.1784487962722778
90 0.9369715452194214 6.642883245062227 3.2660269737243652 2.3307247161865234 0.48113828897476196 1.2592537741111196 1.1851140260696411 1.1880415678024292
91 0.9369715452194214 6.640068799403191 3.2661683559417725 2.3307247161865234 0.48113828897476196 1.2853305012398442 1.184424877166748 1.1880415678024292
92 0.935139536857605 6.640066003624422 3.2637927532196045 2.327913284301758 0.4749990403652191 1.287676999530868 1.179399847984314 1.1839325428009033
93 0.9355646371841431 6.63946466575245 3.264456033706665 2.3276405334472656 0.47454550862312317 1.306792387061139 1.1848324537277222 1.184037685394287
94 0.9344213604927063 6.641404252786873 3.2648842334747314 2.327695369720459 0.4734339118003845 1.2534862373890685 1.200028657913208 1.1833428144454956
95 0.9354234337806702 6.642084580749182 3.2685739994049072 2.32865047454834 0.47529640793800354 1.265193887496977 1.1900954246520996 1.1838396787643433
96 0.9354234337806702 6.644396892000884 3.268343687057495 2.32865047454834 0.47529640793800354 1.2492307075359852 1.1768120527267456 1.1838396787643433
97 0.9364857077598572 6.6422270680509445 3.267733097076416 2.3300440311431885 0.47707951068878174 1.2357907306131772 1.1958595514297485 1.18605375289917
98 0.9369053840637207 6.6408113698313365 3.271541118621826 2.3300154209136963 0.4766163229942322 1.2600074016485903 1.176074743270874 1.185990810394287
99 0.9429099559783936 6.646441274976188 3.2715280055999756 2.3315045833587646 0.47168639302253723 1.266433749689743 1.1798158884048462 1.1899586915969849
100 0.9414665699005127 6.642641662276284 3.271524429321289 2.329850435256958 0.4680720865726471 1.2971096354037552 1.164562702178955 1.1877946853637695
101 0.9437651634216309 6.648970247245091 3.2724664211273193 2.3282012939453125 0.46203601360321045 1.326256108372737 1.1611257791519165 1.1834328174591064
102 0.9422178864479065 6.648500248684545 3.273165464401245 2.332036256790161 0.46081915497779846 1.3077519836552454 1.1574417352676392 1.1851894855499268
103 0.9426013827323914 6.647836803162763 3.27036452293396 2.3837599754333496 0.4581202566623688 1.3101734289816835 1.1378276348114014 1.2118233442306519
104 0.9427297115325928 6.647595549103039 3.268326997756958 2.3837766647338867 0.45815423130989075 1.320295184266028 1.1781833171844482 1.211801290512085
105 0.9432523250579834 6.645810125759428 3.2686431407928467 2.3841845989227295 0.4577444791793823 1.3148924274496887 1.1768100261688232 1.210289716720581
106 0.9436177611351013 6.645031942709472 3.2681260108947754 2.3839573860168457 0.4557422399520874 1.3097386675136669 1.1772234439849854 1.2102142572402954
107 0.9435104727745056 6.644809063102186 3.2680277824401855 2.3838157653808594 0.45533543825149536 1.3096128244920056 1.175896167755127 1.2100380659103394
108 0.943615198135376 6.641005462481498 3.2710063457489014 2.376953125 0.4534463882446289 1.3100732694215356 1.1707757711410522 1.206599235534668
109 0.9437297582626343 6.6409774683224265 3.2710025310516357 2.3769466876983643 0.4536767303943634 1.310135813340943 1.1708465814590454 1.2066422700881958
110 0.9456375241279602 6.633592409872212 3.269001007080078 2.375898599624634 0.450118750333786 1.3271747394197706 1.1702264547348022 1.2107042074203491
111 0.9569562077522278 6.690657236915054 3.277492046356201 2.382035970687866 0.4664120078086853 1.4299430122577605 1.2041645050048828 1.225106954574585
112 0.9564424157142639 6.692950694538001 3.276148557662964 2.3829522132873535 0.47380390763282776 1.378377119339336 1.2002168893814087 1.2234292030334473
113 0.9500471353530884 6.71511609711155 3.2736124992370605 2.3687100410461426 0.4400845170021057 1.353699467017534 1.1634372472763062 1.1949896812438965
114 0.9514990448951721 6.7126227938203975 3.274517297744751 2.3698642253875732 0.4371449649333954 1.39444150008827 1.163431167602539 1.1950753927230835
115 0.9381893277168274 6.698976219135335 3.2681338787078857 2.3630101680755615 0.4218134880065918 1.364044902450276 1.1441268920898438 1.1824594736099243
116 0.932715117931366 6.7000182673103525 3.268977642059326 2.362800121307373 0.425344854593277 1.3675363975506594 1.1457698345184326 1.1777292490005493
117 0.9287625551223755 6.705591271455307 3.2722458839416504 2.3635904788970947 0.4306080639362335 1.35574677071296 1.149850845336914 1.1731775999069214
118 0.9287638664245605 6.705196286374849 3.2719662189483643 2.3636410236358643 0.4306302070617676 1.3525908648898215 1.1511420011520386 1.1733360290527344
119 0.9277055859565735 6.705439268077519 3.270798921585083 2.3644955158233643 0.42223089933395386 1.3342003539408815 1.1175967454910278 1.1736425161361694
120 0.9277055859565735 6.705868318544218 3.2715866565704346 2.362826347351074 0.42223089933395386 1.3290830219108944 1.1204042434692383 1.171053409576416
121 0.9263252019882202 6.708488209929627 3.271439790725708 2.3624796867370605 0.42351922392845154 1.3096393307257481 1.1085917949676514 1.1711955070495605
122 0.9273208379745483 6.685883957425057 3.271979570388794 2.3628978729248047 0.42783457040786743 1.2924953597164335 1.1055132150650024 1.1739002466201782
123 0.9299015998840332 6.698323047332263 3.2744343280792236 2.367567539215088 0.4388996958732605 1.3211086567038668 1.1174741983413696 1.1810519695281982
124 0.9357191920280457 6.694348480461257 3.2738304138183594 2.3660898208618164 0.4314996004104614 1.3083025746818877 1.1108012199401855 1.1760300397872925
125 0.9349434971809387 6.697169558013659 3.2741239070892334 2.37082839012146 0.43196776509284973 1.3006417037374434 1.1331028938293457 1.1840953826904297
126 0.9339485168457031 6.689975972007365 3.274076223373413 2.3704304695129395 0.43206721544265747 1.3416304433894344 1.106873869895935 1.1818844079971313
127 0.9338386654853821 6.689290821613581 3.27150559425354 2.370450973510742 0.43199944496154785 1.3346138581423503 1.1339359283447266 1.1818417310714722
128 0.9335842728614807 6.692437426459479 3.2719881534576416 2.373007297515869 0.43469101190567017 1.3012992246855135 1.1305770874023438 1.1843550205230713
129 0.929570734500885 6.701759730919289 3.2731542587280273 2.370957612991333 0.4306737780570984 1.321329095682058 1.1278175115585327 1.1815097332000732
130 0.929570734500885 6.701393516299695 3.2731785774230957 2.371528387069702 0.4306737780570984 1.3225919619378619 1.1353594064712524 1.1820684671401978
131 0.9345865845680237 6.704700609617252 3.272388458251953 2.3712332248687744 0.4248710870742798 1.3040579457163957 1.1282768249511719 1.1883139610290527
132 0.9332730174064636 6.707675773198287 3.273468494415283 2.372464418411255 0.428901344537735 1.3387666951963801 1.1221163272857666 1.1951245069503784
133 0.9331091046333313 6.706606193893467 3.2733068466186523 2.374206304550171 0.42992764711380005 1.3784455526344208 1.1282960176467896 1.1981525421142578
134 0.9367693662643433 6.70436180092644 3.2737555503845215 2.3733513355255127 0.43904539942741394 1.3606065646599053 1.1268033981323242 1.194779396057129
135 0.9376360177993774 6.707690389908172 3.275113105773926 2.374831438064575 0.4453994631767273 1.3696561134686698 1.1218615770339966 1.2004945278167725
136 0.9367499947547913 6.711807677217716 3.276817798614502 2.3754568099975586 0.4493838846683502 1.3666467609936988 1.1309562921524048 1.1985762119293213
137 0.9370914101600647 6.71354119721122 3.2766897678375244 2.376020669937134 0.4506123661994934 1.3494585356557192 1.1361043453216553 1.1996549367904663
138 0.9330273270606995 6.716982518610016 3.2760396003723145 2.3808200359344482 0.44934532046318054 1.3530446799265667 1.1407444477081299 1.2086186408996582
139 0.9322882890701294 6.71747561193209 3.276557207107544 2.380079746246338 0.44892141222953796 1.3531964695667544 1.1565747261047363 1.2080222368240356
140 0.9230916500091553 6.719983445515105 3.2746899127960205 2.373126745223999 0.4321390390396118 1.369694240724814 1.1607614755630493 1.1965034008026123
141 0.9287365078926086 6.729807552078444 3.2747855186462402 2.3753457069396973 0.43898215889930725 1.392539963159293 1.1625665426254272 1.2017878293991089
142 0.9195343255996704 6.716899851223408 3.2737903594970703 2.3754515647888184 0.43517500162124634 1.3762768008976625 1.157134771347046 1.1987805366516113
143 0.9195343255996704 6.716866468703949 3.275451421737671 2.373999834060669 0.43517500162124634 1.3845633762117322 1.1571980714797974 1.199404001235962
144 0.9115108251571655 6.703437572667732 3.2711691856384277 2.36962890625 0.4238217771053314 1.3146529311992299 1.1401727199554443 1.1948981285095215
145 0.911527156829834 6.70229348133458 3.2721526622772217 2.367877721786499 0.42637667059898376 1.36275706448187 1.1456507444381714 1.1984378099441528
146 0.9132609367370605 6.706312235121457 3.2712514400482178 2.3545479774475098 0.4311225712299347 1.3722863581759184 1.1756761074066162 1.2001807689666748
147 0.9132720232009888 6.706294925346096 3.27126407623291 2.3545448780059814 0.4310857951641083 1.3722439706277043 1.1756246089935303 1.2001538276672363
148 0.914789617061615 6.705452416789181 3.264843702316284 2.3423495292663574 0.4411163628101349 1.3715942274348298 1.1779358386993408 1.176088571548462
149 0.9180604219436646 6.699630596576357 3.265869140625 2.343447208404541 0.44348567724227905 1.3434001693268436 1.177549958229065 1.1768462657928467
150 0.9309847354888916 6.702217679573077 3.2712504863739014 2.347125768661499 0.45846888422966003 1.3686562896501413 1.1983180046081543 1.1834702491760254
151 0.9282206892967224 6.703786933504091 3.271341323852539 2.3419265747070313 0.46023058891296387 1.374119386518775 1.2005081176757813 1.1840323209762573
152 0.9282206892967224 6.704105540645235 3.271341323852539 2.3419265747070313 0.46023058891296387 1.3601374380541111 1.2200478315353394 1.1840323209762573
153 0.9281561374664307 6.703562832627111 3.27152156829834 2.3418498039245605 0.4603025019168854 1.37415453429507 1.2000880241394043 1.1840003728866577
154 0.9284577965736389 6.703389901317802 3.2715184688568115 2.3402979373931885 0.46112048625946045 1.3741653375539193 1.1998001337051392 1.1931688785552979
155 0.9303052425384521 6.705634251213053 3.2708535194396973 2.340914487838745 0.4618774652481079 1.3484383283031718 1.1977843046188354 1.1933232545852661
156 0.9319588541984558 6.7070688343146525 3.270989179611206 2.342636823654175 0.4586745798587799 1.349929451021655 1.1971617937088013 1.1945850849151611
157 0.9299132227897644 6.676365223526245 3.2674143314361572 2.3360049724578857 0.4402926564216614 1.261258679006156 1.1775875091552734 1.1873321533203125
158 0.9316845536231995 6.6847890062062 3.266406774520874 2.337996006011963 0.4458106756210327 1.2596529362537017 1.2042169570922852 1.1913516521453857
159 0.9306713342666626 6.684997845861059 3.2663230895996094 2.3371267318725586 0.4489625096321106 1.2521649911646675 1.1787137985229492 1.1824302673339844
160 0.9371213912963867 6.692852319904626 3.2690536975860596 2.339608907699585 0.45698195695877075 1.2816094159327642 1.1495096683502197 1.1878513097763062
161 0.9418283700942993 6.7119312987037745 3.2723588943481445 2.3399267196655273 0.46702760457992554 1.328242660818574 1.1735271215438843 1.1927443742752075
162 0.9379069209098816 6.711873776747816 3.2738475799560547 2.340466022491455 0.4554189443588257 1.3227490411702165 1.1598838567733765 1.1889946460723877
163 0.9380547404289246 6.710486676987078 3.2746174335479736 2.3416717052459717 0.4551713764667511 1.3479260914011166 1.1752526760101318 1.191823124885559
164 0.9389588832855225 6.711460594172553 3.273932695388794 2.341735363006592 0.4563542604446411 1.3509952657411408 1.1831861734390259 1.1926827430725098
165 0.9367473721504211 6.709010271961586 3.2722156047821045 2.3512611389160156 0.4544579088687897 1.3456074528222728 1.1601078510284424 1.197290062904358
166 0.9372992515563965 6.709030019274056 3.2724087238311768 2.3514041900634766 0.4546475112438202 1.3456470470782043 1.1587238311767578 1.1973639726638794
167 0.9358993172645569 6.712591086195796 3.2760260105133057 2.354355573654175 0.4583843946456909 1.3124147060024585 1.16655433177948 1.1975250244140625
168 0.9311349391937256 6.716128775543414 3.277275562286377 2.357475519180298 0.45569103956222534 1.32285671157764 1.1887112855911255 1.2013739347457886
169 0.9377424716949463 6.732778983128944 3.2829487323760986 2.3673908710479736 0.47560054063796997 1.3653503994560365 1.2076964378356934 1.2172545194625854
170 0.9376754760742188 6.731808471420188 3.2910866737365723 2.3664369583129883 0.4735812246799469 1.3618917286759076 1.22604501247406 1.2152889966964722
171 0.9376754760742188 6.731808471420188 3.275040626525879 2.3664369583129883 0.4735812246799469 1.3618917286759076 1.2764172554016113 1.2152889966964722
172 0.9377550482749939 6.7315143665145785 3.2829740047454834 2.3664166927337646 0.47354909777641296 1.3663550150112593 1.2237294912338257 1.2153054475784302
173 0.9372321963310242 6.731438355373169 3.283388137817383 2.3664867877960205 0.4718542993068695 1.3694995224816187 1.221895456314087 1.215929388999939
174 0.9243814945220947 6.731977296709526 3.2832653522491455 2.3604819774627686 0.47405675053596497 1.3755810424906714 1.224958062171936 1.2160775661468506
175 0.9245977997779846 6.731907673128404 3.282954216003418 2.3606669902801514 0.47533443570137024 1.374902477194049 1.223678469657898 1.215943455696106
176 0.9276688694953918 6.74055540151954 3.283257484436035 2.365501642227173 0.4792460501194 1.3781840429688785 1.2375904321670532 1.2173266410827637
177 0.926141619682312 6.739174318985229 3.2840235233306885 2.3652050495147705 0.48034101724624634 1.3739093710805157 1.234688639640808 1.2165955305099487
178 0.9104625582695007 6.699439375483226 3.2756001949310303 2.3480007648468018 0.4351699650287628 1.2857900396617816 1.1956263780593872 1.18351411819458
179 0.9195875525474548 6.730407154021568 3.2785353660583496 2.3607189655303955 0.4682891070842743 1.3701222462692302 1.2320436239242554 1.2027592658996582
180 0.9174460768699646 6.730304108900264 3.2768993377685547 2.36000657081604 0.4650137424468994 1.3637530219161613 1.2392014265060425 1.201834797859192
181 0.9164751172065735 6.731427906767141 3.2772889137268066 2.359208345413208 0.46281230449676514 1.342781159183893 1.2379101514816284 1.2019866704940796
182 0.9157935976982117 6.7328252651535525 3.2772669792175293 2.3589813709259033 0.4641088545322418 1.3495397639011613 1.239646077156067 1.202633023262024
183 0.9160580635070801 6.73273194025855 3.277255058288574 2.3583462238311768 0.46680018305778503 1.3480218007537985 1.2384333610534668 1.2086302042007446
184 0.9162514805793762 6.732723681893805 3.2774851322174072 2.35835337638855 0.4667288064956665 1.3480062796965673 1.237417221069336 1.2086247205734253
185 0.9161139130592346 6.7328861880892905 3.277381181716919 2.3583648204803467 0.46651801466941833 1.348382596886183 1.2337043285369873 1.2087066173553467
186 0.9161644577980042 6.732214802707092 3.2772915363311768 2.3583621978759766 0.4666024148464203 1.3528709711094464 1.2108970880508423 1.2087308168411255
187 0.9071996808052063 6.730634897693832 3.2784905433654785 2.354860544204712 0.4755702614784241 1.3528279253544255 1.2084606885910034 1.2160303592681885
188 0.9071281552314758 6.7301662050522255 3.2768685817718506 2.352797031402588 0.4749745726585388 1.3516386430582563 1.2088050842285156 1.2204434871673584
189 0.9037973880767822 6.728054007596229 3.2767961025238037 2.351736068725586 0.4761047065258026 1.3520687265610731 1.2083631753921509 1.2174738645553589
190 0.9038440585136414 6.728077777243753 3.276785373687744 2.35174560546875 0.4760763347148895 1.3520818687333411 1.2081105709075928 1.217477560043335
191 0.9040898680686951 6.726647850210488 3.273569345474243 2.3520569801330566 0.47356539964675903 1.3517385278435523 1.2131245136260986 1.218196153640747
192 0.9046368598937988 6.725347125398114 3.271618366241455 2.352656364440918 0.4718248248100281 1.3914496750504894 1.2116727828979492 1.2175318002700806
193 0.9046368598937988 6.725138831427752 3.264754295349121 2.3293230533599854 0.4718248248100281 1.4033057359016918 1.217320203781128 1.2985589504241943
194 0.9046368598937988 6.725138831427752 3.284170627593994 2.412184715270996 0.4718248248100281 1.4033057359016918 1.2871930599212646 1.4127694368362427
195 0.9046831130981445 6.725217323379826 3.284170389175415 2.412196636199951 0.471913605928421 1.4034249120715079 1.2871670722961426 1.4127775430679321
196 0.9043540954589844 6.725394054621577 3.284236431121826 2.412215232849121 0.47154808044433594 1.3920374222592857 1.2861188650131226 1.4128605127334595
197 0.9042530655860901 6.730218483528436 3.28454327583313 2.411560535430908 0.471464604139328 1.378751267186648 1.2840684652328491 1.4132498502731323
198 0.90229731798172 6.678472247326406 3.2843639850616455 2.410762071609497 0.4717383086681366 1.5056063229867822 1.294481873512268 1.4124120473861694
199 0.9071516990661621 6.666715223758535 3.286633014678955 2.4117965698242188 0.47431129217147827 1.5102748363453198 1.2952519655227661 1.413198709487915
200 0.9077744483947754 6.663178647224576 3.285090923309326 2.41281795501709 0.47306814789772034 1.5086591717256088 1.304228663444519 1.410679817199707
201 0.9077744483947754 6.663178647224576 3.283220052719116 2.41281795501709 0.47362959384918213 1.5087905764827814 1.2937151193618774 1.4107787609100342
202 0.9012112617492676 6.661830460656144 3.294320821762085 2.342012405395508 0.468436598777771 1.5146790452385757 1.3353172540664673 1.3099318742752075
203 0.9023659825325012 6.6636566340790475 3.2934441566467285 2.3412792682647705 0.4633338153362274 1.517354200311972 1.3336353302001953 1.3091845512390137
204 0.9185242056846619 6.664501461875081 3.2949764728546143 2.342313528060913 0.45294269919395447 1.513939770087911 1.3587085008621216 1.312524437904358
205 0.9225156903266907 6.715250848005972 3.2942309379577637 2.342421770095825 0.45223677158355713 1.3545268590620083 1.352911114692688 1.3130009174346924
206 0.9224997758865356 6.713889107520393 3.294363498687744 2.3423564434051514 0.4522587060928345 1.357475786766228 1.3521640300750732 1.3128788471221924
207 0.9209122657775879 6.71425910507834 3.29294490814209 2.343489646911621 0.45417413115501404 1.3546622492366247 1.3467456102371216 1.3101695775985718
208 0.9201157093048096 6.71828831665835 3.2889981269836426 2.3366570472717285 0.4352497160434723 1.361903974113617 1.3435827493667603 1.3062243461608887
209 0.9094966053962708 6.718352924232116 3.288219690322876 2.335935354232788 0.4285275638103485 1.3756716658714168 1.3307359218597412 1.3052031993865967
210 0.9106073379516602 6.7191886274648365 3.2884933948516846 2.3379664421081543 0.4319646656513214 1.3792084633392498 1.333707332611084 1.3087167739868164
211 0.9120980501174927 6.711613535968847 3.2895452976226807 2.339002847671509 0.4348578453063965 1.4120429820527833 1.3333345651626587 1.3142261505126953
212 0.9199796319007874 6.666092588960255 3.2966556549072266 2.3625118732452393 0.43488964438438416 1.5325208651258135 1.3156754970550537 1.2333630323410034
213 0.9211077690124512 6.6673267639165195 3.3034448623657227 2.4032039642333984 0.43771031498908997 1.5478898000161991 1.2977451086044312 1.1733381748199463
214 0.9210877418518066 6.667464097994382 3.304046630859375 2.403177261352539 0.43790361285209656 1.5483757075518112 1.296991229057312 1.1734566688537598
215 0.9212661385536194 6.667342032462656 3.3041017055511475 2.4031753540039063 0.4382479190826416 1.5478329317098611 1.2969900369644165 1.1733371019363403
216 0.925847589969635 6.670537123312309 3.304501533508301 2.404308319091797 0.4378818869590759 1.533015733633445 1.2902456521987915 1.1767981052398682
217 0.922697126865387 6.666987042317721 3.302525043487549 2.404085636138916 0.43174880743026733 1.5102743113318136 1.2810372114181519 1.173071265220642
218 0.9343150854110718 6.656456952332036 3.303792715072632 2.40644907951355 0.439898818731308 1.488480922426987 1.2855207920074463 1.1814444065093994
219 0.9374856352806091 6.662883536187637 3.293174982070923 2.4081532955169678 0.44069704413414 1.5022760207545303 1.248008370399475 1.1836369037628174
220 0.9382185935974121 6.659357200442059 3.293837547302246 2.4079818725585938 0.43839484453201294 1.4965441386754077 1.2328543663024902 1.177805781364441
221 0.9356160163879395 6.656828417377298 3.2937939167022705 2.4072418212890625 0.44061553478240967 1.5021065427863998 1.231048583984375 1.175947666168213
222 0.9540765285491943 6.65767063844188 3.295072078704834 2.4079232215881348 0.451440691947937 1.5077587160201118 1.2374887466430664 1.1798025369644165
223 0.9501030445098877 6.648058012896303 3.2922232151031494 2.408393383026123 0.4483557343482971 1.4801315910089012 1.2260541915893555 1.1817489862442017
224 0.9526200294494629 6.654973848577507 3.291860580444336 2.407628297805786 0.45360276103019714 1.4867427680479859 1.2224042415618896 1.175757884979248
225 0.9526727795600891 6.657300767869105 3.292529344558716 2.4097189903259277 0.4572518765926361 1.4911031711717146 1.2248167991638184 1.1776437759399414
226 0.9326348304748535 6.654778976121892 3.2904396057128906 2.40830397605896 0.4383535385131836 1.4849329768546347 1.215575098991394 1.1728646755218506
227 0.9343751668930054 6.6544469016550725 3.2892470359802246 2.4086689949035645 0.43454909324645996 1.4782663508560059 1.2137874364852905 1.1721758842468262
228 0.9280950427055359 6.646906434063322 3.2853479385375977 2.3960022926330566 0.403338760137558 1.5452591203734791 1.1891871690750122 1.1519992351531982
229 0.9300752282142639 6.648316127778004 3.2851169109344482 2.3959848880767822 0.4014001786708832 1.5445872629937627 1.1888606548309326 1.153200626373291
230 0.9532618522644043 6.651731850644528 3.28436541557312 2.3958804607391357 0.41638532280921936 1.535918146344126 1.2027192115783691 1.1551891565322876
231 0.9539358615875244 6.653086033046422 3.283869743347168 2.3959052562713623 0.414781391620636 1.5392910160019646 1.2026636600494385 1.1558496952056885
232 0.953982949256897 6.653078484310705 3.283849000930786 2.395930528640747 0.414948433637619 1.539330148459717 1.2026108503341675 1.1558233499526978
233 0.9539041519165039 6.651808311057299 3.286465644836426 2.4010472297668457 0.42350733280181885 1.544535602673525 1.2124525308609009 1.1705266237258911
234 0.953073263168335 6.657316869679149 3.2866017818450928 2.4004721641540527 0.42221319675445557 1.5466312976796346 1.1886661052703857 1.169563889503479
235 0.9483014941215515 6.654652788961834 3.286040782928467 2.3995468616485596 0.42192789912223816 1.5372447249835934 1.186470866203308 1.1686395406723022
236 0.9353392720222473 6.632072527797067 3.2822842597961426 2.3989439010620117 0.41171085834503174 1.502243172637667 1.1833916902542114 1.1668827533721924
237 0.9363725185394287 6.64261447920341 3.286512613296509 2.403998374938965 0.42393308877944946 1.51288257991969 1.189096212387085 1.173903226852417
238 0.9366340637207031 6.691221879521914 3.2862095832824707 2.404012441635132 0.4238549768924713 1.3506396616284078 1.1661279201507568 1.1739046573638916
239 0.9402555227279663 6.698740392457119 3.287184715270996 2.4066035747528076 0.4301970601081848 1.3658910780382227 1.1703829765319824 1.1788595914840698
240 0.9397319555282593 6.700504220224588 3.2869489192962646 2.407054901123047 0.42766591906547546 1.3712330876614056 1.1715868711471558 1.1801387071609497
241 0.9360647797584534 6.643027166449775 3.2838215827941895 2.4020066261291504 0.414167195558548 1.5102790491654454 1.187814712524414 1.1708619594573975
242 0.9247877597808838 6.643384437522934 3.2812185287475586 2.4079766273498535 0.4031420946121216 1.511554146853243 1.1903797388076782 1.1820666790008545
243 0.9208379983901978 6.642046975412338 3.2801637649536133 2.4039881229400635 0.392275869846344 1.521787841857247 1.1634103059768677 1.1753259897232056
244 0.9270657896995544 6.648396072598318 3.283029317855835 2.4069607257843018 0.40583816170692444 1.5403316935723654 1.1610599756240845 1.1806423664093018
245 0.944770872592926 6.6476038555493115 3.2837729454040527 2.4142704010009766 0.3992166817188263 1.531440674266219 1.1597663164138794 1.1847193241119385
246 0.928665280342102 6.656097817391241 3.280604600906372 2.487048625946045 0.41263970732688904 1.5884024842228992 1.167133092880249 1.3025078773498535
247 0.9280426502227783 6.6595145083952145 3.2797327041625977 2.4866631031036377 0.41494297981262207 1.5389931191550132 1.1968439817428589 1.3021639585494995
248 0.9449310302734375 6.650585719827977 3.2813730239868164 2.495323419570923 0.4384392201900482 1.5487872375919185 1.204477071762085 1.3150473833084106
249 0.9565634727478027 6.654686761225431 3.281554698944092 2.4979169368743896 0.43859612941741943 1.5520928346075298 1.1789970397949219 1.315969705581665
250 0.9569822549819946 6.655491930226978 3.2815401554107666 2.498110771179199 0.43919089436531067 1.556387842815383 1.1845769882202148 1.3165078163146973
251 0.9523259401321411 6.651112481584008 3.280534267425537 2.4950296878814697 0.4299974739551544 1.5533393069611234 1.180273175239563 1.311651349067688
252 0.9520083665847778 6.652018364522313 3.2806975841522217 2.4946351051330566 0.43002742528915405 1.507009789089806 1.196794867515564 1.309970498085022
253 0.9518882632255554 6.653358369774174 3.2834835052490234 2.495990514755249 0.4274270534515381 1.511212948386463 1.1959748268127441 1.3135877847671509
254 0.9477148056030273 6.648447389712519 3.282930612564087 2.494044542312622 0.42255064845085144 1.5416911369592414 1.1796244382858276 1.3076764345169067
255 0.9512683749198914 6.648966124725831 3.2823212146759033 2.494079828262329 0.4245681166648865 1.5597147963357763 1.1931098699569702 1.307737112045288
256 0.9513612985610962 6.649661795439695 3.2822937965393066 2.494173526763916 0.4248082935810089 1.5644462543165396 1.1963552236557007 1.3077161312103271
257 0.9553124308586121 6.654870664212717 3.281869411468506 2.4948232173919678 0.4244171977043152 1.555309972853641 1.192893385887146 1.3110322952270508
258 0.9597851037979126 6.657018137168043 3.2820827960968018 2.4845194816589355 0.4297851324081421 1.5787809347218649 1.1941184997558594 1.2991474866867065
259 0.9696219563484192 6.655252525910473 3.2832541465759277 2.5382041931152344 0.43972039222717285 1.5521617535408805 1.1833603382110596 1.195244312286377
260 0.9652205109596252 6.6489979963795625 3.281635284423828 2.5392706394195557 0.434697687625885 1.5246751910073155 1.1813513040542603 1.1954948902130127
261 0.9650492072105408 6.648654708226063 3.281745433807373 2.5393316745758057 0.4343126118183136 1.5237750021839302 1.1811951398849487 1.196975588798523
262 0.9604742527008057 6.654307942853785 3.2801291942596436 2.53593373298645 0.42660894989967346 1.4721640540454188 1.1663517951965332 1.1894340515136719
263 0.9499281644821167 6.654318515742667 3.278764247894287 2.5327036380767822 0.4151981472969055 1.4760171631682957 1.1613026857376099 1.182834267616272
264 0.9500376582145691 6.651509445866865 3.278627872467041 2.532264232635498 0.41573724150657654 1.5165002228024762 1.1556373834609985 1.1829679012298584
265 0.9485277533531189 6.655811300021512 3.278989791870117 2.533541679382324 0.41839322447776794 1.4903091241761666 1.1602073907852173 1.1840459108352661
266 0.9677550196647644 6.675209575826021 3.284294605255127 2.546135902404785 0.4400779902935028 1.536547138456375 1.1730093955993652 1.2059253454208374
267 0.9647225737571716 6.676726979374036 3.287130355834961 2.5448782444000244 0.43971630930900574 1.5264544606825563 1.187659740447998 1.203474521636963
268 0.9648681282997131 6.67693552462567 3.2874181270599365 2.5448780059814453 0.43965354561805725 1.5264735028497103 1.188315510749817 1.2036242485046387
269 0.9667359590530396 6.763691535662555 3.2881832122802734 2.545940399169922 0.4424327313899994 1.6628970374355616 1.2185471057891846 1.2055712938308716
270 0.9665855169296265 6.7648767200382665 3.287470817565918 2.545780897140503 0.44165682792663574 1.6587173008916587 1.2236496210098267 1.2049988508224487
271 0.9716333150863647 6.765416241161606 3.287187099456787 2.5463082790374756 0.44306680560112 1.6551368975650367 1.1905370950698853 1.2047592401504517
272 0.9702191948890686 6.767990508046905 3.2865097522735596 2.5461294651031494 0.44217100739479065 1.6528259253540973 1.2112528085708618 1.2045979499816895
273 0.984011709690094 6.761208139933538 3.2863659858703613 2.5470993518829346 0.4526667892932892 1.6699098961371242 1.2173033952713013 1.20746910572052
274 0.9840964674949646 6.768938747700001 3.287081480026245 2.54535174369812 0.45340749621391296 1.6539778329374426 1.2253937721252441 1.2106499671936035
275 0.9799636602401733 6.769924564561738 3.2869458198547363 2.5455901622772217 0.44977864623069763 1.6551818854822353 1.2250566482543945 1.2106224298477173
276 0.9797044396400452 6.769910766672124 3.2869908809661865 2.545530080795288 0.4493275284767151 1.6550235800049107 1.224767804145813 1.2103557586669922
277 0.9798301458358765 6.768912825968527 3.286278247833252 2.5463967323303223 0.4451628625392914 1.6566963714684746 1.2279764413833618 1.210123062133789
278 0.9794613718986511 6.769110294772813 3.285879373550415 2.5464560985565186 0.44492024183273315 1.6574072822789647 1.225976586341858 1.210585355758667
279 0.9796258807182312 6.7638177990695265 3.285639762878418 2.54708194732666 0.4454139173030853 1.6714340747896963 1.2315759658813477 1.2111984491348267
280 0.9822807312011719 6.764328870897334 3.286539077758789 2.547522783279419 0.446611225605011 1.6720872820445423 1.2374701499938965 1.2120707035064697
281 0.9759076237678528 6.634081166776261 3.2874057292938232 2.5506043434143066 0.4529181718826294 1.4920918968665642 1.2254865169525146 1.2187104225158691
282 0.977826714515686 6.633795459124974 3.2863495349884033 2.5495500564575195 0.45532137155532837 1.4896372370385185 1.2208027839660645 1.216715931892395
283 0.9798523187637329 6.642271109821669 3.286436080932617 2.5492334365844727 0.45519259572029114 1.5048325267735616 1.2106012105941772 1.2215758562088013
284 0.9794963598251343 6.642345687270784 3.28643798828125 2.549246311187744 0.45520466566085815 1.504911062943001 1.2106029987335205 1.2216050624847412
285 0.959623396396637 6.709086989217607 3.2829601764678955 2.5399951934814453 0.4372088313102722 1.6108889950090235 1.2089039087295532 1.2014994621276855
286 0.945526659488678 6.711211347784821 3.2803032398223877 2.5340726375579834 0.42296674847602844 1.6750219075401673 1.2071764469146729 1.1957182884216309
287 0.945697546005249 6.717047538852504 3.279496908187866 2.529874086380005 0.42328402400016785 1.6556868726116833 1.2204729318618774 1.1959689855575562
288 0.9437211155891418 6.717292496486133 3.2794227600097656 2.529848337173462 0.42403680086135864 1.6587711819875077 1.2203717231750488 1.1936602592468262
289 0.939625084400177 6.716572091487297 3.2792773246765137 2.5293428897857666 0.4244234263896942 1.659112520974485 1.205487608909607 1.1932191848754883
290 0.9494984745979309 6.723675207181477 3.280446767807007 2.5337319374084473 0.4304148852825165 1.7019426968367954 1.2134308815002441 1.2038612365722656
291 0.9864819049835205 6.76017638960009 3.3009939193725586 2.570183038711548 0.5193172097206116 1.8201078949646656 1.300552487373352 1.276251196861267
292 0.9832871556282043 6.757727974542245 3.29399037361145 2.5446724891662598 0.5178624987602234 1.8156934897640438 1.3179126977920532 1.3573371171951294
293 0.9832871556282043 6.757727974542245 3.29399037361145 2.5446724891662598 0.5178624987602234 1.8156934897640438 1.3179126977920532 1.3573371171951294
294 0.9832925200462341 6.754821394225996 3.293553590774536 2.544217824935913 0.5176637172698975 1.811581515174469 1.3168987035751343 1.3543980121612549
295 0.9835830330848694 6.755122055716364 3.293576240539551 2.5443131923675537 0.5181201100349426 1.8120851321846239 1.3171805143356323 1.3546196222305298
296 0.9845271706581116 6.762095655223945 3.293086290359497 2.544098138809204 0.5137130618095398 1.824544441728639 1.3074157238006592 1.356419324874878
297 0.9727602601051331 6.741198646584858 3.291402578353882 2.538724422454834 0.5080418586730957 1.813565170093351 1.3040566444396973 1.3417593240737915
298 0.9715991020202637 6.7302614064489905 3.302201986312866 2.5466670989990234 0.509937584400177 1.8036111811956994 1.3615214824676514 1.3391023874282837
299 0.9745068550109863 6.730922574556271 3.299797534942627 2.550143241882324 0.5083150863647461 1.7951351572496232 1.3543199300765991 1.3445078134536743
300 0.9743523001670837 6.734712313150419 3.2989776134490967 2.5499610900878906 0.5082778930664063 1.8211748216422392 1.3731563091278076 1.344159483909607
301 0.9782551527023315 6.737424270079432 3.298833131790161 2.5522589683532715 0.5097655057907104 1.8113343875636854 1.3708235025405884 1.3464208841323853
302 0.9786104559898376 6.7377908233716415 3.298762321472168 2.552170515060425 0.5099490880966187 1.8101261165671279 1.3701872825622559 1.3467625379562378
303 0.9468063712120056 6.711540079346955 3.291973829269409 2.5452864170074463 0.49087807536125183 1.7458818202356803 1.3405354022979736 1.3378812074661255
304 0.943869948387146 6.697660179874603 3.2852060794830322 2.526632785797119 0.47518739104270935 1.7100712979788106 1.3242164850234985 1.3266161680221558
305 0.9439353942871094 6.6987246759342325 3.2851457595825195 2.5256288051605225 0.4779747724533081 1.7113547975830763 1.3237285614013672 1.32742178440094
306 0.9336064457893372 6.688554559346596 3.2820277214050293 2.5245227813720703 0.457655668258667 1.6567117560824451 1.2959723472595215 1.3330590724945068
307 0.935359001159668 6.685030849378745 3.2806947231292725 2.5387160778045654 0.4557040333747864 1.6498626137948258 1.2841463088989258 1.3453702926635742
308 0.9390838742256165 6.687531585408277 3.2798702716827393 2.5391159057617188 0.45595234632492065 1.6474397698022198 1.2835900783538818 1.3418370485305786
309 0.9398722648620605 6.687358665423922 3.279973268508911 2.539180040359497 0.45681893825531006 1.6468358973971216 1.2838345766067505 1.3418387174606323
310 0.938927173614502 6.683610664114071 3.2800283432006836 2.5409059524536133 0.4607328474521637 1.6499677591420314 1.2921581268310547 1.3428300619125366
311 0.9394429922103882 6.683468297386284 3.2801856994628906 2.5413990020751953 0.4613560140132904 1.6498210677804188 1.292633056640625 1.343845009803772
312 0.9155091047286987 6.679898794131692 3.27292799949646 2.5231125354766846 0.447205126285553 1.658456963911531 1.2723605632781982 1.3122177124023438
313 0.9187203645706177 6.681561684546025 3.2736124992370605 2.5259861946105957 0.4453238248825073 1.6598593760198046 1.274760127067566 1.3145475387573242
314 0.9223552942276001 6.679918762629813 3.2748730182647705 2.5279977321624756 0.44908446073532104 1.65410608415514 1.2754122018814087 1.3179047107696533
315 0.9222234487533569 6.679832544512081 3.2743630409240723 2.52828311920166 0.45110541582107544 1.6648604267449998 1.2555620670318604 1.3176026344299316
316 0.9123267531394958 6.681571074286976 3.276615858078003 2.5310471057891846 0.45464444160461426 1.6666057154058724 1.2490748167037964 1.3234730958938599
317 0.9139546155929565 6.677899122124085 3.275139570236206 2.5292482376098633 0.4472038447856903 1.6706707945392356 1.245276927947998 1.3182138204574585
318 0.9107814431190491 6.670944603349719 3.271413564682007 2.523865222930908 0.44161495566368103 1.673711678029255 1.2322677373886108 1.3095444440841675
319 0.9114865660667419 6.670998691284833 3.2711503505706787 2.5237581729888916 0.4411890506744385 1.6732834617129042 1.2315213680267334 1.3090524673461914
320 0.9110959768295288 6.670317242549722 3.271092176437378 2.5233123302459717 0.4404261112213135 1.6740100745402244 1.2307490110397339 1.3071022033691406
321 0.9091176390647888 6.670293969757329 3.270970344543457 2.522592306137085 0.43894094228744507 1.673163103208863 1.2291043996810913 1.3064817190170288
322 0.9093723893165588 6.671773283805731 3.270873546600342 2.522385597229004 0.436855673789978 1.6694108442817897 1.2488945722579956 1.3061655759811401
323 0.9096309542655945 6.670535224930872 3.2713258266448975 2.5247609615325928 0.43811672925949097 1.6720540343694867 1.251497745513916 1.3126755952835083
324 0.9103631377220154 6.674045488204758 3.2656266689300537 2.491621494293213 0.4396377205848694 1.6661022550351574 1.2761529684066772 1.3763716220855713
325 0.9179996848106384 6.703870473908818 3.265536308288574 2.499579906463623 0.4494858682155609 1.7018507008616368 1.2752208709716797 1.3982633352279663
326 0.9089418649673462 6.688752235877054 3.26872181892395 2.496760845184326 0.4600224494934082 1.730709328846674 1.2841671705245972 1.379349946975708
327 0.9084191918373108 6.690031826894281 3.267915725708008 2.497166872024536 0.4584025740623474 1.7327719606777907 1.3023793697357178 1.379616618156433
328 0.911689281463623 6.6973599663869186 3.27215313911438 2.421877861022949 0.44909730553627014 1.7223423323321678 1.2999528646469116 1.264259934425354
329 0.9174925088882446 6.688191722283755 3.2728028297424316 2.427159547805786 0.4557800889015198 1.7440705460322667 1.3048605918884277 1.276235818862915
330 0.9241963028907776 6.689650178367017 3.273139715194702 2.4264960289001465 0.4572587013244629 1.7378593015738983 1.3121914863586426 1.2729641199111938
331 0.9255344271659851 6.693963280514865 3.269482135772705 2.4271185398101807 0.43534722924232483 1.7374966112490577 1.277076244354248 1.2676382064819336
332 0.9231815338134766 6.68940813735102 3.268033981323242 2.4256269931793213 0.43258437514305115 1.726201406859805 1.2523049116134644 1.2649946212768555
333 0.9215488433837891 6.694528889471471 3.268157720565796 2.4255032539367676 0.42993736267089844 1.6731321981839768 1.2638758420944214 1.264764666557312
334 0.9217972159385681 6.651355145344878 3.268411159515381 2.4253454208374023 0.43180564045906067 1.664492342320663 1.2650376558303833 1.2639108896255493
335 0.9192389249801636 6.647435103097736 3.2669856548309326 2.4213719367980957 0.4317771792411804 1.6660647793645313 1.2802432775497437 1.2542564868927002
336 0.9234021306037903 6.652565912014656 3.267296552658081 2.4208643436431885 0.4274478852748871 1.6835622520213396 1.2807068824768066 1.2536120414733887
337 0.9237348437309265 6.630029852508006 3.26721453666687 2.420961380004883 0.4282940626144409 1.5751043228370558 1.2527389526367188 1.254327654838562
338 0.9154208898544312 6.637800106135736 3.267552614212036 2.4150664806365967 0.4241231381893158 1.6001926801511137 1.2381978034973145 1.2507803440093994
339 0.9174903035163879 6.6377954278353215 3.2696950435638428 2.418109178543091 0.43015429377555847 1.5963851837032454 1.2240102291107178 1.2557382583618164
340 0.8979980945587158 6.618654543338081 3.268897533416748 2.419243335723877 0.4423784613609314 1.554726394424372 1.2238088846206665 1.2618552446365356
341 0.8982419967651367 6.62109439516061 3.2693066596984863 2.4184799194335938 0.44188418984413147 1.5623256744123042 1.2249033451080322 1.260324478149414
342 0.8979536890983582 6.623496276310606 3.269317626953125 2.418459177017212 0.44204673171043396 1.5593176335610075 1.22459077835083 1.2603117227554321
343 0.8975780010223389 6.663246099748237 3.2699532508850098 2.419909954071045 0.4394947588443756 1.6584957987346984 1.2378511428833008 1.260762333869934
344 0.8977383971214294 6.6582467606731734 3.270786762237549 2.4218716621398926 0.43986350297927856 1.691330674833808 1.2628045082092285 1.2647980451583862
345 0.8994157910346985 6.658848576275896 3.263446092605591 2.4220895767211914 0.4387790560722351 1.6841103926563292 1.21880042552948 1.2650376558303833
346 0.9008583426475525 6.658594626530399 3.2632694244384766 2.4216208457946777 0.4420918822288513 1.692994338366128 1.2210663557052612 1.2681020498275757
347 0.9019798636436462 6.588103632140101 3.2609477043151855 2.421417713165283 0.4430883526802063 1.5164775958783105 1.2174714803695679 1.2672978639602661
348 0.9007632732391357 6.5882285993967376 3.259351968765259 2.4211983680725098 0.4422704875469208 1.5329757880549661 1.2052825689315796 1.2674568891525269
349 0.9012144207954407 6.58874758235689 3.259587526321411 2.4192891120910645 0.44036322832107544 1.5266305758529226 1.2052431106567383 1.2670371532440186
350 0.9012153744697571 6.5968475539037845 3.259587526321411 2.4192893505096436 0.44036248326301575 1.4656665825925916 1.1993709802627563 1.2670360803604126
351 0.9029955863952637 6.600789026353582 3.260512351989746 2.4192399978637695 0.4463297724723816 1.459598847154064 1.2217482328414917 1.269518256187439
352 0.911286473274231 6.591425541995638 3.261885404586792 2.4198684692382813 0.44629257917404175 1.4962525301808665 1.2098422050476074 1.270422339439392
353 0.910952091217041 6.59186221961063 3.260833263397217 2.421807289123535 0.4435688555240631 1.5035077734035758 1.2300876379013062 1.2684352397918701
354 0.9084864854812622 6.5817185996842795 3.2621448040008545 2.420769691467285 0.4441991150379181 1.4534099905693154 1.2202491760253906 1.2674916982650757
355 0.9088217616081238 6.584857880975723 3.2605912685394287 2.4164388179779053 0.43060237169265747 1.4425585700535615 1.2102099657058716 1.2644261121749878
356 0.9088217616081238 6.584857880975723 3.270204544067383 2.4525091648101807 0.43060237169265747 1.4425585700535615 1.172328233718872 1.1950876712799072
357 0.9033161401748657 6.592189641602827 3.267850160598755 2.443978786468506 0.4040719270706177 1.4915221809116386 1.1563516855239868 1.1821532249450684
358 0.923480749130249 6.611720769061511 3.2699832916259766 2.456817626953125 0.4331366717815399 1.5274275246747908 1.1876323223114014 1.199682593345642
359 0.919456422328949 6.614178362398266 3.269326686859131 2.4585392475128174 0.427559494972229 1.5110661253644904 1.1885429620742798 1.1886533498764038
360 0.918801486492157 6.614261835018621 3.2686736583709717 2.4587228298187256 0.42657336592674255 1.5320851792530157 1.1894596815109253 1.1912026405334473
361 0.91900235414505 6.614551556704157 3.2689309120178223 2.4581921100616455 0.42768245935440063 1.5491766155126077 1.2047666311264038 1.1913105249404907
362 0.917335569858551 6.612251764765277 3.2684857845306396 2.4573774337768555 0.42361879348754883 1.5445408983662439 1.207305669784546 1.1902772188186646
363 0.916090190410614 6.617028791325538 3.269317388534546 2.4593749046325684 0.4262129068374634 1.5167873560741896 1.2069460153579712 1.195658564567566
364 0.9356425404548645 6.6055185622341 3.263068199157715 2.455796241760254 0.4320017993450165 1.5412202189908064 1.2228748798370361 1.1973953247070313
365 0.9356425404548645 6.6055185622341 3.2581558227539063 2.526012897491455 0.4320017993450165 1.5412202189908064 1.204124927520752 1.3111522197723389
366 0.9341845512390137 6.605990530975198 3.257040500640869 2.5228078365325928 0.42759230732917786 1.5444094838811124 1.1982178688049316 1.3073341846466064
367 0.9206374287605286 6.596448521787475 3.257744312286377 2.514456272125244 0.41718125343322754 1.5230538865841239 1.1832897663116455 1.2979203462600708
368 0.924196720123291 6.601006530557594 3.2583627700805664 2.515233278274536 0.417643666267395 1.5145487058380613 1.182126760482788 1.3027199506759644
369 0.9240620136260986 6.596771316379751 3.2589759826660156 2.5171566009521484 0.4176376760005951 1.5259645040428182 1.189072608947754 1.3046714067459106
370 0.9274576902389526 6.6129267508956655 3.2660117149353027 2.5459213256835938 0.441580593585968 1.5746131635799478 1.2025383710861206 1.2312440872192383
371 0.9272481799125671 6.622634747796352 3.266324996948242 2.5458574295043945 0.4396713972091675 1.5626691842109166 1.1972345113754272 1.230407953262329
372 0.9301243424415588 6.62860011832246 3.26672101020813 2.5466883182525635 0.4423982799053192 1.5547376466809664 1.1949535608291626 1.232764720916748
373 0.9308544993400574 6.629305741430169 3.269610643386841 2.5473806858062744 0.445198118686676 1.5606564941850112 1.1864733695983887 1.234015941619873
374 0.9324588775634766 6.630657572284034 3.269946336746216 2.547635555267334 0.44681715965270996 1.5645076048057587 1.1907455921173096 1.234929084777832
375 0.9323928952217102 6.631184364516045 3.2708888053894043 2.5493004322052 0.4451846480369568 1.5659409848617558 1.1909866333007813 1.2401564121246338
376 0.922008752822876 6.636945915111818 3.2698795795440674 2.544034719467163 0.44456276297569275 1.5766637182713248 1.1901265382766724 1.2304011583328247
377 0.9337146878242493 6.654776860710584 3.271671772003174 2.5445728302001953 0.4423578083515167 1.6233036964621743 1.1975009441375732 1.2269792556762695
378 0.9339384436607361 6.654658728428199 3.2726123332977295 2.5439295768737793 0.44317716360092163 1.6237631475967267 1.1879355907440186 1.2241500616073608
379 0.9326152205467224 6.656262533612051 3.2725727558135986 2.5442519187927246 0.44488200545310974 1.6257710003335848 1.1827585697174072 1.2247151136398315
380 0.9330312013626099 6.6576817156146815 3.272432565689087 2.4914238452911377 0.44465866684913635 1.6255471949071423 1.1950769424438477 1.3290363550186157
381 0.9364243745803833 6.640455304215003 3.273710250854492 2.4955782890319824 0.4513028860092163 1.5812570994545165 1.1993175745010376 1.3331859111785889
382 0.9374812245368958 6.641019333587706 3.273695945739746 2.4960880279541016 0.45167332887649536 1.5814187523154963 1.1997737884521484 1.3341351747512817
383 0.9360373616218567 6.641474232668922 3.2764387130737305 2.500002145767212 0.4546583294868469 1.5810129972627225 1.1813594102859497 1.3398797512054443
384 0.9421069622039795 6.632490445571737 3.275395631790161 2.499302864074707 0.4606986939907074 1.5461878734095997 1.1760303974151611 1.338280439376831
385 0.9458159804344177 6.630694980079161 3.276728868484497 2.502267837524414 0.46727797389030457 1.5400978400807115 1.1789494752883911 1.3433918952941895
386 0.9410333037376404 6.63411528711961 3.275365114212036 2.504977226257324 0.4596138596534729 1.5155760278086259 1.1859437227249146 1.343209147453308
387 0.9385872483253479 6.634537942919456 3.2738945484161377 2.5409460067749023 0.4526715874671936 1.5197237227217828 1.1955288648605347 1.357714056968689
388 0.9381806254386902 6.6346899761233065 3.2740323543548584 2.527961015701294 0.45230770111083984 1.5205858939842627 1.1975889205932617 1.350145936012268
389 0.9379489421844482 6.6347819837996225 3.271824598312378 2.526273012161255 0.4574889838695526 1.5183510908181026 1.2061446905136108 1.3499315977096558
390 0.9325923323631287 6.623854189341079 3.268550157546997 2.522458791732788 0.4413788318634033 1.489414344693414 1.1864871978759766 1.3427765369415283
391 0.9145058393478394 6.622250437672298 3.2677130699157715 2.522210121154785 0.43114688992500305 1.5031711530350689 1.1804111003875732 1.340694546699524
392 0.9140534996986389 6.62273717327682 3.2645621299743652 2.486673593521118 0.4329724609851837 1.4945184322921579 1.1618249416351318 1.3190478086471558
393 0.9164177179336548 6.620812398526109 3.2646162509918213 2.489009141921997 0.4346855878829956 1.513277847594872 1.1725873947143555 1.3192832469940186
394 0.9164559841156006 6.625293488245415 3.2649340629577637 2.492051362991333 0.4469568729400635 1.5050106985623686 1.191662311553955 1.3267221450805664
395 0.9330099821090698 6.617900655982276 3.2689030170440674 2.493687152862549 0.4609961211681366 1.5214581203352164 1.1666494607925415 1.3379700183868408
396 0.9271171689033508 6.599271202730258 3.2656540870666504 2.489546060562134 0.44715917110443115 1.5162011064835506 1.1527624130249023 1.3303358554840088
397 0.9212042689323425 6.59857408550257 3.263284206390381 2.488873243331909 0.44951188564300537 1.5155397709122547 1.15382981300354 1.3286372423171997
398 0.9188606142997742 6.610098814069678 3.2675621509552 2.4893150329589844 0.44083479046821594 1.491965013948011 1.1690322160720825 1.3318181037902832
399 0.9170864224433899 6.621027675098904 3.267345428466797 2.489006519317627 0.4426462948322296 1.4593207346793036 1.1424694061279297 1.3324724435806274
400 0.9160059690475464 6.611110241259018 3.267361640930176 2.488834857940674 0.44278690218925476 1.5023421585133816 1.1529501676559448 1.3319029808044434
