init 1.9410871267318726 7.277127045316712 4.229679107666016 2.5733087062835693 0.0 0.0 0.0 0.0
1 1.9410871267318726 7.082715153912957 4.229679107666016 2.5733087062835693 0.0 1.8378246804062581 0.565936803817749 0.0
2 1.9410871267318726 7.043274776896782 4.229679107666016 2.5733087062835693 0.0 1.9326481725319389 0.552504301071167 0.0
3 1.9410871267318726 7.047494467748452 4.229679107666016 2.5733087062835693 0.0 1.9367671343149426 0.5515008568763733 0.0
4 1.9410871267318726 7.121098781888642 4.229679107666016 2.5733087062835693 0.0 2.26952411948238 0.6453469395637512 0.0
5 1.9410871267318726 7.12058053362962 4.229679107666016 2.5733087062835693 0.0 2.27131666535846 0.6458527445793152 0.0
6 1.9410871267318726 7.1211312288750035 4.229679107666016 2.5733087062835693 0.0 2.270795880104253 0.6457058191299438 0.0
7 1.9410871267318726 7.118366912111953 4.229679107666016 2.5733087062835693 0.0 2.280111159885228 0.6814073920249939 0.0
8 1.9410871267318726 7.11837923981993 4.229679107666016 2.5733087062835693 0.0 2.280100247696244 0.6814044713973999 0.0
9 1.9410871267318726 7.118195160576521 4.229679107666016 2.5733087062835693 0.0 2.2802703637597754 0.6814501285552979 0.0
10 1.9410871267318726 7.117168327471813 4.229679107666016 2.5733087062835693 0.0 2.2813298527094146 0.6817346215248108 0.0
11 1.9410871267318726 7.11764092995827 4.229679107666016 2.5733087062835693 0.0 2.280819302819781 0.6815975308418274 0.0
12 1.9410871267318726 7.117811833155372 4.229679107666016 2.5733087062835693 0.0 2.280644870258003 0.6815506815910339 0.0
13 1.9410871267318726 7.117742018872973 4.229679107666016 2.5733087062835693 0.0 2.280715293855216 0.6815696358680725 0.0
14 1.9410871267318726 7.117949817065364 4.229679107666016 2.5733087062835693 0.0 2.2805072294414157 0.6815137267112732 0.0
15 1.9410871267318726 7.117205274852699 4.229679107666016 2.5733087062835693 0.0 2.2806815392736968 0.6816799640655518 0.0
16 1.9410871267318726 7.117137668642458 4.229679107666016 2.5733087062835693 0.0 2.2807556157520894 0.6816998720169067 0.0
17 1.9410871267318726 7.117063153225761 4.229679107666016 2.5733087062835693 0.0 2.2808387772200382 0.6817221641540527 0.0
18 1.9410871267318726 7.127960616269369 4.229679107666016 2.5733087062835693 0.0 2.2566325883404077 0.6752268671989441 0.0
19 1.9410871267318726 7.128030000603884 4.229679107666016 2.5733087062835693 0.0 2.256569928184962 0.6752100586891174 0.0
20 1.9410871267318726 7.127063588023065 4.229679107666016 2.5733087062835693 0.0 2.257519760097456 0.6754647493362427 0.0
21 1.9410871267318726 7.1270789908166865 4.229679107666016 2.5733087062835693 0.0 2.2575033207562956 0.6754603385925293 0.0
22 1.9410871267318726 7.12808013847951 4.229679107666016 2.5733087062835693 0.0 2.256525079945321 0.675197958946228 0.0
23 1.9410871267318726 7.128507352647325 4.229679107666016 2.5733087062835693 0.0 2.2561608829611735 0.6751003265380859 0.0
24 1.9410871267318726 7.1299341027578045 4.229679107666016 2.5733087062835693 0.0 2.255018807130925 0.67479407787323 0.0
25 1.9410871267318726 7.130662677351198 4.229679107666016 2.5733087062835693 0.0 2.25428136889979 0.6409769654273987 0.0
26 1.9410871267318726 7.09312570238547 4.229679107666016 2.5733087062835693 0.0 2.2485075368530683 0.6393475532531738 0.0
27 1.9410871267318726 7.09392977936936 4.229679107666016 2.5733087062835693 0.0 2.287531039032521 0.6503613591194153 0.0
28 1.9410871267318726 7.095812391163263 4.229679107666016 2.5733087062835693 0.0 2.2968902806039213 0.6871843934059143 0.0
29 1.9410871267318726 7.096396481465086 4.229679107666016 2.5733087062835693 0.0 2.296540627478382 0.6870906352996826 0.0
30 1.9410871267318726 7.09936149742389 4.229679107666016 2.5733087062835693 0.0 2.291910604232227 0.6858488917350769 0.0
31 1.9410871267318726 7.093989156826414 4.229679107666016 2.5733087062835693 0.0 2.3036417967972826 0.6874771118164063 0.0
32 1.9410871267318726 7.093979974594059 4.229679107666016 2.5733087062835693 0.0 2.303647778181269 0.6874787211418152 0.0
33 1.9410871267318726 7.093517982294603 4.229679107666016 2.5733087062835693 0.0 2.303952194467599 0.6875605583190918 0.0
34 1.9410871267318726 7.094534052405543 4.229679107666016 2.5733087062835693 0.0 2.3033264801586584 0.6873922944068909 0.0
35 1.9410871267318726 7.0946090801698105 4.229679107666016 2.5733087062835693 0.0 2.303286491226497 0.6873815655708313 0.0
36 1.9410871267318726 7.094334283976771 4.229679107666016 2.5733087062835693 0.0 2.3034368422970646 0.687421977519989 0.0
37 1.9410871267318726 7.094334283976771 4.229679107666016 2.5733087062835693 0.0 2.3034368422970646 0.687421977519989 0.0
38 1.9410871267318726 7.0906769252479664 4.229679107666016 2.5733087062835693 0.0 2.3229173318400536 0.6926623582839966 0.0
39 1.9410871267318726 7.091977666696116 4.229679107666016 2.5733087062835693 0.0 2.322319805539036 0.6925015449523926 0.0
40 1.9410871267318726 7.090492456784236 4.229679107666016 2.5733087062835693 0.0 2.323022495306933 0.6926906704902649 0.0
41 1.9410871267318726 7.09036505337654 4.229679107666016 2.5733087062835693 0.0 2.3230981658901957 0.6927109956741333 0.0
42 1.9410871267318726 7.091152580513376 4.229679107666016 2.5733087062835693 0.0 2.3226694533505787 0.6925956010818481 0.0
43 1.9410871267318726 7.09889509011499 4.229679107666016 2.5733087062835693 0.0 2.3434066536919507 0.6638375520706177 0.0
44 1.9410871267318726 7.098240669068442 4.229679107666016 2.5733087062835693 0.0 2.343753578594179 0.6639358401298523 0.0
45 1.9410871267318726 7.099284373131621 4.229679107666016 2.5733087062835693 0.0 2.3432303493136626 0.6637876033782959 0.0
46 1.9410871267318726 7.099284373131621 4.229679107666016 2.5733087062835693 0.0 2.3432303493136626 0.6637876033782959 0.0
47 1.9410871267318726 7.098795475165219 4.229679107666016 2.5733087062835693 0.0 2.343455259811802 0.6638513207435608 0.0
48 1.9410871267318726 7.099348089835291 4.229679107666016 2.5733087062835693 0.0 2.343204049461128 0.663780152797699 0.0
49 1.9410871267318726 7.099669459533943 4.229679107666016 2.5733087062835693 0.0 2.343078086774976 0.6637445092201233 0.0
50 1.9410871267318726 7.098656028266683 4.229679107666016 2.5733087062835693 0.0 2.3435260269189504 0.6638714075088501 0.0
51 1.9410871267318726 7.098656028266683 4.229679107666016 2.5733087062835693 0.0 2.3435260269189504 0.6638714075088501 0.0
52 1.9410871267318726 7.098414401008902 4.229679107666016 2.5733087062835693 0.0 2.343655373927155 0.6639080047607422 0.0
53 1.9410871267318726 7.099272891792489 4.229679107666016 2.5733087062835693 0.0 2.343444679767693 0.663848340511322 0.0
54 1.9410871267318726 7.098030829510166 4.229679107666016 2.5733087062835693 0.0 2.344077524715576 0.6640276312828064 0.0
55 1.9410871267318726 7.097613999566704 4.229679107666016 2.5733087062835693 0.0 2.344342000396769 0.6641025543212891 0.0
56 1.9410871267318726 7.098159715388852 4.229679107666016 2.5733087062835693 0.0 2.3440010328364465 0.6640059947967529 0.0
57 1.9410871267318726 7.099727975033901 4.229679107666016 2.5733087062835693 0.0 2.343269611001482 0.6637987494468689 0.0
58 1.9410871267318726 7.072140241348781 4.229679107666016 2.5733087062835693 0.0 2.3662750537665476 0.670315682888031 0.0
59 1.9410871267318726 7.07330943470407 4.229679107666016 2.5733087062835693 0.0 2.36576815638399 0.6701720952987671 0.0
60 1.9410871267318726 7.077287518891639 4.229679107666016 2.5733087062835693 0.0 2.3550573554951293 0.6761131286621094 0.0
61 1.9410871267318726 7.077579617262071 4.229679107666016 2.5733087062835693 0.0 2.354971438866711 0.6760891079902649 0.0
62 1.9410871267318726 7.077579617262071 4.229679107666016 2.5733087062835693 0.0 2.354971438866711 0.6760891079902649 0.0
63 1.9410871267318726 7.077501082002039 4.229679107666016 2.5733087062835693 0.0 2.3549931787841865 0.676095187664032 0.0
64 1.9410871267318726 7.078380180382563 4.229679107666016 2.5733087062835693 0.0 2.3547960685767073 0.6760401129722595 0.0
65 1.9410871267318726 7.07867634166905 4.229679107666016 2.5733087062835693 0.0 2.3547534100366736 0.6760281920433044 0.0
66 1.9410871267318726 7.076102986932161 4.229679107666016 2.5733087062835693 0.0 2.3634661277837345 0.6784636378288269 0.0
67 1.9410871267318726 7.076677926938426 4.229679107666016 2.5733087062835693 0.0 2.3633788099551065 0.6784392595291138 0.0
68 1.9410871267318726 7.076010480139819 4.229679107666016 2.5733087062835693 0.0 2.3634844642851918 0.6784688234329224 0.0
69 1.9410871267318726 7.076520767639111 4.229679107666016 2.5733087062835693 0.0 2.3633980941158286 0.6784446239471436 0.0
70 1.9410871267318726 7.069630287670528 4.229679107666016 2.5733087062835693 0.0 2.3861542222139387 0.684806764125824 0.0
71 1.9410871267318726 7.06899471245009 4.229679107666016 2.5733087062835693 0.0 2.3860680392808917 0.6847826838493347 0.0
72 1.9410871267318726 7.066529524255846 4.229679107666016 2.5733087062835693 0.0 2.3766207932265764 0.6732463836669922 0.0
73 1.9410871267318726 7.066470869483827 4.229679107666016 2.5733087062835693 0.0 2.3766100892249233 0.6732433438301086 0.0
74 1.9410871267318726 7.066863628872865 4.229679107666016 2.5733087062835693 0.0 2.376717478263999 0.6732738018035889 0.0
75 1.9410871267318726 7.06637010891891 4.229679107666016 2.5733087062835693 0.0 2.3768547880211734 0.6733126640319824 0.0
76 1.9410871267318726 7.0661249395216945 4.229679107666016 2.5733087062835693 0.0 2.3769351306046955 0.6733354330062866 0.0
77 1.9410871267318726 7.066014205525177 4.229679107666016 2.5733087062835693 0.0 2.3769737687021797 0.6733464002609253 0.0
78 1.9410871267318726 7.066014205525177 4.229679107666016 2.5733087062835693 0.0 2.3769737687021797 0.6733464002609253 0.0
79 1.9410871267318726 7.0661600419550235 4.229679107666016 2.5733087062835693 0.0 2.376923104175992 0.6733320355415344 0.0
80 1.9410871267318726 7.065899364734075 4.229679107666016 2.5733087062835693 0.0 2.3770155591005353 0.6733582615852356 0.0
81 1.9410871267318726 7.065899364734075 4.229679107666016 2.5733087062835693 0.0 2.3770155591005353 0.6733582615852356 0.0
82 1.9410871267318726 7.066907596537409 4.229679107666016 2.5733087062835693 0.0 2.376701878337191 0.6732693910598755 0.0
83 1.9410871267318726 7.077282455786053 4.229679107666016 2.5733087062835693 0.0 2.370710250383092 0.6715720891952515 0.0
84 1.9410871267318726 7.0777802096294105 4.229679107666016 2.5733087062835693 0.0 2.3706787395135063 0.6715631484985352 0.0
85 1.9410871267318726 7.077140512058591 4.229679107666016 2.5733087062835693 0.0 2.372783266111974 0.6721593737602234 0.0
86 1.9410871267318726 7.077414976629315 4.229679107666016 2.5733087062835693 0.0 2.3727371711842404 0.6721462607383728 0.0
87 1.9410871267318726 7.07725009015286 4.229679107666016 2.5733087062835693 0.0 2.3727637751328383 0.6721538305282593 0.0
88 1.9410871267318726 7.076977479209259 4.229679107666016 2.5733087062835693 0.0 2.372814501462491 0.6721681952476501 0.0
89 1.9410871267318726 7.078030132796377 4.229679107666016 2.5733087062835693 0.0 2.3726676800580715 0.6721266508102417 0.0
90 1.9410871267318726 7.07777775101482 4.229679107666016 2.5733087062835693 0.0 2.3726907000304607 0.6721331477165222 0.0
91 1.9410871267318726 7.076823008375385 4.229679107666016 2.5733087062835693 0.0 2.372847687088855 0.6721776127815247 0.0
92 1.9410871267318726 7.07744546503731 4.229679107666016 2.5733087062835693 0.0 2.372732978179905 0.6721451282501221 0.0
93 1.9410871267318726 7.07744546503731 4.229679107666016 2.5733087062835693 0.0 2.372732978179905 0.6721451282501221 0.0
94 1.9410871267318726 7.0750714602344 4.229679107666016 2.5733087062835693 0.0 2.3779991952377184 0.7113809585571289 0.0
95 1.9410871267318726 7.075602321892691 4.229679107666016 2.5733087062835693 0.0 2.3778348574246246 0.7113369107246399 0.0
96 1.9410871267318726 7.074828791748134 4.229679107666016 2.5733087062835693 0.0 2.377600881396148 0.6873364448547363 0.0
97 1.9410871267318726 7.0390724176424815 4.229679107666016 2.5733087062835693 0.0 2.451999220386544 0.7127219438552856 0.0
98 1.9410871267318726 7.039398421016671 4.229679107666016 2.5733087062835693 0.0 2.4520361381052114 0.7127320766448975 0.0
99 1.9410871267318726 7.038949542945789 4.229679107666016 2.5733087062835693 0.0 2.452089476730555 0.7127468585968018 0.0
100 1.9410871267318726 7.038182369199308 4.229679107666016 2.5733087062835693 0.0 2.452234863208459 0.7127869725227356 0.0
101 1.9410871267318726 7.037966239911752 4.229679107666016 2.5733087062835693 0.0 2.4522877987578124 0.7128015756607056 0.0
102 1.9410871267318726 7.038357116349593 4.229679107666016 2.5733087062835693 0.0 2.45219548424752 0.7127760648727417 0.0
103 1.9410871267318726 7.039693141650179 4.229679107666016 2.5733087062835693 0.0 2.4562929125647965 0.7326673865318298 0.0
104 1.9410871267318726 7.023398477815764 4.229679107666016 2.5733087062835693 0.0 2.5010502366920697 0.7447190284729004 0.0
105 1.9410871267318726 7.024653894858599 4.229679107666016 2.5733087062835693 0.0 2.5011092494115608 0.7447349429130554 0.0
106 1.9410871267318726 7.022652594803262 4.229679107666016 2.5733087062835693 0.0 2.501093723951564 0.7447307705879211 0.0
107 1.9410871267318726 7.023596851491744 4.229679107666016 2.5733087062835693 0.0 2.5010492358141594 0.7447187304496765 0.0
108 1.9410871267318726 7.026274661999425 4.229679107666016 2.5733087062835693 0.0 2.4933446235556316 0.7426427006721497 0.0
109 1.9410871267318726 7.026204707715961 4.229679107666016 2.5733087062835693 0.0 2.4933477522412413 0.7426435351371765 0.0
110 1.9410871267318726 7.026617739467116 4.229679107666016 2.5733087062835693 0.0 2.493334860362975 0.7426400184631348 0.0
111 1.9410871267318726 7.028004079924116 4.229679107666016 2.5733087062835693 0.0 2.4934220561875704 0.742663562297821 0.0
112 1.9410871267318726 7.026947751847347 4.229679107666016 2.5733087062835693 0.0 2.4933372824755486 0.7426407337188721 0.0
113 1.9410871267318726 7.0266989662071 4.229679107666016 2.5733087062835693 0.0 2.4933339512084154 0.7426397800445557 0.0
114 1.9410871267318726 7.027579774571842 4.229679107666016 2.5733087062835693 0.0 2.4933741775518636 0.7426506280899048 0.0
115 1.9410871267318726 7.025997104340647 4.229679107666016 2.5733087062835693 0.0 2.4933614665506196 0.7426472306251526 0.0
116 1.9410871267318726 7.026161544782555 4.229679107666016 2.5733087062835693 0.0 2.4933503807896744 0.7426442503929138 0.0
117 1.9410871267318726 7.026610067010211 4.229679107666016 2.5733087062835693 0.0 2.4933348911727715 0.7426400184631348 0.0
118 1.9410871267318726 7.027313438264531 4.229679107666016 2.5733087062835693 0.0 2.4933537535481967 0.7426451444625854 0.0
119 1.9410871267318726 7.027279611539904 4.229679107666016 2.5733087062835693 0.0 2.4933513749055263 0.7426445484161377 0.0
120 1.9410871267318726 7.027039660810193 4.229679107666016 2.5733087062835693 0.0 2.4933397775499513 0.7426413893699646 0.0
121 1.9410871267318726 7.027568631965166 4.229679107666016 2.5733087062835693 0.0 2.4933729240881544 0.7426502704620361 0.0
122 1.9410871267318726 7.026707778546576 4.229679107666016 2.5733087062835693 0.0 2.49333406943929 0.7426398396492004 0.0
123 1.9410871267318726 7.02651586995578 4.229679107666016 2.5733087062835693 0.0 2.4933363264760677 0.7426404356956482 0.0
124 1.9410871267318726 7.025235828239218 4.229679107666016 2.5733087062835693 0.0 2.495607445102422 0.7432523369789124 0.0
125 1.9410871267318726 7.025235828239218 4.229679107666016 2.5733087062835693 0.0 2.495607445102422 0.7432523369789124 0.0
126 1.9410871267318726 7.026011674880318 4.229679107666016 2.5733087062835693 0.0 2.495623359788196 0.7432566285133362 0.0
127 1.9410871267318726 7.025263644019274 4.229679107666016 2.5733087062835693 0.0 2.495607009815624 0.7432522773742676 0.0
128 1.9410871267318726 7.025630298185314 4.229679107666016 2.5733087062835693 0.0 2.495607303301705 0.7432523369789124 0.0
129 1.9410871267318726 7.0255511177321 4.229679107666016 2.5733087062835693 0.0 2.4956059789608065 0.7432519793510437 0.0
130 1.9410871267318726 7.026027925072555 4.229679107666016 2.5733087062835693 0.0 2.4956245572881675 0.7432569861412048 0.0
131 1.9410871267318726 7.02528416722979 4.229679107666016 2.5733087062835693 0.0 2.495606571610391 0.7432520985603333 0.0
132 1.9410871267318726 7.025944187571403 4.229679107666016 2.5733087062835693 0.0 2.495619292460789 0.7432555556297302 0.0
133 1.9410871267318726 7.02477218058073 4.229679107666016 2.5733087062835693 0.0 2.4954363694691994 0.743206262588501 0.0
134 1.9410871267318726 7.025006184869569 4.229679107666016 2.5733087062835693 0.0 2.495419883453804 0.7432018518447876 0.0
135 1.9410871267318726 7.0246060042499305 4.229679107666016 2.5733087062835693 0.0 2.4954513676203884 0.7432103157043457 0.0
136 1.9410871267318726 7.024517485551143 4.229679107666016 2.5733087062835693 0.0 2.4954614109708655 0.7432129979133606 0.0
137 1.9410871267318726 7.025856747176837 4.229679107666016 2.5733087062835693 0.0 2.4954083514025567 0.7431987524032593 0.0
138 1.9410871267318726 7.025044189439492 4.229679107666016 2.5733087062835693 0.0 2.4954176149562826 0.7432012557983398 0.0
139 1.9410871267318726 7.02651472014225 4.229679107666016 2.5733087062835693 0.0 2.4954515984621044 0.7432103753089905 0.0
140 1.9410871267318726 7.026660710995543 4.229679107666016 2.5733087062835693 0.0 2.4954669165103196 0.74321448802948 0.0
141 1.9410871267318726 7.026660710995543 4.229679107666016 2.5733087062835693 0.0 2.4954669165103196 0.74321448802948 0.0
142 1.9410871267318726 7.025503803769936 4.229679107666016 2.5733087062835693 0.0 2.495468356082405 0.721562922000885 0.0
143 1.9410871267318726 7.025503803769936 4.229679107666016 2.5733087062835693 0.0 2.495468356082405 0.721562922000885 0.0
144 1.9410871267318726 7.026626413241793 4.229679107666016 2.5733087062835693 0.0 2.4955108412654003 0.7215747237205505 0.0
145 1.9410871267318726 7.024966344334866 4.229679107666016 2.5733087062835693 0.0 2.4954950433692784 0.7215703129768372 0.0
146 1.9410871267318726 7.024966344334866 4.229679107666016 2.5733087062835693 0.0 2.4954950433692784 0.7215703129768372 0.0
147 1.9410871267318726 7.02579223323546 4.229679107666016 2.5733087062835693 0.0 2.4954666613239507 0.7215624451637268 0.0
148 1.9410871267318726 7.025394842411477 4.229679107666016 2.5733087062835693 0.0 2.495471160856983 0.7215636968612671 0.0
149 1.9410871267318726 7.026956606718619 4.229679107666016 2.5733087062835693 0.0 2.4955479989055385 0.7215850353240967 0.0
150 1.9410871267318726 7.026956606718619 4.229679107666016 2.5733087062835693 0.0 2.4955479989055385 0.7215850353240967 0.0
151 1.9410871267318726 7.0255711836980606 4.229679107666016 2.5733087062835693 0.0 2.4954673488756627 0.7215626239776611 0.0
152 1.9410871267318726 7.0255711836980606 4.229679107666016 2.5733087062835693 0.0 2.4954673488756627 0.7215626239776611 0.0
153 1.9410871267318726 7.025782076269415 4.229679107666016 2.5733087062835693 0.0 2.4941533290812004 0.7211979627609253 0.0
154 1.9410871267318726 7.026160669903564 4.229679107666016 2.5733087062835693 0.0 2.494142657137695 0.7211949825286865 0.0
155 1.9410871267318726 7.026160669903564 4.229679107666016 2.5733087062835693 0.0 2.494142657137695 0.7211949825286865 0.0
156 1.9410871267318726 7.025017241690743 4.229679107666016 2.5733087062835693 0.0 2.4942219192760215 0.7212169766426086 0.0
157 1.9410871267318726 7.024746918885856 4.229679107666016 2.5733087062835693 0.0 2.49336782047634 0.7216143012046814 0.0
158 1.9410871267318726 7.024913926598783 4.229679107666016 2.5733087062835693 0.0 2.493347933492587 0.7216087579727173 0.0
159 1.9410871267318726 7.025921702159739 4.229679107666016 2.5733087062835693 0.0 2.493292494251765 0.7215933799743652 0.0
160 1.9410871267318726 7.025593194152322 4.229679107666016 2.5733087062835693 0.0 2.4941091872718144 0.7212256789207458 0.0
161 1.9410871267318726 7.025919300259375 4.229679107666016 2.5733087062835693 0.0 2.494092816564889 0.7212211489677429 0.0
162 1.9410871267318726 7.025925533160222 4.229679107666016 2.5733087062835693 0.0 2.4940930854314907 0.7212212681770325 0.0
163 1.9410871267318726 7.026910676967175 4.229679107666016 2.5733087062835693 0.0 2.494113570559888 0.7212269306182861 0.0
164 1.9410871267318726 7.032098967406491 4.229679107666016 2.5733087062835693 0.0 2.477400993401362 0.7165896892547607 0.0
165 1.9410871267318726 7.032541723067693 4.229679107666016 2.5733087062835693 0.0 2.4773705016349545 0.7165812253952026 0.0
166 1.9410871267318726 7.032779436168962 4.229679107666016 2.5733087062835693 0.0 2.4773635564327177 0.7165793776512146 0.0
167 1.9410871267318726 7.032303267314319 4.229679107666016 2.5733087062835693 0.0 2.4773844619161265 0.7165851593017578 0.0
168 1.9410871267318726 7.032277899024554 4.229679107666016 2.5733087062835693 0.0 2.4773861333169975 0.716585636138916 0.0
169 1.9410871267318726 7.032390279027396 4.229679107666016 2.5733087062835693 0.0 2.4773783868246624 0.7165834307670593 0.0
170 1.9410871267318726 7.03209303469647 4.229679107666016 2.5733087062835693 0.0 2.477401389251326 0.7165898084640503 0.0
171 1.9410871267318726 7.03209303469647 4.229679107666016 2.5733087062835693 0.0 2.477401389251326 0.7165898084640503 0.0
172 1.9410871267318726 7.0315305346249755 4.229679107666016 2.5733087062835693 0.0 2.476157119737559 0.7171863317489624 0.0
173 1.9410871267318726 7.032562898064103 4.229679107666016 2.5733087062835693 0.0 2.476106238456696 0.7171722054481506 0.0
174 1.9410871267318726 7.03220885382586 4.229679107666016 2.5733087062835693 0.0 2.476110475135176 0.7171733975410461 0.0
175 1.9410871267318726 7.0311655928445855 4.229679107666016 2.5733087062835693 0.0 2.476203410233642 0.7171991467475891 0.0
176 1.9410871267318726 7.0321515076022685 4.229679107666016 2.5733087062835693 0.0 2.476112983703834 0.7171741127967834 0.0
177 1.9410871267318726 7.0311236411305815 4.229679107666016 2.5733087062835693 0.0 2.476209714122747 0.7172008752822876 0.0
178 1.9410871267318726 7.0311236411305815 4.229679107666016 2.5733087062835693 0.0 2.476209714122747 0.7172008752822876 0.0
179 1.9410871267318726 7.031361384246079 4.229679107666016 2.5733087062835693 0.0 2.4761765631866273 0.717191755771637 0.0
180 1.9410871267318726 7.031211343940222 4.229679107666016 2.5733087062835693 0.0 2.476196702739612 0.7171972990036011 0.0
181 1.9410871267318726 7.032250815970474 4.229679107666016 2.5733087062835693 0.0 2.4761098009203617 0.7171732187271118 0.0
182 1.9410871267318726 7.032467184308878 4.229679107666016 2.5733087062835693 0.0 2.476106437765074 0.7171723246574402 0.0
183 1.9410871267318726 7.032440063081395 4.229679107666016 2.5733087062835693 0.0 2.4761065933403232 0.7171723246574402 0.0
184 1.9410871267318726 7.032290772976126 4.229679107666016 2.5733087062835693 0.0 2.4761085831768495 0.7171728610992432 0.0
185 1.9410871267318726 7.063766826950033 4.229679107666016 2.5733087062835693 0.0 2.496899110861236 0.7229340076446533 0.0
186 1.9410871267318726 7.062907164015883 4.229679107666016 2.5733087062835693 0.0 2.496975935036861 0.7229553461074829 0.0
187 1.9410871267318726 7.062907164015883 4.229679107666016 2.5733087062835693 0.0 2.496975935036861 0.7229553461074829 0.0
188 1.9410871267318726 7.060215804123199 4.229679107666016 2.5733087062835693 0.0 2.497923804749128 0.7232180833816528 0.0
189 1.9410871267318726 7.061543159595354 4.229679107666016 2.5733087062835693 0.0 2.497826463639651 0.7231910824775696 0.0
190 1.9410871267318726 7.06167912586708 4.229679107666016 2.5733087062835693 0.0 2.4978281274849623 0.7231915593147278 0.0
191 1.9410871267318726 7.062067258316497 4.229679107666016 2.5733087062835693 0.0 2.4978423112725427 0.723195493221283 0.0
192 1.9410871267318726 7.060989067588103 4.229679107666016 2.5733087062835693 0.0 2.4978429822613304 0.7231956124305725 0.0
193 1.9410871267318726 7.061606224761962 4.229679107666016 2.5733087062835693 0.0 2.497826888487455 0.7231912016868591 0.0
194 1.9410871267318726 7.061243369050639 4.229679107666016 2.5733087062835693 0.0 2.4978312514596173 0.7231923937797546 0.0
195 1.9410871267318726 7.061480983471658 4.229679107666016 2.5733087062835693 0.0 2.497826764935487 0.7231912016868591 0.0
196 1.9410871267318726 7.058382869126667 4.229679107666016 2.5733087062835693 0.0 2.499963041475052 0.7237832546234131 0.0
197 1.9410871267318726 7.057609617361959 4.229679107666016 2.5733087062835693 0.0 2.500011297886676 0.7237966656684875 0.0
198 1.9410871267318726 7.054304902896193 4.229679107666016 2.5733087062835693 0.0 2.502364409714463 0.7244488596916199 0.0
199 1.9410871267318726 7.0548902531084305 4.229679107666016 2.5733087062835693 0.0 2.502399449571897 0.724458634853363 0.0
200 1.9410871267318726 7.054756865212903 4.229679107666016 2.5733087062835693 0.0 2.502387772061022 0.7244553565979004 0.0
201 1.9410871267318726 7.0548446206891535 4.229679107666016 2.5733087062835693 0.0 2.5023949770289597 0.7244573831558228 0.0
202 1.9410871267318726 7.054673388809854 4.229679107666016 2.5733087062835693 0.0 2.5023819132304976 0.7244537472724915 0.0
203 1.9410871267318726 7.054456543571212 4.229679107666016 2.5733087062835693 0.0 2.502369760719609 0.724450409412384 0.0
204 1.9410871267318726 7.05475295343816 4.229679107666016 2.5733087062835693 0.0 2.5023876073239535 0.7244553565979004 0.0
205 1.9410871267318726 7.063696747563344 4.229679107666016 2.5733087062835693 0.0 2.4984362402979214 0.7233600616455078 0.0
206 1.9410871267318726 7.063696747563344 4.229679107666016 2.5733087062835693 0.0 2.4984362402979214 0.7233600616455078 0.0
207 1.9410871267318726 7.061330809587539 4.229679107666016 2.5733087062835693 0.0 2.499099868972919 0.7235440015792847 0.0
208 1.9410871267318726 7.061330809587539 4.229679107666016 2.5733087062835693 0.0 2.499099868972919 0.7235440015792847 0.0
209 1.9410871267318726 7.062083008660072 4.229679107666016 2.5733087062835693 0.0 2.4988212120269258 0.7234667539596558 0.0
210 1.9410871267318726 7.062083008660072 4.229679107666016 2.5733087062835693 0.0 2.4988212120269258 0.7234667539596558 0.0
211 1.9410871267318726 7.063490517438958 4.229679107666016 2.5733087062835693 0.0 2.4984699678320164 0.7233694195747375 0.0
212 1.9410871267318726 7.064140357028552 4.229679107666016 2.5733087062835693 0.0 2.498048752340949 0.7232527136802673 0.0
213 1.9410871267318726 7.064083345049936 4.229679107666016 2.5733087062835693 0.0 2.498058324305145 0.7232553958892822 0.0
214 1.9410871267318726 7.0630462238495095 4.229679107666016 2.5733087062835693 0.0 2.4983029133962926 0.7233231663703918 0.0
215 1.9410871267318726 7.063958445166075 4.229679107666016 2.5733087062835693 0.0 2.498081378563953 0.7232617139816284 0.0
216 1.9410871267318726 7.0627915421045 4.229679107666016 2.5733087062835693 0.0 2.498529783022099 0.7233860492706299 0.0
217 1.9410871267318726 7.063026395821168 4.229679107666016 2.5733087062835693 0.0 2.4985079626922917 0.7233799695968628 0.0
218 1.9410871267318726 7.062764590678768 4.229679107666016 2.5733087062835693 0.0 2.498532114955662 0.7233867049217224 0.0
219 1.9410871267318726 7.062354888565845 4.229679107666016 2.5733087062835693 0.0 2.4985854369391634 0.7234014868736267 0.0
220 1.9410871267318726 7.062269113335937 4.229679107666016 2.5733087062835693 0.0 2.4985987772950535 0.723405122756958 0.0
221 1.9410871267318726 7.062153696219073 4.229679107666016 2.5733087062835693 0.0 2.4986180648575997 0.7234104871749878 0.0
222 1.9410871267318726 7.062153696219073 4.229679107666016 2.5733087062835693 0.0 2.4986180648575997 0.7234104871749878 0.0
223 1.9410871267318726 7.062971811657479 4.229679107666016 2.5733087062835693 0.0 2.4985127827082585 0.7233812808990479 0.0
224 1.9410871267318726 7.062971811657479 4.229679107666016 2.5733087062835693 0.0 2.4985127827082585 0.7233812808990479 0.0
225 1.9410871267318726 7.063797280858035 4.229679107666016 2.5733087062835693 0.0 2.4984838932675886 0.7233732342720032 0.0
226 1.9410871267318726 7.062671097810368 4.229679107666016 2.5733087062835693 0.0 2.4985427290027036 0.7233896255493164 0.0
227 1.9410871267318726 7.061612943641384 4.229679107666016 2.5733087062835693 0.0 2.49872826430816 0.7234410047531128 0.0
228 1.9410871267318726 7.062233540866832 4.229679107666016 2.5733087062835693 0.0 2.498604843628607 0.7234067916870117 0.0
229 1.9410871267318726 7.062400625072003 4.229679107666016 2.5733087062835693 0.0 2.498578747433395 0.7233995795249939 0.0
230 1.9410871267318726 7.061546136433402 4.229679107666016 2.5733087062835693 0.0 2.4987443657992965 0.723445475101471 0.0
231 1.9410871267318726 7.061914305720229 4.229679107666016 2.5733087062835693 0.0 2.4986629395602367 0.7234229445457458 0.0
232 1.9410871267318726 7.062345189806001 4.229679107666016 2.5733087062835693 0.0 2.498586879866537 0.7234018445014954 0.0
233 1.9410871267318726 7.06209185591922 4.229679107666016 2.5733087062835693 0.0 2.4986293075971577 0.7234135866165161 0.0
234 1.9410871267318726 7.061844366871557 4.229679107666016 2.5733087062835693 0.0 2.498677021862018 0.723426878452301 0.0
235 1.9410871267318726 7.061264819160603 4.229679107666016 2.5733087062835693 0.0 2.4988694400534284 0.7234801650047302 0.0
236 1.9410871267318726 7.0618011811127035 4.229679107666016 2.5733087062835693 0.0 2.498779526441948 0.7234552502632141 0.0
237 1.9410871267318726 7.061693498011145 4.229679107666016 2.5733087062835693 0.0 2.4987955007761045 0.7234596610069275 0.0
238 1.9410871267318726 7.061409476164104 4.229679107666016 2.5733087062835693 0.0 2.4988424763940094 0.7234726548194885 0.0
239 1.9410871267318726 7.060049445511512 4.229679107666016 2.5733087062835693 0.0 2.4991919521437893 0.7235695719718933 0.0
240 1.9410871267318726 7.060091936476655 4.229679107666016 2.5733087062835693 0.0 2.4991778342824693 0.7235656380653381 0.0
241 1.9410871267318726 7.061583834771695 4.229679107666016 2.5733087062835693 0.0 2.4988125073693994 0.7234643697738647 0.0
242 1.9410871267318726 7.062146297149279 4.229679107666016 2.5733087062835693 0.0 2.4987385420877013 0.7234438061714172 0.0
243 1.9410871267318726 7.062703459585387 4.229679107666016 2.5733087062835693 0.0 2.49870036266097 0.7234333157539368 0.0
244 1.9410871267318726 7.062560317478151 4.229679107666016 2.5733087062835693 0.0 2.4987068374029233 0.7234350442886353 0.0
245 1.9410871267318726 7.0621919085629745 4.229679107666016 2.5733087062835693 0.0 2.4987346914160353 0.723442792892456 0.0
246 1.9410871267318726 7.062291596353347 4.229679107666016 2.5733087062835693 0.0 2.4987256532594952 0.7234402298927307 0.0
247 1.9410871267318726 7.062014202351145 4.229679107666016 2.5733087062835693 0.0 2.498612340259446 0.7234088778495789 0.0
248 1.9410871267318726 7.064147144048545 4.229679107666016 2.5733087062835693 0.0 2.4981790202513707 0.7232887744903564 0.0
249 1.9410871267318726 7.063050907322341 4.229679107666016 2.5733087062835693 0.0 2.498267224615698 0.7233132123947144 0.0
250 1.9410871267318726 7.061803172253837 4.229679107666016 2.5733087062835693 0.0 2.498752017793139 0.7078436017036438 0.0
251 1.9410871267318726 7.061803172253837 4.229679107666016 2.5733087062835693 0.0 2.498752017793139 0.7078436017036438 0.0
252 1.9410871267318726 7.062690190276236 4.229679107666016 2.5733087062835693 0.0 2.4985455009012787 0.7077851295471191 0.0
253 1.9410871267318726 7.063457026585689 4.229679107666016 2.5733087062835693 0.0 2.4984372458162816 0.7077544331550598 0.0
254 1.9410871267318726 7.063338249737815 4.229679107666016 2.5733087062835693 0.0 2.498449914182792 0.7077580094337463 0.0
255 1.9410871267318726 7.063689582707568 4.229679107666016 2.5733087062835693 0.0 2.498416820383374 0.7077487111091614 0.0
256 1.9410871267318726 7.063246949379868 4.229679107666016 2.5733087062835693 0.0 2.4984603583839258 0.7077609896659851 0.0
257 1.9410871267318726 7.06348221881476 4.229679107666016 2.5733087062835693 0.0 2.498434469633042 0.707753598690033 0.0
258 1.9410871267318726 7.063323218030456 4.229679107666016 2.5733087062835693 0.0 2.498451405474559 0.7077584266662598 0.0
259 1.9410871267318726 7.063136518561341 4.229679107666016 2.5733087062835693 0.0 2.498474348225086 0.7077649235725403 0.0
260 1.9410871267318726 7.058729320394 4.229679107666016 2.5733087062835693 0.0 2.500095326792364 0.7082241177558899 0.0
261 1.9410871267318726 7.058729320394 4.229679107666016 2.5733087062835693 0.0 2.500095326792364 0.7082241177558899 0.0
262 1.9410871267318726 7.060729386225505 4.229679107666016 2.5733087062835693 0.0 2.499238686552067 0.7079814672470093 0.0
263 1.9410871267318726 7.060729386225505 4.229679107666016 2.5733087062835693 0.0 2.499238686552067 0.7079814672470093 0.0
264 1.9410871267318726 7.059457632237088 4.229679107666016 2.5733087062835693 0.0 2.499508109944912 0.7080577611923218 0.0
265 1.9410871267318726 7.060045398746384 4.229679107666016 2.5733087062835693 0.0 2.4993609665238115 0.7080160975456238 0.0
266 1.9410871267318726 7.061397957388087 4.229679107666016 2.5733087062835693 0.0 2.499170233406768 0.7079620361328125 0.0
267 1.9410871267318726 7.061397957388087 4.229679107666016 2.5733087062835693 0.0 2.499170233406768 0.7079620361328125 0.0
268 1.9410871267318726 7.061397957388087 4.229679107666016 2.5733087062835693 0.0 2.499170233406768 0.7079620361328125 0.0
269 1.9410871267318726 7.060986825413598 4.229679107666016 2.5733087062835693 0.0 2.499206883514851 0.7079724669456482 0.0
270 1.9410871267318726 7.061403669756746 4.229679107666016 2.5733087062835693 0.0 2.499169983980064 0.7079620361328125 0.0
271 1.9410871267318726 7.061181496500594 4.229679107666016 2.5733087062835693 0.0 2.499186992503256 0.7079668045043945 0.0
272 1.9410871267318726 7.036523992167803 4.229679107666016 2.5733087062835693 0.0 2.5529685386257057 0.7232019901275635 0.0
273 1.9410871267318726 7.037229303101569 4.229679107666016 2.5733087062835693 0.0 2.553048732322355 0.7232247591018677 0.0
274 1.9410871267318726 7.037961698603313 4.229679107666016 2.5733087062835693 0.0 2.553323513081018 0.7233026027679443 0.0
275 1.9410871267318726 7.037961698603313 4.229679107666016 2.5733087062835693 0.0 2.553323513081018 0.7233026027679443 0.0
276 1.9410871267318726 7.036595117041983 4.229679107666016 2.5733087062835693 0.0 2.5530859626420153 0.7232352495193481 0.0
277 1.9410871267318726 7.037543704144345 4.229679107666016 2.5733087062835693 0.0 2.553228588757427 0.7232757210731506 0.0
278 1.9410871267318726 7.036236089039808 4.229679107666016 2.5733087062835693 0.0 2.5530586946510443 0.7232276201248169 0.0
279 1.9410871267318726 7.036584472578838 4.229679107666016 2.5733087062835693 0.0 2.5530850878325357 0.7232350707054138 0.0
280 1.9410871267318726 7.036584472578838 4.229679107666016 2.5733087062835693 0.0 2.5530850878325357 0.7232350707054138 0.0
281 1.9410871267318726 7.043839751329953 4.229679107666016 2.5733087062835693 0.0 2.5503159490015306 0.7224506139755249 0.0
282 1.9410871267318726 7.043263253049093 4.229679107666016 2.5733087062835693 0.0 2.550326825945709 0.7224537134170532 0.0
283 1.9410871267318726 7.043263253049093 4.229679107666016 2.5733087062835693 0.0 2.550326825945709 0.7224537134170532 0.0
284 1.9410871267318726 7.042882679219442 4.229679107666016 2.5733087062835693 0.0 2.550354266935227 0.722461462020874 0.0
285 1.9410871267318726 7.042909560225964 4.229679107666016 2.5733087062835693 0.0 2.5503517781488787 0.7224607467651367 0.0
286 1.9410871267318726 7.042477687721746 4.229679107666016 2.5733087062835693 0.0 2.550400867122506 0.7224746942520142 0.0
287 1.9410871267318726 7.045381403084181 4.229679107666016 2.5733087062835693 0.0 2.5496405755670692 0.7222592830657959 0.0
288 1.9410871267318726 7.045464239164007 4.229679107666016 2.5733087062835693 0.0 2.5505807872987902 0.7369859218597412 0.0
289 1.9410871267318726 7.04364528193643 4.229679107666016 2.5733087062835693 0.0 2.5512259153238492 0.7371650338172913 0.0
290 1.9410871267318726 7.043817539696331 4.229679107666016 2.5733087062835693 0.0 2.551219876258226 0.7371634244918823 0.0
291 1.9410871267318726 7.043281345714186 4.229679107666016 2.5733087062835693 0.0 2.551248806740539 0.737171471118927 0.0
292 1.9410871267318726 7.043281345714186 4.229679107666016 2.5733087062835693 0.0 2.551248806740539 0.737171471118927 0.0
293 1.9410871267318726 7.043394979687471 4.229679107666016 2.5733087062835693 0.0 2.5512401507873292 0.7371690273284912 0.0
294 1.9410871267318726 7.043394979687471 4.229679107666016 2.5733087062835693 0.0 2.5512401507873292 0.7371690273284912 0.0
295 1.9410871267318726 7.043557074606891 4.229679107666016 2.5733087062835693 0.0 2.551229862913022 0.737166166305542 0.0
296 1.9410871267318726 7.0436541227357194 4.229679107666016 2.5733087062835693 0.0 2.551225557450875 0.7371650338172913 0.0
297 1.9410871267318726 7.043183151558479 4.229679107666016 2.5733087062835693 0.0 2.5512578105220793 0.7371739745140076 0.0
298 1.9410871267318726 7.042873546466294 4.229679107666016 2.5733087062835693 0.0 2.551292315416858 0.7371835112571716 0.0
299 1.9410871267318726 7.043105821801476 4.229679107666016 2.5733087062835693 0.0 2.551265413576261 0.7371760606765747 0.0
300 1.9410871267318726 7.043585564884769 4.229679107666016 2.5733087062835693 0.0 2.5512288230138154 0.7371659278869629 0.0
301 1.9410871267318726 7.042471286709414 4.229679107666016 2.5733087062835693 0.0 2.5513526222329452 0.7372002601623535 0.0
302 1.9410871267318726 7.0427271377793 4.229679107666016 2.5733087062835693 0.0 2.5513122382572 0.7371890544891357 0.0
303 1.9410871267318726 7.042922001465959 4.229679107666016 2.5733087062835693 0.0 2.5512862806522145 0.7371819019317627 0.0
304 1.9410871267318726 7.04376606867419 4.229679107666016 2.5733087062835693 0.0 2.5512211992977907 0.737163782119751 0.0
305 1.9410871267318726 7.04376606867419 4.229679107666016 2.5733087062835693 0.0 2.5512211992977907 0.737163782119751 0.0
306 1.9410871267318726 7.044236232263232 4.229679107666016 2.5733087062835693 0.0 2.5512187617066258 0.7371630668640137 0.0
307 1.9410871267318726 7.039321277795471 4.229679107666016 2.5733087062835693 0.0 2.552948205321791 0.7376434206962585 0.0
308 1.9410871267318726 7.03913322787797 4.229679107666016 2.5733087062835693 0.0 2.552937681106897 0.7376405000686646 0.0
309 1.9410871267318726 7.038641698283212 4.229679107666016 2.5733087062835693 0.0 2.5529283566652277 0.7376379370689392 0.0
310 1.9410871267318726 7.039252169310808 4.229679107666016 2.5733087062835693 0.0 2.5529437812543065 0.737642228603363 0.0
311 1.9410871267318726 7.039252169310808 4.229679107666016 2.5733087062835693 0.0 2.5529437812543065 0.737642228603363 0.0
312 1.9410871267318726 7.038627590215828 4.229679107666016 2.5733087062835693 0.0 2.5529283183325218 0.7376378774642944 0.0
313 1.9410871267318726 7.038460974317834 4.229679107666016 2.5733087062835693 0.0 2.5529315766827314 0.7376387715339661 0.0
314 1.9410871267318726 7.039462262624679 4.229679107666016 2.5733087062835693 0.0 2.552958675215751 0.7376462817192078 0.0
315 1.9410871267318726 7.039307267463022 4.229679107666016 2.5733087062835693 0.0 2.552947222100585 0.7376431822776794 0.0
316 1.9410871267318726 7.039307267463022 4.229679107666016 2.5733087062835693 0.0 2.552947222100585 0.7376431822776794 0.0
317 1.9410871267318726 7.035468941900171 4.229679107666016 2.5733087062835693 0.0 2.560333926249834 0.7396948337554932 0.0
318 1.9410871267318726 7.035636258569516 4.229679107666016 2.5733087062835693 0.0 2.5603433831166034 0.7396973967552185 0.0
319 1.9410871267318726 7.035365925637275 4.229679107666016 2.5733087062835693 0.0 2.5603292251730663 0.7396934628486633 0.0
320 1.9410871267318726 7.035365925637275 4.229679107666016 2.5733087062835693 0.0 2.5603292251730663 0.7396934628486633 0.0
321 1.9410871267318726 7.03633934709189 4.229679107666016 2.5733087062835693 0.0 2.560583932269736 0.7397642135620117 0.0
322 1.9410871267318726 7.03633934709189 4.229679107666016 2.5733087062835693 0.0 2.560583932269736 0.7397642135620117 0.0
323 1.9410871267318726 7.035118491444773 4.229679107666016 2.5733087062835693 0.0 2.5604630934483676 0.7397306561470032 0.0
324 1.9410871267318726 7.035659806019791 4.229679107666016 2.5733087062835693 0.0 2.560496684506956 0.7397399544715881 0.0
325 1.9410871267318726 7.034659319651899 4.229679107666016 2.5733087062835693 0.0 2.560460729727388 0.7397300004959106 0.0
326 1.9410871267318726 7.034696452878559 4.229679107666016 2.5733087062835693 0.0 2.5604594274530794 0.739729642868042 0.0
327 1.9410871267318726 7.03514002616742 4.229679107666016 2.5733087062835693 0.0 2.560463792603217 0.7397308945655823 0.0
328 1.9410871267318726 7.035401330934107 4.229679107666016 2.5733087062835693 0.0 2.560476945530014 0.7397344708442688 0.0
329 1.9410871267318726 7.03536871998949 4.229679107666016 2.5733087062835693 0.0 2.5604748950982605 0.7397339344024658 0.0
330 1.9410871267318726 7.035070540473979 4.229679107666016 2.5733087062835693 0.0 2.5604620318817184 0.7397303581237793 0.0
331 1.9410871267318726 7.036250577799806 4.229679107666016 2.5733087062835693 0.0 2.560569356665185 0.739760160446167 0.0
332 1.9410871267318726 7.034975693399597 4.229679107666016 2.5733087062835693 0.0 2.5604599354331525 0.7397297620773315 0.0
333 1.9410871267318726 7.034492070926044 4.229679107666016 2.5733087062835693 0.0 2.560465475789933 0.7397313117980957 0.0
334 1.9410871267318726 7.0347771467829805 4.229679107666016 2.5733087062835693 0.0 2.5604589205738377 0.7397294640541077 0.0
335 1.9410871267318726 7.034879484278075 4.229679107666016 2.5733087062835693 0.0 2.5604590001044287 0.7397295236587524 0.0
336 1.9410871267318726 7.035333449921688 4.229679107666016 2.5733087062835693 0.0 2.560472863179726 0.7397333383560181 0.0
337 1.9410871267318726 7.034970618993983 4.229679107666016 2.5733087062835693 0.0 2.560459970186174 0.7397297620773315 0.0
338 1.9410871267318726 7.034435474668738 4.229679107666016 2.5733087062835693 0.0 2.559773631980868 0.7400531768798828 0.0
339 1.9410871267318726 7.035498596564609 4.229679107666016 2.5733087062835693 0.0 2.5598186759573704 0.7400656342506409 0.0
340 1.9410871267318726 7.035485963535639 4.229679107666016 2.5733087062835693 0.0 2.559817043793865 0.7400652170181274 0.0
341 1.9410871267318726 7.034383464018388 4.229679107666016 2.5733087062835693 0.0 2.559774303879146 0.7400533556938171 0.0
342 1.9410871267318726 7.035628864482445 4.229679107666016 2.5733087062835693 0.0 2.5598327869999795 0.7400696277618408 0.0
343 1.9410871267318726 7.0358469480639245 4.229679107666016 2.5733087062835693 0.0 2.559860504266631 0.7400773167610168 0.0
344 1.9410871267318726 7.034783296153718 4.229679107666016 2.5733087062835693 0.0 2.5597745445391564 0.7400534749031067 0.0
345 1.9410871267318726 7.0349433074307335 4.229679107666016 2.5733087062835693 0.0 2.5597792932718186 0.7400547862052917 0.0
346 1.9410871267318726 7.03517955415026 4.229679107666016 2.5733087062835693 0.0 2.55979198720122 0.7400583028793335 0.0
347 1.9410871267318726 7.03517955415026 4.229679107666016 2.5733087062835693 0.0 2.55979198720122 0.7400583028793335 0.0
348 1.9410871267318726 7.0348784757101015 4.229679107666016 2.5733087062835693 0.0 2.5597766475977703 0.7400540113449097 0.0
349 1.9410871267318726 7.0348784757101015 4.229679107666016 2.5733087062835693 0.0 2.5597766475977703 0.7400540113449097 0.0
350 1.9410871267318726 7.03485554288041 4.229679107666016 2.5733087062835693 0.0 2.5597761890937996 0.7400538921356201 0.0
351 1.9410871267318726 7.034715283277668 4.229679107666016 2.5733087062835693 0.0 2.5597729786183456 0.7400529980659485 0.0
352 1.9410871267318726 7.036708897531899 4.229679107666016 2.5733087062835693 0.0 2.560139434363766 0.7401547431945801 0.0
353 1.9410871267318726 7.036135944363955 4.229679107666016 2.5733087062835693 0.0 2.55995384457028 0.7401031851768494 0.0
354 1.9410871267318726 7.04139398574206 4.229679107666016 2.5733087062835693 0.0 2.557818364894985 0.7395104765892029 0.0
355 1.9410871267318726 7.040596968935715 4.229679107666016 2.5733087062835693 0.0 2.557779617852005 0.7394997477531433 0.0
356 1.9410871267318726 7.0392097653919325 4.229679107666016 2.5733087062835693 0.0 2.5578745323236785 0.7395260334014893 0.0
357 1.9410871267318726 7.039443418143168 4.229679107666016 2.5733087062835693 0.0 2.5578442343731562 0.7395176291465759 0.0
358 1.9410871267318726 7.039806543718786 4.229679107666016 2.5733087062835693 0.0 2.557808417356053 0.7395077347755432 0.0
359 1.9410871267318726 7.039142855596693 4.229679107666016 2.5733087062835693 0.0 2.5578845893055373 0.7395288348197937 0.0
360 1.9410871267318726 7.039213380224706 4.229679107666016 2.5733087062835693 0.0 2.557874112339483 0.7395259141921997 0.0
361 1.9410871267318726 7.038613018470758 4.229679107666016 2.5733087062835693 0.0 2.5579795706582806 0.7395551800727844 0.0
362 1.9410871267318726 7.038613018470758 4.229679107666016 2.5733087062835693 0.0 2.5579795706582806 0.7395551800727844 0.0
363 1.9410871267318726 7.041065887447056 4.229679107666016 2.5733087062835693 0.0 2.557794432844048 0.739503800868988 0.0
364 1.9410871267318726 7.039964308829325 4.229679107666016 2.5733087062835693 0.0 2.557797826931127 0.7395047545433044 0.0
365 1.9410871267318726 7.039964308829325 4.229679107666016 2.5733087062835693 0.0 2.557797826931127 0.7395047545433044 0.0
366 1.9410871267318726 7.039964134615127 4.229679107666016 2.5733087062835693 0.0 2.5577978139536515 0.7395047545433044 0.0
367 1.9410871267318726 7.0396268200094845 4.229679107666016 2.5733087062835693 0.0 2.5578243779873144 0.7395121455192566 0.0
368 1.9410871267318726 7.0399389140162745 4.229679107666016 2.5733087062835693 0.0 2.5577992159646152 0.7395051121711731 0.0
369 1.9410871267318726 7.04045771284435 4.229679107666016 2.5733087062835693 0.0 2.5577800564480024 0.7394998073577881 0.0
370 1.9410871267318726 7.042611691490852 4.229679107666016 2.5733087062835693 0.0 2.5526484460305956 0.7380755543708801 0.0
371 1.9410871267318726 7.044131034996762 4.229679107666016 2.5733087062835693 0.0 2.5522187036928545 0.7379562854766846 0.0
372 1.9410871267318726 7.042987635972439 4.229679107666016 2.5733087062835693 0.0 2.552367032983867 0.7379974722862244 0.0
373 1.9410871267318726 7.044200252304723 4.229679107666016 2.5733087062835693 0.0 2.552214074702962 0.7379550337791443 0.0
374 1.9410871267318726 7.043718553639853 4.229679107666016 2.5733087062835693 0.0 2.5522558402265965 0.7379665970802307 0.0
375 1.9410871267318726 7.043718553639853 4.229679107666016 2.5733087062835693 0.0 2.5522558402265965 0.7379665970802307 0.0
376 1.9410871267318726 7.043191042216605 4.229679107666016 2.5733087062835693 0.0 2.5523302716386014 0.7379872798919678 0.0
377 1.9410871267318726 7.043494094242432 4.229679107666016 2.5733087062835693 0.0 2.5522841163437926 0.7379744648933411 0.0
378 1.9410871267318726 7.044081136981181 4.229679107666016 2.5733087062835693 0.0 2.552222330018606 0.7379572987556458 0.0
379 1.9410871267318726 7.04408106094303 4.229679107666016 2.5733087062835693 0.0 2.552222119075209 0.7379572987556458 0.0
380 1.9410871267318726 7.043974350403893 4.229679107666016 2.5733087062835693 0.0 2.5522306681523808 0.737959623336792 0.0
381 1.9410871267318726 7.0439340781312225 4.229679107666016 2.5733087062835693 0.0 2.5522340557433654 0.7379605174064636 0.0
382 1.9410871267318726 7.0439340781312225 4.229679107666016 2.5733087062835693 0.0 2.5522340557433654 0.7379605174064636 0.0
383 1.9410871267318726 7.0424261598589535 4.229679107666016 2.5733087062835693 0.0 2.552492009302698 0.7380321621894836 0.0
384 1.9410871267318726 7.0424261598589535 4.229679107666016 2.5733087062835693 0.0 2.552492009302698 0.7380321621894836 0.0
385 1.9410871267318726 7.0424796728978505 4.229679107666016 2.5733087062835693 0.0 2.5524784946718184 0.7380284070968628 0.0
386 1.9410871267318726 7.043555641304266 4.229679107666016 2.5733087062835693 0.0 2.5522755379470117 0.73797208070755 0.0
387 1.9410871267318726 7.042480111276161 4.229679107666016 2.5733087062835693 0.0 2.552478426800048 0.7380284070968628 0.0
388 1.9410871267318726 7.046116309897723 4.229679107666016 2.5733087062835693 0.0 2.5516789082351776 0.7378064393997192 0.0
389 1.9410871267318726 7.0466118846459205 4.229679107666016 2.5733087062835693 0.0 2.5515727790959524 0.737777054309845 0.0
390 1.9410871267318726 7.047162647491395 4.229679107666016 2.5733087062835693 0.0 2.55148610997442 0.7377529740333557 0.0
391 1.9410871267318726 7.047906383671549 4.229679107666016 2.5733087062835693 0.0 2.551419061045445 0.7377343773841858 0.0
392 1.9410871267318726 7.047906383671549 4.229679107666016 2.5733087062835693 0.0 2.551419061045445 0.7377343773841858 0.0
393 1.9410871267318726 7.047465770356165 4.229679107666016 2.5733087062835693 0.0 2.5514521313933423 0.7377434968948364 0.0
394 1.9410871267318726 7.047465770356165 4.229679107666016 2.5733087062835693 0.0 2.5514521313933423 0.7377434968948364 0.0
395 1.9410871267318726 7.047173737236188 4.229679107666016 2.5733087062835693 0.0 2.55148918038366 0.7377538084983826 0.0
396 1.9410871267318726 7.046566136794803 4.229679107666016 2.5733087062835693 0.0 2.551586256438609 0.737780749797821 0.0
397 1.9410871267318726 7.046566136794803 4.229679107666016 2.5733087062835693 0.0 2.551586256438609 0.737780749797821 0.0
398 1.9410871267318726 7.045248611140587 4.229679107666016 2.5733087062835693 0.0 2.5519313088871614 0.7378764748573303 0.0
399 1.9410871267318726 7.045248611140587 4.229679107666016 2.5733087062835693 0.0 2.5519313088871614 0.7378764748573303 0.0
400 1.9410871267318726 7.045973882126905 4.229679107666016 2.5733087062835693 0.0 2.5517179830430394 0.7378173470497131 0.0
