init 1.004268765449524 6.799966239480649 3.5059266090393066 2.5589072704315186 0.0 0.0 0.0 0.0
1 1.004543662071228 6.86895911673136 3.490595817565918 2.5889647006988525 0.12893988192081451 0.5478841682338452 0.30592411756515503 0.41628989577293396
2 1.0985931158065796 4.150727619648911 3.5021920204162598 2.6248323917388916 0.38342541456222534 6.432403232492816 1.869085669517517 0.5077182054519653
3 1.1003156900405884 4.134853280028672 3.4970502853393555 2.645719289779663 0.4970102906227112 6.431722734453031 1.8770616054534912 0.5626197457313538
4 1.1213806867599487 4.1220238640363105 3.4853696823120117 2.6116886138916016 0.5408774614334106 6.464717714558928 1.9404948949813843 0.6887510418891907
5 1.1809240579605103 4.161598061136587 3.4948949813842773 2.6101083755493164 0.6711516976356506 6.44722024487405 1.9761450290679932 0.7557299733161926
6 1.190300464630127 4.1567752446164965 3.493425130844116 2.6087489128112793 0.6829718947410583 6.438429564230364 1.9894824028015137 0.7684378623962402
7 1.1606926918029785 4.141627049981767 3.4901113510131836 2.6128523349761963 0.6202700734138489 6.438157190353343 2.026840925216675 0.7652416229248047
8 1.1626265048980713 4.158363002671478 3.488041639328003 2.6081132888793945 0.6166260838508606 6.447813807712854 2.0347073078155518 0.7532008290290833
9 1.1689555644989014 4.128192840782201 3.4848594665527344 2.609391689300537 0.6314043402671814 6.4401303760236495 2.057323694229126 0.8172800540924072
10 1.1413545608520508 4.128753242230025 3.493614673614502 2.609281063079834 0.5777013301849365 6.462388821826625 2.0765061378479004 0.8168255686759949
11 1.1392120122909546 4.12720041325906 3.493623733520508 2.6074867248535156 0.5668983459472656 6.465484984998415 2.082695484161377 0.8127164244651794
12 1.1451529264450073 4.135839066052608 3.501594066619873 2.613351345062256 0.5995965003967285 6.460412626620201 2.1135005950927734 0.8275486826896667
13 1.130985140800476 4.161090215748675 3.4979426860809326 2.6149237155914307 0.5891327261924744 6.474057338553552 2.108402967453003 0.8344686627388
14 1.1268749237060547 4.103055874617135 3.469259738922119 2.6208646297454834 0.5586709976196289 6.495284195951995 2.1233034133911133 0.8290135264396667
15 1.103143334388733 4.093517117316456 3.4656729698181152 2.61982798576355 0.4824642837047577 6.5076319465525225 2.078433036804199 0.7996684908866882
16 1.117107629776001 4.093250250426704 3.4680123329162598 2.6145918369293213 0.5015603303909302 6.522974126402606 2.1116859912872314 0.797863245010376
17 1.1186059713363647 4.077333582521458 3.469782590866089 2.6121323108673096 0.5068207383155823 6.53922378901009 2.131939649581909 0.7960987687110901
18 1.117883324623108 4.079647181979688 3.463191509246826 2.6077489852905273 0.5092348456382751 6.539675802722621 2.139437437057495 0.788843035697937
19 1.118875503540039 4.0801208008068475 3.465961217880249 2.608457326889038 0.5126672387123108 6.539110307310979 2.143972635269165 0.7906959652900696
20 1.1112922430038452 4.078886478587968 3.4574413299560547 2.6140027046203613 0.4952079653739929 6.540401907160826 2.132880449295044 0.7980655431747437
21 1.1093006134033203 4.089297513368916 3.460110664367676 2.614457130432129 0.4933682978153229 6.5215559311892095 2.120788335800171 0.8250875473022461
22 1.107103943824768 4.081228913934461 3.4598283767700195 2.6132683753967285 0.48657751083374023 6.520693781397244 2.1113736629486084 0.8203645944595337
23 1.1080211400985718 4.078334660567714 3.460275411605835 2.615678310394287 0.4923766851425171 6.5214434075191345 2.1022207736968994 0.8174526691436768
24 1.114016056060791 4.080101901707451 3.4611759185791016 2.6135425567626953 0.495426744222641 6.522818846717032 2.112233877182007 0.8002512454986572
25 1.1093389987945557 4.083245260287607 3.4642581939697266 2.6114840507507324 0.48622187972068787 6.521470847985258 2.111402988433838 0.7943873405456543
26 1.1181654930114746 4.079586436770363 3.4712326526641846 2.6106913089752197 0.5156770944595337 6.524511757998818 2.1437246799468994 0.8020147681236267
27 1.1186150312423706 4.079696060153971 3.4765236377716064 2.608863592147827 0.5175801515579224 6.523097563885697 2.1826272010803223 0.8013433814048767
28 1.1299289464950562 4.081031972043565 3.479727268218994 2.6112122535705566 0.5237578749656677 6.522883709699865 2.1838901042938232 0.8030256628990173
29 1.1305965185165405 4.093205023774758 3.4801535606384277 2.612483263015747 0.5235831141471863 6.527915341013272 2.185312032699585 0.8062185645103455
30 1.1271904706954956 4.102491032221655 3.4830894470214844 2.614062786102295 0.5093069672584534 6.534124648635254 2.163395881652832 0.8087289929389954
31 1.1286907196044922 4.1016696922060865 3.483276844024658 2.6144747734069824 0.5087888836860657 6.5328243448923615 2.1650707721710205 0.8072443604469299
32 1.125001311302185 4.076511075425031 3.491117477416992 2.6126601696014404 0.5011719465255737 6.53669854245037 2.178027868270874 0.8046547174453735
33 1.1245001554489136 4.070906000151334 3.4903564453125 2.612656354904175 0.501513659954071 6.532805894994623 2.177518129348755 0.8036307096481323
34 1.1265275478363037 4.067337142975131 3.4884159564971924 2.608144521713257 0.49408912658691406 6.53495671341208 2.1725494861602783 0.8018636107444763
35 1.1244654655456543 4.067505137441321 3.5072524547576904 2.6083223819732666 0.49160730838775635 6.53507031485949 2.1269309520721436 0.8021992444992065
36 1.0978646278381348 4.064381544462626 3.5036656856536865 2.6044578552246094 0.43152356147766113 6.530830848169828 2.090082883834839 0.7767361998558044
37 1.1015090942382813 4.061633177696493 3.5041143894195557 2.6121182441711426 0.43433791399002075 6.529371782208852 2.092829942703247 0.7896712422370911
38 1.1014635562896729 4.061522683011904 3.5079567432403564 2.6121418476104736 0.4345944821834564 6.529385955070776 2.091869831085205 0.7896143794059753
39 1.1026934385299683 4.07648345164896 3.507725954055786 2.612623929977417 0.4338538348674774 6.529849534780124 2.0915136337280273 0.7895897626876831
40 1.1024478673934937 4.077947795683341 3.5044238567352295 2.6125192642211914 0.43454819917678833 6.529413951549537 2.095853090286255 0.7905132174491882
41 1.1021231412887573 4.0793792803102376 3.5150203704833984 2.612520456314087 0.4384000897407532 6.531061860784023 2.0992114543914795 0.7899011969566345
42 1.1014362573623657 4.075964198546259 3.5139071941375732 2.61042857170105 0.4384251832962036 6.532817310206947 2.093796730041504 0.7849740982055664
43 1.105036973953247 4.072990741106083 3.5129666328430176 2.611034393310547 0.44402769207954407 6.5318141891707455 2.0952377319335938 0.7888385653495789
44 1.1040319204330444 4.0209150273957315 3.535811424255371 2.6121692657470703 0.45439112186431885 6.6215201589603625 2.1303186416625977 0.7875685691833496
45 1.0974385738372803 4.039738525123914 3.5461151599884033 2.5998189449310303 0.4052731692790985 6.612129765462185 2.1187522411346436 0.7637811899185181
46 1.1150866746902466 4.00709663474166 3.557485342025757 2.6084375381469727 0.44485941529273987 6.628451481137317 2.1321799755096436 0.7853053212165833
47 1.1206588745117188 4.038554820817698 3.5584800243377686 2.6182825565338135 0.4638328552246094 6.625636689562088 2.1470675468444824 0.7949472069740295
48 1.1202881336212158 4.038319431240114 3.531827688217163 2.6181726455688477 0.46426624059677124 6.625658793540138 2.1452414989471436 0.79489666223526
49 1.120489239692688 4.031822645107286 3.5325114727020264 2.6185808181762695 0.4671551585197449 6.604702200516822 2.142578125 0.7956057190895081
50 1.113868236541748 4.0394821990932765 3.5183210372924805 2.621960401535034 0.43138766288757324 6.601406579453138 2.0932118892669678 0.8020353317260742
51 1.1156415939331055 4.038480313144858 3.5221457481384277 2.6212854385375977 0.4340969920158386 6.601231037943064 2.0787127017974854 0.8011417984962463
52 1.1086363792419434 4.039260972862001 3.521301507949829 2.6229426860809326 0.42039167881011963 6.599931159031069 2.076313018798828 0.8005193471908569
53 1.108920931816101 4.0405578712016235 3.521468162536621 2.620612621307373 0.41697511076927185 6.600667561531735 2.0753605365753174 0.7966718673706055
54 1.1082128286361694 4.04192534193729 3.521536111831665 2.618955612182617 0.4157393276691437 6.600602160233256 2.0758776664733887 0.7962085604667664
55 1.1097421646118164 4.045131177868079 3.521946907043457 2.616746187210083 0.4360719919204712 6.599432129767846 2.0790884494781494 0.8022118210792542
56 1.103751301765442 4.04462801824731 3.516893148422241 2.6141715049743652 0.4202541410923004 6.598415637352951 2.097249746322632 0.797467052936554
57 1.0977851152420044 4.069400598210152 3.517036199569702 2.6113526821136475 0.4344936013221741 6.594889789690848 2.1122894287109375 0.7920737266540527
58 1.0973842144012451 4.050438482271676 3.5172324180603027 2.6025943756103516 0.43206050992012024 6.595656485796352 2.1179540157318115 0.7783737182617188
59 1.0960874557495117 4.043425740431191 3.5102410316467285 2.6025888919830322 0.42665520310401917 6.593045894521174 2.109386682510376 0.7789545059204102
60 1.0958478450775146 4.085475831479151 3.5122900009155273 2.6026620864868164 0.43108463287353516 6.585358810758666 2.105121612548828 0.7816738486289978
61 1.0930588245391846 4.080769157259231 3.5109918117523193 2.6012301445007324 0.4311929941177368 6.586219282170502 2.1040143966674805 0.7809206247329712
62 1.0946139097213745 4.099060841228014 3.514888286590576 2.5966625213623047 0.4532366693019867 6.582584634769551 2.1144938468933105 0.7855947613716125
63 1.0947133302688599 4.098649074970945 3.514540195465088 2.5922138690948486 0.45291897654533386 6.582320657284961 2.1137824058532715 0.7788734436035156
64 1.0971328020095825 4.105142058578753 3.512556314468384 2.5925374031066895 0.46277087926864624 6.589882292436998 2.117901086807251 0.7767581939697266
65 1.0913549661636353 4.108286998873899 3.518348455429077 2.594484329223633 0.45545247197151184 6.589935152453234 2.124746084213257 0.7827829718589783
66 1.0787580013275146 4.091827566546372 3.5073435306549072 2.583340644836426 0.42264029383659363 6.590919091348039 2.106971263885498 0.8057560324668884
67 1.0755195617675781 4.076399606550281 3.5076653957366943 2.580885410308838 0.4187990725040436 6.597490134600487 2.1076395511627197 0.8024887442588806
68 1.0742859840393066 4.076563791890674 3.5057833194732666 2.5808866024017334 0.41630932688713074 6.597668201677524 2.105724334716797 0.8022010922431946
69 1.056283950805664 4.076690433275653 3.5049941539764404 2.5787341594696045 0.3696751594543457 6.594427011987272 2.0914056301116943 0.781272292137146
70 1.0599015951156616 4.069682767984033 3.499666213989258 2.5772290229797363 0.38027721643447876 6.595086901326245 2.103316068649292 0.7809366583824158
71 1.0600886344909668 4.068457913010862 3.5006256103515625 2.586996078491211 0.3810506761074066 6.59570713761837 2.1044886112213135 0.7874378561973572
72 1.0600695610046387 4.068289774845656 3.500476837158203 2.5864815711975098 0.3810287415981293 6.595641414607627 2.1044178009033203 0.7872282266616821
73 1.0604664087295532 4.067978185119794 3.5007898807525635 2.5862913131713867 0.3809729218482971 6.5954976509735666 2.104506731033325 0.7871767282485962
74 1.0607080459594727 4.0718076458065395 3.501178026199341 2.5859155654907227 0.382778137922287 6.596153825652979 2.105520486831665 0.7868455648422241
75 1.0735480785369873 4.057203628051797 3.5009877681732178 2.5927045345306396 0.37767884135246277 6.5980860398438885 2.0993642807006836 0.7948548793792725
76 1.0685045719146729 4.050545537592812 3.504331350326538 2.5895166397094727 0.37479084730148315 6.5949169753876795 2.0968897342681885 0.7872642874717712
77 1.0719633102416992 4.052694571671405 3.513761281967163 2.5910260677337646 0.38043299317359924 6.5983766975417995 2.1043972969055176 0.7894182205200195
78 1.0702574253082275 4.052603437865418 3.5138678550720215 2.591012954711914 0.3792867064476013 6.59846638771584 2.1041784286499023 0.7891858220100403
79 1.0687270164489746 4.052055551891648 3.5140888690948486 2.591235399246216 0.37981271743774414 6.599884622992936 2.1059179306030273 0.7895599007606506
80 1.071433186531067 4.051559125507429 3.5109236240386963 2.5859475135803223 0.3859453797340393 6.599398650937018 2.100034236907959 0.7949220538139343
81 1.0707820653915405 4.0513359641826385 3.5077877044677734 2.5860373973846436 0.38504573702812195 6.599332779357243 2.083557367324829 0.794987678527832
82 1.0669867992401123 4.050032998561157 3.5117664337158203 2.58597731590271 0.3769565522670746 6.603467529600871 2.0824429988861084 0.7938829064369202
83 1.0669885873794556 4.0354290778653645 3.512671709060669 2.585365056991577 0.37695741653442383 6.61549135015977 2.0785071849823 0.7936628460884094
84 1.0713385343551636 4.041802492885559 3.511009454727173 2.6075029373168945 0.37407398223876953 6.613459617319384 2.079650640487671 0.8007612824440002
85 1.0596457719802856 4.028975410474122 3.5214438438415527 2.604194402694702 0.3553119897842407 6.612273498714428 2.072221517562866 0.7401685118675232
86 1.052329421043396 4.033019905433689 3.509840250015259 2.595533847808838 0.3393435776233673 6.612089539957366 2.064284086227417 0.7350805997848511
87 1.0516374111175537 4.033783682731768 3.5096352100372314 2.594226598739624 0.33831655979156494 6.612469762918132 2.064408779144287 0.7335429787635803
88 1.0516374111175537 4.033783682731768 3.5096352100372314 2.594226598739624 0.33831655979156494 6.612469762918132 2.064408779144287 0.7335429787635803
89 1.0497170686721802 4.038080601063259 3.505556583404541 2.5970842838287354 0.3459620475769043 6.609503157863518 2.066807985305786 0.735980749130249
90 1.0495377779006958 4.039242495236891 3.5051462650299072 2.5970609188079834 0.3454872667789459 6.609972168648475 2.0691978931427 0.7360520958900452
91 1.051926851272583 4.038081850716223 3.512936592102051 2.596338987350464 0.3547743558883667 6.6100182242041265 2.0827994346618652 0.7350773215293884
92 1.051926851272583 4.036258101549987 3.512936592102051 2.596338987350464 0.3547743558883667 6.60929324437911 2.0826148986816406 0.7350773215293884
93 1.0489017963409424 4.036571645506688 3.5132009983062744 2.597093343734741 0.35380539298057556 6.609808792634245 2.0787770748138428 0.7341869473457336
94 1.0491909980773926 4.038785940077359 3.5132851600646973 2.5969691276550293 0.3540228605270386 6.60962187001308 2.079836368560791 0.7349151372909546
95 1.0407246351242065 4.043541193228674 3.5143001079559326 2.5909736156463623 0.3447989821434021 6.609054120336852 2.0773892402648926 0.7232963442802429
96 1.0399971008300781 4.042231262232447 3.5152833461761475 2.5911455154418945 0.3421417772769928 6.608288512856032 2.074544668197632 0.7227923274040222
97 1.0326260328292847 4.040245719231189 3.516035318374634 2.591094732284546 0.34225016832351685 6.61258960589084 2.0742921829223633 0.7239553928375244
98 1.041596531867981 4.037823692260443 3.514038324356079 2.5918519496917725 0.3479178845882416 6.613114875219708 2.071528673171997 0.7210873961448669
99 1.0428112745285034 4.037550177988105 3.517277956008911 2.591625690460205 0.3517100214958191 6.6131522759627694 2.069897413253784 0.7207711338996887
100 1.0414515733718872 4.036162147935285 3.5172641277313232 2.5907394886016846 0.34962034225463867 6.612849954865893 2.0693612098693848 0.7201005220413208
101 1.041673183441162 4.036793033939565 3.5172483921051025 2.590712785720825 0.3496679365634918 6.613126614185823 2.0693881511688232 0.7200387716293335
102 1.0370806455612183 4.036404535424273 3.516004800796509 2.5878546237945557 0.34295108914375305 6.613804179975643 2.067412853240967 0.7169080376625061
103 1.0363909006118774 4.034436050937999 3.515869379043579 2.588987350463867 0.34428924322128296 6.613626081795257 2.0696096420288086 0.7177602052688599
104 1.03582763671875 4.034896358510587 3.516436815261841 2.5887675285339355 0.3456152081489563 6.6137742504820585 2.0699691772460938 0.7178351283073425
105 1.0352405309677124 4.034793858865009 3.5135207176208496 2.5886423587799072 0.34410685300827026 6.613583042306819 2.050506591796875 0.7176556587219238
106 1.0333936214447021 4.033961824760366 3.514308214187622 2.5886154174804688 0.34270715713500977 6.614252974499262 2.049072265625 0.7185598015785217
107 1.0331310033798218 4.031003065563026 3.509943962097168 2.5891411304473877 0.33551520109176636 6.614531944609437 2.047269105911255 0.7173379063606262
108 1.032300591468811 4.0303154288270715 3.508391857147217 2.5875277519226074 0.3337734341621399 6.6141204385824315 2.046330213546753 0.7136766314506531
109 1.0340046882629395 4.032621898782638 3.509129524230957 2.587052345275879 0.3339877128601074 6.61388002137495 2.046886444091797 0.7142577767372131
110 1.0375665426254272 4.02844655162435 3.520156145095825 2.589416980743408 0.35531488060951233 6.612964536874916 2.0568764209747314 0.7178810834884644
111 1.0429260730743408 4.024952964763481 3.520014524459839 2.5917093753814697 0.3449004590511322 6.612887229878123 2.0562314987182617 0.7197681069374084
112 1.0440956354141235 4.022505350531331 3.520059108734131 2.5925381183624268 0.3458763062953949 6.612864436510049 2.056431293487549 0.7208045125007629
113 1.0460814237594604 4.024985833244242 3.521491289138794 2.5909831523895264 0.34838199615478516 6.614110680470161 2.056978702545166 0.7207480669021606
114 1.0419622659683228 4.031590631094535 3.523405075073242 2.5917158126831055 0.3532475531101227 6.616014902314226 2.0597567558288574 0.7226996421813965
115 1.051811695098877 4.034676579338695 3.5174803733825684 2.5949244499206543 0.36147618293762207 6.615253613797052 2.059417963027954 0.7251713275909424
116 1.0515410900115967 4.034531422531015 3.516681671142578 2.5923519134521484 0.360881507396698 6.615290452891371 2.0591557025909424 0.7243884801864624
117 1.052192211151123 4.0416723945054 3.5138843059539795 2.592684745788574 0.36806851625442505 6.6176619663521565 2.0798795223236084 0.7263288497924805
118 1.0504631996154785 4.046566541040154 3.5144805908203125 2.5928995609283447 0.3663633167743683 6.62083974646558 2.08066987991333 0.7271729707717896
119 1.0505647659301758 4.046620247115396 3.514502763748169 2.5929296016693115 0.3664635419845581 6.620827259893753 2.0807034969329834 0.727237343788147
120 1.0519664287567139 4.049294104159895 3.5178661346435547 2.5948495864868164 0.3708098828792572 6.6224904019431525 2.083950996398926 0.7264047265052795
121 1.050352692604065 4.044233544940967 3.513418197631836 2.595513105392456 0.376174658536911 6.622555079662233 2.085496187210083 0.727000892162323
122 1.049991250038147 4.013439315247485 3.514244318008423 2.5970661640167236 0.37983936071395874 6.639673176070148 2.0899734497070313 0.723350465297699
123 1.0567911863327026 4.014036304742876 3.513568639755249 2.599315881729126 0.38505852222442627 6.638705540899956 2.0912652015686035 0.7303591370582581
124 1.0545566082000732 4.018209562376635 3.5149781703948975 2.598200559616089 0.3813405930995941 6.640660544715736 2.091217517852783 0.7331273555755615
125 1.056787133216858 4.0185665241970465 3.5174431800842285 2.595881938934326 0.3834857940673828 6.640659227915642 2.093160390853882 0.7406842112541199
126 1.0561443567276 4.027025408177683 3.520514488220215 2.5952308177948 0.3831140398979187 6.638751789969803 2.0981693267822266 0.7434293031692505
127 1.05612051486969 4.027301880415752 3.5207643508911133 2.5953056812286377 0.38244837522506714 6.638784154570174 2.098397731781006 0.7436482906341553
128 1.0576740503311157 4.024389817531409 3.520017147064209 2.5954434871673584 0.38331255316734314 6.6388535401824695 2.097862482070923 0.7430008053779602
129 1.0509581565856934 4.0250893584822505 3.5210623741149902 2.592224597930908 0.3695625960826874 6.640525176166206 2.0945637226104736 0.7407376766204834
130 1.0505964756011963 4.015908920346826 3.5246710777282715 2.5873258113861084 0.3707534968852997 6.6433455291383945 2.105555772781372 0.7601709961891174
131 1.0551294088363647 4.01441953334148 3.527639865875244 2.585843801498413 0.37868309020996094 6.64282694265129 2.104846477508545 0.7652969360351563
132 1.0582574605941772 4.033126793553132 3.5295958518981934 2.584986448287964 0.37724876403808594 6.637632178615243 2.0971665382385254 0.768364667892456
133 1.0582574605941772 4.032262958357999 3.5307059288024902 2.584986448287964 0.37724876403808594 6.637286300439013 2.093493700027466 0.768364667892456
134 1.0582574605941772 4.032244928070114 3.5307059288024902 2.584986448287964 0.37724876403808594 6.637278993626845 2.093491792678833 0.768364667892456
135 1.0582574605941772 4.033442255380331 3.5307059288024902 2.584986448287964 0.37724876403808594 6.637758375865096 2.092775583267212 0.768364667892456
136 1.0583194494247437 4.023896130646644 3.534247398376465 2.591831922531128 0.3764553964138031 6.639813205662463 2.074578285217285 0.7127801179885864
137 1.0585194826126099 4.0240973628035785 3.541294574737549 2.5915021896362305 0.37800896167755127 6.640101695063125 2.0769593715667725 0.7120233178138733
138 1.0589864253997803 4.022979558829782 3.5418951511383057 2.591703414916992 0.37882503867149353 6.639565320806733 2.0779147148132324 0.712272584438324
139 1.0589864253997803 4.022979558829782 3.541306734085083 2.591555118560791 0.37882503867149353 6.639565320806733 2.079085111618042 0.71186363697052
140 1.0589864253997803 4.022979558829782 3.5419058799743652 2.6001908779144287 0.37882503867149353 6.639565320806733 2.0783915519714355 0.7012013792991638
141 1.0590806007385254 4.023312384733838 3.544130802154541 2.5996429920196533 0.3791627585887909 6.6394917566293765 2.0784494876861572 0.701464831829071
142 1.060253620147705 4.009837754465535 3.546513557434082 2.594571113586426 0.37613216042518616 6.632670333232272 2.077822685241699 0.6959549784660339
143 1.059830904006958 4.00912055230624 3.5459842681884766 2.5946271419525146 0.3734721541404724 6.635692906238435 2.075805902481079 0.6965689063072205
144 1.0608891248703003 4.008000551257459 3.5446174144744873 2.5967400074005127 0.3776409924030304 6.63611840003718 2.0773744583129883 0.7127596735954285
145 1.0563085079193115 4.012394828908018 3.54398250579834 2.5931406021118164 0.3758508563041687 6.6346752778579745 2.0764503479003906 0.7110652327537537
146 1.0484565496444702 4.010403055611312 3.544428825378418 2.5887341499328613 0.36681005358695984 6.634893480767572 2.0724520683288574 0.7011401653289795
147 1.0484565496444702 4.010861370796161 3.5435404777526855 2.589329242706299 0.36681005358695984 6.63507599392777 2.07717227935791 0.6996848583221436
148 1.0484788417816162 4.010386397815443 3.5432019233703613 2.589102268218994 0.36751386523246765 6.634848071748074 2.0769717693328857 0.699337363243103
149 1.050462007522583 4.009424466729127 3.5441346168518066 2.589116334915161 0.3729764521121979 6.636112719743451 2.0786828994750977 0.6980923414230347
150 1.0608288049697876 4.017068652098456 3.550137519836426 2.603045701980591 0.39446914196014404 6.635779223585948 2.0840322971343994 0.7118993401527405
151 1.0616106986999512 4.018428314819356 3.5514001846313477 2.606060028076172 0.39968764781951904 6.636295391508964 2.0871870517730713 0.7162298560142517
152 1.0610634088516235 4.018354656838205 3.551239490509033 2.6056840419769287 0.3996579647064209 6.636281095250793 2.0871148109436035 0.7149760723114014
153 1.0614585876464844 4.016679785995073 3.5509512424468994 2.602440118789673 0.40001294016838074 6.63533289759131 2.088865041732788 0.7241420149803162
154 1.05744206905365 4.025564009374108 3.553354501724243 2.5984885692596436 0.4053100347518921 6.635846925440882 2.091364622116089 0.7205639481544495
155 1.0595265626907349 4.0303550006510225 3.551103353500366 2.599738836288452 0.4120270311832428 6.632651229432067 2.093149185180664 0.7240917682647705
156 1.0493234395980835 4.0282206932030435 3.5534913539886475 2.596835136413574 0.39571261405944824 6.63569109298186 2.087144613265991 0.7148395776748657
157 1.0566107034683228 4.0229846185352125 3.5509307384490967 2.6114678382873535 0.3836103677749634 6.639624983509795 2.0843467712402344 0.7450947165489197
158 1.0551553964614868 4.020917761958989 3.550450086593628 2.6088666915893555 0.3812282085418701 6.639613049669467 2.0860366821289063 0.7995589375495911
159 1.055638313293457 4.029416531822469 3.5520777702331543 2.6056878566741943 0.39516302943229675 6.639644356427892 2.088524580001831 0.7993659973144531
160 1.0544172525405884 4.030663918648945 3.5529019832611084 2.6059956550598145 0.3943149745464325 6.639998029483084 2.0889220237731934 0.799888551235199
161 1.0498666763305664 4.026171947563482 3.551758050918579 2.6078197956085205 0.3752385675907135 6.638367071584304 2.0787930488586426 0.7962186932563782
162 1.0498666763305664 4.026171947563482 3.551758050918579 2.6078197956085205 0.3752385675907135 6.638367071584304 2.0787930488586426 0.7962186932563782
163 1.0511341094970703 4.0255389353121025 3.5518922805786133 2.6090335845947266 0.3728080987930298 6.639140057445171 2.08884334564209 0.7986246943473816
164 1.0527671575546265 4.0178487271403025 3.547464370727539 2.608931541442871 0.36843639612197876 6.6401533219181355 2.0831310749053955 0.7926388382911682
165 1.0510964393615723 4.013198249697894 3.547571897506714 2.608611822128296 0.36838266253471375 6.640542017030703 2.0831100940704346 0.7919687032699585
166 1.0519952774047852 4.019742404182531 3.547534465789795 2.6217079162597656 0.3682766854763031 6.640850365849567 2.0879175662994385 0.8436746001243591
167 1.0489001274108887 4.0242365456351505 3.5488555431365967 2.6206343173980713 0.35858219861984253 6.6392454467724 2.083872079849243 0.8369165658950806
168 1.0382171869277954 4.018020638616439 3.5498454570770264 2.618138551712036 0.38052332401275635 6.638463160755092 2.092715263366699 0.8459670543670654
169 1.0441687107086182 4.01251858183781 3.5504977703094482 2.6182479858398438 0.3824703097343445 6.635705273720522 2.09281063079834 0.842897355556488
170 1.0466984510421753 4.012221612109688 3.550175428390503 2.618682861328125 0.3812575936317444 6.635445918321424 2.092893600463867 0.8432744145393372
171 1.0436391830444336 4.011261741256353 3.5486350059509277 2.61592173576355 0.38942718505859375 6.635708023513192 2.09212064743042 0.8332327604293823
172 1.0448271036148071 4.010396830065754 3.5500714778900146 2.6170825958251953 0.3903445899486542 6.636485451014695 2.0936806201934814 0.8358374238014221
173 1.0449388027191162 4.00949267785683 3.548424005508423 2.6182632446289063 0.3901880979537964 6.636484893689406 2.093644857406616 0.8375295400619507
174 1.0449388027191162 4.008199239095455 3.551736831665039 2.6182632446289063 0.3901880979537964 6.635972874774242 2.09134840965271 0.8375295400619507
175 1.0468623638153076 4.0079983869813445 3.551284074783325 2.619354486465454 0.3903086185455322 6.6355647798844295 2.090695858001709 0.8370598554611206
176 1.050402045249939 3.991548176467312 3.5430657863616943 2.6197526454925537 0.38683241605758667 6.638723625418513 2.0860631465911865 0.8337960243225098
177 1.0470151901245117 3.9829343480770953 3.543302536010742 2.6188852787017822 0.3852127194404602 6.63898967329628 2.0852437019348145 0.8285182118415833
178 1.0422543287277222 3.984155894134091 3.5428273677825928 2.6168792247772217 0.38317087292671204 6.639736842495844 2.0838401317596436 0.827019453048706
179 1.0336816310882568 3.9899680957796355 3.540578842163086 2.621121883392334 0.3779670298099518 6.641732546374015 2.1137962341308594 0.833590030670166
180 1.0336816310882568 3.9883090848625686 3.540578842163086 2.621121883392334 0.3779670298099518 6.641077233056748 2.113631010055542 0.833590030670166
181 1.0337027311325073 3.989880426092147 3.540501117706299 2.621103048324585 0.37797653675079346 6.641697203659652 2.116811990737915 0.8350202441215515
182 1.033070683479309 3.9893395983075934 3.540454149246216 2.6206209659576416 0.3770400881767273 6.641903137986043 2.115133762359619 0.8150115013122559
183 1.041342854499817 3.9894654812580463 3.5433313846588135 2.626236915588379 0.3805985450744629 6.641145668701329 2.12311053276062 0.829064130783081
184 1.041342854499817 3.991664757910259 3.5433313846588135 2.626236915588379 0.3805985450744629 6.642015174275112 2.123328685760498 0.829064130783081
185 1.0399500131607056 3.9913210690586625 3.5442304611206055 2.6275267601013184 0.3809265196323395 6.642435491273692 2.1188011169433594 0.7773607969284058
186 1.042109727859497 3.991849524841169 3.5435187816619873 2.6283905506134033 0.3819475471973419 6.644095432030588 2.120513439178467 0.7768970727920532
187 1.039870023727417 3.9898173708985443 3.5466883182525635 2.6256966590881348 0.3787541091442108 6.645996173819081 2.1181137561798096 0.7676133513450623
188 1.039863109588623 3.990691989503099 3.546320915222168 2.6253700256347656 0.3785604238510132 6.646303860117514 2.104931116104126 0.7742836475372314
189 1.0447736978530884 3.9857376562423217 3.545691967010498 2.6248884201049805 0.38070613145828247 6.640616018690521 2.108078718185425 0.7717192769050598
190 1.044351577758789 3.9855981892027263 3.545658826828003 2.6250040531158447 0.37880003452301025 6.640666330934979 2.107994318008423 0.7720465064048767
191 1.045217752456665 4.007775937327345 3.5444092750549316 2.620081901550293 0.3803235590457916 6.628725344579633 2.1038248538970947 0.7574074268341064
192 1.0455576181411743 4.008606959370647 3.5443427562713623 2.6204938888549805 0.38188794255256653 6.629137997650543 2.1057395935058594 0.7575727701187134
193 1.0502455234527588 4.00878609052801 3.5446481704711914 2.6210854053497314 0.38447892665863037 6.628619757561768 2.105978012084961 0.7588510513305664
194 1.050747275352478 4.007967820719191 3.544267177581787 2.6215975284576416 0.38549932837486267 6.627868677954146 2.1200337409973145 0.7595698833465576
195 1.0673844814300537 4.005383682406634 3.545525074005127 2.6215243339538574 0.3860722780227661 6.628450609705262 2.122321605682373 0.7623924612998962
196 1.0683274269104004 4.006616796977311 3.5452699661254883 2.623403549194336 0.3868151605129242 6.627405693335214 2.1233468055725098 0.7684179544448853
197 1.0710327625274658 4.008481867860329 3.5479578971862793 2.6254003047943115 0.3921641409397125 6.626761595919417 2.13242769241333 0.7710692882537842
198 1.0724619626998901 4.006054012895383 3.5482254028320313 2.626110553741455 0.393688827753067 6.6257175334995555 2.1325111389160156 0.7720804810523987
199 1.0724619626998901 3.9969011173086058 3.5482804775238037 2.626110553741455 0.393688827753067 6.645287551060952 2.1372416019439697 0.7720804810523987
200 1.07484769821167 4.01147960674886 3.551989793777466 2.6309900283813477 0.4085548520088196 6.644200925843309 2.139864683151245 0.7828902006149292
201 1.0765974521636963 4.012588509484359 3.5522918701171875 2.630265712738037 0.41286441683769226 6.6408705516139666 2.1380913257598877 0.7812086343765259
202 1.0760889053344727 4.01212969393294 3.5522117614746094 2.629913091659546 0.41266971826553345 6.640126289366834 2.1384668350219727 0.7816066145896912
203 1.07818603515625 4.012309442173423 3.55232310295105 2.632920503616333 0.41477909684181213 6.640559647603375 2.1391751766204834 0.7852619290351868
204 1.0726573467254639 4.0077591719755 3.5503571033477783 2.6318886280059814 0.4090700149536133 6.625634648228995 2.132667064666748 0.7795857191085815
205 1.072885274887085 4.007897493868626 3.5505306720733643 2.6293389797210693 0.41539323329925537 6.626239746692833 2.134190559387207 0.783544659614563
206 1.0783426761627197 4.005821436099669 3.5524742603302 2.630213975906372 0.4295565187931061 6.630728527147009 2.143047332763672 0.7925869822502136
207 1.073738694190979 4.002899493843421 3.5535097122192383 2.6285860538482666 0.4212874174118042 6.630657897664653 2.147486686706543 0.7876541018486023
208 1.07673180103302 3.989218892276093 3.554841995239258 2.6289007663726807 0.43047717213630676 6.632174748953066 2.1463959217071533 0.7885536551475525
209 1.075215458869934 3.9909387995039376 3.5541820526123047 2.629310369491577 0.4247112274169922 6.63146736998652 2.1398539543151855 0.7877525091171265
210 1.0721125602722168 3.988885385528365 3.5541491508483887 2.6294095516204834 0.4139115512371063 6.631709877445967 2.133305788040161 0.7887663841247559
211 1.0668392181396484 3.989678482453096 3.5544536113739014 2.628133773803711 0.4088219404220581 6.632726713555028 2.134610414505005 0.785996675491333
212 1.0682910680770874 3.985873790636148 3.553318500518799 2.6296911239624023 0.4138539731502533 6.632694884857715 2.134194850921631 0.7846466898918152
213 1.0658924579620361 3.983750551155492 3.554187059402466 2.6288557052612305 0.40540534257888794 6.636316711574868 2.125750780105591 0.7835718393325806
214 1.0669944286346436 3.9834291581779175 3.558286428451538 2.629067897796631 0.40958118438720703 6.6357099348648685 2.1311774253845215 0.783031702041626
215 1.070381999015808 3.9837557330253976 3.556741237640381 2.628692388534546 0.41813936829566956 6.635235183745845 2.130117416381836 0.7836718559265137
216 1.0693135261535645 3.9835180118068685 3.554018497467041 2.628814458847046 0.41441893577575684 6.634948178672004 2.1263248920440674 0.7838320732116699
217 1.0624905824661255 3.9878433549204613 3.554583787918091 2.6282546520233154 0.41308221220970154 6.634681716538368 2.1268815994262695 0.7828255891799927
218 1.0618350505828857 3.9888045982569724 3.5559444427490234 2.6339755058288574 0.4156728982925415 6.633729235247154 2.1291511058807373 0.7950811982154846
219 1.0618350505828857 3.978106645064959 3.5558226108551025 2.6339755058288574 0.4156728982925415 6.639196899794342 2.137526512145996 0.7950811982154846
220 1.0624703168869019 3.9807722715358316 3.5524444580078125 2.633838176727295 0.4143809974193573 6.639229467767613 2.1453657150268555 0.7948030829429626
221 1.0681565999984741 3.9716376881100275 3.5511109828948975 2.632014751434326 0.4275319576263428 6.639230788270621 2.1461985111236572 0.791466474533081
222 1.0665384531021118 3.9698254475252206 3.5506374835968018 2.630633592605591 0.4247027635574341 6.63864365797528 2.1447200775146484 0.7905867099761963
223 1.0661340951919556 3.9696089667547967 3.5500576496124268 2.6210243701934814 0.42368659377098083 6.638983206134757 2.1493172645568848 0.8559813499450684
224 1.066136121749878 3.9696076759818633 3.5500571727752686 2.6210243701934814 0.4236888587474823 6.638984022795618 2.1493170261383057 0.8559818267822266
225 1.0589450597763062 3.9712053061074197 3.556954860687256 2.5864617824554443 0.4057144224643707 6.6386320126354175 2.163226366043091 0.9625318646430969
226 1.0567742586135864 3.956350552001702 3.557180404663086 2.5859427452087402 0.40172287821769714 6.647230031428229 2.1651217937469482 0.9616154432296753
227 1.0578033924102783 3.9579099402488707 3.5577988624572754 2.586221933364868 0.4041890501976013 6.647405328043371 2.1661505699157715 0.9622219800949097
228 1.0543183088302612 4.006634817794512 3.5581071376800537 2.584047317504883 0.3970443308353424 6.63531056979703 2.1620845794677734 0.9564663171768188
229 1.0526092052459717 3.9670020848726626 3.5559985637664795 2.5837202072143555 0.3934536576271057 6.643777575852405 2.1556553840637207 0.9558284282684326
230 1.0580312013626099 3.9918822895458583 3.558211088180542 2.586513042449951 0.406818151473999 6.643773319584769 2.1589131355285645 0.960752010345459
231 1.0617384910583496 3.994751178888587 3.5574941635131836 2.588104724884033 0.4062342941761017 6.643097278272032 2.159229040145874 0.9617936015129089
232 1.0653365850448608 3.996714457137253 3.5599441528320313 2.5882134437561035 0.4084756076335907 6.6428906472793265 2.1721739768981934 0.9629770517349243
233 1.0653365850448608 3.9983014147239424 3.5599441528320313 2.5882134437561035 0.4084756076335907 6.643795959431784 2.172395944595337 0.9629770517349243
234 1.056164026260376 4.008748301659739 3.5598959922790527 2.5888710021972656 0.410372257232666 6.636107134362 2.1710331439971924 0.9634010195732117
235 1.0539500713348389 3.9994597411715747 3.552891731262207 2.586949110031128 0.4030536711215973 6.638648260199748 2.165137529373169 0.9514980912208557
236 1.0704705715179443 4.003715538555308 3.5537846088409424 2.606402635574341 0.422717422246933 6.636938895467013 2.1772050857543945 0.9796085357666016
237 1.0714436769485474 4.003046342590477 3.555833339691162 2.606727123260498 0.42398884892463684 6.636600504811811 2.1767401695251465 0.979807436466217
238 1.0732271671295166 4.002836224657299 3.555833578109741 2.603961944580078 0.4240422546863556 6.636860030305895 2.176070213317871 0.9776880145072937
239 1.0724608898162842 4.002208606665224 3.5557610988616943 2.604161262512207 0.42380213737487793 6.636786641997045 2.1768479347229004 0.9778082370758057
240 1.0743770599365234 4.004155556418793 3.5562045574188232 2.6050527095794678 0.4291533827781677 6.637055118152911 2.178241491317749 0.9795126914978027
241 1.076139211654663 4.0102293293362665 3.5576746463775635 2.6060903072357178 0.4377761483192444 6.635615384248578 2.179729461669922 0.9829059839248657
242 1.085475206375122 4.012891271283442 3.556567907333374 2.6116979122161865 0.4591948390007019 6.633232253640287 2.183799982070923 0.9921387434005737
243 1.0835928916931152 4.0110961439757915 3.553187608718872 2.612107276916504 0.45331546664237976 6.632278961038446 2.1782848834991455 0.9925095438957214
244 1.0780502557754517 3.9966562496537157 3.552312135696411 2.6087069511413574 0.44517725706100464 6.6290992703628975 2.1762073040008545 0.9870588779449463
245 1.0772573947906494 3.9998926764595404 3.5372474193573 2.6047446727752686 0.4395078122615814 6.628474539396028 2.168497085571289 0.970864474773407
246 1.0745760202407837 3.98992996647254 3.5379583835601807 2.6022939682006836 0.43891260027885437 6.62949135904729 2.1710808277130127 0.9669750332832336
247 1.0735636949539185 4.0039565366356005 3.537777900695801 2.6017463207244873 0.4377054274082184 6.627312837141514 2.170623302459717 0.9675126671791077
248 1.0760293006896973 4.018629869707011 3.539583921432495 2.604663372039795 0.43761804699897766 6.622437887130735 2.1723291873931885 0.9702816009521484
249 1.077419638633728 4.021835737564473 3.5365235805511475 2.604684829711914 0.42994460463523865 6.621245660890333 2.160350799560547 0.9636569619178772
250 1.0775359869003296 4.025363409237163 3.5280001163482666 2.6029422283172607 0.42558085918426514 6.622023904398904 2.15281343460083 0.9620083570480347
251 1.0768471956253052 4.018578067304768 3.5271236896514893 2.6024043560028076 0.42333564162254333 6.6301688866028075 2.152188777923584 0.9616578817367554
252 1.074183464050293 4.024462386364147 3.525766372680664 2.6065726280212402 0.4288259744644165 6.63056780525891 2.1458585262298584 0.9699296355247498
253 1.072771668434143 4.005085067381396 3.5273685455322266 2.6077334880828857 0.41864195466041565 6.651546761666107 2.146512508392334 0.9584012031555176
254 1.0752363204956055 3.999631718984807 3.527165412902832 2.6089682579040527 0.4236084818840027 6.653474661224661 2.1474881172180176 0.9597282409667969
255 1.0735372304916382 3.999917803809743 3.5250563621520996 2.6087701320648193 0.42157143354415894 6.653638192381782 2.1468679904937744 0.9599871039390564
256 1.072967767715454 4.004717583724162 3.526541233062744 2.6093475818634033 0.4241845905780792 6.655458886480898 2.1466104984283447 0.958896815776825
257 1.0717589855194092 4.0110216902212095 3.5253489017486572 2.610165596008301 0.42440173029899597 6.65420892087996 2.143684148788452 0.9596952199935913
258 1.0684031248092651 4.018381035436207 3.527661085128784 2.6114563941955566 0.4190652370452881 6.639189792633001 2.136812925338745 0.960823655128479
259 1.0630528926849365 4.006206097828065 3.52962589263916 2.6098310947418213 0.42795857787132263 6.6442524880110865 2.148834228515625 0.9637293219566345
260 1.0654157400131226 4.0085953952515245 3.529036283493042 2.610604763031006 0.4223708510398865 6.643103077232232 2.147545576095581 0.9629619121551514
261 1.0659836530685425 4.009158659390652 3.529921531677246 2.611440896987915 0.42002594470977783 6.643073218332877 2.1480519771575928 0.9652281999588013
262 1.0702317953109741 4.008144450098356 3.5284996032714844 2.6128125190734863 0.4300196170806885 6.643139601146927 2.1491451263427734 0.9692113995552063
263 1.0707570314407349 4.002796332449417 3.5281052589416504 2.613133668899536 0.4314689636230469 6.642587235973878 2.1481077671051025 0.9690677523612976
264 1.0724937915802002 4.001615889057116 3.5243728160858154 2.6272029876708984 0.43160468339920044 6.6432530174383295 2.1499619483947754 0.9933112263679504
265 1.0742912292480469 4.0583268939656545 3.530054807662964 2.633079767227173 0.43525370955467224 6.639720878618141 2.150026559829712 0.9998502135276794
266 1.0709190368652344 4.041519662204658 3.534651756286621 2.632492780685425 0.4400266408920288 6.642388600675155 2.148494243621826 1.002934217453003
267 1.0733540058135986 3.9707758234811887 3.522017240524292 2.6322221755981445 0.4344463348388672 6.656212058385764 2.1429481506347656 1.0007882118225098
268 1.0662620067596436 3.968092990512636 3.5257043838500977 2.6357662677764893 0.41877225041389465 6.657971856550757 2.132162094116211 0.9385740756988525
269 1.0674031972885132 3.9756089150804854 3.5253021717071533 2.6347968578338623 0.4188380241394043 6.656812230297011 2.131180763244629 0.9349498748779297
270 1.0673285722732544 3.9767024091043695 3.5257701873779297 2.6348044872283936 0.4195258319377899 6.657062403429119 2.1309452056884766 0.9350305199623108
271 1.0686463117599487 3.976613632187424 3.5259199142456055 2.635160207748413 0.420943021774292 6.653201631371634 2.128828525543213 0.9349985122680664
272 1.0882518291473389 3.9851695552352933 3.530210256576538 2.6423592567443848 0.4392135739326477 6.643006531741594 2.1264400482177734 0.9373791217803955
273 1.0873512029647827 3.9854598702527064 3.530992031097412 2.6425063610076904 0.4364381432533264 6.6429874760638485 2.125743865966797 0.9380833506584167
274 1.0873850584030151 3.9852374844627874 3.5310351848602295 2.642454147338867 0.43656960129737854 6.642964937140638 2.125699996948242 0.9379956126213074
275 1.0876195430755615 4.021929500672321 3.531032085418701 2.6424221992492676 0.43701696395874023 6.663009468067461 2.1308062076568604 0.937988817691803
276 1.1023465394973755 4.018878366248851 3.551065444946289 2.6477084159851074 0.489266961812973 6.665183245827823 2.1757652759552 0.9505558013916016
277 1.1096537113189697 4.019905878028867 3.5546820163726807 2.647766351699829 0.4933886229991913 6.665356231054721 2.180065155029297 0.9615338444709778
278 1.1098202466964722 4.019797869512682 3.554758071899414 2.647784471511841 0.49394312500953674 6.665451798095231 2.1805264949798584 0.9617990851402283
279 1.1108123064041138 4.01798638728358 3.5541701316833496 2.64636492729187 0.4972934126853943 6.665282103504199 2.187743663787842 0.9592270851135254
280 1.1066744327545166 4.012626387647554 3.553114891052246 2.6455743312835693 0.4878290593624115 6.667744517181625 2.1819450855255127 0.9539840817451477
281 1.1049861907958984 4.014250130459949 3.552393674850464 2.6438803672790527 0.4871341586112976 6.667807649597961 2.181431531906128 0.9504072070121765
282 1.1089318990707397 4.010696831491653 3.552473545074463 2.647162437438965 0.4906608760356903 6.668571139841464 2.1841423511505127 0.9589005708694458
283 1.103848934173584 4.008362399412771 3.5499768257141113 2.6459922790527344 0.48524293303489685 6.668653482476221 2.1842706203460693 0.958712637424469
284 1.1098875999450684 4.008176864883072 3.551039457321167 2.6477627754211426 0.4963068664073944 6.668731343999957 2.1885290145874023 0.9659450650215149
285 1.1069329977035522 4.004729472645534 3.5493364334106445 2.6477468013763428 0.49455538392066956 6.6699766097051585 2.191462755203247 0.963726818561554
286 1.1069319248199463 4.005872947264525 3.5493361949920654 2.6477460861206055 0.4945567548274994 6.669293758131366 2.1912965774536133 0.9637269377708435
287 1.1036232709884644 4.000612410775236 3.553920030593872 2.646712064743042 0.4848497211933136 6.671705331036391 2.162590980529785 0.9549885988235474
288 1.1039299964904785 3.9988737117652224 3.5540075302124023 2.646315813064575 0.4864235818386078 6.671885719276316 2.1627490520477295 0.9543489217758179
289 1.1002068519592285 3.997758131109366 3.558281421661377 2.644822835922241 0.4819297194480896 6.672042426590823 2.164288282394409 0.9532558917999268
290 1.1002068519592285 3.997758131109366 3.558281421661377 2.644822835922241 0.4819297194480896 6.672042426590823 2.164288282394409 0.9532558917999268
291 1.0969946384429932 3.999284561675203 3.559321641921997 2.6444265842437744 0.4743719696998596 6.673437418625253 2.1646978855133057 0.9516075253486633
292 1.0969946384429932 3.9996409823778167 3.55932354927063 2.648698568344116 0.4743719696998596 6.673577494081085 2.1645584106445313 0.949567973613739
293 1.0969946384429932 3.996681273284174 3.5574872493743896 2.65004563331604 0.4743719696998596 6.675649382601964 2.167613983154297 0.9568572640419006
294 1.0944410562515259 3.999167604853321 3.5562384128570557 2.653318166732788 0.45809581875801086 6.674986925226449 2.148928165435791 0.9592687487602234
295 1.0982385873794556 4.0056620133565195 3.5547101497650146 2.6551313400268555 0.4701880216598511 6.67155764323917 2.153822898864746 0.9672576785087585
296 1.0972892045974731 4.004810977308401 3.554851531982422 2.653928518295288 0.46871304512023926 6.672227628480567 2.15327525138855 0.9655657410621643
297 1.097248911857605 4.0011268192042735 3.549893379211426 2.6537585258483887 0.4677480459213257 6.669834320546647 2.1534974575042725 0.9654027223587036
298 1.096864104270935 3.9981358153187787 3.549654006958008 2.6534407138824463 0.4659940004348755 6.671326203720743 2.151649236679077 0.961458683013916
299 1.0953080654144287 4.0056474010746435 3.547060012817383 2.6504225730895996 0.46292564272880554 6.662347655838043 2.1484134197235107 0.9566908478736877
300 1.0887091159820557 3.9970756557484517 3.5470454692840576 2.6476213932037354 0.4509068429470062 6.66522509646668 2.1428120136260986 0.9492789506912231
301 1.0896302461624146 3.980857850274189 3.5493874549865723 2.6490187644958496 0.45271429419517517 6.682074330632579 2.1459810733795166 0.953334629535675
302 1.0896302461624146 3.9816218778087076 3.5494091510772705 2.6492507457733154 0.45271429419517517 6.682369001983321 2.1460683345794678 0.9537892937660217
303 1.0887935161590576 3.9839683770597754 3.5484678745269775 2.650042772293091 0.45291000604629517 6.68137637819702 2.1455397605895996 0.9552125334739685
304 1.090131163597107 3.9847264959819477 3.5478179454803467 2.6503047943115234 0.4545135200023651 6.680830821794711 2.1475629806518555 0.9556744694709778
305 1.0909608602523804 3.9847927786650215 3.546455144882202 2.6511309146881104 0.45716995000839233 6.678573210445928 2.1470932960510254 0.958134651184082
306 1.0906606912612915 3.9881427690500773 3.5459020137786865 2.651998996734619 0.4602891504764557 6.677233280912602 2.149278402328491 0.9620139598846436
307 1.089347004890442 3.9920651846382293 3.544423818588257 2.6439127922058105 0.45514172315597534 6.677517338064167 2.1476097106933594 0.9584426879882813
308 1.088165521621704 3.989490740860179 3.5455031394958496 2.6445417404174805 0.45573076605796814 6.679041271087171 2.1458630561828613 0.9614320397377014
309 1.098176121711731 3.988043392577243 3.545914888381958 2.6432392597198486 0.45784932374954224 6.679435808825917 2.148076057434082 0.9613317847251892
310 1.1005257368087769 3.989988500402665 3.544532299041748 2.646862506866455 0.46160802245140076 6.677498273750303 2.144986391067505 0.9657973647117615
311 1.0954033136367798 3.9933637427113666 3.5448596477508545 2.6395046710968018 0.4636598527431488 6.687517798134559 2.1456544399261475 0.9514603018760681
312 1.0958917140960693 3.994191092281925 3.546631336212158 2.632188320159912 0.46458685398101807 6.687918446090313 2.145355463027954 0.935697078704834
313 1.0973753929138184 3.992175124471758 3.545498847961426 2.632439136505127 0.4657571315765381 6.687600238490518 2.1443910598754883 0.9358960390090942
314 1.0972809791564941 3.991891713459667 3.5454046726226807 2.632542610168457 0.46566349267959595 6.6874848056420015 2.1445791721343994 0.9357019066810608
315 1.0876169204711914 3.9957017143554294 3.545905590057373 2.63016939163208 0.43839097023010254 6.68542024800051 2.1298277378082275 0.9200626611709595
316 1.0894173383712769 3.9992347887118145 3.5448060035705566 2.629215955734253 0.4455494284629822 6.685233614487759 2.129887819290161 0.9165902733802795
317 1.0874011516571045 3.9930070891884575 3.5480904579162598 2.630019426345825 0.44611719250679016 6.690511939123618 2.1282060146331787 0.8884281516075134
318 1.0896791219711304 3.9844737373684427 3.5494272708892822 2.628937005996704 0.4524717926979065 6.687858188084394 2.135411500930786 0.8878973722457886
319 1.088098168373108 3.9873223657935015 3.548450231552124 2.6210825443267822 0.43986350297927856 6.686484160330525 2.1272828578948975 0.9492406845092773
320 1.0919361114501953 3.986232959592373 3.5494771003723145 2.6192095279693604 0.44438862800598145 6.685722706456213 2.1240246295928955 0.947343111038208
321 1.0930650234222412 3.9943099708879797 3.549772024154663 2.6189866065979004 0.45516499876976013 6.682538552102191 2.126741886138916 0.9495338797569275
322 1.0940488576889038 3.995519943014923 3.5452041625976563 2.6169064044952393 0.45934316515922546 6.683165567002875 2.1245639324188232 0.9471408724784851
323 1.0942487716674805 3.9955644303184714 3.5451674461364746 2.617008924484253 0.45882245898246765 6.6831153404741075 2.124586582183838 0.947155237197876
324 1.0949435234069824 3.9955284645318807 3.5460987091064453 2.617922306060791 0.4605972468852997 6.682429364426832 2.1234700679779053 0.9499277472496033
325 1.0948566198349 3.994085873154925 3.5462608337402344 2.618109703063965 0.46118608117103577 6.681706798313289 2.1233458518981934 0.950425922870636
326 1.0948566198349 3.993566325460429 3.5465781688690186 2.618109703063965 0.46118608117103577 6.681495423173691 2.1231801509857178 0.950425922870636
327 1.0944459438323975 3.9947041408648825 3.5469019412994385 2.6181435585021973 0.46201953291893005 6.682248613801781 2.123274326324463 0.9507359266281128
328 1.095262885093689 3.9907778303819175 3.547135591506958 2.619316577911377 0.45320162177085876 6.68227326301842 2.1215832233428955 0.9521623253822327
329 1.095202922821045 3.9909722317229424 3.5489964485168457 2.6199700832366943 0.45298731327056885 6.682367783885516 2.1250739097595215 0.9509596228599548
330 1.0952666997909546 3.9953094357388066 3.548938035964966 2.620145320892334 0.45247066020965576 6.675338711336168 2.1234939098358154 0.9511347413063049
331 1.096258282661438 3.99416091518877 3.511854648590088 2.6214232444763184 0.4526192843914032 6.676004573550328 2.149078130722046 0.9521074891090393
332 1.0976365804672241 3.9932886743363034 3.5119848251342773 2.6222405433654785 0.4540612995624542 6.676444771796008 2.1482057571411133 0.9530491232872009
333 1.0977555513381958 3.9924902365406045 3.5089077949523926 2.6222169399261475 0.4541829824447632 6.676125865885002 2.1439120769500732 0.9530339241027832
334 1.097412347793579 3.993840740976781 3.5083260536193848 2.6222715377807617 0.4537191092967987 6.676687127122618 2.1426868438720703 0.9530898928642273
335 1.0962584018707275 3.993195065850198 3.5058224201202393 2.6233506202697754 0.4502499997615814 6.676031622609431 2.141789436340332 0.9539745450019836
336 1.0962584018707275 3.993195065850198 3.5055599212646484 2.6231322288513184 0.4502499997615814 6.676031622609431 2.141702175140381 0.9531471133232117
337 1.0975804328918457 3.992275165522012 3.5064568519592285 2.62400484085083 0.45156678557395935 6.67610321368653 2.1443965435028076 0.9556155204772949
338 1.099184513092041 3.9912399572827457 3.5092694759368896 2.6238389015197754 0.45279356837272644 6.676003508523864 2.1418018341064453 0.9532177448272705
339 1.0992721319198608 3.989258744197937 3.5089359283447266 2.6236605644226074 0.4531833529472351 6.67742409191136 2.1421632766723633 0.9528895616531372
340 1.0992721319198608 3.988450722519026 3.5089359283447266 2.6236605644226074 0.4531833529472351 6.677094769035727 2.1420810222625732 0.9528895616531372
341 1.0992202758789063 3.9893732423137225 3.5089523792266846 2.623711347579956 0.4531301259994507 6.6774534473215095 2.142190933227539 0.9529471397399902
342 1.0992202758789063 3.988878843516088 3.5089523792266846 2.623711347579956 0.4531301259994507 6.67725188904231 2.1421403884887695 0.9529471397399902
343 1.0992358922958374 3.9892880388455625 3.5097570419311523 2.6237306594848633 0.45350486040115356 6.677226059905631 2.142411708831787 0.952934980392456
344 1.099332571029663 3.989209940238622 3.512352705001831 2.6238300800323486 0.45392775535583496 6.677143251476369 2.1448874473571777 0.9528857469558716
345 1.1036723852157593 3.9893690862597113 3.510822057723999 2.624079704284668 0.45909538865089417 6.67723585287728 2.145616054534912 0.9553831815719604
346 1.1034948825836182 3.98939039106411 3.5070743560791016 2.624328136444092 0.45945531129837036 6.677401031269175 2.152144193649292 0.9556401371955872
347 1.1031447649002075 3.9928152814584013 3.5069875717163086 2.6242637634277344 0.45879146456718445 6.675465618041612 2.151524543762207 0.9558486938476563
348 1.1026209592819214 3.992283665691197 3.5065436363220215 2.6241986751556396 0.45834437012672424 6.675365185504422 2.15099835395813 0.9557162523269653
349 1.102859377861023 3.9949126117540685 3.506474256515503 2.6241884231567383 0.45921969413757324 6.677358682724456 2.1515016555786133 0.9557974338531494
350 1.1025125980377197 3.994217466278707 3.507323980331421 2.624100923538208 0.4588879644870758 6.676973762576614 2.1495206356048584 0.9552876949310303
351 1.1025890111923218 3.993472576171729 3.506989002227783 2.6242563724517822 0.45877936482429504 6.676689219793686 2.1494760513305664 0.9553887844085693
352 1.0963797569274902 3.994975677644509 3.4940543174743652 2.6223199367523193 0.4463711380958557 6.676141450874924 2.164543628692627 0.953028678894043
353 1.0963208675384521 3.9949564538261546 3.4935061931610107 2.6223013401031494 0.44646984338760376 6.676151929572647 2.1651103496551514 0.9530134797096252
354 1.0986660718917847 3.9862358421109807 3.489243745803833 2.6282520294189453 0.44610661268234253 6.6717957050944365 2.1682746410369873 0.9639667868614197
355 1.098737359046936 3.991685869064884 3.5085127353668213 2.6284241676330566 0.44760382175445557 6.671689229726256 2.143960952758789 0.9636224508285522
356 1.0953986644744873 3.9954317591566744 3.5073375701904297 2.628171443939209 0.4486035406589508 6.664492539523725 2.1374549865722656 0.9669125080108643
357 1.0935876369476318 3.995625094976007 3.5076186656951904 2.627507209777832 0.4457099735736847 6.66533306469706 2.137474536895752 0.9661606550216675
358 1.0944496393203735 3.996607020544067 3.5061416625976563 2.6276814937591553 0.4436616897583008 6.665510200199493 2.1369199752807617 0.9673124551773071
359 1.093122959136963 4.003388068378181 3.504261016845703 2.6239683628082275 0.4593098759651184 6.663223863812536 2.137288808822632 0.9579771757125854
360 1.091986894607544 4.004572660073674 3.5073471069335938 2.6241443157196045 0.45372331142425537 6.66186170287536 2.1365859508514404 0.9556143283843994
361 1.0904000997543335 4.003384036792269 3.505676507949829 2.625408172607422 0.4501328766345978 6.661699756120422 2.1366262435913086 0.9590046405792236
362 1.0925211906433105 4.004239550834758 3.5074901580810547 2.6273515224456787 0.45304498076438904 6.6618000992775315 2.143339157104492 0.9588816165924072
363 1.0917290449142456 3.9990915073085342 3.505876302719116 2.6285436153411865 0.45562744140625 6.662657644148619 2.1469995975494385 0.957890510559082
364 1.0920072793960571 3.99634902866225 3.505750894546509 2.6282782554626465 0.4583468437194824 6.6615644905139355 2.1467058658599854 0.9576084613800049
365 1.092100977897644 3.9964541676118897 3.5057365894317627 2.6282782554626465 0.458519846200943 6.661596607670418 2.1467702388763428 0.9576591849327087
366 1.082896113395691 4.002410786092891 3.510200262069702 2.6199958324432373 0.45526525378227234 6.667608555754333 2.148066759109497 0.9506676197052002
367 1.0814791917800903 3.9944935228121574 3.5061194896698 2.6202306747436523 0.45149561762809753 6.669115673827292 2.144090175628662 0.9507626891136169
368 1.084473967552185 3.9980108690018614 3.5065054893493652 2.622335910797119 0.45080986618995667 6.668957011096277 2.145207166671753 0.9449037909507751
369 1.0844595432281494 3.9978049613132787 3.508251667022705 2.632695198059082 0.4510277509689331 6.668897001223107 2.139981746673584 0.8787128329277039
370 1.0845061540603638 3.999003828463421 3.507126569747925 2.625563621520996 0.45111677050590515 6.664299025603781 2.1436991691589355 0.938227653503418
371 1.087052822113037 3.9985973577754326 3.5067098140716553 2.6178219318389893 0.448288232088089 6.664927816888936 2.143136501312256 0.9463641047477722
372 1.086768627166748 4.000579967803771 3.5082530975341797 2.625467538833618 0.4488321542739868 6.664070266094464 2.145353317260742 0.9554556012153625
373 1.0884732007980347 3.9950274206985443 3.5093250274658203 2.6267595291137695 0.4498148262500763 6.659572654846208 2.1485776901245117 0.9572080373764038
374 1.0882270336151123 3.993086861449131 3.502552032470703 2.6266798973083496 0.445806622505188 6.6596302354264605 2.144778251647949 0.9573389887809753
375 1.0907673835754395 3.9969020532085593 3.503593921661377 2.6290829181671143 0.4552188217639923 6.657791820947855 2.144984245300293 0.9604067206382751
376 1.0886240005493164 3.995933944377083 3.499943971633911 2.629279375076294 0.45064491033554077 6.657163674212985 2.1378626823425293 0.9587608575820923
377 1.0881123542785645 3.9961264395781337 3.4970715045928955 2.629960298538208 0.44676870107650757 6.656710096376837 2.1359806060791016 0.9588823318481445
378 1.0815774202346802 3.9923647458738007 3.5002071857452393 2.6311447620391846 0.4477362632751465 6.659846794651711 2.1439342498779297 0.9625948071479797
379 1.0844168663024902 3.972399132432827 3.501546859741211 2.6300511360168457 0.45453962683677673 6.6730613455723695 2.159065008163452 0.9623461961746216
380 1.0854029655456543 3.9723956529799884 3.5027055740356445 2.63024640083313 0.4574267864227295 6.673179204080144 2.1594667434692383 0.9627208709716797
381 1.085947871208191 3.979706347365146 3.504263401031494 2.630021810531616 0.4593197703361511 6.674057496529323 2.163501024246216 0.9612368941307068
382 1.0859204530715942 3.9802103778244287 3.503728151321411 2.630016326904297 0.45927849411964417 6.673896563042109 2.1652657985687256 0.961227297782898
383 1.0854825973510742 3.9893082933306783 3.5044667720794678 2.6295599937438965 0.4611087143421173 6.678478762291053 2.170876979827881 0.9617388844490051
384 1.0838860273361206 3.9884400893923755 3.5033998489379883 2.628486394882202 0.4569166898727417 6.678682019281762 2.170596122741699 0.9596510529518127
385 1.0807061195373535 3.984429999703832 3.5043153762817383 2.628159999847412 0.4500403106212616 6.673643287334046 2.164825677871704 0.9590357542037964
386 1.0854191780090332 3.9890645768640067 3.505523681640625 2.6327781677246094 0.46018925309181213 6.671358990311761 2.1655046939849854 0.9669815897941589
387 1.0837956666946411 3.9860635146646723 3.505985975265503 2.6300244331359863 0.4594078063964844 6.672301686497863 2.162768602371216 0.9625551700592041
388 1.0832934379577637 3.986843232088984 3.5060086250305176 2.629490613937378 0.46088454127311707 6.673249291691952 2.1632139682769775 0.9616063833236694
389 1.082201600074768 3.9852235097601874 3.5049357414245605 2.629208564758301 0.45711472630500793 6.672368567522717 2.1619768142700195 0.9607614278793335
390 1.0811684131622314 3.9841573481587504 3.5058157444000244 2.627718448638916 0.4579241871833801 6.670838026973411 2.1606850624084473 0.9601178169250488
391 1.078258752822876 3.986048228230538 3.5055577754974365 2.627432107925415 0.4516485631465912 6.672795528905212 2.1680524349212646 0.9598252177238464
392 1.078285813331604 3.9856701864545685 3.5029118061065674 2.6232519149780273 0.4517930746078491 6.67264856994762 2.1678836345672607 0.9755709171295166
393 1.077150583267212 3.986260563289712 3.5036165714263916 2.6234190464019775 0.44892993569374084 6.672902779886893 2.169935464859009 0.9757115840911865
394 1.0771621465682983 3.986707026703231 3.4837841987609863 2.6221604347229004 0.44895538687705994 6.673035094157917 2.202463388442993 1.0058600902557373
395 1.0769225358963013 3.9884806718328463 3.4767861366271973 2.6215622425079346 0.44448554515838623 6.6733328337648885 2.1972293853759766 1.0056155920028687
396 1.0755561590194702 3.9875489411436287 3.47267484664917 2.6219067573547363 0.4422338306903839 6.673034265571417 2.2135372161865234 1.0057709217071533
397 1.0766956806182861 3.999987709630138 3.4729092121124268 2.62180495262146 0.444723904132843 6.6609665151777255 2.2112650871276855 1.0056191682815552
398 1.076836347579956 4.000026186723873 3.47285532951355 2.6264774799346924 0.4448615312576294 6.660863722807343 2.2109901905059814 1.002927541732788
399 1.0755336284637451 3.9764201519098576 3.472581624984741 2.626194715499878 0.4441681504249573 6.690417707634789 2.217597723007202 1.0016790628433228
400 1.0762584209442139 3.9763692602161305 3.472656011581421 2.6263275146484375 0.44575968384742737 6.690538983481351 2.2176449298858643 1.001859426498413
