init 1.0916062593460083 5.923450353707342 3.3965113162994385 4.235945224761963 0.0 0.0 0.0 0.0
1 1.0916062593460083 5.217319813807196 3.3943405151367188 4.257021427154541 0.0 3.230568175858481 1.1661081314086914 0.42541319131851196
2 1.0916062593460083 5.4378751148493345 3.397522449493408 4.257021427154541 0.0 3.5554462361814845 1.2702792882919312 0.42541319131851196
3 1.0916062593460083 5.645253619561226 3.4008805751800537 4.285409927368164 0.0 3.717631448072654 1.3637280464172363 0.6555094718933105
4 1.0916062593460083 5.62227697520143 3.432469129562378 4.286321640014648 0.0 3.7204756706554427 1.4789717197418213 0.6616333723068237
5 1.0916062593460083 5.656206126056046 3.432469129562378 4.286321640014648 0.0 3.703766934435573 1.4735288619995117 0.6616333723068237
6 1.0916062593460083 5.586322370421349 3.434384346008301 4.288928508758545 0.0 3.622818791271131 1.452525019645691 0.6709367036819458
7 1.0916062593460083 5.602882709089153 3.4343762397766113 4.288928508758545 0.0 3.6658404074818374 1.464992642402649 0.6709367036819458
8 1.0916062593460083 5.464945385289182 3.4434494972229004 4.288928508758545 0.0 3.6522519044816044 1.534206509590149 0.6709367036819458
9 1.0916062593460083 5.4681204223539694 3.4424686431884766 4.3126606941223145 0.0 3.6571026201941503 1.5484421253204346 0.8239760994911194
10 1.0916062593460083 5.473513370607581 3.431701421737671 4.314240455627441 0.0 3.6594440948704663 1.5265212059020996 0.8951305150985718
11 1.0916062593460083 5.459352391741618 3.4319064617156982 4.314240455627441 0.0 3.653663597752196 1.5264290571212769 0.8951305150985718
12 1.0916062593460083 5.459352391741618 3.432023763656616 4.314240455627441 0.0 3.653663597752196 1.5268827676773071 0.8951305150985718
13 1.0916062593460083 5.40170673017276 3.4321985244750977 4.314240455627441 0.0 3.6997062674308014 1.5422492027282715 0.8951305150985718
14 1.0916062593460083 5.4199464764939105 3.4333295822143555 4.307370185852051 0.0 3.7062765293838753 1.5694282054901123 0.8599599599838257
15 1.0916062593460083 5.453469898843816 3.430588960647583 4.307370185852051 0.0 3.703184397491879 1.5570493936538696 0.8599599599838257
16 1.0916062593460083 5.479960630427034 3.430588960647583 4.307370185852051 0.0 3.698399883094786 1.5557326078414917 0.8599599599838257
17 1.0916062593460083 5.479960630427034 3.431337594985962 4.307398796081543 0.0 3.698399883094786 1.5575730800628662 0.8600106239318848
18 1.0916062593460083 5.491424394837448 3.4032576084136963 4.308002948760986 0.0 3.6983582026439317 1.4357640743255615 0.8678135871887207
19 1.0916062593460083 5.1289271723266925 3.403128147125244 4.308002948760986 0.0 3.3506095121456507 1.329949975013733 0.8678135871887207
20 1.0916062593460083 5.237411587499131 3.395205020904541 4.332129001617432 0.0 3.6473161288447984 1.4184468984603882 0.9412312507629395
21 1.0916062593460083 5.222013509184113 3.3974099159240723 4.332129001617432 0.0 3.659325152897719 1.4353753328323364 0.9412312507629395
22 1.0916062593460083 5.191701652064281 3.4035754203796387 4.411312103271484 0.0 3.649788437819795 1.4512126445770264 1.078427791595459
23 1.0916062593460083 5.012522044367794 3.4078469276428223 4.411312103271484 0.0 3.3682078237806796 1.3822195529937744 1.078427791595459
24 1.0916062593460083 5.118151838493982 3.4078469276428223 4.411312103271484 0.0 3.5319238618922197 1.4392530918121338 1.078427791595459
25 1.0916062593460083 5.118151838493982 3.4135453701019287 4.411312103271484 0.0 3.5319238618922197 1.445988655090332 1.078427791595459
26 1.0916062593460083 5.118151838493982 3.4135513305664063 4.411312103271484 0.0 3.5319238618922197 1.4457718133926392 1.078427791595459
27 1.0916062593460083 5.132832087614581 3.4128148555755615 4.411312103271484 0.0 3.5496522218439224 1.4485422372817993 1.078427791595459
28 1.0916062593460083 5.19068332193056 3.4394898414611816 4.411312103271484 0.0 3.6346414165551644 1.5777703523635864 1.078427791595459
29 1.0916062593460083 5.193398654578467 3.4412736892700195 4.411776542663574 0.0 3.636462435621339 1.5780138969421387 1.0790051221847534
30 1.0916062593460083 5.193756701566979 3.4393670558929443 4.431037425994873 0.0 3.6369239934400595 1.5787914991378784 1.1564922332763672
31 1.0916062593460083 5.193756701566979 3.4393670558929443 4.431037425994873 0.0 3.6369239934400595 1.5787914991378784 1.1564922332763672
32 1.0916062593460083 5.235238856273545 3.4393670558929443 4.431037425994873 0.0 3.687565220907251 1.59260892868042 1.1564922332763672
33 1.0916062593460083 5.228377911668255 3.4411303997039795 4.431037425994873 0.0 3.691524326187722 1.5974583625793457 1.1564922332763672
34 1.0916062593460083 4.888062766964035 3.4411303997039795 4.431037425994873 0.0 3.4096172108719554 1.511679768562317 1.1564922332763672
35 1.0916062593460083 4.888062766964035 3.441127300262451 4.4333086013793945 0.0 3.4096172108719554 1.5126547813415527 1.1650526523590088
36 1.0916062593460083 4.894181271217621 3.440833568572998 4.412126541137695 0.0 3.4138283646359855 1.5044021606445313 1.0803334712982178
37 1.0916062593460083 4.894181271217621 3.445560932159424 4.412126541137695 0.0 3.4138283646359855 1.5142232179641724 1.0803334712982178
38 1.0916062593460083 4.89160097668238 3.445136070251465 4.412126541137695 0.0 3.427021921795862 1.5179542303085327 1.0803334712982178
39 1.0916062593460083 4.89160097668238 3.4425225257873535 4.412126541137695 0.0 3.427021921795862 1.5189975500106812 1.0803334712982178
40 1.0916062593460083 4.895034708500617 3.449815273284912 4.412126541137695 0.0 3.429322008281204 1.5402727127075195 1.0803334712982178
41 1.0916062593460083 4.896312581560582 3.451693058013916 4.425110340118408 0.0 3.4204817758164294 1.554915189743042 1.1241594552993774
42 1.0916062593460083 4.849796257542015 3.451693058013916 4.425110340118408 0.0 3.3654990288526947 1.5409678220748901 1.1241594552993774
43 1.0916062593460083 4.849796257542015 3.4472157955169678 4.425110340118408 0.0 3.3654990288526947 1.5286635160446167 1.1241594552993774
44 1.0916062593460083 4.849796257542015 3.4532201290130615 4.425110340118408 0.0 3.3654990288526947 1.5304319858551025 1.1241594552993774
45 1.0916062593460083 4.823355312306849 3.4535651206970215 4.424328804016113 0.0 3.328990626275844 1.5209118127822876 1.1213958263397217
46 1.0916062593460083 4.819179477301875 3.4685568809509277 4.424328804016113 0.0 3.352159651120046 1.5631952285766602 1.1213958263397217
47 1.0916062593460083 4.819179477301875 3.4721529483795166 4.424328804016113 0.0 3.352159651120046 1.5788862705230713 1.1213958263397217
48 1.0916062593460083 4.822923386436903 3.4721529483795166 4.424328804016113 0.0 3.3964657098911784 1.5898067951202393 1.1213958263397217
49 1.0916062593460083 4.803867069571291 3.472186326980591 4.424328804016113 0.0 3.3823555125808054 1.5864014625549316 1.1213958263397217
50 1.0916062593460083 4.803867069571291 3.4698197841644287 4.411380290985107 0.0 3.3823555125808054 1.5582640171051025 1.0775225162506104
51 1.0916062593460083 4.807166948834456 3.467979669570923 4.411380290985107 0.0 3.384892959677582 1.5669794082641602 1.0775225162506104
52 1.0916062593460083 4.811602188248329 3.4696381092071533 4.411380290985107 0.0 3.3882400255973106 1.5803654193878174 1.0775225162506104
53 1.0916062593460083 4.811602188248329 3.469204902648926 4.411380290985107 0.0 3.3882400255973106 1.5803653001785278 1.0775225162506104
54 1.0916062593460083 4.811602188248329 3.466501474380493 4.406341075897217 0.0 3.3882400255973106 1.5871268510818481 1.0539897680282593
55 1.0916062593460083 4.811602188248329 3.466501474380493 4.406341075897217 0.0 3.3882400255973106 1.5871268510818481 1.0539897680282593
56 1.0916062593460083 4.811602188248329 3.466501474380493 4.406341075897217 0.0 3.3882400255973106 1.5871268510818481 1.0539897680282593
57 1.0916062593460083 4.814236962745929 3.466501474380493 4.406341075897217 0.0 3.390507523557618 1.5876872539520264 1.0539897680282593
58 1.0916062593460083 4.955666156772336 3.417978048324585 4.406341075897217 0.0 3.5380095073716866 1.449087381362915 1.0539897680282593
59 1.0916062593460083 4.955666156772336 3.4179768562316895 4.406558990478516 0.0 3.5380095073716866 1.4491835832595825 1.0548810958862305
60 1.0916062593460083 5.197034189905831 3.4227678775787354 4.406558990478516 0.0 3.7459663142560875 1.5217807292938232 1.0548810958862305
61 1.0916062593460083 4.91411542659424 3.442803144454956 4.406558990478516 0.0 3.497625560162246 1.5184175968170166 1.0548810958862305
62 1.0916062593460083 4.913732047380575 3.4435904026031494 4.406558990478516 0.0 3.5166495565859996 1.5180878639221191 1.0548810958862305
63 1.0916062593460083 4.913732047380575 3.444847822189331 4.406558990478516 0.0 3.5166495565859996 1.5122807025909424 1.0548810958862305
64 1.0916062593460083 4.917814374121709 3.444847822189331 4.406558990478516 0.0 3.5449109644532157 1.5198974609375 1.0548810958862305
65 1.0916062593460083 4.908476147157787 3.444847822189331 4.406558990478516 0.0 3.508096861452022 1.5099802017211914 1.0548810958862305
66 1.0916062593460083 4.969468857642032 3.444847822189331 4.406558990478516 0.0 3.563035880334148 1.524794340133667 1.0548810958862305
67 1.0916062593460083 5.041439447690422 3.4450364112854004 4.406558990478516 0.0 3.7798945879776515 1.5942679643630981 1.0548810958862305
68 1.0916062593460083 4.964185488136822 3.4624462127685547 4.406894683837891 0.0 3.6415949065268682 1.584303855895996 1.0553269386291504
69 1.0916062593460083 5.001418521483665 3.4616925716400146 4.406894683837891 0.0 3.7022775805006627 1.6244492530822754 1.0553269386291504
70 1.0916062593460083 5.001418521483665 3.458811044692993 4.406894683837891 0.0 3.7022775805006627 1.6157782077789307 1.0553269386291504
71 1.0916062593460083 5.003882574215904 3.458811044692993 4.406894683837891 0.0 3.704016799689468 1.6162395477294922 1.0553269386291504
72 1.0916062593460083 5.003882574215904 3.4587743282318115 4.406894683837891 0.0 3.704016799689468 1.6163015365600586 1.0553269386291504
73 1.0916062593460083 5.004004764021843 3.4587743282318115 4.406894683837891 0.0 3.70410276205937 1.6163244247436523 1.0553269386291504
74 1.0916062593460083 5.300976362271277 3.455329656600952 4.406894683837891 0.0 3.8622443826986603 1.6422488689422607 1.0553269386291504
75 1.0916062593460083 5.301047957102572 3.455329656600952 4.406894683837891 0.0 3.862295121951378 1.642262578010559 1.0553269386291504
76 1.0916062593460083 5.302813923316183 3.457118034362793 4.406080722808838 0.0 3.8635465196900043 1.6624382734298706 1.0642406940460205
77 1.0916062593460083 5.302813923316183 3.4730894565582275 4.406080722808838 0.0 3.8635465196900043 1.6698073148727417 1.0642406940460205
78 1.0916062593460083 5.302813923316183 3.463895082473755 4.406080722808838 0.0 3.8635465196900043 1.668479084968567 1.0642406940460205
79 1.0916062593460083 5.302813923316183 3.435621500015259 4.406080722808838 0.0 3.8635465196900043 1.620383858680725 1.0642406940460205
80 1.0916062593460083 5.302796977058322 3.435621500015259 4.406080722808838 0.0 3.8635530485553438 1.6203856468200684 1.0642406940460205
81 1.0916062593460083 5.302796977058322 3.4423916339874268 4.406080722808838 0.0 3.8635530485553438 1.6352344751358032 1.0642406940460205
82 1.0916062593460083 5.307513190783538 3.4429776668548584 4.408323764801025 0.0 3.857898979058417 1.633914828300476 1.0692445039749146
83 1.0916062593460083 5.307513190783538 3.442939519882202 4.408162593841553 0.0 3.857898979058417 1.6307252645492554 1.0701979398727417
84 1.0916062593460083 5.306072607839198 3.4421744346618652 4.408162593841553 0.0 3.8568929979738886 1.6276912689208984 1.0701979398727417
85 1.0916062593460083 5.306072607839198 3.442089080810547 4.408162593841553 0.0 3.8568929979738886 1.6275829076766968 1.0701979398727417
86 1.0916062593460083 5.306072607839198 3.442260265350342 4.408162593841553 0.0 3.8568929979738886 1.6284962892532349 1.0701979398727417
87 1.0916062593460083 5.306072607839198 3.441807508468628 4.408162593841553 0.0 3.8568929979738886 1.6288262605667114 1.0701979398727417
88 1.0916062593460083 5.306072607839198 3.4386179447174072 4.408162593841553 0.0 3.8568929979738886 1.6279327869415283 1.0701979398727417
89 1.0916062593460083 5.299304950780791 3.4386179447174072 4.408162593841553 0.0 3.8619342073126557 1.6293153762817383 1.0701979398727417
90 1.0916062593460083 5.301174029306695 3.438521146774292 4.408162593841553 0.0 3.863234447570992 1.6275991201400757 1.0701979398727417
91 1.0916062593460083 5.301174029306695 3.4354159832000732 4.408162593841553 0.0 3.863234447570992 1.621782660484314 1.0701979398727417
92 1.0916062593460083 5.278742373228634 3.4353396892547607 4.408127307891846 0.0 3.821545569047185 1.6102819442749023 1.070035457611084
93 1.0916062593460083 5.278742373228634 3.435535430908203 4.407469272613525 0.0 3.821545569047185 1.6105494499206543 1.0698566436767578
94 1.0916062593460083 5.278742373228634 3.435535430908203 4.407469272613525 0.0 3.821545569047185 1.6105494499206543 1.0698566436767578
95 1.0916062593460083 5.278742373228634 3.4449944496154785 4.407469272613525 0.0 3.821545569047185 1.6154965162277222 1.0698566436767578
96 1.0916062593460083 5.278742373228634 3.4449944496154785 4.407469272613525 0.0 3.821545569047185 1.6154965162277222 1.0698566436767578
97 1.0916062593460083 5.278742373228634 3.4449944496154785 4.407469272613525 0.0 3.821545569047185 1.6154965162277222 1.0698566436767578
98 1.0916062593460083 5.278470332039484 3.4449944496154785 4.407469272613525 0.0 3.822830659418391 1.6158483028411865 1.0698566436767578
99 1.0916062593460083 5.110498954492385 3.4393513202667236 4.335572242736816 0.0 3.8217194971330533 1.594374179840088 0.9517058730125427
100 1.0916062593460083 5.032291172614592 3.4393513202667236 4.335572242736816 0.0 3.5129976149958906 1.5241445302963257 0.9517058730125427
101 1.0916062593460083 5.115521695833007 3.4393513202667236 4.335572242736816 0.0 3.615033151642685 1.5471714735031128 0.9517058730125427
102 1.0916062593460083 5.115521695833007 3.4393513202667236 4.335572242736816 0.0 3.615033151642685 1.5471714735031128 0.9517058730125427
103 1.0916062593460083 5.168413575485811 3.4394893646240234 4.335572242736816 0.0 3.6620315814961155 1.5568503141403198 0.9517058730125427
104 1.0916062593460083 5.166781771304273 3.4394893646240234 4.335572242736816 0.0 3.6608807466510815 1.55653715133667 0.9517058730125427
105 1.0916062593460083 5.166781771304273 3.4394893646240234 4.335572242736816 0.0 3.6608807466510815 1.55653715133667 0.9517058730125427
106 1.0916062593460083 5.166781771304273 3.4394893646240234 4.335572242736816 0.0 3.6608807466510815 1.55653715133667 0.9517058730125427
107 1.0916062593460083 5.166781771304273 3.4394850730895996 4.335572242736816 0.0 3.6608807466510815 1.556863784790039 0.9517058730125427
108 1.0916062593460083 5.166781771304273 3.4394850730895996 4.335572242736816 0.0 3.6608807466510815 1.556863784790039 0.9517058730125427
109 1.0916062593460083 5.169038309172965 3.4358038902282715 4.335572242736816 0.0 3.662489911298781 1.5566060543060303 0.9517058730125427
110 1.0916062593460083 5.169038309172965 3.4383676052093506 4.335572242736816 0.0 3.662489911298781 1.5546669960021973 0.9517058730125427
111 1.0916062593460083 5.130981474789975 3.436155080795288 4.335572242736816 0.0 3.653428138418704 1.5609090328216553 0.9517058730125427
112 1.0916062593460083 5.220891123816838 3.434138059616089 4.335572242736816 0.0 3.6887567089810314 1.569285273551941 0.9517058730125427
113 1.0916062593460083 5.222416045416793 3.432408332824707 4.335572242736816 0.0 3.6898361058721436 1.565761923789978 0.9517058730125427
114 1.0916062593460083 5.219931474254831 3.432408332824707 4.335572242736816 0.0 3.688072825651488 1.5652809143066406 0.9517058730125427
115 1.0916062593460083 5.219931474254831 3.4352645874023438 4.335572242736816 0.0 3.688072825651488 1.5618798732757568 0.9517058730125427
116 1.0916062593460083 5.219931474254831 3.4352407455444336 4.335572242736816 0.0 3.688072825651488 1.561584711074829 0.9517058730125427
117 1.0916062593460083 5.219931474254831 3.436389923095703 4.335572242736816 0.0 3.688072825651488 1.5569406747817993 0.9517058730125427
118 1.0916062593460083 5.219931474254831 3.436389923095703 4.335572242736816 0.0 3.688072825651488 1.5569406747817993 0.9517058730125427
119 1.0916062593460083 5.213823555857402 3.436502695083618 4.334094047546387 0.0 3.679871991002209 1.5547058582305908 0.9488294720649719
120 1.0916062593460083 5.213823555857402 3.436502695083618 4.334094047546387 0.0 3.679871991002209 1.5547058582305908 0.9488294720649719
121 1.0916062593460083 5.213823555857402 3.445021390914917 4.3342790603637695 0.0 3.679871991002209 1.5699862241744995 0.9496575593948364
122 1.0916062593460083 5.211329961707531 3.4451022148132324 4.3342790603637695 0.0 3.6774893482009734 1.570406436920166 0.9496575593948364
123 1.0916062593460083 5.211329961707531 3.42165470123291 4.3342790603637695 0.0 3.6774893482009734 1.5922844409942627 0.9496575593948364
124 1.0916062593460083 5.211312532194006 3.425586700439453 4.3342790603637695 0.0 3.6774949770239083 1.6162747144699097 0.9496575593948364
125 1.0916062593460083 5.214964775359055 3.425586700439453 4.3342790603637695 0.0 3.680082329897759 1.616956114768982 0.9496575593948364
126 1.0916062593460083 5.214964775359055 3.4237821102142334 4.3342790603637695 0.0 3.680082329897759 1.6214920282363892 0.9496575593948364
127 1.0916062593460083 5.210921868490534 3.4237821102142334 4.3342790603637695 0.0 3.677215196549969 1.6207391023635864 0.9496575593948364
128 1.0916062593460083 5.211612532122712 3.4240825176239014 4.355477809906006 0.0 3.6777094597931197 1.6294137239456177 1.0435740947723389
129 1.0916062593460083 5.211612532122712 3.4245994091033936 4.355477809906006 0.0 3.6777094597931197 1.6298820972442627 1.0435740947723389
130 1.0916062593460083 5.211612532122712 3.4253575801849365 4.349438190460205 0.0 3.6777094597931197 1.63151216506958 1.0522395372390747
131 1.0916062593460083 5.211612532122712 3.4249916076660156 4.329803466796875 0.0 3.6777094597931197 1.6234149932861328 0.9662996530532837
132 1.0916062593460083 5.211612532122712 3.424471378326416 4.329803466796875 0.0 3.6777094597931197 1.6224013566970825 0.9662996530532837
133 1.0916062593460083 5.213039434826172 3.4223480224609375 4.329803466796875 0.0 3.6789627574988093 1.6278271675109863 0.9662996530532837
134 1.0916062593460083 5.213039434826172 3.4223480224609375 4.329803466796875 0.0 3.6789627574988093 1.6278271675109863 0.9662996530532837
135 1.0916062593460083 5.166632929028667 3.4287269115448 4.329803466796875 0.0 3.608202363716204 1.6056243181228638 0.9662996530532837
136 1.0916062593460083 5.166632929028667 3.4287309646606445 4.329803466796875 0.0 3.608202363716204 1.605816125869751 0.9662996530532837
137 1.0916062593460083 5.0914628008869744 3.433258533477783 4.35220193862915 0.0 3.517155420984681 1.584850788116455 1.013347864151001
138 1.0916062593460083 5.0914628008869744 3.433258533477783 4.35220193862915 0.0 3.517155420984681 1.584850788116455 1.013347864151001
139 1.0916062593460083 5.085843564750353 3.433258533477783 4.35220193862915 0.0 3.5129320771059667 1.5848710536956787 1.013347864151001
140 1.0916062593460083 5.09539108438009 3.433258533477783 4.35220193862915 0.0 3.5239197591249223 1.584389567375183 1.013347864151001
141 1.0916062593460083 4.999699684029735 3.43127179145813 4.35220193862915 0.0 3.4416448297044533 1.5523958206176758 1.013347864151001
142 1.0916062593460083 5.190621606977541 3.43127179145813 4.35220193862915 0.0 3.665597815104362 1.6028190851211548 1.013347864151001
143 1.0916062593460083 5.1403228424258804 3.4312543869018555 4.35220193862915 0.0 3.657957468331865 1.604109764099121 1.013347864151001
144 1.0916062593460083 5.141161771645413 3.4307639598846436 4.35220193862915 0.0 3.6590225273322083 1.6268147230148315 1.013347864151001
145 1.0916062593460083 5.139744733025113 3.4307639598846436 4.35220193862915 0.0 3.6625368059975667 1.6279985904693604 1.013347864151001
146 1.0916062593460083 5.150749420996266 3.4307639598846436 4.35220193862915 0.0 3.660662470152388 1.6269148588180542 1.013347864151001
147 1.0916062593460083 5.090111375911903 3.4307639598846436 4.35220193862915 0.0 3.5836129239220207 1.606142282485962 1.013347864151001
148 1.0916062593460083 5.086151031494662 3.430785655975342 4.35220193862915 0.0 3.5419741683311465 1.5952210426330566 1.013347864151001
149 1.0916062593460083 5.14312599728307 3.4286367893218994 4.35220193862915 0.0 3.6294235121523855 1.6112817525863647 1.013347864151001
150 1.0916062593460083 5.144917998993544 3.4286367893218994 4.35220193862915 0.0 3.869903309973226 1.6774259805679321 1.013347864151001
151 1.0916062593460083 5.144917998993544 3.425281286239624 4.35220193862915 0.0 3.869903309973226 1.669587254524231 1.013347864151001
152 1.0916062593460083 5.2446757813959834 3.4243698120117188 4.35220193862915 0.0 3.901949720382824 1.6690993309020996 1.013347864151001
153 1.0916062593460083 5.181464159938674 3.4243478775024414 4.3523359298706055 0.0 3.852982292194763 1.6559183597564697 1.0137426853179932
154 1.0916062593460083 5.181464159938674 3.426037549972534 4.351903438568115 0.0 3.852982292194763 1.675270676612854 1.0119705200195313
155 1.0916062593460083 5.178179451329278 3.426037549972534 4.351903438568115 0.0 3.851020187856833 1.6747485399246216 1.0119705200195313
156 1.0916062593460083 5.178179451329278 3.426173686981201 4.351903438568115 0.0 3.851020187856833 1.6745926141738892 1.0119705200195313
157 1.0916062593460083 5.19362566986984 3.4313437938690186 4.351903438568115 0.0 3.6181558601455177 1.61318039894104 1.0119705200195313
158 1.0916062593460083 5.19362566986984 3.4309515953063965 4.366236209869385 0.0 3.6181558601455177 1.621870517730713 1.0597789287567139
159 1.0916062593460083 5.19362566986984 3.431042432785034 4.366236209869385 0.0 3.6181558601455177 1.6218806505203247 1.0597789287567139
160 1.0916062593460083 5.195212576911451 3.432236433029175 4.366236209869385 0.0 3.6190553680385946 1.615713357925415 1.0597789287567139
161 1.0916062593460083 5.195953557734789 3.4317803382873535 4.366109371185303 0.0 3.624808204004965 1.6037778854370117 1.0597562789916992
162 1.0916062593460083 5.195953557734789 3.43198561668396 4.366109371185303 0.0 3.624808204004965 1.6036498546600342 1.0597562789916992
163 1.0916062593460083 5.195953557734789 3.43198561668396 4.366109371185303 0.0 3.624808204004965 1.6036498546600342 1.0597562789916992
164 1.0916062593460083 5.195953557734789 3.429199695587158 4.366109371185303 0.0 3.624808204004965 1.6020017862319946 1.0597562789916992
165 1.0916062593460083 5.195953557734789 3.429199695587158 4.366109371185303 0.0 3.624808204004965 1.6020017862319946 1.0597562789916992
166 1.0916062593460083 5.195953557734789 3.429412364959717 4.352444171905518 0.0 3.624808204004965 1.593064785003662 1.0123885869979858
167 1.0916062593460083 5.195921048617955 3.429368734359741 4.352444171905518 0.0 3.624787070706561 1.592917561531067 1.0123885869979858
168 1.0916062593460083 5.195444402641572 3.4277849197387695 4.352444171905518 0.0 3.624170665896921 1.6040784120559692 1.0123885869979858
169 1.0916062593460083 5.185271870760679 3.4286515712738037 4.352444171905518 0.0 3.6118563932524985 1.603074550628662 1.0123885869979858
170 1.0916062593460083 5.169682701208061 3.4296460151672363 4.3663330078125 0.0 3.611260669286035 1.6064902544021606 1.0591471195220947
171 1.0916062593460083 5.158817053666622 3.4277656078338623 4.366184234619141 0.0 3.5968885248691884 1.6017926931381226 1.0591509342193604
172 1.0916062593460083 5.156619054046964 3.4277656078338623 4.366184234619141 0.0 3.5914346868084714 1.600375771522522 1.0591509342193604
173 1.0916062593460083 5.153206831539249 3.4480535984039307 4.366184234619141 0.0 3.561102859602927 1.5741463899612427 1.0591509342193604
174 1.0916062593460083 5.153206831539249 3.4495575428009033 4.366193771362305 0.0 3.561102859602927 1.581558346748352 1.0588291883468628
175 1.0916062593460083 5.145769568550424 3.4510509967803955 4.366193771362305 0.0 3.5494918779400284 1.5768016576766968 1.0588291883468628
176 1.0916062593460083 5.145769568550424 3.451002359390259 4.366193771362305 0.0 3.5494918779400284 1.5775542259216309 1.0588291883468628
177 1.0916062593460083 5.152187760044963 3.4510560035705566 4.366305828094482 0.0 3.578940387884713 1.5852367877960205 1.058843970298767
178 1.0916062593460083 5.15220499162235 3.4486992359161377 4.365818500518799 0.0 3.5789366425378697 1.5842331647872925 1.0561901330947876
179 1.0916062593460083 5.155068379893093 3.4486992359161377 4.365818500518799 0.0 3.5899483879864302 1.5871137380599976 1.0561901330947876
180 1.0916062593460083 5.153105764419168 3.4486992359161377 4.365818500518799 0.0 3.570796570515025 1.5821058750152588 1.0561901330947876
181 1.0916062593460083 5.153105764419168 3.448725938796997 4.365818500518799 0.0 3.570796570515025 1.5820285081863403 1.0561901330947876
182 1.0916062593460083 5.153105764419168 3.44653582572937 4.3641676902771 0.0 3.570796570515025 1.5856622457504272 1.0551296472549438
183 1.0916062593460083 5.129848394692658 3.4467294216156006 4.365660190582275 0.0 3.545646364341924 1.5792858600616455 1.0560460090637207
184 1.0916062593460083 5.129848394692658 3.4467294216156006 4.365660190582275 0.0 3.545646364341924 1.5792858600616455 1.0560460090637207
185 1.0916062593460083 5.134513557132739 3.447972536087036 4.365660190582275 0.0 3.5487120812045108 1.5705372095108032 1.0560460090637207
186 1.0916062593460083 5.134513557132739 3.447960615158081 4.365660190582275 0.0 3.5487120812045108 1.5708799362182617 1.0560460090637207
187 1.0916062593460083 5.134513557132739 3.4477736949920654 4.366751194000244 0.0 3.5487120812045108 1.5712122917175293 1.0587568283081055
188 1.0916062593460083 5.136354401133107 3.4477736949920654 4.366751194000244 0.0 3.5499004506365406 1.5715229511260986 1.0587568283081055
189 1.0916062593460083 5.136354401133107 3.448047399520874 4.3667449951171875 0.0 3.5499004506365406 1.5727001428604126 1.058890461921692
190 1.0916062593460083 5.136354401133107 3.44869327545166 4.3667449951171875 0.0 3.5499004506365406 1.5723693370819092 1.058890461921692
191 1.0916062593460083 5.136354401133107 3.44869327545166 4.3667449951171875 0.0 3.5499004506365406 1.5723693370819092 1.058890461921692
192 1.0916062593460083 5.136354401133107 3.4545156955718994 4.3667449951171875 0.0 3.5499004506365406 1.5700424909591675 1.058890461921692
193 1.0916062593460083 5.130811583802913 3.4554197788238525 4.3667449951171875 0.0 3.5417403277130246 1.5765564441680908 1.058890461921692
194 1.0916062593460083 5.130811583802913 3.455475330352783 4.3662896156311035 0.0 3.5417403277130246 1.5763883590698242 1.0575252771377563
195 1.0916062593460083 5.130811583802913 3.4536380767822266 4.367820739746094 0.0 3.5417403277130246 1.5713099241256714 1.0606650114059448
196 1.0916062593460083 5.149173435027802 3.4515833854675293 4.36754846572876 0.0 3.550076742331877 1.5779794454574585 1.0602704286575317
197 1.0916062593460083 5.121749174167538 3.4515833854675293 4.36754846572876 0.0 3.5576737863076 1.579958200454712 1.0602704286575317
198 1.0916062593460083 5.121749174167538 3.451463460922241 4.367129325866699 0.0 3.5576737863076 1.5798301696777344 1.0583438873291016
199 1.0916062593460083 5.121749174167538 3.4498398303985596 4.367129325866699 0.0 3.5576737863076 1.56528902053833 1.0583438873291016
200 1.0916062593460083 5.13709797003721 3.4504032135009766 4.354508399963379 0.0 3.572192187689568 1.5624908208847046 1.0128391981124878
201 1.0916062593460083 5.13709797003721 3.4504032135009766 4.354508399963379 0.0 3.572192187689568 1.5624908208847046 1.0128391981124878
202 1.0916062593460083 5.13709797003721 3.4503047466278076 4.354508399963379 0.0 3.572192187689568 1.5377490520477295 1.0128391981124878
203 1.0916062593460083 5.136264426178773 3.44980525970459 4.354430198669434 0.0 3.57040402312367 1.5348745584487915 1.0122939348220825
204 1.0916062593460083 5.136264426178773 3.4495956897735596 4.354430198669434 0.0 3.57040402312367 1.5257236957550049 1.0122939348220825
205 1.0916062593460083 5.136264426178773 3.4495911598205566 4.354430198669434 0.0 3.57040402312367 1.5257275104522705 1.0122939348220825
206 1.0916062593460083 5.136970313771544 3.4495911598205566 4.354430198669434 0.0 3.5708804703127033 1.525856614112854 1.0122939348220825
207 1.0916062593460083 5.136970313771544 3.4493815898895264 4.354430198669434 0.0 3.5708804703127033 1.5259145498275757 1.0122939348220825
208 1.0916062593460083 5.136970313771544 3.4493815898895264 4.354430198669434 0.0 3.5708804703127033 1.5259145498275757 1.0122939348220825
209 1.0916062593460083 5.136970313771544 3.4493815898895264 4.354430198669434 0.0 3.5708804703127033 1.5259145498275757 1.0122939348220825
210 1.0916062593460083 5.136970313771544 3.449355363845825 4.354430198669434 0.0 3.5708804703127033 1.525778889656067 1.0122939348220825
211 1.0916062593460083 5.136970313771544 3.4544944763183594 4.423351764678955 0.0 3.5708804703127033 1.547694206237793 1.1235634088516235
212 1.0916062593460083 5.136970313771544 3.4545083045959473 4.422634601593018 0.0 3.5708804703127033 1.5476762056350708 1.1222704648971558
213 1.0916062593460083 5.19460389984943 3.4545083045959473 4.422634601593018 0.0 3.655284683802516 1.5703136920928955 1.1222704648971558
214 1.0916062593460083 5.19460389984943 3.454793691635132 4.422634601593018 0.0 3.655284683802516 1.5717512369155884 1.1222704648971558
215 1.0916062593460083 5.19460389984943 3.4552509784698486 4.442622661590576 0.0 3.655284683802516 1.5813616514205933 1.199356198310852
216 1.0916062593460083 5.19460389984943 3.449979543685913 4.37296199798584 0.0 3.655284683802516 1.55979323387146 1.0951592922210693
217 1.0916062593460083 5.19460389984943 3.449979543685913 4.37296199798584 0.0 3.655284683802516 1.55979323387146 1.0951592922210693
218 1.0916062593460083 5.19460389984943 3.449979543685913 4.37296199798584 0.0 3.655284683802516 1.55979323387146 1.0951592922210693
219 1.0916062593460083 5.19460389984943 3.449979543685913 4.37296199798584 0.0 3.655284683802516 1.55979323387146 1.0951592922210693
220 1.0916062593460083 5.19460389984943 3.449979543685913 4.37296199798584 0.0 3.655284683802516 1.55979323387146 1.0951592922210693
221 1.0916062593460083 5.194176672282772 3.449979543685913 4.37296199798584 0.0 3.6541870958873743 1.5594956874847412 1.0951592922210693
222 1.0916062593460083 5.194176672282772 3.4499967098236084 4.37296199798584 0.0 3.6541870958873743 1.5596249103546143 1.0951592922210693
223 1.0916062593460083 5.199787983566363 3.4499967098236084 4.37296199798584 0.0 3.6578328570505456 1.5606136322021484 1.0951592922210693
224 1.0916062593460083 5.199371759909603 3.4499967098236084 4.37296199798584 0.0 3.656641140059309 1.5602904558181763 1.0951592922210693
225 1.0916062593460083 5.199371759909603 3.4499967098236084 4.37296199798584 0.0 3.656641140059309 1.5602904558181763 1.0951592922210693
226 1.0916062593460083 5.195821428974012 3.449995517730713 4.37296199798584 0.0 3.6543470516615315 1.559657096862793 1.0951592922210693
227 1.0916062593460083 5.1785553837882805 3.4526848793029785 4.372615337371826 0.0 3.631458344357425 1.5606430768966675 1.0951272249221802
228 1.0916062593460083 5.1785553837882805 3.4526848793029785 4.372615337371826 0.0 3.631458344357425 1.5606430768966675 1.0951272249221802
229 1.0916062593460083 5.1785553837882805 3.454930305480957 4.385539531707764 0.0 3.631458344357425 1.5671496391296387 1.137020230293274
230 1.0916062593460083 5.1785553837882805 3.4521403312683105 4.385539531707764 0.0 3.631458344357425 1.5689468383789063 1.137020230293274
231 1.0916062593460083 5.1785553837882805 3.4519460201263428 4.365015983581543 0.0 3.631458344357425 1.5605239868164063 1.055385708808899
232 1.0916062593460083 5.1785553837882805 3.4519460201263428 4.365015983581543 0.0 3.631458344357425 1.5605239868164063 1.055385708808899
233 1.0916062593460083 5.1785553837882805 3.450608253479004 4.365015983581543 0.0 3.631458344357425 1.550276517868042 1.055385708808899
234 1.0916062593460083 5.179299821915375 3.450608253479004 4.365015983581543 0.0 3.6319454040022414 1.5504084825515747 1.055385708808899
235 1.0916062593460083 5.17927418765051 3.450608253479004 4.365015983581543 0.0 3.6319511105274898 1.5504100322723389 1.055385708808899
236 1.0916062593460083 5.17927418765051 3.448075294494629 4.365307331085205 0.0 3.6319511105274898 1.5522079467773438 1.055458664894104
237 1.0916062593460083 5.17927418765051 3.448079824447632 4.365307331085205 0.0 3.6319511105274898 1.5518721342086792 1.055458664894104
238 1.0916062593460083 5.17927418765051 3.448079824447632 4.365307331085205 0.0 3.6319511105274898 1.5518721342086792 1.055458664894104
239 1.0916062593460083 5.17927418765051 3.448079824447632 4.365307331085205 0.0 3.6319511105274898 1.5518721342086792 1.055458664894104
240 1.0916062593460083 5.17927418765051 3.4788308143615723 4.365307331085205 0.0 3.6319511105274898 1.6564397811889648 1.055458664894104
241 1.0916062593460083 5.171496753410033 3.4788308143615723 4.365307331085205 0.0 3.626759082493431 1.6551226377487183 1.055458664894104
242 1.0916062593460083 5.171496753410033 3.4788308143615723 4.365307331085205 0.0 3.626759082493431 1.6551226377487183 1.055458664894104
243 1.0916062593460083 5.182265249662805 3.4790453910827637 4.365307331085205 0.0 3.6273573035930897 1.655457615852356 1.055458664894104
244 1.0916062593460083 5.182265249662805 3.4790263175964355 4.365489482879639 0.0 3.6273573035930897 1.6553765535354614 1.0549407005310059
245 1.0916062593460083 5.169956152939292 3.4790263175964355 4.365489482879639 0.0 3.6032880174638495 1.6492819786071777 1.0549407005310059
246 1.0916062593460083 5.180191603133111 3.4792532920837402 4.365489482879639 0.0 3.6218893961372625 1.6529239416122437 1.0549407005310059
247 1.0916062593460083 5.16779865465911 3.4818739891052246 4.365489482879639 0.0 3.601956266001134 1.6453014612197876 1.0549407005310059
248 1.0916062593460083 5.162967136160697 3.48211669921875 4.363672256469727 0.0 3.5986184145493114 1.643416166305542 1.0470165014266968
249 1.0916062593460083 5.162967136160697 3.48211669921875 4.363672256469727 0.0 3.5986184145493114 1.643416166305542 1.0470165014266968
250 1.0916062593460083 5.12504473327992 3.48211669921875 4.363672256469727 0.0 3.543014286394266 1.629374384880066 1.0470165014266968
251 1.0916062593460083 5.12504473327992 3.4820687770843506 4.361759185791016 0.0 3.543014286394266 1.6284582614898682 1.046343445777893
252 1.0916062593460083 5.12504473327992 3.48210072517395 4.361759185791016 0.0 3.543014286394266 1.6284209489822388 1.046343445777893
253 1.0916062593460083 5.115519843964685 3.482296943664551 4.348047256469727 0.0 3.5349022103302508 1.6176822185516357 1.0004372596740723
254 1.0916062593460083 5.115519843964685 3.4803359508514404 4.348047256469727 0.0 3.5349022103302508 1.5972589254379272 1.0004372596740723
255 1.0916062593460083 5.115519843964685 3.4803359508514404 4.348047256469727 0.0 3.5349022103302508 1.5972589254379272 1.0004372596740723
256 1.0916062593460083 5.122597700754986 3.480459213256836 4.347997188568115 0.0 3.539805247637036 1.5985044240951538 1.0008519887924194
257 1.0916062593460083 5.122113944572243 3.480459213256836 4.347997188568115 0.0 3.5394761421872576 1.5984203815460205 1.0008519887924194
258 1.0916062593460083 5.122113944572243 3.482095241546631 4.353826522827148 0.0 3.5394761421872576 1.597496509552002 1.0193805694580078
259 1.0916062593460083 5.122113944572243 3.4827027320861816 4.353826522827148 0.0 3.5394761421872576 1.5922479629516602 1.0193805694580078
260 1.0916062593460083 5.122113944572243 3.4839026927948 4.353826522827148 0.0 3.5394761421872576 1.6086634397506714 1.0193805694580078
261 1.0916062593460083 5.122113944572243 3.4842309951782227 4.353826522827148 0.0 3.5394761421872576 1.6090672016143799 1.0193805694580078
262 1.0916062593460083 5.122368516449349 3.481692314147949 4.353636741638184 0.0 3.5396937105878936 1.5997209548950195 1.0190987586975098
263 1.0916062593460083 5.122031743941637 3.481692314147949 4.353636741638184 0.0 3.539464199773379 1.599662184715271 1.0190987586975098
264 1.0916062593460083 5.122031743941637 3.478264808654785 4.353636741638184 0.0 3.539464199773379 1.5845012664794922 1.0190987586975098
265 1.0916062593460083 5.122031743941637 3.4844353199005127 4.353636741638184 0.0 3.539464199773379 1.583511471748352 1.0190987586975098
266 1.0916062593460083 5.122031743941637 3.4836840629577637 4.427084922790527 0.0 3.539464199773379 1.605891466140747 1.1307463645935059
267 1.0916062593460083 5.121410012462298 3.4840409755706787 4.427084922790527 0.0 3.538932696627014 1.6044203042984009 1.1307463645935059
268 1.0916062593460083 5.121410012462298 3.4840409755706787 4.427084922790527 0.0 3.538932696627014 1.6044203042984009 1.1307463645935059
269 1.0916062593460083 5.121410012462298 3.483564853668213 4.427084922790527 0.0 3.538932696627014 1.6101491451263428 1.1307463645935059
270 1.0916062593460083 5.120402294597858 3.4873392581939697 4.427084922790527 0.0 3.5381598586283176 1.6191120147705078 1.1307463645935059
271 1.0916062593460083 5.113353847841532 3.4873392581939697 4.427084922790527 0.0 3.5332497750164173 1.617870569229126 1.1307463645935059
272 1.0916062593460083 5.115237970143527 3.486971139907837 4.427084922790527 0.0 3.5345808785885127 1.6163238286972046 1.1307463645935059
273 1.0916062593460083 5.115237970143527 3.486971139907837 4.427084922790527 0.0 3.5345808785885127 1.6163238286972046 1.1307463645935059
274 1.0916062593460083 5.115237970143527 3.4865505695343018 4.427175521850586 0.0 3.5345808785885127 1.614348292350769 1.1304678916931152
275 1.0916062593460083 5.115237970143527 3.4865505695343018 4.427175521850586 0.0 3.5345808785885127 1.614348292350769 1.1304678916931152
276 1.0916062593460083 5.115237970143527 3.4863972663879395 4.427175521850586 0.0 3.5345808785885127 1.6144882440567017 1.1304678916931152
277 1.0916062593460083 5.115237970143527 3.4864091873168945 4.427175521850586 0.0 3.5345808785885127 1.6145261526107788 1.1304678916931152
278 1.0916062593460083 5.108683264949186 3.4878482818603516 4.427175521850586 0.0 3.529889834600326 1.6182184219360352 1.1304678916931152
279 1.0916062593460083 5.126109822860005 3.4878482818603516 4.427175521850586 0.0 3.554127723709035 1.6243464946746826 1.1304678916931152
280 1.0916062593460083 5.126109822860005 3.4879093170166016 4.427175521850586 0.0 3.554127723709035 1.6243870258331299 1.1304678916931152
281 1.0916062593460083 5.129082604167037 3.4855988025665283 4.427175521850586 0.0 3.5557424478794815 1.618004322052002 1.1304678916931152
282 1.0916062593460083 5.129082604167037 3.4855988025665283 4.427175521850586 0.0 3.5557424478794815 1.618004322052002 1.1304678916931152
283 1.0916062593460083 5.125124181906698 3.4855988025665283 4.427175521850586 0.0 3.552935364183883 1.6172904968261719 1.1304678916931152
284 1.0916062593460083 5.125124181906698 3.4855988025665283 4.427175521850586 0.0 3.552935364183883 1.6172904968261719 1.1304678916931152
285 1.0916062593460083 5.125124181906698 3.4870452880859375 4.427175521850586 0.0 3.552935364183883 1.6369668245315552 1.1304678916931152
286 1.0916062593460083 5.125124181906698 3.4870452880859375 4.427175521850586 0.0 3.552935364183883 1.6369668245315552 1.1304678916931152
287 1.0916062593460083 5.125124181906698 3.4880871772766113 4.427175521850586 0.0 3.552935364183883 1.6408730745315552 1.1304678916931152
288 1.0916062593460083 5.126502162994881 3.4877450466156006 4.427175521850586 0.0 3.553919296409585 1.6413536071777344 1.1304678916931152
289 1.0916062593460083 5.1287645852091694 3.4877450466156006 4.427175521850586 0.0 3.555880666672585 1.6418451070785522 1.1304678916931152
290 1.0916062593460083 5.129561740424935 3.4877450466156006 4.427175521850586 0.0 3.556571825879892 1.6420183181762695 1.1304678916931152
291 1.0916062593460083 5.146925275186254 3.4877450466156006 4.427175521850586 0.0 3.5716576070864736 1.645803451538086 1.1304678916931152
292 1.0916062593460083 5.147056915734103 3.494997024536133 4.427175521850586 0.0 3.5716449332359237 1.6645700931549072 1.1304678916931152
293 1.0916062593460083 5.147056915734103 3.494216203689575 4.427175521850586 0.0 3.5716449332359237 1.667600393295288 1.1304678916931152
294 1.0916062593460083 5.147056915734103 3.494293689727783 4.427895545959473 0.0 3.5716449332359237 1.6678802967071533 1.1332464218139648
295 1.0916062593460083 5.147056915734103 3.494293689727783 4.427895545959473 0.0 3.5716449332359237 1.6678802967071533 1.1332464218139648
296 1.0916062593460083 5.147056915734103 3.494293689727783 4.427895545959473 0.0 3.5716449332359237 1.6678802967071533 1.1332464218139648
297 1.0916062593460083 5.147056915734103 3.494293689727783 4.427895545959473 0.0 3.5716449332359237 1.6678802967071533 1.1332464218139648
298 1.0916062593460083 5.147198996257835 3.494293689727783 4.427895545959473 0.0 3.5717458405544336 1.6679052114486694 1.1332464218139648
299 1.0916062593460083 5.139564206358028 3.494300603866577 4.427895545959473 0.0 3.566205702070705 1.666266918182373 1.1332464218139648
300 1.0916062593460083 5.133767736561168 3.4943182468414307 4.427972316741943 0.0 3.561163372913384 1.6650339365005493 1.1335631608963013
301 1.0916062593460083 5.133767736561168 3.4843716621398926 4.427972316741943 0.0 3.561163372913384 1.665566086769104 1.1335631608963013
302 1.0916062593460083 5.129311917064004 3.4843716621398926 4.427972316741943 0.0 3.5572911710934276 1.664608120918274 1.1335631608963013
303 1.0916062593460083 5.1288449673161605 3.4844095706939697 4.427972316741943 0.0 3.556944161872804 1.6645867824554443 1.1335631608963013
304 1.0916062593460083 5.131968271725395 3.4846017360687256 4.449012279510498 0.0 3.5592465198110226 1.6735543012619019 1.2140636444091797
305 1.0916062593460083 5.131968271725395 3.4846014976501465 4.449012279510498 0.0 3.5592465198110226 1.6735466718673706 1.2140636444091797
306 1.0916062593460083 5.131968271725395 3.486867666244507 4.449012279510498 0.0 3.5592465198110226 1.6738022565841675 1.2140636444091797
307 1.0916062593460083 5.130835112843489 3.4860754013061523 4.449012279510498 0.0 3.5582623509435205 1.6710773706436157 1.2140636444091797
308 1.0916062593460083 5.130835112843489 3.4860754013061523 4.449012279510498 0.0 3.5582623509435205 1.6710773706436157 1.2140636444091797
309 1.0916062593460083 5.137311028111055 3.4851088523864746 4.449012279510498 0.0 3.562910399628714 1.6654202938079834 1.2140636444091797
310 1.0916062593460083 5.137311028111055 3.48490834236145 4.428122043609619 0.0 3.562910399628714 1.6570311784744263 1.134058952331543
311 1.0916062593460083 5.134070895051819 3.484703540802002 4.428122043609619 0.0 3.560606107031397 1.6564680337905884 1.134058952331543
312 1.0916062593460083 5.133170088514963 3.4851155281066895 4.428122043609619 0.0 3.5599576315154073 1.6555334329605103 1.134058952331543
313 1.0916062593460083 5.133170088514963 3.484699010848999 4.4263691902160645 0.0 3.5599576315154073 1.6555200815200806 1.1303915977478027
314 1.0916062593460083 5.133170088514963 3.487471580505371 4.42770528793335 0.0 3.5599576315154073 1.6589840650558472 1.1323641538619995
315 1.0916062593460083 5.125774450967743 3.487470865249634 4.42770528793335 0.0 3.554511417121296 1.6570074558258057 1.1323641538619995
316 1.0916062593460083 5.125774450967743 3.486973524093628 4.42770528793335 0.0 3.554511417121296 1.6599876880645752 1.1323641538619995
317 1.0916062593460083 5.125774450967743 3.487022638320923 4.42770528793335 0.0 3.554511417121296 1.6600006818771362 1.1323641538619995
318 1.0916062593460083 5.140920957680383 3.4865903854370117 4.42770528793335 0.0 3.569375085353884 1.6641032695770264 1.1323641538619995
319 1.0916062593460083 5.160025551064361 3.4865903854370117 4.42770528793335 0.0 3.6037922824155695 1.6726657152175903 1.1323641538619995
320 1.0916062593460083 5.164363583624289 3.486590623855591 4.42770528793335 0.0 3.6153717612425234 1.6755534410476685 1.1323641538619995
321 1.0916062593460083 5.160960545564192 3.486590623855591 4.42770528793335 0.0 3.606286399237761 1.6732860803604126 1.1323641538619995
322 1.0916062593460083 5.160960545564192 3.4845893383026123 4.42770528793335 0.0 3.606286399237761 1.6698623895645142 1.1323641538619995
323 1.0916062593460083 5.160960545564192 3.4845893383026123 4.42770528793335 0.0 3.606286399237761 1.6698623895645142 1.1323641538619995
324 1.0916062593460083 5.162815421275074 3.4868695735931396 4.42770528793335 0.0 3.6044161378438573 1.6659353971481323 1.1323641538619995
325 1.0916062593460083 5.162815421275074 3.488956928253174 4.42770528793335 0.0 3.6044161378438573 1.6687073707580566 1.1323641538619995
326 1.0916062593460083 5.162815421275074 3.4888806343078613 4.427134990692139 0.0 3.6044161378438573 1.6679919958114624 1.1299819946289063
327 1.0916062593460083 5.162815421275074 3.4881319999694824 4.427134990692139 0.0 3.6044161378438573 1.6748241186141968 1.1299819946289063
328 1.0916062593460083 5.172181939255349 3.489205837249756 4.42791223526001 0.0 3.611165803362106 1.6720012426376343 1.130934476852417
329 1.0916062593460083 5.172181939255349 3.4903738498687744 4.427995204925537 0.0 3.611165803362106 1.6763249635696411 1.1307404041290283
330 1.0916062593460083 5.170669216949312 3.4879229068756104 4.428035736083984 0.0 3.627565352383183 1.6823639869689941 1.1309369802474976
331 1.0916062593460083 5.168439691694163 3.4879183769226074 4.428035736083984 0.0 3.6277748585600604 1.682371735572815 1.1309369802474976
332 1.0916062593460083 5.159692222226394 3.4879183769226074 4.428035736083984 0.0 3.6214455260851888 1.6807928085327148 1.1309369802474976
333 1.0916062593460083 5.1871715703734536 3.4879183769226074 4.428035736083984 0.0 3.6388808551578014 1.6851452589035034 1.1309369802474976
334 1.0916062593460083 5.1871715703734536 3.4879183769226074 4.428035736083984 0.0 3.6388808551578014 1.6851452589035034 1.1309369802474976
335 1.0916062593460083 5.1871715703734536 3.487844228744507 4.428035736083984 0.0 3.6388808551578014 1.6770039796829224 1.1309369802474976
336 1.0916062593460083 5.188920240273279 3.487844228744507 4.428035736083984 0.0 3.6400962581389744 1.6773091554641724 1.1309369802474976
337 1.0916062593460083 5.188920240273279 3.4878270626068115 4.427924156188965 0.0 3.6400962581389744 1.6772398948669434 1.1306790113449097
338 1.0916062593460083 5.188819418235308 3.4878270626068115 4.427924156188965 0.0 3.6398302409729424 1.677173137664795 1.1306790113449097
339 1.0916062593460083 5.188819418235308 3.4876537322998047 4.427924156188965 0.0 3.6398302409729424 1.6982535123825073 1.1306790113449097
340 1.0916062593460083 5.190925641901396 3.4876701831817627 4.427924156188965 0.0 3.641278240862736 1.6986808776855469 1.1306790113449097
341 1.0916062593460083 5.190925641901396 3.4876701831817627 4.427924156188965 0.0 3.641278240862736 1.6986808776855469 1.1306790113449097
342 1.0916062593460083 5.190925641901396 3.486868143081665 4.439966201782227 0.0 3.641278240862736 1.702572226524353 1.1697064638137817
343 1.0916062593460083 5.192118603446563 3.4894626140594482 4.439966201782227 0.0 3.6420906722917916 1.7019381523132324 1.1697064638137817
344 1.0916062593460083 5.211841006950069 3.4894626140594482 4.439966201782227 0.0 3.668051510071829 1.7083779573440552 1.1697064638137817
345 1.0916062593460083 5.211841006950069 3.4894626140594482 4.439966201782227 0.0 3.668051510071829 1.7083779573440552 1.1697064638137817
346 1.0916062593460083 5.211841006950069 3.4894635677337646 4.439967155456543 0.0 3.668051510071829 1.7083927392959595 1.1697847843170166
347 1.0916062593460083 5.211841006950069 3.4894635677337646 4.439967155456543 0.0 3.668051510071829 1.7083927392959595 1.1697847843170166
348 1.0916062593460083 5.211841006950069 3.4894635677337646 4.439967155456543 0.0 3.668051510071829 1.7083927392959595 1.1697847843170166
349 1.0916062593460083 5.226730121062376 3.4899046421051025 4.44000244140625 0.0 3.8051226617890457 1.7474699020385742 1.169594407081604
350 1.0916062593460083 5.222202077847426 3.4899046421051025 4.44000244140625 0.0 3.802143462866124 1.7467193603515625 1.169594407081604
351 1.0916062593460083 5.222202077847426 3.4899046421051025 4.44000244140625 0.0 3.802143462866124 1.7467193603515625 1.169594407081604
352 1.0916062593460083 5.198327633957104 3.4899046421051025 4.44000244140625 0.0 3.716880157383431 1.725351095199585 1.169594407081604
353 1.0916062593460083 5.196422481572888 3.489901065826416 4.44000244140625 0.0 3.7025133440709608 1.72185218334198 1.169594407081604
354 1.0916062593460083 5.196851182910509 3.489901065826416 4.44000244140625 0.0 3.702876188169017 1.72194242477417 1.169594407081604
355 1.0916062593460083 5.196851182910509 3.4898979663848877 4.44000244140625 0.0 3.702876188169017 1.7219324111938477 1.169594407081604
356 1.0916062593460083 5.164035985560994 3.4898765087127686 4.44000244140625 0.0 3.6483698467945156 1.7082719802856445 1.169594407081604
357 1.0916062593460083 5.164294202496192 3.4898765087127686 4.44000244140625 0.0 3.648643916900203 1.7083396911621094 1.169594407081604
358 1.0916062593460083 5.164294202496192 3.489961624145508 4.44000244140625 0.0 3.648643916900203 1.7084842920303345 1.169594407081604
359 1.0916062593460083 5.164294202496192 3.494889497756958 4.44000244140625 0.0 3.648643916900203 1.712620735168457 1.169594407081604
360 1.0916062593460083 5.164294202496192 3.4922213554382324 4.415940284729004 0.0 3.648643916900203 1.6954411268234253 1.1123038530349731
361 1.0916062593460083 5.164294202496192 3.4922213554382324 4.415940284729004 0.0 3.648643916900203 1.6954411268234253 1.1123038530349731
362 1.0916062593460083 5.160160333592297 3.4922213554382324 4.415940284729004 0.0 3.6458948071226653 1.6947565078735352 1.1123038530349731
363 1.0916062593460083 5.162327708950149 3.4922213554382324 4.415940284729004 0.0 3.6473444980857592 1.6951175928115845 1.1123038530349731
364 1.0916062593460083 5.162327708950149 3.4922213554382324 4.415940284729004 0.0 3.6473444980857592 1.6951175928115845 1.1123038530349731
365 1.0916062593460083 5.18394411037011 3.4922213554382324 4.415940284729004 0.0 3.6735118276493086 1.7016443014144897 1.1123038530349731
366 1.0916062593460083 5.18394411037011 3.4922311305999756 4.415940284729004 0.0 3.6735118276493086 1.7016438245773315 1.1123038530349731
367 1.0916062593460083 5.274880369647513 3.4922311305999756 4.415940284729004 0.0 3.7993143414643535 1.7333165407180786 1.1123038530349731
368 1.0916062593460083 5.268946178721974 3.4866995811462402 4.344388961791992 0.0 3.795378435536856 1.712435007095337 1.003096103668213
369 1.0916062593460083 5.267659772740266 3.4866816997528076 4.3446173667907715 0.0 3.8379348940406004 1.7235110998153687 1.0036797523498535
370 1.0916062593460083 5.276542901493014 3.486685276031494 4.3446173667907715 0.0 3.8321633009111706 1.7220559120178223 1.0036797523498535
371 1.0916062593460083 5.265038118166138 3.485999345779419 4.3446173667907715 0.0 3.8476875527906556 1.72340726852417 1.0036797523498535
372 1.0916062593460083 5.265038118166138 3.485999345779419 4.3446173667907715 0.0 3.8476875527906556 1.72340726852417 1.0036797523498535
373 1.0916062593460083 5.27315155723695 3.485999345779419 4.3446173667907715 0.0 3.890869952781659 1.734590768814087 1.0036797523498535
374 1.0916062593460083 5.240528760867376 3.485999345779419 4.3446173667907715 0.0 3.8543317114702966 1.7251245975494385 1.0036797523498535
375 1.0916062593460083 5.240528760867376 3.4519577026367188 4.3446173667907715 0.0 3.8543317114702966 1.6327366828918457 1.0036797523498535
376 1.0916062593460083 5.240528760867376 3.449028491973877 4.3446173667907715 0.0 3.8543317114702966 1.6299928426742554 1.0036797523498535
377 1.0916062593460083 5.240528760867376 3.449028491973877 4.3446173667907715 0.0 3.8543317114702966 1.6299928426742554 1.0036797523498535
378 1.0916062593460083 5.191161587860501 3.4490251541137695 4.3446173667907715 0.0 3.688456537052291 1.5849145650863647 1.0036797523498535
379 1.0916062593460083 5.186939810497939 3.4490251541137695 4.3446173667907715 0.0 3.6768417262597843 1.581788420677185 1.0036797523498535
380 1.0916062593460083 5.192110652230333 3.447697877883911 4.3446173667907715 0.0 3.6725025332734056 1.5799697637557983 1.0036797523498535
381 1.0916062593460083 5.192110652230333 3.447699546813965 4.3446173667907715 0.0 3.6725025332734056 1.5799789428710938 1.0036797523498535
382 1.0916062593460083 5.192110652230333 3.447699546813965 4.3446173667907715 0.0 3.6725025332734056 1.5799789428710938 1.0036797523498535
383 1.0916062593460083 5.192110652230333 3.447699546813965 4.3446173667907715 0.0 3.6725025332734056 1.5799789428710938 1.0036797523498535
384 1.0916062593460083 5.192110652230333 3.447699546813965 4.3446173667907715 0.0 3.6725025332734056 1.5799789428710938 1.0036797523498535
385 1.0916062593460083 5.196365999276801 3.447699546813965 4.3446173667907715 0.0 3.675392165627211 1.5807563066482544 1.0036797523498535
386 1.0916062593460083 5.196365999276801 3.4479024410247803 4.365610122680664 0.0 3.675392165627211 1.5894286632537842 1.0920963287353516
387 1.0916062593460083 5.196365999276801 3.4479024410247803 4.365610122680664 0.0 3.675392165627211 1.5894286632537842 1.0920963287353516
388 1.0916062593460083 5.196365999276801 3.4479024410247803 4.365610122680664 0.0 3.675392165627211 1.5894286632537842 1.0920963287353516
389 1.0916062593460083 5.2015804415917195 3.4479024410247803 4.365610122680664 0.0 3.68400288961586 1.5917339324951172 1.0920963287353516
390 1.0916062593460083 5.2015804415917195 3.4479024410247803 4.365610122680664 0.0 3.68400288961586 1.5917339324951172 1.0920963287353516
391 1.0916062593460083 5.2015804415917195 3.448061227798462 4.365610122680664 0.0 3.68400288961586 1.6006436347961426 1.0920963287353516
392 1.0916062593460083 5.2015804415917195 3.448061227798462 4.365610122680664 0.0 3.68400288961586 1.6006436347961426 1.0920963287353516
393 1.0916062593460083 5.2015804415917195 3.4463093280792236 4.365610122680664 0.0 3.68400288961586 1.5955561399459839 1.0920963287353516
394 1.0916062593460083 5.204900077589061 3.4463093280792236 4.365610122680664 0.0 3.686206420667021 1.5961449146270752 1.0920963287353516
395 1.0916062593460083 5.198692318655148 3.4463093280792236 4.365610122680664 0.0 3.682052015703302 1.5950349569320679 1.0920963287353516
396 1.0916062593460083 5.198692318655148 3.4463093280792236 4.365610122680664 0.0 3.682052015703302 1.5950349569320679 1.0920963287353516
397 1.0916062593460083 5.202802925692047 3.444704294204712 4.365610122680664 0.0 3.6848191708669686 1.6029589176177979 1.0920963287353516
398 1.0916062593460083 5.203885655612304 3.4441285133361816 4.365610122680664 0.0 3.685910486854388 1.5950499773025513 1.0920963287353516
399 1.0916062593460083 5.203885655612304 3.444149971008301 4.365610122680664 0.0 3.685910486854388 1.5947219133377075 1.0920963287353516
400 1.0916062593460083 5.203885655612304 3.444389581680298 4.365610122680664 0.0 3.685910486854388 1.6034760475158691 1.0920963287353516
