init 1.1075366735458374 2.833223328407809 3.3341224193573 3.768071174621582 0.0 0.0 0.0 0.0
1 1.104726791381836 3.7032991147456853 3.363119125366211 3.7114317417144775 0.18788915872573853 1.8995805746034338 0.8710630536079407 0.12855960428714752
2 1.136823296546936 3.708153550889096 3.3856780529022217 3.7041637897491455 0.3011817932128906 1.949249140144031 1.1057019233703613 0.24742676317691803
3 1.134110927581787 3.5020021314123952 3.387089967727661 3.72209095954895 0.3069489598274231 1.751839198993598 1.0669898986816406 0.2816673219203949
4 1.1516220569610596 3.562645405607094 3.4095993041992188 3.7532877922058105 0.3635883331298828 1.7971401198028045 1.2512110471725464 0.2630295753479004
5 1.1984672546386719 3.7031150704293023 3.3743443489074707 3.812217950820923 0.4331043064594269 1.868970365639192 1.0360664129257202 0.35705462098121643
6 1.2042702436447144 3.5145753613549915 3.376993417739868 3.8248531818389893 0.4374653100967407 1.6870184050472425 1.0088798999786377 0.368213951587677
7 1.1922452449798584 3.4560304046549692 3.381500720977783 3.798222541809082 0.44894173741340637 1.645133884447176 0.9915223717689514 0.37325605750083923
8 1.226325511932373 3.403281766862427 3.3886570930480957 3.8255703449249268 0.5190397500991821 1.6332173146430629 1.0079530477523804 0.5447933077812195
9 1.2370331287384033 3.2089057140367485 3.3945846557617188 3.830565929412842 0.5393679738044739 1.5732684778219117 0.9966365694999695 0.5364064574241638
10 1.2374557256698608 3.2101379057956674 3.3952910900115967 3.8314177989959717 0.539415717124939 1.573580588589427 0.9994382262229919 0.5373573303222656
11 1.2305090427398682 3.529812004660456 3.3934829235076904 3.813490629196167 0.5350377559661865 2.0637735297813213 1.084640383720398 0.5184829831123352
12 1.226433515548706 3.5181017880233507 3.3855538368225098 3.8071134090423584 0.5311612486839294 2.007378814270409 1.0643948316574097 0.48006632924079895
13 1.2341285943984985 3.4259980816855657 3.384481430053711 3.8290278911590576 0.5286416411399841 1.9798108379895667 1.0702317953109741 0.4810858368873596
14 1.2417820692062378 3.188552495019376 3.3945059776306152 3.8481969833374023 0.5177709460258484 1.7438141052332004 1.001327633857727 0.45984315872192383
15 1.241542935371399 3.5794680823426908 3.3942415714263916 3.8483028411865234 0.5169984698295593 2.056142789836111 1.0584392547607422 0.4562881588935852
16 1.2569774389266968 3.5068455165110377 3.394273281097412 3.9179041385650635 0.48896506428718567 2.012004454725415 1.074891209602356 0.5553513765335083
17 1.258962869644165 3.5280715827024576 3.3983418941497803 3.9219307899475098 0.49109819531440735 2.06874664052908 1.0893628597259521 0.553734302520752
18 1.243358850479126 3.5412708384542397 3.399843454360962 3.9059717655181885 0.4665234684944153 2.095560201528934 1.0994044542312622 0.5299952626228333
19 1.2321901321411133 3.5566647589891947 3.4077179431915283 3.9650940895080566 0.4201781451702118 2.101330350531715 1.1378722190856934 0.7306207418441772
20 1.2408794164657593 3.612518841003389 3.4056806564331055 3.980034351348877 0.4381290674209595 2.1498556617719737 1.1500253677368164 0.7564466595649719
21 1.225033164024353 3.63227946161723 3.407663106918335 3.9891631603240967 0.3926292061805725 2.1701375625427577 1.1522055864334106 0.7606444954872131
22 1.2290881872177124 3.631248166472679 3.402491331100464 3.9863393306732178 0.4082702100276947 2.1616800321498815 1.0925047397613525 0.767565906047821
23 1.2292771339416504 3.587152390248018 3.4037697315216064 3.9871649742126465 0.43254828453063965 2.1320827878141424 1.0896025896072388 0.784349262714386
24 1.235109567642212 3.5838111971708786 3.4061391353607178 3.9887921810150146 0.44216588139533997 2.119855778132703 1.0913853645324707 0.7848557829856873
25 1.235109567642212 3.5838111971708786 3.4061391353607178 3.9887921810150146 0.44216588139533997 2.119855778132703 1.0913853645324707 0.7848557829856873
26 1.233370304107666 3.584474339932135 3.417714834213257 3.966721296310425 0.4571523368358612 2.124462176199506 1.1540486812591553 0.7587363719940186
27 1.2334253787994385 3.5853336292081432 3.4177634716033936 3.9678964614868164 0.4538056254386902 2.1262098983464095 1.1716119050979614 0.7582945823669434
28 1.2335504293441772 3.5591757036813885 3.381582736968994 3.9701411724090576 0.4540208876132965 2.089241897094761 1.2168662548065186 0.7656708359718323
29 1.240018367767334 3.570279297569071 3.3802030086517334 3.976508378982544 0.4691718518733978 2.095208402876681 1.2297559976577759 0.7768493294715881
30 1.2400591373443604 3.6502598262264354 3.3801379203796387 3.9760894775390625 0.46954235434532166 2.1479250159130254 1.2623835802078247 0.7769398093223572
31 1.2369815111160278 3.6495201726236606 3.376267194747925 3.9190011024475098 0.4566427767276764 2.1461059262369098 1.2355777025222778 0.5517816543579102
32 1.2658997774124146 3.6190514485817165 3.380964756011963 4.008820533752441 0.4709445536136627 2.1250626986641548 1.232374668121338 0.6339977383613586
33 1.2646839618682861 3.6181845563974613 3.3817949295043945 4.008782863616943 0.4706079363822937 2.1245085679913474 1.2331948280334473 0.6350573897361755
34 1.2587518692016602 3.6086181785894182 3.3831136226654053 3.9997639656066895 0.46678486466407776 2.1250061668233498 1.2277884483337402 0.6313888430595398
35 1.2541104555130005 3.5920156188412364 3.383253812789917 3.991131067276001 0.46230804920196533 2.1250560455932295 1.2367064952850342 0.6209472417831421
36 1.2708860635757446 3.5472922739181754 3.39308500289917 4.043539524078369 0.48980599641799927 2.0928433475668697 1.2495769262313843 0.757465660572052
37 1.2623111009597778 3.3529954837828075 3.3802998065948486 4.029447078704834 0.4745196998119354 1.9176289821136066 1.2206934690475464 0.7086526155471802
38 1.2624698877334595 3.6394725200461804 3.3788580894470215 4.025205135345459 0.4719482660293579 2.1973014491813383 1.2518483400344849 0.6966829895973206
39 1.257670283317566 3.4845745929009895 3.403534173965454 4.0128021240234375 0.46395087242126465 1.989473179983779 1.2683874368667603 0.6656279563903809
40 1.257670283317566 3.4916351823958203 3.435858964920044 4.0128021240234375 0.4639444649219513 1.9916205031573413 1.3210686445236206 0.6656456589698792
41 1.2556157112121582 3.509746783855463 3.440830707550049 4.00961446762085 0.47192686796188354 2.0203818168313337 1.3393303155899048 0.6723785400390625
42 1.2637715339660645 3.48942573038892 3.4421510696411133 4.001316070556641 0.4920787215232849 2.0128233444682886 1.317776083946228 0.6725648045539856
43 1.2638368606567383 3.473965293705327 3.442166566848755 3.9958839416503906 0.5093576312065125 2.043454568562728 1.329084873199463 0.7139636278152466
44 1.2553956508636475 3.4536066583171925 3.434300184249878 3.9938364028930664 0.49178558588027954 2.020047833636908 1.2982810735702515 0.7004222273826599
45 1.242973804473877 3.4444655659566026 3.426757335662842 3.9776744842529297 0.48000261187553406 2.034649614760443 1.2914270162582397 0.6849093437194824
46 1.2306045293807983 3.420808031393227 3.431692123413086 4.0056281089782715 0.46799159049987793 2.022824702737575 1.3167662620544434 0.8178887367248535
47 1.234021782875061 3.404082013566409 3.432589292526245 4.006813049316406 0.47088563442230225 2.014338514353165 1.308937430381775 0.8178138732910156
48 1.2358794212341309 3.412428586612234 3.435882091522217 4.009278774261475 0.4774956703186035 2.0206448356911535 1.316534161567688 0.8253077864646912
49 1.2338054180145264 3.3673586650476226 3.426009178161621 4.040119647979736 0.454861581325531 2.014297501471373 1.3017367124557495 0.919350266456604
50 1.2337470054626465 3.2849132071780027 3.423766613006592 4.029092311859131 0.4551084041595459 1.932071309708033 1.2910239696502686 0.9237927198410034
51 1.234662413597107 3.2844108574457396 3.424342155456543 4.029294013977051 0.4578500986099243 1.9301732788731298 1.291386365890503 0.9224991202354431
52 1.2338660955429077 3.2767925345526336 3.424787998199463 4.001114368438721 0.45605307817459106 1.928838033467217 1.27810800075531 0.8002942800521851
53 1.2346378564834595 3.2412952780977533 3.424388885498047 4.006922721862793 0.4535854756832123 1.8951875751036693 1.262995719909668 0.8024483919143677
54 1.2365599870681763 3.247599922257887 3.417363405227661 4.012186050415039 0.44952383637428284 1.8910747886429877 1.2550445795059204 0.7971815466880798
55 1.2336803674697876 3.2570886633333904 3.416900157928467 4.012373447418213 0.4430137276649475 1.8758082282557338 1.2301146984100342 0.810067892074585
56 1.2349975109100342 3.2825949191969124 3.4184303283691406 4.016376495361328 0.44509652256965637 1.8722974797082865 1.2332607507705688 0.8135620951652527
57 1.2306238412857056 3.4259080720869677 3.417588472366333 4.010427474975586 0.4343242347240448 2.023817457890395 1.2519835233688354 0.7984715104103088
58 1.230521559715271 3.417711405384339 3.412614345550537 4.012731075286865 0.43671178817749023 2.0093010048822326 1.248971700668335 0.8017241954803467
59 1.2289150953292847 3.4171471748362934 3.410792827606201 4.0125603675842285 0.42940136790275574 2.0075517159647025 1.2607389688491821 0.7968233227729797
60 1.220429539680481 3.4550878449486233 3.406863212585449 3.989659070968628 0.42352646589279175 2.014603282165972 1.2559345960617065 0.7843992710113525
61 1.220405101776123 3.455432317555834 3.4072012901306152 3.990079641342163 0.42330411076545715 2.0145302869476263 1.2626495361328125 0.7844308018684387
62 1.220240831375122 3.4555663822883784 3.4070396423339844 3.990055561065674 0.4228197932243347 2.014527396563166 1.2623199224472046 0.7842447757720947
63 1.22544527053833 3.38971732644848 3.419243097305298 3.989198684692383 0.42818164825439453 1.9530630185052487 1.2521860599517822 0.7933909893035889
64 1.2255373001098633 3.3899664693213603 3.41971492767334 3.989083766937256 0.4283462166786194 1.9529801053424831 1.2532387971878052 0.7927448153495789
65 1.2255373001098633 3.5448999609195315 3.4710781574249268 3.989083766937256 0.4283462166786194 2.0953014630443296 1.2578190565109253 0.7927448153495789
66 1.2298762798309326 3.538620689923438 3.4622461795806885 3.9870588779449463 0.44925162196159363 2.089294131259014 1.25258207321167 0.8010004162788391
67 1.2297683954238892 3.484500681976497 3.4622130393981934 3.9891464710235596 0.45219457149505615 2.0327382915620564 1.2447535991668701 0.7996532320976257
68 1.2317860126495361 3.4794689987196374 3.4625022411346436 3.993849515914917 0.45351484417915344 2.0270842984889383 1.24315345287323 0.8014364242553711
69 1.2325598001480103 3.4942488965968557 3.462115526199341 3.99493670463562 0.4519748091697693 2.0187412478612097 1.2411079406738281 0.8031564354896545
70 1.2245985269546509 3.490380846508479 3.459806203842163 3.992560625076294 0.42205217480659485 2.004047799627458 1.2290788888931274 0.7980640530586243
71 1.2237865924835205 3.356412130534897 3.463135242462158 3.9855024814605713 0.42217889428138733 1.8745123798202707 1.2113322019577026 0.7858454585075378
72 1.2094446420669556 3.3587903972033355 3.4572696685791016 3.9489307403564453 0.4028938114643097 1.8796414164754125 1.1739028692245483 0.7336855530738831
73 1.209434986114502 3.3588709651388493 3.4576315879821777 3.948848009109497 0.40428444743156433 1.8791348022264593 1.1744853258132935 0.7328368425369263
74 1.2100828886032104 3.3608995475796033 3.4629428386688232 3.951486825942993 0.40382978320121765 1.87910873841595 1.1955689191818237 0.7345230579376221
75 1.2120298147201538 3.3572025142460022 3.4647955894470215 3.95100736618042 0.4163549542427063 1.8831968995131565 1.220255970954895 0.7436343431472778
76 1.2226026058197021 3.3476173263097055 3.456125497817993 3.954468011856079 0.44912561774253845 1.8756442481880817 1.2270785570144653 0.7542208433151245
77 1.2321269512176514 3.3506032437728117 3.4577109813690186 3.9714083671569824 0.45420482754707336 1.9200305247110316 1.235124945640564 0.7658113241195679
78 1.2280292510986328 3.4198510293487843 3.4574601650238037 3.97731614112854 0.4377479553222656 1.9812867129863758 1.2240926027297974 0.7573784589767456
79 1.2257250547409058 3.420340654098234 3.4576520919799805 3.97888445854187 0.4302225410938263 1.980648461620019 1.223631501197815 0.7525709271430969
80 1.2202565670013428 3.422275057467731 3.455247402191162 3.9778759479522705 0.4150221049785614 1.9753329967509323 1.2148809432983398 0.7446551322937012
81 1.217541217803955 3.489498462335397 3.450190544128418 3.979503870010376 0.4074997901916504 1.9559598703421686 1.1986881494522095 0.7414566278457642
82 1.212971568107605 3.4978807917308177 3.455907106399536 3.9782865047454834 0.4087153971195221 1.9695375702094173 1.2222121953964233 0.7421013116836548
83 1.212755799293518 3.498048201158081 3.4558186531066895 3.97825026512146 0.4086732268333435 1.9698719033883323 1.2221708297729492 0.742281436920166
84 1.2357174158096313 3.4703850551487423 3.474890947341919 4.016508102416992 0.44111886620521545 1.957284756924141 1.2588486671447754 0.7819876670837402
85 1.2407665252685547 3.4668449343545835 3.4746057987213135 4.038637638092041 0.4630180597305298 1.964430619641262 1.2745435237884521 0.9168373942375183
86 1.233356237411499 3.452144745232167 3.4518444538116455 4.032817840576172 0.44056689739227295 1.949189433203704 1.216341257095337 0.9152547717094421
87 1.2334904670715332 3.4437964334758577 3.4495534896850586 4.032449722290039 0.44228968024253845 1.9457526450121407 1.205578327178955 0.9146234393119812
88 1.2334904670715332 3.4437964334758577 3.4494271278381348 4.032383441925049 0.44228968024253845 1.9457526450121407 1.2053300142288208 0.9097827672958374
89 1.233627438545227 3.4708129148113263 3.4498422145843506 4.031993865966797 0.44207555055618286 1.9390133217375278 1.2004228830337524 0.9098711609840393
90 1.2508741617202759 3.495954193809694 3.4607772827148438 4.075005531311035 0.46341967582702637 1.9594898259224272 1.2491414546966553 0.9439948797225952
91 1.251295804977417 3.5044094386004434 3.460578203201294 4.093233585357666 0.4640982747077942 1.959088838464264 1.2601362466812134 1.008597493171692
92 1.2594152688980103 3.5289506348861 3.461618661880493 4.093908309936523 0.4877980649471283 1.969740355248426 1.26845383644104 1.0239113569259644
93 1.2594152688980103 3.5289506348861 3.4615395069122314 4.093844413757324 0.4877980649471283 1.969740355248426 1.2687147855758667 1.0247732400894165
94 1.2594152688980103 3.5289506348861 3.461683511734009 4.093844413757324 0.4877980649471283 1.969740355248426 1.2810652256011963 1.0247732400894165
95 1.2582063674926758 3.52991264250385 3.469871997833252 4.093423366546631 0.4873411953449249 1.9719570341898967 1.3123241662979126 1.0256859064102173
96 1.259436845779419 3.53336594744611 3.4491617679595947 4.096787929534912 0.48946863412857056 1.9738600913620203 1.2505662441253662 1.0304709672927856
97 1.252279281616211 3.47725604725999 3.4444968700408936 4.076388359069824 0.482994943857193 1.956550449433695 1.2395827770233154 1.0182971954345703
98 1.2499003410339355 3.483767063890776 3.4428834915161133 4.076836585998535 0.4785481095314026 1.9614743287415295 1.233973741531372 1.018249750137329
99 1.2499003410339355 3.4498818132898172 3.4430480003356934 4.058070182800293 0.4785481095314026 1.931168503608647 1.2177486419677734 0.9520353078842163
100 1.2498668432235718 3.4503697686878727 3.4435830116271973 4.057784080505371 0.47851431369781494 1.9314921401041396 1.220054030418396 0.9515765309333801
101 1.2501604557037354 3.4503586833876385 3.4435741901397705 4.057774543762207 0.4784448444843292 1.9314830523084572 1.2200287580490112 0.9516301155090332
102 1.262320637702942 3.458453666392161 3.4508209228515625 4.087053298950195 0.4859308898448944 1.9301703335221876 1.2230820655822754 0.9834259152412415
103 1.2568979263305664 3.4747997743563497 3.4573705196380615 4.083502769470215 0.48721593618392944 1.998614670187429 1.239065170288086 0.9923096299171448
104 1.256974458694458 3.4737587657508335 3.457446336746216 4.082597255706787 0.48813942074775696 1.9982739010474382 1.2389731407165527 0.9918791651725769
105 1.2576714754104614 3.474107706994602 3.4601409435272217 4.083193778991699 0.48994359374046326 1.998368562894089 1.2454508543014526 0.9920266270637512
106 1.2595770359039307 3.471921495320892 3.459667444229126 4.081703186035156 0.4922437071800232 1.997869760816352 1.2447136640548706 0.9908952116966248
107 1.2607156038284302 3.533866335699286 3.463113307952881 4.0817179679870605 0.49628451466560364 2.0537294914728297 1.2683640718460083 0.9910155534744263
108 1.265588402748108 3.508937623930473 3.4152472019195557 4.082261562347412 0.5061154961585999 2.007797992953545 1.2723888158798218 1.0046772956848145
109 1.265588402748108 3.508937623930473 3.4152472019195557 4.082261562347412 0.5061154961585999 2.007797992953545 1.2723888158798218 1.0046772956848145
110 1.2636618614196777 3.435640272368244 3.374598979949951 4.07983922958374 0.501937210559845 1.9311160253593058 1.3120465278625488 0.999057948589325
111 1.2726280689239502 3.4083538767989165 3.3744232654571533 4.0932183265686035 0.5227137207984924 1.9365324761092577 1.319858193397522 1.0286312103271484
112 1.2746822834014893 3.4157438716956774 3.377318859100342 4.113720417022705 0.5313304662704468 1.9427222837271987 1.3408995866775513 1.0889102220535278
113 1.2761218547821045 3.44113890573068 3.3749799728393555 4.105579853057861 0.5321055054664612 1.9641827144629604 1.3412184715270996 1.0815443992614746
114 1.2697079181671143 3.4406720515057465 3.372378349304199 4.104278087615967 0.5036927461624146 1.9526823491309644 1.3335716724395752 1.0604979991912842
115 1.2639120817184448 3.4403943874084404 3.370435953140259 4.102474212646484 0.4860120117664337 1.9449007628555044 1.3256922960281372 1.052497148513794
116 1.26358962059021 3.4828336731248255 3.3692407608032227 4.1017351150512695 0.4877362549304962 1.9867714659771891 1.3339813947677612 1.0587828159332275
117 1.2641167640686035 3.476662409918785 3.388624429702759 4.095616817474365 0.49115824699401855 1.9873846544251115 1.386645793914795 1.0783442258834839
118 1.2627849578857422 3.474232660814334 3.388488531112671 4.092669486999512 0.49004843831062317 1.9870822371560029 1.3853799104690552 1.0759220123291016
119 1.263978123664856 3.5950870340036527 3.388895034790039 4.092836380004883 0.49415072798728943 2.0410426583645447 1.3942965269088745 1.0772418975830078
120 1.269525170326233 3.6105695918369283 3.38991379737854 4.109912872314453 0.49815115332603455 2.0489341796255283 1.3970131874084473 1.0906155109405518
121 1.2688368558883667 3.632335188358578 3.3866021633148193 4.109978675842285 0.4978444278240204 2.073585799776184 1.393670916557312 1.0912270545959473
122 1.271134614944458 3.630057615003823 3.3889057636260986 4.10984468460083 0.5009551644325256 2.07107371990833 1.3987261056900024 1.0910680294036865
123 1.2711573839187622 3.6342316795253233 3.388543128967285 4.110432147979736 0.4991878569126129 2.074032541638844 1.3986884355545044 1.0918691158294678
124 1.276181936264038 3.571734501839421 3.3889341354370117 4.125959396362305 0.5026815533638 2.001812114256174 1.3903801441192627 1.1013071537017822
125 1.2650494575500488 3.5695596470979494 3.3928701877593994 4.097994327545166 0.5052754878997803 2.0261553885693706 1.405113697052002 1.0972734689712524
126 1.262963891029358 3.6469949622272932 3.3899905681610107 4.096880912780762 0.4986509680747986 2.08479218077152 1.4061801433563232 1.0918676853179932
127 1.2673643827438354 3.6958538499060998 3.3941757678985596 4.097883701324463 0.5135307312011719 2.2145953530289835 1.4253363609313965 1.111327886581421
128 1.265960454940796 3.69054097211189 3.390916109085083 4.093700885772705 0.510459303855896 2.1911455024838564 1.412559986114502 1.1051546335220337
129 1.267026662826538 3.611484148965285 3.393735408782959 4.097021579742432 0.5170424580574036 2.049121264118681 1.3974883556365967 1.115370512008667
130 1.2566970586776733 3.5942247190364904 3.398124933242798 4.081344127655029 0.5002968907356262 2.0363649837218847 1.4012072086334229 1.087242603302002
131 1.2566970586776733 3.5942247190364904 3.3980772495269775 4.081200122833252 0.5002968907356262 2.0363649837218847 1.4008547067642212 1.0870418548583984
132 1.256609559059143 3.490732868424382 3.398115873336792 4.079958915710449 0.49956873059272766 1.9238631539465985 1.3843910694122314 1.0875308513641357
133 1.256277322769165 3.6498932972715745 3.393775463104248 4.080478191375732 0.49607425928115845 2.095886548287436 1.396288275718689 1.0853368043899536
134 1.2683082818984985 3.631641332535913 3.405627727508545 4.099514961242676 0.5133432745933533 2.0944566313862376 1.4182976484298706 1.1088218688964844
135 1.2656720876693726 3.6336819392156583 3.3904342651367188 4.093087196350098 0.4995112121105194 2.1093777475020863 1.391990303993225 1.085741400718689
136 1.2680481672286987 3.450789656582323 3.3895113468170166 4.096559047698975 0.5020055770874023 1.9102249688476727 1.3610217571258545 1.0888584852218628
137 1.2670525312423706 3.4257601672609805 3.391019821166992 4.094049453735352 0.5023086071014404 1.8990609545729638 1.3724075555801392 1.0856802463531494
138 1.273742437362671 3.449423801619649 3.3926618099212646 4.11179256439209 0.5070471167564392 1.9192165083591404 1.3769054412841797 1.1033668518066406
139 1.2735862731933594 3.4760676287623133 3.399566411972046 4.11476993560791 0.5092605948448181 1.924915739045115 1.3909047842025757 1.1062177419662476
140 1.2691532373428345 3.512758872970164 3.3965015411376953 4.11382532119751 0.505135178565979 1.9460812575856203 1.388878583908081 1.1080856323242188
141 1.2683911323547363 3.4825987201024278 3.384554624557495 4.1134748458862305 0.4988747835159302 1.9476656469958122 1.4037985801696777 1.102805495262146
142 1.2679671049118042 3.382942329061143 3.38440203666687 4.116682052612305 0.4983552098274231 1.8533101660201925 1.392500638961792 1.106048345565796
143 1.2809722423553467 3.418029181979236 3.392106056213379 4.153744697570801 0.5005152821540833 1.8619050694420205 1.4053040742874146 1.1388262510299683
144 1.2809722423553467 3.4546989488570135 3.397016763687134 4.1566619873046875 0.5005152821540833 1.9016424011639848 1.3766587972640991 1.140232801437378
145 1.285557508468628 3.4735070943539377 3.3974623680114746 4.163570404052734 0.5088963508605957 1.9140473862803251 1.3796029090881348 1.151021122932434
146 1.2663123607635498 3.422080732138733 3.3868401050567627 4.117397308349609 0.4986920952796936 1.9061190856247319 1.3639521598815918 1.1178019046783447
147 1.2665188312530518 3.507519030290988 3.3860034942626953 4.130167484283447 0.49888381361961365 1.9663660547914128 1.3635101318359375 1.1323323249816895
148 1.2658228874206543 3.5089420191429594 3.3854377269744873 4.126443386077881 0.5027540326118469 1.9673311962328337 1.3564506769180298 1.1353683471679688
149 1.2655271291732788 3.505007269992367 3.387712001800537 4.1287970542907715 0.490617960691452 1.9501365922331695 1.357878565788269 1.1256740093231201
150 1.2722517251968384 3.5388525808380584 3.3891334533691406 4.129334926605225 0.5001716613769531 1.9870779169248698 1.3712514638900757 1.121592402458191
151 1.2705186605453491 3.543582391043086 3.387193441390991 4.13144063949585 0.4956827759742737 1.9914479019711357 1.3680561780929565 1.124355673789978
152 1.2764735221862793 3.5447589748260366 3.3882832527160645 4.13088846206665 0.5151781439781189 1.988153924580098 1.3729066848754883 1.1295490264892578
153 1.277516484260559 3.5468552047022937 3.389155864715576 4.133670330047607 0.5148527026176453 1.9888352276327972 1.373947024345398 1.1300345659255981
154 1.2768874168395996 3.5472515734098655 3.3903696537017822 4.1337127685546875 0.5137709975242615 1.9889279135134177 1.3972736597061157 1.1264039278030396
155 1.2806673049926758 3.503779307940006 3.3994898796081543 4.136384010314941 0.5261824131011963 1.9784499663813286 1.4149688482284546 1.1377005577087402
156 1.2818301916122437 3.5085988263925625 3.3961117267608643 4.138688087463379 0.5310499668121338 1.9830475210544183 1.4063640832901 1.1490533351898193
157 1.2805336713790894 3.50664855835275 3.4008584022521973 4.136844158172607 0.5221537947654724 1.9774540155056763 1.41019606590271 1.1430106163024902
158 1.2791705131530762 3.511382943597907 3.4000186920166016 4.139008522033691 0.5221366882324219 1.9820904576274252 1.41036057472229 1.1454612016677856
159 1.279235601425171 3.511341559121938 3.4007349014282227 4.119024753570557 0.522215723991394 1.9820988867219171 1.4012128114700317 1.059088945388794
160 1.2755643129348755 3.508094606124512 3.402132034301758 4.114070892333984 0.5141148567199707 1.9841652402767591 1.3972619771957397 1.0474530458450317
161 1.2773542404174805 3.515012371435352 3.3995003700256348 4.11463737487793 0.5140277147293091 1.9803584353562833 1.3921858072280884 1.0516886711120605
162 1.276600956916809 3.516648391379942 3.4071245193481445 4.113224506378174 0.5116457939147949 1.9872130310142688 1.4135417938232422 1.0564512014389038
163 1.2762765884399414 3.5082065087627345 3.4038851261138916 4.111605644226074 0.5111775398254395 1.977471978468922 1.4089936017990112 1.056235909461975
164 1.2762011289596558 3.595434609056192 3.394805431365967 4.111330986022949 0.5109975337982178 2.0239175306947224 1.403167486190796 1.0553263425827026
165 1.281602144241333 3.6105391260042925 3.4075796604156494 4.116150379180908 0.5244231224060059 2.0401241491861666 1.431843638420105 1.0649728775024414
166 1.281602144241333 3.6105391260042925 3.4096288681030273 4.116902828216553 0.5244231224060059 2.0401241491861666 1.4327937364578247 1.0654741525650024
167 1.281602144241333 3.6184411705156383 3.409595012664795 4.118199825286865 0.5244231224060059 2.0522850746730774 1.434875726699829 1.0688034296035767
168 1.2818174362182617 3.6176637079318543 3.4116222858428955 4.116283416748047 0.5245809555053711 2.053484740349598 1.4332095384597778 1.0662673711776733
169 1.282631516456604 3.6125483544857158 3.4107651710510254 4.11760139465332 0.5249916911125183 2.0500186356842733 1.432863712310791 1.0664994716644287
170 1.2826263904571533 3.615539004863592 3.4125635623931885 4.115731239318848 0.5273009538650513 2.0526147344400494 1.4383443593978882 1.0641945600509644
171 1.2825909852981567 3.6158492358394803 3.4113943576812744 4.115856647491455 0.5267044305801392 2.0527460755356635 1.4367742538452148 1.064368724822998
172 1.2826436758041382 3.633441680501319 3.4117045402526855 4.116154670715332 0.526844322681427 2.07074799395937 1.4398558139801025 1.0647112131118774
173 1.2736042737960815 3.607115965530204 3.4051904678344727 4.09367561340332 0.5219852328300476 2.0616684100096996 1.4359380006790161 1.0519710779190063
174 1.2761563062667847 3.670973241440628 3.3938190937042236 4.098159313201904 0.5376812815666199 2.121265120124327 1.411353349685669 1.0599851608276367
175 1.2769962549209595 3.6706469488338738 3.393980026245117 4.098422527313232 0.5389779210090637 2.1205802591270078 1.4105889797210693 1.0621471405029297
176 1.2735992670059204 3.6666756531299503 3.3936281204223633 4.094161510467529 0.5353954434394836 2.1184892952918593 1.4089003801345825 1.052940011024475
177 1.2746673822402954 3.6729495909144583 3.3994150161743164 4.090737819671631 0.5377195477485657 2.1260517400485393 1.4353523254394531 1.0500482320785522
178 1.2738298177719116 2.876718874303757 3.399852991104126 4.076916217803955 0.5364945530891418 1.5364239762234564 1.349346399307251 1.006836175918579
179 1.2753554582595825 2.881392385837681 3.401047468185425 4.078376770019531 0.5407041311264038 1.5367723966451179 1.3519642353057861 1.010286808013916
180 1.270009994506836 2.88291713939645 3.3882346153259277 4.074901103973389 0.5248774290084839 1.540155476773492 1.3229869604110718 0.994208812713623
181 1.272918701171875 2.9280328654730976 3.3640003204345703 4.081351280212402 0.5277283787727356 1.5844556835484649 1.2670503854751587 1.0083001852035522
182 1.2744168043136597 2.849143692580034 3.366976737976074 4.089008331298828 0.5248371958732605 1.5286649516950572 1.2616567611694336 1.0148167610168457
183 1.2743866443634033 2.8494085758628422 3.364701509475708 4.089057922363281 0.5248755216598511 1.5288611340385674 1.2452512979507446 1.014959692955017
184 1.2664966583251953 2.847879767949292 3.3612101078033447 4.07502555847168 0.511877715587616 1.522749097520668 1.2454862594604492 0.9901105761528015
185 1.2665153741836548 2.843286060658676 3.361180067062378 4.074781894683838 0.5110850930213928 1.5208303850310818 1.2449787855148315 0.9900769591331482
186 1.2670471668243408 2.8294657071815656 3.354992628097534 4.074103355407715 0.5091567039489746 1.5182819666625549 1.2442233562469482 0.986120879650116
187 1.2670243978500366 2.8270958804892494 3.3552703857421875 4.07428503036499 0.5092808604240417 1.5052430088658744 1.2420225143432617 0.9891528487205505
188 1.2673940658569336 2.813416687336606 3.356098175048828 4.0741353034973145 0.5102060437202454 1.510426783976948 1.2450926303863525 0.9894186854362488
189 1.267893671989441 2.8133960746182916 3.3563029766082764 4.074826240539551 0.5108233690261841 1.510671024425873 1.2462290525436401 0.9884942173957825
190 1.266855001449585 2.813023413652041 3.355997323989868 4.073100566864014 0.5088352560997009 1.5193930377836498 1.2466996908187866 0.9879541397094727
191 1.2671197652816772 2.808243638335808 3.3663601875305176 4.065760135650635 0.532715380191803 1.5251680085626398 1.274660348892212 1.014085054397583
192 1.2676560878753662 2.8081897789336376 3.3673741817474365 4.067644119262695 0.533074676990509 1.5245122849250892 1.265026569366455 0.9815542101860046
193 1.2676554918289185 3.513594651422677 3.3529341220855713 4.067644119262695 0.5330746173858643 2.005351450838059 1.2736109495162964 0.9815536141395569
194 1.2582095861434937 3.096805483429805 3.346133232116699 4.075939655303955 0.5062193870544434 1.719358909977314 1.2266263961791992 0.9763513207435608
195 1.2572131156921387 3.0973470307355684 3.3442773818969727 4.075811386108398 0.5056872963905334 1.71946867837736 1.2269582748413086 0.975496768951416
196 1.2632293701171875 3.6539518579187167 3.347405195236206 4.0845232009887695 0.5260317921638489 2.1415741527137735 1.2921092510223389 0.9931848049163818
197 1.2497891187667847 3.5173293047241363 3.3462560176849365 4.058681011199951 0.5022933483123779 2.0123311307710967 1.262123942375183 0.9463527202606201
198 1.2499547004699707 3.528028168239174 3.344982385635376 4.062952518463135 0.493053138256073 2.0152099388319518 1.261086344718933 0.9442453384399414
199 1.2499775886535645 3.5280782153436787 3.344975233078003 4.062993049621582 0.49311038851737976 2.0152362815523697 1.261081576347351 0.9442639350891113
200 1.2530531883239746 3.5310597826085592 3.3496105670928955 4.060059070587158 0.4992595314979553 2.021115882213785 1.2719827890396118 0.9435423016548157
201 1.253464937210083 3.5215471536032266 3.350435972213745 4.063840866088867 0.4996805489063263 2.0277630249688943 1.288038730621338 1.0644426345825195
202 1.253464937210083 3.5215471536032266 3.351606607437134 4.063756942749023 0.4996805489063263 2.0277630249688943 1.285723090171814 1.0147403478622437
203 1.2449824810028076 3.5304057264143616 3.3450276851654053 4.054965972900391 0.48938366770744324 2.0364894233187285 1.273476481437683 1.0018864870071411
204 1.246546983718872 3.500348014585393 3.3449172973632813 4.054815292358398 0.48317641019821167 2.008123850879811 1.2647809982299805 0.9941315650939941
205 1.246546983718872 3.5007219783397825 3.3429365158081055 4.054815292358398 0.48317641019821167 2.009843001874301 1.2779884338378906 0.9941315650939941
206 1.246269941329956 2.951401214467233 3.3427200317382813 4.0537567138671875 0.4837692677974701 1.6001876545177147 1.2194628715515137 0.9926119446754456
207 1.2479599714279175 2.946640533947307 3.3410608768463135 4.05447244644165 0.4830913245677948 1.61724915186229 1.2164490222930908 0.9885560274124146
208 1.2482484579086304 2.945377031037924 3.3409674167633057 4.0546393394470215 0.48412516713142395 1.6184101045281827 1.2164521217346191 0.988986611366272
209 1.2482494115829468 2.9572835482318296 3.3429205417633057 4.054666519165039 0.4840761721134186 1.6234989309414494 1.2210357189178467 0.9889867901802063
210 1.2479742765426636 2.9449935307381048 3.362905263900757 4.054957389831543 0.48356252908706665 1.6344897288296012 1.2528111934661865 0.9902645945549011
211 1.2479736804962158 2.9449953672287355 3.3629159927368164 4.054957389831543 0.4835614264011383 1.6344849235974226 1.2528895139694214 0.9902637004852295
212 1.2479736804962158 2.9138015222960862 3.3629159927368164 4.054957389831543 0.4835614264011383 1.6008956225045972 1.2485581636428833 0.9902637004852295
213 1.2490397691726685 2.913800334389481 3.3667256832122803 4.0552239418029785 0.4867005944252014 1.6009440031238797 1.2551194429397583 0.9906757473945618
214 1.247670292854309 2.904308955995707 3.366525411605835 4.049124717712402 0.4880049228668213 1.598890245412033 1.252213716506958 0.9840679168701172
215 1.2432680130004883 3.056752994711188 3.366945505142212 4.041218280792236 0.48074716329574585 1.6482093964752453 1.2576388120651245 0.9718125462532043
216 1.2495521306991577 3.0381996449069186 3.372831344604492 4.039856433868408 0.5032009482383728 1.6456247856670947 1.2633860111236572 0.9903408885002136
217 1.2517670392990112 3.047454889963563 3.372258424758911 4.0474677085876465 0.5067729353904724 1.6502251721620507 1.2650953531265259 1.006007432937622
218 1.2527865171432495 2.922069476770099 3.3735690116882324 4.0469136238098145 0.5077328085899353 1.6049584341256715 1.2621649503707886 1.0057698488235474
219 1.2529375553131104 2.9210333285190018 3.3752238750457764 4.0461201667785645 0.5090391635894775 1.6045152160884375 1.2702335119247437 1.0066660642623901
220 1.246035099029541 3.41443649567552 3.380120277404785 4.013133525848389 0.5012822151184082 1.9722007037507898 1.336517333984375 0.9727439880371094
221 1.2536540031433105 2.931143373268222 3.3942201137542725 4.0237836837768555 0.5128201246261597 1.6108666921165864 1.2932003736495972 0.988967776298523
222 1.2531137466430664 2.9301339851412815 3.394139528274536 4.022144317626953 0.5119708180427551 1.6105066516169464 1.2933120727539063 0.9865967631340027
223 1.2520966529846191 3.4709904681678023 3.3937063217163086 4.0218505859375 0.5095329880714417 2.0136860117991287 1.3467704057693481 0.9839413166046143
224 1.252840280532837 3.4803555599642717 3.3920838832855225 4.032978534698486 0.4989416003227234 2.014004880729673 1.3412801027297974 0.9781911969184875
225 1.256081223487854 3.4832697945534012 3.3941941261291504 4.037101745605469 0.5057201981544495 2.0123625911656156 1.3442305326461792 0.9868364334106445
226 1.2589621543884277 3.1523215939287663 3.3950793743133545 4.038878440856934 0.5120391249656677 1.744314385197245 1.3081382513046265 0.9897245168685913
227 1.2589621543884277 3.178808191443327 3.3950648307800293 4.038878440856934 0.5120391249656677 1.7506543673183232 1.3081897497177124 0.9897245168685913
228 1.2599676847457886 3.180045883867193 3.3942034244537354 4.0396199226379395 0.5152655243873596 1.7508564284331452 1.3070608377456665 0.9896541237831116
229 1.2598063945770264 3.1932189578712715 3.3943214416503906 4.039541244506836 0.5149030685424805 1.754436330642287 1.3076599836349487 0.9899201989173889
230 1.2597453594207764 3.160895328125869 3.3948848247528076 4.039504051208496 0.5147911906242371 1.7252245621631663 1.3197041749954224 0.9900107979774475
231 1.261235237121582 3.164645347915813 3.3961381912231445 4.041197776794434 0.5147964358329773 1.7266198180576728 1.3109594583511353 0.9882147312164307
232 1.261235237121582 3.0624973849572004 3.3961336612701416 4.041197776794434 0.5147964358329773 1.6425752366915458 1.2999625205993652 0.9882147312164307
233 1.2548105716705322 3.163834025856056 3.390239953994751 4.045459270477295 0.5096102952957153 1.7216296971985892 1.3090671300888062 1.0674649477005005
234 1.251224160194397 3.206711702055045 3.37961745262146 4.03718900680542 0.5039518475532532 1.7549066584337816 1.2903536558151245 1.0625590085983276
235 1.2563958168029785 3.0689260919431085 3.3863842487335205 4.052418231964111 0.5056448578834534 1.6327083000510432 1.2871280908584595 1.0714142322540283
236 1.253629207611084 3.0740045343401445 3.383805751800537 4.058065414428711 0.492782324552536 1.630916809129628 1.2825686931610107 1.0672478675842285
237 1.254704236984253 3.07338660029114 3.3800556659698486 4.057424068450928 0.490799218416214 1.6293086966071788 1.2759424448013306 1.067361831665039
238 1.2529362440109253 3.0746490738096797 3.381281852722168 4.05043363571167 0.4937695860862732 1.6284137944820722 1.2794262170791626 1.0663328170776367
239 1.2677292823791504 3.077274638557473 3.391974687576294 4.059447765350342 0.5429836511611938 1.6384938982797406 1.3051576614379883 1.120826005935669
240 1.2588881254196167 3.0551761674878604 3.3865041732788086 4.039681434631348 0.5307940244674683 1.6194051091319777 1.2915250062942505 1.094956636428833
241 1.2601984739303589 3.0575963749029684 3.388949155807495 4.039748191833496 0.534483790397644 1.6215922238033846 1.2959561347961426 1.0951213836669922
242 1.2569907903671265 3.108782718032168 3.386998176574707 4.053900718688965 0.515051007270813 1.6458816683688509 1.2916921377182007 1.0971200466156006
243 1.2576156854629517 3.0328133397591417 3.391944169998169 4.071338653564453 0.5089066624641418 1.664953661692856 1.297562599182129 1.1036527156829834
244 1.2562737464904785 3.0302384412659156 3.3913583755493164 4.069302558898926 0.5081702470779419 1.6632788465475237 1.2961101531982422 1.1009230613708496
245 1.2587822675704956 3.061589640602889 3.3906447887420654 4.0699663162231445 0.5083200931549072 1.6870290003121375 1.2982605695724487 1.0996347665786743
246 1.2584996223449707 3.064884426794292 3.3895363807678223 4.069486141204834 0.5063003897666931 1.6877797789118103 1.298120141029358 1.095306396484375
247 1.2539480924606323 3.1042129965914453 3.389556646347046 4.060572147369385 0.5049740672111511 1.7386944055620903 1.3029567003250122 1.0909055471420288
248 1.256291151046753 3.225686722673072 3.388615131378174 4.067115783691406 0.5012015700340271 1.7819732295277646 1.3063040971755981 1.0960745811462402
249 1.257357120513916 3.1517170767287612 3.3873770236968994 4.076471328735352 0.49449917674064636 1.7170670233111958 1.293386697769165 1.0950050354003906
250 1.257383942604065 3.1517065548906262 3.387394905090332 4.076497554779053 0.494538813829422 1.717041952401625 1.2891513109207153 1.0950342416763306
251 1.2575544118881226 3.1016776500051217 3.389003276824951 4.075571060180664 0.4975570738315582 1.688298458283767 1.2858608961105347 1.1004477739334106
252 1.2544059753417969 3.108037676293896 3.374743700027466 4.080037593841553 0.49151328206062317 1.6494495537496736 1.2736976146697998 1.0935920476913452
253 1.2584445476531982 3.131179502768063 3.3763270378112793 4.073999404907227 0.519585907459259 1.6598037114569653 1.2905158996582031 1.096819519996643
254 1.2620407342910767 3.353256661031571 3.3794119358062744 4.073695182800293 0.5282328724861145 1.838688882441213 1.326202154159546 1.105216145515442
255 1.262718677520752 3.3972121157707957 3.3871428966522217 4.0686421394348145 0.5327993035316467 1.8777497174910307 1.3451811075210571 1.1018980741500854
256 1.2647589445114136 3.410240472579179 3.3866260051727295 4.077861309051514 0.5263684391975403 1.8726298360906126 1.3642604351043701 1.098970651626587
257 1.259979248046875 2.863639173465804 3.39276385307312 4.077121257781982 0.513683557510376 1.556008721601885 1.3301016092300415 1.0958685874938965
258 1.2598060369491577 2.8632099975039513 3.3920888900756836 4.076552867889404 0.5135652422904968 1.557351081933355 1.3296809196472168 1.0943046808242798
259 1.2615113258361816 2.8655834168241294 3.3964643478393555 4.0795698165893555 0.5183338522911072 1.5521328822731983 1.3372191190719604 1.0978965759277344
260 1.2577146291732788 2.8292765298337175 3.3959767818450928 4.078065395355225 0.4985209107398987 1.5203128521518634 1.3318425416946411 1.078550934791565
261 1.2577264308929443 2.8424726038472845 3.397003173828125 4.0781683921813965 0.49767544865608215 1.5147633993400687 1.3327538967132568 1.071502685546875
262 1.2613110542297363 3.262671457135399 3.4046177864074707 4.031033515930176 0.5071091651916504 1.7894895857653026 1.3670868873596191 0.9574859738349915
263 1.2635929584503174 3.2597421579921133 3.4101834297180176 4.026184558868408 0.5120758414268494 1.7951520096610878 1.3611981868743896 0.956816554069519
264 1.2627824544906616 3.149315858856539 3.4096436500549316 4.026673316955566 0.5089725255966187 1.6912503704870703 1.3552368879318237 0.9565597176551819
265 1.2546764612197876 3.274970176413186 3.378120183944702 4.025217533111572 0.48760533332824707 1.785204031723158 1.296617865562439 0.9530165791511536
266 1.2546764612197876 3.4125422882172325 3.378120183944702 4.025217533111572 0.48760533332824707 1.8724452068695023 1.3088279962539673 0.9530165791511536
267 1.2535454034805298 3.13555637263528 3.378070116043091 4.027136325836182 0.4836274981498718 1.6633628086008627 1.2801234722137451 0.9754396677017212
268 1.2517211437225342 3.1402125919739374 3.3638126850128174 4.027702808380127 0.4763522446155548 1.66345363153659 1.2504312992095947 0.9710405468940735
269 1.266930341720581 3.306166940340531 3.367474317550659 4.056423187255859 0.5005552172660828 1.7729410053789496 1.271745204925537 0.993681788444519
270 1.2670072317123413 3.299335907290643 3.3674697875976563 4.056585311889648 0.5008838772773743 1.7659857823711078 1.2708299160003662 0.9937657117843628
271 1.2673218250274658 3.291066801498727 3.366379976272583 4.058028221130371 0.49935194849967957 1.7592498726349657 1.239516019821167 0.9912761449813843
272 1.2672996520996094 3.1593457980472763 3.3698182106018066 4.058012008666992 0.4992862641811371 1.686915714229403 1.2388746738433838 0.9912644028663635
273 1.2665170431137085 3.038678043795231 3.369572639465332 4.059908866882324 0.49428996443748474 1.648635639979059 1.2330659627914429 0.9912247657775879
274 1.282406210899353 3.0434857042003176 3.3714988231658936 4.075596332550049 0.5285791158676147 1.6545980812205026 1.2400442361831665 1.0195996761322021
275 1.314399003982544 3.1416564579901065 3.378122329711914 4.105230331420898 0.587490975856781 1.7912343598510057 1.2717777490615845 1.123343825340271
276 1.3162528276443481 3.1259164241056823 3.3771727085113525 4.112910747528076 0.5904261469841003 1.790024487099086 1.2730562686920166 1.143324851989746
277 1.2948877811431885 3.1303439290399577 3.3691093921661377 4.069589614868164 0.565785825252533 1.7852471676933013 1.2673019170761108 1.0832313299179077
278 1.2881622314453125 3.118976794150648 3.368018865585327 4.056041240692139 0.5520046353340149 1.7839290622330983 1.2605568170547485 1.0543792247772217
279 1.2881622314453125 3.118976794150648 3.3672549724578857 4.056041240692139 0.5520046353340149 1.7839290622330983 1.2508479356765747 1.0543792247772217
280 1.268195629119873 3.0922560805080184 3.3575289249420166 4.023923873901367 0.5238714218139648 1.794152794589831 1.2338796854019165 0.9956977367401123
281 1.2683106660842896 3.4922362995181127 3.3636507987976074 4.02581262588501 0.5250669717788696 2.0631789713407493 1.2773408889770508 1.0025097131729126
282 1.2808523178100586 3.4753579454921795 3.3578240871429443 4.038985729217529 0.5482620596885681 2.0654523058460788 1.2581950426101685 1.0264192819595337
283 1.2736021280288696 3.0343420568559627 3.3538458347320557 4.019618034362793 0.5373068451881409 1.7362957413311297 1.1973304748535156 1.0053791999816895
284 1.2698076963424683 3.03990323425248 3.3513102531433105 4.0128254890441895 0.5202039480209351 1.7455080960150733 1.1907787322998047 0.9711417555809021
285 1.279811978340149 2.989743763616467 3.3516530990600586 4.01095724105835 0.5448209047317505 1.6299953221703298 1.1759800910949707 0.9701809287071228
286 1.2797605991363525 2.7816151880292166 3.3517794609069824 4.011055946350098 0.5446686744689941 1.5447020113599703 1.1648473739624023 0.9704397916793823
287 1.2803479433059692 3.42049111407025 3.351696014404297 4.011360168457031 0.5458239912986755 1.9866017151720419 1.2295682430267334 0.9704656600952148
288 1.2803508043289185 3.433655581202891 3.3453209400177 4.011360168457031 0.545834481716156 1.9866994615212417 1.2009501457214355 0.970466136932373
289 1.2827621698379517 3.4270535076383757 3.3426170349121094 4.0063323974609375 0.5613515973091125 1.9885544643425148 1.2106060981750488 0.9846640825271606
290 1.2812730073928833 3.5081643287430726 3.340843677520752 4.006904602050781 0.5588295459747314 2.068338893016986 1.217667818069458 0.9965754151344299
291 1.289183259010315 3.470976242216391 3.344844102859497 4.017824172973633 0.5749033093452454 2.0270053204644234 1.2274186611175537 1.0251259803771973
292 1.289183259010315 3.4224975112434204 3.344844102859497 4.017824172973633 0.5749033093452454 1.9832950470497472 1.2202787399291992 1.0251259803771973
293 1.2853764295578003 3.43148190808586 3.3492369651794434 3.9934685230255127 0.5813512206077576 2.004455864416418 1.2465176582336426 1.0078926086425781
294 1.2924659252166748 3.4573258474338178 3.3493564128875732 4.028458118438721 0.564944863319397 1.992659869439482 1.2385404109954834 1.0079197883605957
295 1.292948842048645 3.457550371349907 3.3494958877563477 4.029430866241455 0.5659022927284241 1.9922855371133865 1.238931655883789 1.0085777044296265
296 1.2944689989089966 3.4858106211513555 3.350022077560425 4.039361953735352 0.5642213821411133 2.0155715296230476 1.2423568964004517 1.0202195644378662
297 1.2946116924285889 3.3427258856067485 3.3497705459594727 4.03895378112793 0.5646390914916992 1.8900482316361702 1.2218968868255615 1.0198943614959717
298 1.2955021858215332 3.3460305395648606 3.3460516929626465 4.041933536529541 0.5673931241035461 1.9064707486667851 1.213919758796692 1.0064103603363037
299 1.2956477403640747 3.3469951790457806 3.3459677696228027 4.042927265167236 0.5665645003318787 1.9066766375268291 1.2133677005767822 1.0067082643508911
300 1.297530174255371 3.341574929229267 3.348496913909912 4.043892860412598 0.5706999897956848 1.9007931627930978 1.2194982767105103 1.006575107574463
301 1.3010129928588867 2.7530717218021974 3.3483920097351074 4.0500407218933105 0.5720921754837036 1.5082513191995148 1.1647270917892456 1.0105623006820679
302 1.3006232976913452 2.752591079106668 3.348451852798462 4.04995059967041 0.5711004734039307 1.507570529833583 1.1647441387176514 1.0103192329406738
303 1.3004717826843262 2.753374502789369 3.3496651649475098 4.050141334533691 0.571226954460144 1.507992296239191 1.1669114828109741 1.0103027820587158
304 1.2992393970489502 2.7493685579700218 3.3518974781036377 4.045280456542969 0.575839102268219 1.5109730635668521 1.166174054145813 1.0131019353866577
305 1.2874720096588135 2.76753725561391 3.3528225421905518 4.012190818786621 0.5644723176956177 1.512484857381222 1.169706106185913 0.9795909523963928
306 1.2875429391860962 2.984318430646099 3.3528201580047607 4.012182235717773 0.5646082758903503 1.6421124777353793 1.1869724988937378 0.9795804619789124
307 1.2880444526672363 2.9961225133308473 3.353804588317871 4.010341644287109 0.5685135722160339 1.6349925534455985 1.1889888048171997 0.9789981245994568
308 1.286931037902832 2.9909874865892845 3.3626246452331543 3.994452953338623 0.5798083543777466 1.635980319035703 1.2023440599441528 0.9788007736206055
309 1.293366551399231 2.977760554252614 3.350978374481201 4.012912273406982 0.5803518891334534 1.6308980178792467 1.1735951900482178 0.9912137985229492
310 1.288898229598999 2.9765782149831512 3.351233959197998 4.010115623474121 0.5711496472358704 1.6304267256923572 1.1737357378005981 0.9819432497024536
311 1.2950633764266968 2.9555078780641675 3.35233998298645 4.019917011260986 0.5944223403930664 1.6198938598246748 1.188217043876648 1.04558265209198
312 1.2806416749954224 2.966309887797433 3.35158634185791 3.9747512340545654 0.5921242237091064 1.625347144520065 1.1956182718276978 1.0211944580078125
313 1.2822121381759644 2.9619118658524144 3.352231025695801 3.972825527191162 0.6003016829490662 1.6311218048563991 1.198647379875183 1.0237798690795898
314 1.2873332500457764 2.9672242730408858 3.3577322959899902 3.9671199321746826 0.6054176092147827 1.637367811495239 1.1972956657409668 0.942089855670929
315 1.274377703666687 3.0102160036603234 3.356377363204956 3.966935873031616 0.5657499432563782 1.664186450335843 1.196860432624817 0.9296475648880005
316 1.2710671424865723 3.011369394064746 3.357081651687622 3.952759027481079 0.5698904395103455 1.6678223041039801 1.195145845413208 0.9236602783203125
317 1.2703312635421753 3.0093081526012115 3.354907989501953 3.9478719234466553 0.5693607330322266 1.667036647524242 1.1846014261245728 0.9203217029571533
318 1.272267460823059 2.9782588404609482 3.357766628265381 3.958818197250366 0.5588508248329163 1.645634602908386 1.1906602382659912 0.9331521987915039
319 1.2726329565048218 3.463955851870439 3.358196496963501 3.9580230712890625 0.5621582269668579 2.008973897526887 1.245569109916687 0.9215115308761597
320 1.2647743225097656 3.4608004008697204 3.3583920001983643 3.954711675643921 0.5412040948867798 2.004272969824569 1.2433897256851196 0.9169372320175171
321 1.2620811462402344 3.5576420928123254 3.3541202545166016 3.9568705558776855 0.5363559722900391 2.0934246522890034 1.2469534873962402 0.9235321879386902
322 1.2636038064956665 2.9626554245976173 3.3560242652893066 3.9598264694213867 0.5427992343902588 1.667017031932614 1.187955379486084 0.9297642111778259
323 1.261646032333374 2.956528017522567 3.3556995391845703 3.953566789627075 0.5428406000137329 1.6677111066347163 1.1880935430526733 0.9257797002792358
324 1.2610857486724854 3.5250644269960847 3.355302333831787 3.956476926803589 0.5330237150192261 2.0566047256235596 1.246140480041504 0.9241422414779663
325 1.2610857486724854 3.5418954861854277 3.355302333831787 3.956476926803589 0.5330237150192261 2.0611867863053552 1.2468950748443604 0.9241422414779663
326 1.2621170282363892 3.541469951468107 3.3550522327423096 3.977736234664917 0.5372319221496582 2.061981261287201 1.259466290473938 1.0254018306732178
327 1.2599103450775146 3.5407544309649226 3.3556413650512695 3.978931427001953 0.5364704728126526 2.059157903260926 1.2611619234085083 1.0270544290542603
328 1.2599103450775146 3.5407544309649226 3.3563880920410156 3.978931427001953 0.5364704728126526 2.059157903260926 1.2671583890914917 1.0270544290542603
329 1.259827971458435 3.516542880850341 3.356820583343506 3.978929042816162 0.536754310131073 2.0320257892251736 1.2642300128936768 1.026138424873352
330 1.2589106559753418 3.5984986487561215 3.356564998626709 3.9803388118743896 0.5361657738685608 2.1212338261285026 1.278698205947876 1.0264596939086914
331 1.256960391998291 3.5926560338069864 3.3581697940826416 3.984898567199707 0.525437593460083 2.1232971316631066 1.2829879522323608 1.0245531797409058
332 1.2509546279907227 3.577321883610301 3.3487863540649414 3.953089952468872 0.5173578262329102 2.1166085355721065 1.2415385246276855 0.9433245658874512
333 1.2505159378051758 3.577782623222032 3.350083112716675 3.9498884677886963 0.5229778289794922 2.122858839179568 1.2552189826965332 0.9543904066085815
334 1.2506800889968872 3.5710053394403554 3.3499069213867188 3.9512939453125 0.5213872194290161 2.1152895561944836 1.2531682252883911 0.9526379704475403
335 1.2479685544967651 3.5704918374874786 3.349867343902588 3.9495503902435303 0.5156686305999756 2.1142235692920903 1.2520633935928345 0.9489836692810059
336 1.2643458843231201 3.5749953694612477 3.3575093746185303 3.9558658599853516 0.5582249760627747 2.1231603935238414 1.270249605178833 0.9860892295837402
337 1.2532812356948853 3.5521463082445592 3.3559014797210693 3.939969778060913 0.5381090044975281 2.11025572396782 1.2577474117279053 0.951204776763916
338 1.2532812356948853 3.5516630557570394 3.3559014797210693 3.939969778060913 0.5381090044975281 2.11008631341246 1.2577190399169922 0.951204776763916
339 1.2562437057495117 3.5493131132016655 3.3600542545318604 3.9440786838531494 0.5454773902893066 2.103044188755911 1.2685781717300415 0.9592376351356506
340 1.2486507892608643 3.5359928796394757 3.3569319248199463 3.933229446411133 0.5287390351295471 2.059807933048151 1.2638447284698486 0.9524150490760803
341 1.253983974456787 3.5417409353864215 3.364149570465088 3.9327540397644043 0.542261004447937 2.0652486895396374 1.2824816703796387 0.9504420161247253
342 1.252042293548584 3.511527519811919 3.36185884475708 3.929975748062134 0.539462149143219 2.0400930112601996 1.2673742771148682 0.9448006749153137
343 1.2525273561477661 3.509029236569188 3.36340594291687 3.931262254714966 0.5373167991638184 2.02940594264715 1.2668193578720093 0.9429408311843872
344 1.2525273561477661 3.509029236569188 3.36340594291687 3.931262254714966 0.5373167991638184 2.02940594264715 1.2668193578720093 0.9429408311843872
345 1.2528557777404785 2.8039977736454555 3.355107545852661 3.93430233001709 0.5392778515815735 1.506496147293817 1.1734062433242798 0.9536324739456177
346 1.2519935369491577 2.8333881267701133 3.3567471504211426 3.9324822425842285 0.5357427000999451 1.5034002860865991 1.176966667175293 0.9486461877822876
347 1.25887131690979 2.836075365076097 3.353313446044922 3.949993371963501 0.538997232913971 1.508601821087348 1.1787042617797852 0.9642918109893799
348 1.258872389793396 3.5883193507568394 3.353055000305176 3.9499258995056152 0.5390219688415527 2.114586108888995 1.2674882411956787 0.9642154574394226
349 1.259087324142456 3.5870258312178764 3.3531296253204346 3.949296474456787 0.5388324856758118 2.114225109548212 1.267457127571106 0.9645470380783081
350 1.2561651468276978 2.885268841897663 3.3497636318206787 3.946404218673706 0.5414057970046997 1.5392927350688699 1.174914836883545 0.9659736156463623
351 1.266589641571045 2.801149455450692 3.3607285022735596 3.952876567840576 0.5670238733291626 1.4821339838168288 1.197369933128357 0.9766044020652771
352 1.2653381824493408 2.8836020175610515 3.359776496887207 3.952223300933838 0.5616678595542908 1.5373493673938505 1.2000219821929932 0.9715448617935181
353 1.2687098979949951 2.6864787922402993 3.366037130355835 4.013043403625488 0.565559983253479 1.4225937745722272 1.2228446006774902 1.0999327898025513
354 1.2686069011688232 2.685577959135957 3.361215114593506 3.9640424251556396 0.5661206841468811 1.4230043935891594 1.196083426475525 0.9921266436576843
355 1.2783143520355225 2.6834487342870768 3.3635709285736084 3.994246006011963 0.5708966851234436 1.4235843821687784 1.1962192058563232 1.0105754137039185
356 1.285530924797058 3.032161391420661 3.3609604835510254 4.0213847160339355 0.5699573159217834 1.6111535977466467 1.200000524520874 1.027642011642456
357 1.285530924797058 3.050186355717507 3.3609604835510254 4.0213847160339355 0.5699573159217834 1.6215833917043716 1.2014001607894897 1.027642011642456
358 1.2847914695739746 3.0469374673952885 3.3580713272094727 4.020083427429199 0.5670875906944275 1.6187090401073936 1.1927342414855957 1.0279756784439087
359 1.2784253358840942 3.1097061805112944 3.355225086212158 3.9962005615234375 0.5752871036529541 1.62998110594802 1.1928486824035645 1.0315173864364624
360 1.2784253358840942 3.067984066347674 3.355328321456909 3.9962005615234375 0.5752871036529541 1.598207088371603 1.190034031867981 1.0315173864364624
361 1.2784253358840942 3.065740325506071 3.3548519611358643 3.996243715286255 0.5752871036529541 1.5915213380421676 1.1992417573928833 1.0306742191314697
362 1.2783374786376953 3.0653822356392073 3.3572046756744385 3.996617555618286 0.5756834745407104 1.5913137770130041 1.2055659294128418 1.0311414003372192
363 1.2786269187927246 3.06464479740351 3.357008218765259 3.996183156967163 0.5756537914276123 1.590581597525709 1.2053078413009644 1.0317755937576294
364 1.2781046628952026 3.0633035600785172 3.3577311038970947 3.995778799057007 0.5740641355514526 1.5892605601777623 1.2064275741577148 1.0311486721038818
365 1.2780447006225586 3.063072969285808 3.358158588409424 3.998549699783325 0.5739812850952148 1.5892194142318241 1.2160775661468506 1.0352284908294678
366 1.277773141860962 3.0217066392181358 3.3595468997955322 4.004032135009766 0.5742980241775513 1.5608901275553784 1.209352970123291 1.0282045602798462
367 1.2773844003677368 3.021285065212541 3.3595223426818848 4.003744125366211 0.5741828083992004 1.5608635174708043 1.197851538658142 1.028056025505066
368 1.2856414318084717 3.030364123240545 3.3657102584838867 4.0081562995910645 0.5903854370117188 1.5892869583760734 1.2214300632476807 1.0432106256484985
369 1.2824442386627197 2.970961427094447 3.3696961402893066 4.0074920654296875 0.5814920663833618 1.5465905815431398 1.221386194229126 1.0333163738250732
370 1.276421308517456 2.956733359746224 3.3677616119384766 3.9946773052215576 0.5746098160743713 1.5440671686811387 1.2346631288528442 1.0157612562179565
371 1.2768223285675049 2.955015270666066 3.367528200149536 3.994875192642212 0.5750587582588196 1.543953824495456 1.2338268756866455 1.0161577463150024
372 1.2773061990737915 2.9720709177743023 3.366105794906616 4.003539085388184 0.5729992985725403 1.55298802173184 1.2329540252685547 1.0248713493347168
373 1.2774709463119507 2.969937036278505 3.3664205074310303 3.9994070529937744 0.5733701586723328 1.5471668026554668 1.2347508668899536 1.0214662551879883
374 1.2771962881088257 3.0006136842007547 3.3670177459716797 3.999342441558838 0.5727164149284363 1.5748237619333534 1.2401180267333984 1.0211269855499268
375 1.2772486209869385 3.1430928984540674 3.3671369552612305 3.999326705932617 0.5727583169937134 1.671275849705626 1.25271737575531 1.0203534364700317
376 1.2780596017837524 3.1430286877499714 3.3667075634002686 3.9994876384735107 0.5751276612281799 1.6723067763422224 1.2525612115859985 1.0227898359298706
377 1.2833988666534424 3.1347950963469886 3.3687520027160645 3.992194652557373 0.5888732075691223 1.670905515201985 1.257464051246643 1.0237363576889038
378 1.2833808660507202 3.1348681315497373 3.3687736988067627 3.9922187328338623 0.5888568758964539 1.6709578653495492 1.2575485706329346 1.0238187313079834
379 1.2833263874053955 3.825081254310777 3.3653151988983154 3.9917900562286377 0.5871931314468384 2.33084262079833 1.3501156568527222 1.0238415002822876
380 1.2833263874053955 3.825081254310777 3.3650331497192383 3.9917900562286377 0.5871931314468384 2.33084262079833 1.3454291820526123 1.0238415002822876
381 1.2833263874053955 3.7791643150385963 3.3650331497192383 3.9917900562286377 0.5871931314468384 2.281691209308424 1.337949275970459 1.0238415002822876
382 1.2833760976791382 3.7770669736959444 3.3670191764831543 3.9882383346557617 0.5877370834350586 2.2797237377437316 1.359879732131958 1.0192948579788208
383 1.283754587173462 3.8038451987913504 3.367616891860962 3.9880218505859375 0.5894264578819275 2.3071011298618105 1.3654236793518066 1.019884467124939
384 1.283754587173462 3.8038451987913504 3.367593288421631 3.9880218505859375 0.5894296169281006 2.3071201179509013 1.3656469583511353 1.0198978185653687
385 1.2843425273895264 3.804239492705081 3.36820912361145 3.9892971515655518 0.5882406830787659 2.307319474344464 1.366919994354248 1.0179306268692017
386 1.2849942445755005 3.800622218463443 3.3724586963653564 3.989999294281006 0.5882049202919006 2.3001212253260044 1.3780778646469116 1.0180721282958984
387 1.2845007181167603 3.7965017681784725 3.373811960220337 3.9862124919891357 0.5933846235275269 2.2989925029222738 1.3791433572769165 1.023715853691101
388 1.2878879308700562 3.8334045241063306 3.372145175933838 3.9852375984191895 0.6054657101631165 2.3489578140693235 1.3843820095062256 1.0273770093917847
389 1.287841796875 3.838937042611832 3.372994899749756 3.9880833625793457 0.6059733629226685 2.354176132963626 1.3848365545272827 1.0277140140533447
390 1.296973705291748 3.8246579098587166 3.3720452785491943 3.9859752655029297 0.6272491216659546 2.354099778171296 1.3841804265975952 1.0427519083023071
391 1.2963933944702148 3.6327986784946766 3.375270366668701 3.9863290786743164 0.6273260712623596 2.2306241888060017 1.3684176206588745 1.0485554933547974
392 1.2874571084976196 3.5463508741586627 3.375514030456543 3.9773213863372803 0.6033710241317749 2.1208903248605253 1.337038516998291 0.9866706728935242
393 1.3024994134902954 2.750872954746806 3.3689115047454834 4.048572540283203 0.5986624956130981 1.4284579429601796 1.2267382144927979 1.0566020011901855
394 1.3037408590316772 2.7513078543045175 3.368623733520508 4.048215389251709 0.5992177128791809 1.4287459826303066 1.2246487140655518 1.0555726289749146
395 1.3038092851638794 2.7735601028816275 3.368633985519409 4.048107147216797 0.5994207262992859 1.4143398134107292 1.2231923341751099 1.0556104183197021
396 1.30165433883667 2.7262606643469147 3.369581460952759 4.039527893066406 0.6031966209411621 1.4293264281203983 1.2255795001983643 1.0455431938171387
397 1.292392373085022 2.694506242219246 3.3752331733703613 4.001124858856201 0.6050900816917419 1.4326560381439097 1.2391009330749512 1.0177758932113647
398 1.2923589944839478 2.711120476204187 3.375282049179077 4.001105308532715 0.6050860285758972 1.4434261910967359 1.2405650615692139 1.0176247358322144
399 1.2928194999694824 2.8633227209056447 3.376699447631836 4.062950611114502 0.6079856753349304 1.489100852502905 1.3682646751403809 1.6864787340164185
400 1.2930307388305664 2.8619682538592017 3.3770322799682617 4.063378810882568 0.6083984375 1.480571267153972 1.3710229396820068 1.687225341796875
