init 0.945160984992981 6.43661951321439 3.4627110958099365 2.0248756408691406 0.0 0.0 0.0 0.0
1 0.9675773978233337 6.389308435925591 3.4506747722625732 2.014691114425659 0.28249412775039673 0.4232571752311983 0.4706549644470215 0.20612654089927673
2 1.024269700050354 6.266751932882744 3.4634225368499756 2.0798022747039795 0.5273374319076538 4.375269103559296 1.3894226551055908 0.5282848477363586
3 1.0343931913375854 6.267330547657934 3.414586305618286 2.1246790885925293 0.5263053178787231 4.498428040670786 1.5677986145019531 0.6641666293144226
4 1.0707050561904907 6.272437144070884 3.4453885555267334 2.168698310852051 0.5789178013801575 4.7190758607883865 1.6760282516479492 0.7303428649902344
5 1.0797713994979858 6.27418912299699 3.438685178756714 2.0880260467529297 0.5785999298095703 4.7129012231241845 1.6978867053985596 0.9346965551376343
6 1.1180531978607178 6.322404978317011 3.4423561096191406 2.096468448638916 0.5708855986595154 4.696088922107929 1.6683777570724487 0.9326999187469482
7 1.1231586933135986 6.2644682947953845 3.4455273151397705 2.100287437438965 0.565952479839325 4.609787360243901 1.672181248664856 0.9390857219696045
8 1.1158593893051147 6.268161390231294 3.4415159225463867 2.096389055252075 0.5547513365745544 4.611186955606291 1.6594395637512207 0.9365541934967041
9 1.1116942167282104 6.130178374499612 3.4396634101867676 2.0949058532714844 0.5512635111808777 4.705357988463247 1.6652569770812988 0.9342449903488159
10 1.1333261728286743 6.135429181197556 3.4551820755004883 2.1018338203430176 0.5724937319755554 4.680853150696812 1.6763007640838623 0.9538488388061523
11 1.143078327178955 6.137305329069771 3.457659959793091 2.107003688812256 0.5836631059646606 4.676600601704079 1.6830050945281982 0.966829776763916
12 1.1198325157165527 6.15487584766365 3.456839084625244 2.110044002532959 0.5629249215126038 4.7030285930917755 1.6779789924621582 0.9532808661460876
13 1.120190143585205 6.130469022201605 3.4530460834503174 2.1100285053253174 0.5630066394805908 4.674275419736851 1.6866861581802368 0.9532973766326904
14 1.1225988864898682 6.1343136757609615 3.4602530002593994 2.1140754222869873 0.5661656260490417 4.68520410908234 1.7110486030578613 0.9618629813194275
15 1.0521975755691528 6.106067037498476 3.429490566253662 2.073012113571167 0.41701945662498474 4.78231203995504 1.639014720916748 0.8519912958145142
16 1.0652488470077515 6.104110082513407 3.4344937801361084 2.0787620544433594 0.43894192576408386 4.792026106755501 1.6535887718200684 0.8743658661842346
17 1.0598520040512085 6.156603638393347 3.4296622276306152 2.079043388366699 0.4321751892566681 4.908030874918367 1.6844050884246826 0.8735120296478271
18 1.083418369293213 6.146141094050027 3.429332733154297 2.0766522884368896 0.44674864411354065 4.866269554587022 1.6711300611495972 0.8688200116157532
19 1.0838452577590942 6.160043854594443 3.4264211654663086 2.0802974700927734 0.45911774039268494 4.875654778987497 1.7228907346725464 0.8669726252555847
20 1.0838452577590942 6.162991700048608 3.426290988922119 2.0802974700927734 0.45911774039268494 4.8706439286128616 1.709317922592163 0.8669726252555847
21 1.040170431137085 6.163766990556519 3.408334493637085 2.064829111099243 0.38681820034980774 4.838294592254624 1.6758536100387573 0.8471168279647827
22 1.04030442237854 6.163414719578436 3.4091808795928955 2.0654196739196777 0.3870026469230652 4.844577519671422 1.6825839281082153 0.8481586575508118
23 1.0400139093399048 6.167158131896462 3.4092345237731934 2.0651967525482178 0.3864568769931793 4.840600549755827 1.6815292835235596 0.8478689193725586
24 1.036704182624817 6.161511694242814 3.4057440757751465 2.06610107421875 0.37289661169052124 4.836842312901842 1.6600478887557983 0.8302143216133118
25 1.0493830442428589 6.163740022706882 3.4066505432128906 2.0678577423095703 0.3910888731479645 4.832882482476959 1.6661629676818848 0.8428377509117126
26 1.0481806993484497 6.163941161811312 3.406832456588745 2.0680992603302 0.3901059329509735 4.835107723384083 1.6680331230163574 0.8416874408721924
27 1.0511277914047241 6.15527254138352 3.4040894508361816 2.065761089324951 0.39507797360420227 4.836942196770991 1.649693489074707 0.8430905938148499
28 1.0686237812042236 6.166625548931982 3.40073561668396 2.073500871658325 0.42347902059555054 4.857141012768135 1.6681616306304932 0.8518383502960205
29 1.0688894987106323 6.173843070724519 3.400458812713623 2.074190378189087 0.4237990379333496 4.867570230412466 1.6827327013015747 0.853061318397522
30 1.0798382759094238 6.165037277631745 3.4152426719665527 2.081932306289673 0.4520639181137085 4.867186775653073 1.704623818397522 0.8669997453689575
31 1.0799669027328491 6.171112920311391 3.415435314178467 2.0824873447418213 0.4532434344291687 4.875205038097251 1.7088247537612915 0.8679848313331604
32 1.0654692649841309 6.168431603743589 3.415090799331665 2.0820417404174805 0.43866831064224243 4.874655273939939 1.7006747722625732 0.8631879687309265
33 1.071739912033081 6.162137229888145 3.415990114212036 2.086244821548462 0.45127639174461365 4.869255202294101 1.7202883958816528 0.8738176822662354
34 1.0543632507324219 6.135129407971067 3.4062721729278564 2.070120096206665 0.4032253921031952 4.890606789634479 1.6910014152526855 0.8281974196434021
35 1.0742824077606201 6.144301135033626 3.4189555644989014 2.077599287033081 0.4366145133972168 4.88518271023201 1.6986383199691772 0.8317503929138184
36 1.0827499628067017 6.1642031519774205 3.4169204235076904 2.07950496673584 0.44881314039230347 4.958470242720897 1.7171053886413574 0.8315047025680542
37 1.0846284627914429 6.161591225431487 3.424085855484009 2.0593886375427246 0.45109450817108154 4.958301697141437 1.7101505994796753 0.7574483156204224
38 1.0707906484603882 6.154801921296955 3.419888496398926 2.0576653480529785 0.4338843524456024 4.961547365789267 1.709123134613037 0.7544087767601013
39 1.0786527395248413 6.153279864932327 3.4205636978149414 2.0577406883239746 0.4417605996131897 4.959583527169951 1.7107027769088745 0.756293773651123
40 1.0774829387664795 6.153028007304191 3.4206085205078125 2.0574870109558105 0.4396476447582245 4.959433360540003 1.7100874185562134 0.7559864521026611
41 1.0783779621124268 6.164802579036346 3.421041250228882 2.0580217838287354 0.4420475363731384 4.96355396601757 1.7080515623092651 0.7570861577987671
42 1.0453124046325684 6.157401573207184 3.415158271789551 2.0471293926239014 0.40461093187332153 4.968102529702901 1.6961686611175537 0.749347984790802
43 1.058773398399353 6.148771206723384 3.4166531562805176 2.047079086303711 0.4154816269874573 4.952136662673031 1.6917719841003418 0.7617080807685852
44 1.0491063594818115 6.144033245544148 3.411435604095459 2.042917251586914 0.4034075438976288 4.951886786711936 1.6946810483932495 0.7490960359573364
45 1.0551036596298218 6.146451543162134 3.409937858581543 2.0452823638916016 0.41183343529701233 4.968047199376056 1.6904139518737793 0.7494059205055237
46 1.054980993270874 6.146121897142333 3.405306816101074 2.0470378398895264 0.41191163659095764 4.955935015124898 1.7044731378555298 0.7541462182998657
47 1.0534783601760864 6.146033697384425 3.404620885848999 2.046050786972046 0.40800654888153076 4.954779203774889 1.703123688697815 0.7522611021995544
48 1.0578669309616089 6.133443219319728 3.4063572883605957 2.0406174659729004 0.3973877429962158 4.9384150871621895 1.6821271181106567 0.7325607538223267
49 1.0499011278152466 6.136011347874274 3.406114101409912 2.0362038612365723 0.38772791624069214 4.960493896459353 1.6917331218719482 0.7179796099662781
50 1.046968698501587 6.145070860114952 3.4040825366973877 2.0335047245025635 0.37604328989982605 4.959432267007588 1.6775848865509033 0.7101718783378601
51 1.0489215850830078 6.138895338785369 3.402056932449341 2.032423257827759 0.38208305835723877 4.965658202645724 1.6782571077346802 0.7194517850875854
52 1.0461755990982056 6.148407392416235 3.4019153118133545 2.0304911136627197 0.3760092258453369 4.974416904800243 1.6865571737289429 0.713241696357727
53 1.0675499439239502 6.151787821020118 3.4021687507629395 2.0312721729278564 0.39868423342704773 4.972168757710369 1.692561149597168 0.7213029265403748
54 1.0675499439239502 6.142549228491648 3.408557176589966 2.032914400100708 0.39868423342704773 4.9719255965583 1.7089086771011353 0.721756100654602
55 1.0667752027511597 6.151051353980516 3.409379720687866 2.0370497703552246 0.3956681191921234 4.971949227336323 1.7122951745986938 0.7210792303085327
56 1.0670194625854492 6.152460078393206 3.4241065979003906 2.040947675704956 0.4079461693763733 4.980865890459261 1.748848795890808 1.0287724733352661
57 1.0709660053253174 6.152464723991558 3.4233922958374023 2.0412960052490234 0.4109140932559967 4.980331475488472 1.7526112794876099 1.030178427696228
58 1.099548101425171 6.159581825990957 3.435845136642456 2.0542869567871094 0.4522154927253723 4.976773435687572 1.7657748460769653 1.0465971231460571
59 1.0981160402297974 6.159045599434653 3.4237406253814697 2.0541012287139893 0.4491793215274811 4.976226211002037 1.772829294204712 1.0461081266403198
60 1.091617226600647 6.158435872313205 3.4236557483673096 2.052217960357666 0.441506952047348 4.973861032188523 1.7726794481277466 1.040204405784607
61 1.091617226600647 6.158435872313205 3.4236557483673096 2.052217960357666 0.441506952047348 4.973861032188523 1.7726794481277466 1.040204405784607
62 1.094849944114685 6.1588769659426905 3.4213175773620605 2.0435221195220947 0.44192758202552795 4.975210408045731 1.7730921506881714 1.0416197776794434
63 1.090714454650879 6.1533509880734245 3.4616477489471436 2.043428421020508 0.43536606431007385 4.976110180491987 1.7497565746307373 1.0372264385223389
64 1.0902186632156372 6.149742372872312 3.460153341293335 2.0412068367004395 0.4319484233856201 4.97143810323187 1.741990327835083 1.0371787548065186
65 1.0842267274856567 6.149543264372366 3.4590189456939697 2.0399625301361084 0.4281550943851471 4.970758770653354 1.7408409118652344 1.0372998714447021
66 1.040692687034607 6.1291806207910735 3.4575486183166504 2.032395124435425 0.39055851101875305 4.924463187583705 1.7422086000442505 1.0249154567718506
67 1.0403319597244263 6.128687638389542 3.4589781761169434 2.0369765758514404 0.39350196719169617 4.922487950664649 1.7409343719482422 1.0309529304504395
68 1.0497897863388062 6.129471771188561 3.4627511501312256 2.0341110229492188 0.38878390192985535 4.9190473232379945 1.7214645147323608 1.0329293012619019
69 1.0545368194580078 6.12838996862273 3.431723117828369 2.0366127490997314 0.3962676227092743 4.936694987936942 1.7390402555465698 1.0353032350540161
70 1.0578547716140747 6.133458327312855 3.4314591884613037 2.043372392654419 0.40732839703559875 4.940693708162003 1.7152695655822754 1.036755084991455
71 1.0649303197860718 6.1443348585537105 3.427493095397949 2.043992757797241 0.41676077246665955 4.943197864724229 1.7219579219818115 1.0388814210891724
72 1.064947247505188 6.144252081333098 3.427502155303955 2.0443711280822754 0.41677138209342957 4.942974754914364 1.721970796585083 1.0394355058670044
73 1.064947247505188 6.134691073285624 3.4272570610046387 2.04416823387146 0.41677138209342957 4.939184881237474 1.7168653011322021 1.039446473121643
74 1.0644441843032837 6.144062985190923 3.4283976554870605 2.044224739074707 0.4160211682319641 4.939906194292785 1.7206103801727295 1.039480209350586
75 1.0614885091781616 6.133195968574185 3.4286351203918457 2.0461812019348145 0.41624751687049866 4.938728156893166 1.7022258043289185 1.0417091846466064
76 1.037644863128662 6.134789234742195 3.4297730922698975 2.0422635078430176 0.3892241418361664 4.941357697769071 1.7020907402038574 1.0324323177337646
77 1.041425347328186 6.136265768390827 3.428713083267212 2.040677785873413 0.388824462890625 4.932930996964806 1.6862186193466187 1.0284209251403809
78 1.0409152507781982 6.136067667895226 3.428954839706421 2.0396852493286133 0.3872387111186981 4.931709488566577 1.6888022422790527 1.0363045930862427
79 1.0409579277038574 6.133444114731992 3.4288394451141357 2.0395405292510986 0.3871960937976837 4.930874239005349 1.6980276107788086 1.0362191200256348
80 1.040838599205017 6.1334655871810435 3.428144693374634 2.0396039485931396 0.38795793056488037 4.930219411564234 1.6969348192214966 1.03656804561615
81 1.0409109592437744 6.133512994059211 3.4280080795288086 2.0377025604248047 0.38776323199272156 4.930293531612139 1.6968755722045898 1.0364116430282593
82 1.0412782430648804 6.142242615568004 3.427584648132324 2.0347256660461426 0.3880032002925873 4.932431980035289 1.697991132736206 1.0319453477859497
83 1.0399580001831055 6.1425826106736165 3.4280097484588623 2.03635835647583 0.38598138093948364 4.930231556441675 1.6983511447906494 1.031540870666504
84 1.0398967266082764 6.140317860413448 3.4263932704925537 2.0344157218933105 0.3855914771556854 4.9308749473186495 1.6931082010269165 1.0309267044067383
85 1.038556456565857 6.140745597497752 3.424964189529419 2.105379819869995 0.3846903443336487 4.947093731962011 1.689693808555603 0.8788315057754517
86 1.0384283065795898 6.142648146381379 3.4254019260406494 2.106109142303467 0.38440778851509094 4.949044648383408 1.6904805898666382 0.8791841864585876
87 1.0272616147994995 6.136806910848908 3.4321796894073486 2.1016619205474854 0.3652951717376709 4.930832019489007 1.6709191799163818 0.875351071357727
88 1.0287282466888428 6.141030841823081 3.430792808532715 2.10109806060791 0.368710458278656 4.928619233263281 1.70024573802948 0.8738391995429993
89 1.0288161039352417 6.1373228292077275 3.430424928665161 2.101128101348877 0.3687325119972229 4.926842045435003 1.6897876262664795 0.8738930225372314
90 1.02904212474823 6.134306455753069 3.4304144382476807 2.1011605262756348 0.3690192997455597 4.926002618727404 1.6980592012405396 0.8740529417991638
91 1.0291109085083008 6.132155984512957 3.431234121322632 2.101109743118286 0.36868607997894287 4.925943854878338 1.7001590728759766 0.8738015294075012
92 1.0331469774246216 6.122692276246504 3.4353578090667725 2.105226993560791 0.38368484377861023 4.919750790820709 1.7080628871917725 0.8815603852272034
93 1.0310227870941162 6.124943017707721 3.436995029449463 2.1044485569000244 0.3794367015361786 4.921235090608091 1.7058883905410767 0.8792911767959595
94 1.0363906621932983 6.125825100359986 3.4369819164276123 2.1044912338256836 0.385722279548645 4.922223793247834 1.7078015804290771 0.8808042407035828
95 1.0386909246444702 6.124754244606488 3.436039686203003 2.1049115657806396 0.3934275209903717 4.923441935410068 1.7063456773757935 0.8826131224632263
96 1.0467666387557983 6.1288902188419065 3.436610460281372 2.1084532737731934 0.39155471324920654 4.940572960318267 1.7159501314163208 0.8892714381217957
97 1.0474138259887695 6.128888535144881 3.435807466506958 2.1084773540496826 0.3923402428627014 4.939869360652177 1.718183994293213 0.8897563815116882
98 1.0473015308380127 6.1344663084652495 3.445051431655884 2.108201026916504 0.39246299862861633 4.948646330822353 1.712954044342041 0.8892747759819031
99 1.041770100593567 6.132272812217436 3.447918176651001 2.1084554195404053 0.38572460412979126 4.947317673254793 1.6913833618164063 0.8880087733268738
100 1.0335177183151245 6.125934766687508 3.4541656970977783 2.1119565963745117 0.3843703269958496 4.9334731757738535 1.7056872844696045 0.885737955570221
101 1.0344738960266113 6.127224908018721 3.453697443008423 2.1124942302703857 0.38397595286369324 4.926341612012258 1.704529881477356 0.8881835341453552
102 1.0330899953842163 6.127180037093127 3.451676368713379 2.1116819381713867 0.38143178820610046 4.929876405618896 1.7018933296203613 0.8818422555923462
103 1.0362765789031982 6.126319436857731 3.4519503116607666 2.112363338470459 0.38078615069389343 4.930184304526435 1.7024861574172974 0.8833893537521362
104 1.0353776216506958 6.125198132976683 3.4517619609832764 2.1163740158081055 0.3798302114009857 4.922888434106686 1.6995813846588135 0.8749749064445496
105 1.035721778869629 6.123639556333216 3.451827049255371 2.1162631511688232 0.37904590368270874 4.923088579248092 1.6985547542572021 0.8744640946388245
106 1.0264956951141357 6.123633607455332 3.448758125305176 2.1111972332000732 0.3703595697879791 4.9344261476995745 1.6879552602767944 0.868769109249115
107 1.0161315202713013 6.122353315312368 3.449312686920166 2.110714912414551 0.36044710874557495 4.936526182915601 1.6872425079345703 0.8645314574241638
108 1.011559247970581 6.122320706798092 3.446072578430176 2.111736536026001 0.3544064164161682 4.961325092497232 1.6875829696655273 0.865848958492279
109 1.0126408338546753 6.12556693036931 3.4463257789611816 2.115107536315918 0.3626527190208435 4.963431695965121 1.6969400644302368 0.8666598796844482
110 1.012669563293457 6.125565337777179 3.4457833766937256 2.1151084899902344 0.3626669645309448 4.963433841360823 1.697487711906433 0.8666626811027527
111 1.0212825536727905 6.118835041107898 3.4463119506835938 2.124286413192749 0.37393543124198914 4.952358846044604 1.7053794860839844 0.8856106996536255
112 1.023114800453186 6.119199852492903 3.4459903240203857 2.1246325969696045 0.3773273229598999 4.952977032743538 1.7059683799743652 0.886136531829834
113 1.0231266021728516 6.1309541020192695 3.4448001384735107 2.1246657371520996 0.3776584267616272 4.933359709610012 1.704819917678833 0.8861405849456787
114 1.0223009586334229 6.130812263808465 3.4385898113250732 2.124616861343384 0.37527531385421753 4.935624881071587 1.7081528902053833 0.8870164752006531
115 1.0215675830841064 6.133959058307294 3.438634157180786 2.124506950378418 0.37484097480773926 4.936047421328871 1.6988041400909424 0.8866956830024719
116 1.0198180675506592 6.130599107852801 3.4388601779937744 2.124452590942383 0.36997511982917786 4.9317429926637715 1.7050448656082153 0.8864231705665588
117 1.0198180675506592 6.124365201455048 3.4368178844451904 2.124452590942383 0.36997511982917786 4.930932007031445 1.7192600965499878 0.8864231705665588
118 1.0185917615890503 6.129181697843377 3.4361159801483154 2.1245946884155273 0.36976054310798645 4.952064103717488 1.7156444787979126 0.8863829970359802
119 1.0173838138580322 6.123172591284402 3.4365110397338867 2.1259806156158447 0.3699508011341095 4.954016563403857 1.7189863920211792 0.8867486119270325
120 1.018225908279419 6.127289374327754 3.4038662910461426 2.1256067752838135 0.37029197812080383 4.953706391784099 1.7391940355300903 0.8859285712242126
121 1.0242518186569214 6.12621337249981 3.4034416675567627 2.126908779144287 0.37931904196739197 4.9537577750490165 1.7331340312957764 0.8922143578529358
122 1.0196411609649658 6.1271977225823395 3.403975486755371 2.126392364501953 0.38170933723449707 4.955946441231481 1.7309743165969849 0.8898658156394958
123 1.0181373357772827 6.128666203856001 3.405822277069092 2.129321813583374 0.37982985377311707 4.941789257451113 1.7220486402511597 0.8941108584403992
124 1.0184026956558228 6.128712251105098 3.40573787689209 2.128767251968384 0.37972012162208557 4.941742484962779 1.7247282266616821 0.892827570438385
125 1.018875002861023 6.126279706210019 3.405351400375366 2.1309523582458496 0.3803360164165497 4.942395903575122 1.7343509197235107 0.897426187992096
126 1.018875002861023 6.13004790191278 3.405351400375366 2.1309523582458496 0.3803360164165497 4.937099951872609 1.7340368032455444 0.897426187992096
127 1.0122096538543701 6.129216449564276 3.40403413772583 2.12834095954895 0.36387062072753906 4.9314233396334695 1.7216923236846924 0.8954773545265198
128 1.021275281906128 6.1280518908504495 3.4032466411590576 2.128176689147949 0.362366646528244 4.935363436565409 1.720566749572754 0.8955820798873901
129 1.0252149105072021 6.126826659424361 3.397089719772339 2.127105712890625 0.36378371715545654 4.935343895086699 1.7336310148239136 0.8961189985275269
130 1.0273348093032837 6.131036164863267 3.4021120071411133 2.1311209201812744 0.3707062900066376 4.9237224797748524 1.7358630895614624 0.9016978144645691
131 1.0325616598129272 6.132933634987282 3.4030489921569824 2.131956100463867 0.3768427073955536 4.9223697604606 1.737555980682373 0.9029315710067749
132 1.0362217426300049 6.1397506363306285 3.4068753719329834 2.135211944580078 0.3903709948062897 4.9224256601438015 1.7142568826675415 0.9082829356193542
133 1.047448754310608 6.2823487326662315 3.4051616191864014 2.1338937282562256 0.4039652943611145 4.825885694184223 1.6993107795715332 0.9022966027259827
134 1.0467039346694946 6.282438936604205 3.405451774597168 2.1338720321655273 0.4034322202205658 4.825522178890835 1.6992169618606567 0.90238356590271
135 1.0376032590866089 6.288145644882605 3.403331756591797 2.13301157951355 0.3946510851383209 4.852541029801555 1.6988331079483032 0.8955042362213135
136 1.04618501663208 6.28832180612184 3.4037723541259766 2.133733034133911 0.4068576991558075 4.849829981946904 1.7029801607131958 0.9051609635353088
137 1.0513373613357544 6.289060796995967 3.402722120285034 2.1338813304901123 0.4128117561340332 4.850246612897616 1.702917218208313 0.9066097736358643
138 1.0524730682373047 6.295167101064323 3.404637575149536 2.1343331336975098 0.41532468795776367 4.864631306890407 1.7056877613067627 0.9106209874153137
139 1.0524661540985107 6.296209384633661 3.4013540744781494 2.1338443756103516 0.41521599888801575 4.868813265824659 1.6974037885665894 0.9093661904335022
140 1.0511313676834106 6.296072683177761 3.4015135765075684 2.1338391304016113 0.4144473075866699 4.87050462240104 1.7059389352798462 0.9083194732666016
141 1.058618187904358 6.300294971210937 3.403531789779663 2.1351051330566406 0.42192232608795166 4.872216016832014 1.7053614854812622 0.9107972383499146
142 1.057759165763855 6.282649322165315 3.4031782150268555 2.1352460384368896 0.4214046597480774 4.863526422242312 1.705139398574829 0.909862756729126
143 1.0571142435073853 6.28960786632548 3.408905267715454 2.1362016201019287 0.42588138580322266 4.851609979835265 1.706803560256958 0.9099730849266052
144 1.0537782907485962 6.2874566914062555 3.4198720455169678 2.1371254920959473 0.4239717423915863 4.848317828651142 1.7167476415634155 0.905867338180542
145 1.055039644241333 6.287906066015484 3.420083999633789 2.13765549659729 0.4265035092830658 4.849449935080138 1.7184138298034668 0.9075990915298462
146 1.0578954219818115 6.287897121773206 3.420034170150757 2.1373538970947266 0.4309104084968567 4.856481600617561 1.721648931503296 0.9109700322151184
147 1.059378981590271 6.282980152967847 3.4198968410491943 2.138404607772827 0.43262147903442383 4.85536086893435 1.7230180501937866 0.913643479347229
148 1.0600296258926392 6.283668958557455 3.421093463897705 2.1390488147735596 0.4363642632961273 4.858041773294818 1.7253108024597168 0.9151179790496826
149 1.061513066291809 6.284165990442792 3.420788288116455 2.1395411491394043 0.438417911529541 4.858852673374974 1.7175637483596802 0.9154648184776306
150 1.0593005418777466 6.281614227968195 3.419086217880249 2.137820243835449 0.42821577191352844 4.86599042592363 1.7216228246688843 0.9099648594856262
151 1.0545791387557983 6.280167834748361 3.409433603286743 2.1314492225646973 0.4132182002067566 4.870005784392116 1.700039267539978 0.89980548620224
152 1.0457888841629028 6.281084751041069 3.4099297523498535 2.1310276985168457 0.4113462567329407 4.873415979633833 1.7062703371047974 0.9026906490325928
153 1.0587745904922485 6.276237318354791 3.409740686416626 2.1338300704956055 0.40921738743782043 4.854815775778556 1.7069358825683594 0.899865984916687
154 1.056390643119812 6.2817188508862625 3.4099326133728027 2.1327309608459473 0.4079698920249939 4.864891984840079 1.711950659751892 0.9023518562316895
155 1.0512580871582031 6.276577792269196 3.412379741668701 2.132765769958496 0.40464484691619873 4.874892214756119 1.6665881872177124 0.9020528197288513
156 1.0482814311981201 6.276674292207788 3.412627696990967 2.1482410430908203 0.4029838740825653 4.877737118879551 1.6688910722732544 0.936923623085022
157 1.0451149940490723 6.277960640268653 3.4154272079467773 2.1480472087860107 0.39863380789756775 4.876324284234016 1.6631962060928345 0.9358954429626465
158 1.0451916456222534 6.278755906200007 3.4143500328063965 2.1487724781036377 0.39824533462524414 4.8720411028780255 1.6660089492797852 0.9371594786643982
159 1.0448580980300903 6.278732304645204 3.414682626724243 2.1485867500305176 0.3985629975795746 4.871964096492445 1.6718716621398926 0.9367280602455139
160 1.0439711809158325 6.273477268229526 3.4145331382751465 2.148855686187744 0.39744943380355835 4.871372431409067 1.6602903604507446 0.936917781829834
161 1.044095754623413 6.273468733444105 3.4137837886810303 2.141212224960327 0.3970873951911926 4.871333177254202 1.6588295698165894 0.9196459054946899
162 1.0451397895812988 6.27354786965916 3.4136264324188232 2.141634225845337 0.39824584126472473 4.87830350284564 1.6605430841445923 0.9198665022850037
163 1.0499438047409058 6.274964912412783 3.4145519733428955 2.1426584720611572 0.4037097990512848 4.86974079003476 1.6599589586257935 0.9217371940612793
164 1.0474822521209717 6.278824957026385 3.4156951904296875 2.1491498947143555 0.40310266613960266 4.871943453840585 1.6694637537002563 0.9305505752563477
165 1.051552414894104 6.279419671580966 3.4208450317382813 2.1538186073303223 0.4094459116458893 4.862673315779828 1.6695891618728638 0.9365123510360718
166 1.057855486869812 6.2767587637644136 3.423093557357788 2.1556668281555176 0.4150158762931824 4.835183017652591 1.6674737930297852 0.9402113556861877
167 1.0558913946151733 6.281809461551394 3.421874761581421 2.15311861038208 0.4079799950122833 4.833294144451129 1.6657272577285767 0.9351804256439209
168 1.0558913946151733 6.295294178048752 3.4220430850982666 2.15311861038208 0.4079799950122833 4.894214819668264 1.675188660621643 0.9351804256439209
169 1.0557942390441895 6.2978578598445205 3.422158718109131 2.1533191204071045 0.40803179144859314 4.858082214201169 1.6674134731292725 0.9353991150856018
170 1.0660237073898315 6.311884237299228 3.428884744644165 2.159848690032959 0.43508702516555786 4.853108353314275 1.6853617429733276 0.9501952528953552
171 1.0773369073867798 6.312566444263013 3.430257558822632 2.1587178707122803 0.4482836127281189 4.857979685451928 1.688391923904419 0.9508476853370667
172 1.0772148370742798 6.3205867258934525 3.428602695465088 2.1591813564300537 0.4469781517982483 4.867012633652094 1.6775550842285156 0.9483206868171692
173 1.0752129554748535 6.317861578774799 3.427908420562744 2.1590654850006104 0.44403818249702454 4.875913281455205 1.6791881322860718 0.9465146064758301
174 1.0846073627471924 6.321356392788076 3.429037094116211 2.1618356704711914 0.45939159393310547 4.872593385105466 1.6753689050674438 0.9533913135528564
175 1.0935252904891968 6.323712119650528 3.431325674057007 2.160691261291504 0.46118637919425964 4.8610519928350495 1.671204924583435 0.9517791271209717
176 1.09349524974823 6.317579089313755 3.4303488731384277 2.16068959236145 0.4611974060535431 4.859771074018208 1.6628938913345337 0.9517778754234314
177 1.0943831205368042 6.307572489093684 3.430788278579712 2.1609854698181152 0.4621650278568268 4.838426800378388 1.6833773851394653 0.9514561295509338
178 1.0995914936065674 6.304566651976196 3.4312851428985596 2.1611928939819336 0.46886199712753296 4.830020109770612 1.6807230710983276 0.9517950415611267
179 1.0995126962661743 6.314344510861262 3.4313011169433594 2.161190986633301 0.4688848555088043 4.8314022363558085 1.679710030555725 0.9517701864242554
180 1.0951474905014038 6.310362192342648 3.4245364665985107 2.156195640563965 0.46666014194488525 4.834542785861456 1.7317347526550293 0.9692531228065491
181 1.0958667993545532 6.311184236632285 3.4295639991760254 2.1561477184295654 0.46846622228622437 4.826430437340173 1.723313808441162 0.9688587784767151
182 1.1066254377365112 6.278792580163635 3.4317314624786377 2.158059597015381 0.48208171129226685 4.778480071861603 1.7138724327087402 0.973888635635376
183 1.1070647239685059 6.285103045661848 3.433788776397705 2.15765643119812 0.48285698890686035 4.780403196731621 1.7143498659133911 0.9768992066383362
184 1.103484034538269 6.279876822426542 3.436723470687866 2.1544687747955322 0.4709099531173706 4.7551574298572445 1.6859248876571655 0.9691464900970459
185 1.066058874130249 6.276325707205987 3.431846857070923 2.226616621017456 0.42917710542678833 4.794979440685369 1.6539602279663086 0.7659904956817627
186 1.0661078691482544 6.279808069667984 3.43670654296875 2.230287790298462 0.43105024099349976 4.802293527764584 1.6584503650665283 0.7721900939941406
187 1.0689692497253418 6.271258937810163 3.4378836154937744 2.231990337371826 0.4367377460002899 4.803034096430471 1.6703871488571167 0.7765289545059204
188 1.069305658340454 6.272223829877022 3.4390509128570557 2.2319958209991455 0.4377284049987793 4.8050800633579485 1.666661024093628 0.7764685750007629
189 1.0687236785888672 6.268826403124801 3.439413547515869 2.232572078704834 0.43772029876708984 4.795426074862891 1.664333701133728 0.7734944224357605
190 1.0613843202590942 6.258073137885139 3.4369776248931885 2.2350640296936035 0.4369385838508606 4.811958499079839 1.6683205366134644 0.7746891379356384
191 1.063029408454895 6.271688049357412 3.436194658279419 2.2287328243255615 0.4370453357696533 4.827720718822628 1.678340196609497 0.7700319290161133
192 1.0498526096343994 6.2674064798642535 3.4384713172912598 2.228698492050171 0.43674802780151367 4.8189608491227425 1.6672953367233276 0.7707892060279846
193 1.0532371997833252 6.265607731827973 3.440612554550171 2.228660821914673 0.44116541743278503 4.8167060906407295 1.674869179725647 0.7718674540519714
194 1.0562186241149902 6.2735191009345135 3.436938762664795 2.218783378601074 0.420316606760025 4.803696705988263 1.651322364807129 0.7525145411491394
195 1.0749268531799316 6.27839549884278 3.4345452785491943 2.218491315841675 0.4455031156539917 4.801900446205847 1.654829978942871 0.7585701942443848
196 1.076242208480835 6.270596842797979 3.432752847671509 2.2182507514953613 0.4493890106678009 4.808986719889345 1.655602216720581 0.7587641477584839
197 1.0737760066986084 6.269212538990195 3.4297502040863037 2.215010643005371 0.43805304169654846 4.810306760533475 1.656571865081787 0.7572667598724365
198 1.0937315225601196 6.273599481137505 3.4289913177490234 2.215430736541748 0.4605250656604767 4.810457521637799 1.6581670045852661 0.7624610662460327
199 1.0935765504837036 6.272014945051139 3.429014205932617 2.2154345512390137 0.4579612910747528 4.809928720727146 1.6493943929672241 0.7635810971260071
200 1.0935559272766113 6.270410916294913 3.4277920722961426 2.2153561115264893 0.4592188894748688 4.798707507680573 1.658798336982727 0.7613968253135681
201 1.093579888343811 6.269737147884007 3.4279391765594482 2.2164406776428223 0.4595879316329956 4.802406556966793 1.6598747968673706 0.7650082111358643
202 1.0935593843460083 6.283719447243542 3.4286563396453857 2.21644926071167 0.45985063910484314 4.8105102014421846 1.6611655950546265 0.7649366855621338
203 1.08921480178833 6.27568806321033 3.4281809329986572 2.2145988941192627 0.46258753538131714 4.830714329395205 1.6700332164764404 0.7668208479881287
204 1.0869520902633667 6.275714980478695 3.428354501724243 2.2126429080963135 0.45939725637435913 4.830994329482981 1.6737792491912842 0.7626500725746155
205 1.0866672992706299 6.276991624944698 3.428457260131836 2.212550401687622 0.45925310254096985 4.830961430695844 1.682455062866211 0.7625264525413513
206 1.086474061012268 6.2765938624000395 3.427583932876587 2.212602376937866 0.45876872539520264 4.83244031130882 1.682253360748291 0.7626278400421143
207 1.0887924432754517 6.275830536506536 3.4296867847442627 2.2146594524383545 0.4660351574420929 4.833928990344782 1.6903661489486694 0.7667971849441528
208 1.0879935026168823 6.273065829513583 3.431363582611084 2.214280366897583 0.46307849884033203 4.810700452395559 1.6709568500518799 0.762016236782074
209 1.082890510559082 6.2723248309298345 3.4324560165405273 2.2151448726654053 0.4616979956626892 4.818228401924202 1.6750237941741943 0.7626299262046814
210 1.082890510559082 6.274414875760728 3.433013439178467 2.2151448726654053 0.4616979956626892 4.818667841869925 1.6840018033981323 0.7626299262046814
211 1.0966970920562744 6.281046402102983 3.4373703002929688 2.2181854248046875 0.4741738736629486 4.828423409104371 1.6925870180130005 0.7728949785232544
212 1.0976386070251465 6.283891327850987 3.437033176422119 2.215914249420166 0.46992865204811096 4.827808882602701 1.6870291233062744 0.7702928185462952
213 1.097853660583496 6.283898851528053 3.4370131492614746 2.2159204483032227 0.4699176251888275 4.827806367648883 1.6870366334915161 0.7703019976615906
214 1.1010148525238037 6.286848805231159 3.4397549629211426 2.2160727977752686 0.467427134513855 4.8449060833202156 1.6882957220077515 0.7671554088592529
215 1.1009273529052734 6.288086543554634 3.4375579357147217 2.2163867950439453 0.46785441040992737 4.853047997452756 1.6795811653137207 0.7675894498825073
216 1.1033096313476563 6.294626133381787 3.437300443649292 2.223341941833496 0.48255079984664917 4.871944261883901 1.7030068635940552 0.7749875783920288
217 1.0998523235321045 6.300746000638145 3.441347360610962 2.22723388671875 0.48182597756385803 4.877749644589971 1.7068263292312622 0.7791739702224731
218 1.104621171951294 6.300550869868253 3.443096160888672 2.230161666870117 0.48546817898750305 4.877291828042659 1.7089656591415405 0.7858911752700806
219 1.1055229902267456 6.297734470440044 3.447286605834961 2.2318248748779297 0.502480149269104 4.871192781315698 1.7098995447158813 0.7803354859352112
220 1.1057239770889282 6.2992834675821126 3.446868896484375 2.23185658454895 0.5056847929954529 4.8629680170941425 1.710492730140686 0.7796871662139893
221 1.1125314235687256 6.299542828427767 3.447845697402954 2.2365996837615967 0.5121049284934998 4.8679467572313495 1.7143481969833374 0.783743679523468
222 1.114681363105774 6.3036585957056355 3.4634194374084473 2.236415386199951 0.5142952799797058 4.868277442857098 1.7045642137527466 0.7831885814666748
223 1.1140332221984863 6.300185232731159 3.4636988639831543 2.2364776134490967 0.5142326951026917 4.877186351793797 1.6991658210754395 0.7830896377563477
224 1.096351146697998 6.303142964809262 3.445436477661133 2.2298755645751953 0.47405192255973816 4.86562721387682 1.6668620109558105 0.7693637013435364
225 1.105979084968567 6.303843319573578 3.4451403617858887 2.227551221847534 0.4860905408859253 4.865585944204171 1.6642159223556519 0.7645971179008484
226 1.1279767751693726 6.303228399794632 3.4455947875976563 2.2227213382720947 0.5083814859390259 4.875947858494463 1.6649067401885986 0.7784790396690369
227 1.1260936260223389 6.29992400794884 3.4441580772399902 2.2208845615386963 0.5149370431900024 4.853821320971289 1.6598514318466187 0.7719510197639465
228 1.1392943859100342 6.2933241852397375 3.4441843032836914 2.2206308841705322 0.5185858011245728 4.85565765924367 1.654597282409668 0.7695251703262329
229 1.138634443283081 6.293651830350623 3.4440972805023193 2.2217609882354736 0.518563985824585 4.855606736110051 1.6553096771240234 0.7699766159057617
230 1.1078433990478516 6.28702218820003 3.4495716094970703 2.218770742416382 0.4742750823497772 4.8371653353741655 1.6608160734176636 0.766726016998291
231 1.1078433990478516 6.287967312489414 3.4491636753082275 2.218770742416382 0.4742750823497772 4.837371714412064 1.660194754600525 0.766726016998291
232 1.107769250869751 6.28805954933243 3.451009511947632 2.218796968460083 0.4742567837238312 4.837635416601705 1.6591565608978271 0.766754150390625
233 1.1146512031555176 6.291595287167398 3.4470205307006836 2.2126710414886475 0.48104941844940186 4.854341789690737 1.6664565801620483 0.7654942870140076
234 1.1100919246673584 6.290653790378547 3.443035125732422 2.213771343231201 0.4743953347206116 4.856276885375787 1.6707189083099365 0.7672911286354065
235 1.1058993339538574 6.291611895842117 3.443295955657959 2.2164318561553955 0.4722524583339691 4.868473127467683 1.6763436794281006 0.7733100652694702
236 1.1078498363494873 6.290860562658314 3.4414167404174805 2.2122929096221924 0.47382739186286926 4.8689867885104015 1.6760562658309937 0.7723806500434875
237 1.1063871383666992 6.285253439815664 3.441206932067871 2.2121055126190186 0.47368332743644714 4.866009744359791 1.6651034355163574 0.7726503610610962
238 1.1044420003890991 6.285048471062024 3.4347081184387207 2.210615873336792 0.47041112184524536 4.870134238399217 1.6580208539962769 0.7708942890167236
239 1.1038246154785156 6.283943542863489 3.4355673789978027 2.2097432613372803 0.47405222058296204 4.872862494832814 1.658143401145935 0.7675453424453735
240 1.1038246154785156 6.283490751014376 3.4356064796447754 2.207592487335205 0.47405222058296204 4.875247051241759 1.6551587581634521 0.766767680644989
241 1.1022506952285767 6.283021845580268 3.4364287853240967 2.2085747718811035 0.47077110409736633 4.854154211235234 1.6492282152175903 0.7655695080757141
242 1.0965656042099 6.286098638872974 3.4388015270233154 2.2021024227142334 0.45837485790252686 4.861402335326606 1.6431701183319092 0.7340973615646362
243 1.0945161581039429 6.284978331559292 3.437776803970337 2.2006406784057617 0.4560012221336365 4.861853222488235 1.6434582471847534 0.7305616140365601
244 1.0994831323623657 6.286167431827152 3.444129467010498 2.20048189163208 0.46068236231803894 4.857075014931093 1.6501481533050537 0.7337009310722351
245 1.096368432044983 6.284885251600783 3.4450416564941406 2.185011625289917 0.46041691303253174 4.855489920665353 1.6475638151168823 0.7256326079368591
246 1.096368432044983 6.292871918654236 3.444863796234131 2.185011625289917 0.46041691303253174 4.847742987337948 1.6458861827850342 0.7256326079368591
247 1.0954958200454712 6.292079613357402 3.4451472759246826 2.185023307800293 0.4595875144004822 4.865506692906365 1.6408915519714355 0.7258898019790649
248 1.093824028968811 6.292008412241609 3.444672107696533 2.1843085289001465 0.45878320932388306 4.873789434998992 1.6434818506240845 0.7269502878189087
249 1.093824028968811 6.292265797268291 3.444986343383789 2.1843085289001465 0.45878320932388306 4.873842481274996 1.6462185382843018 0.7269502878189087
250 1.083013653755188 6.289378197313336 3.4463582038879395 2.1842353343963623 0.44689980149269104 4.8747903270456545 1.6436066627502441 0.7225643992424011
251 1.0879576206207275 6.284990110677663 3.4460031986236572 2.188690662384033 0.4518255293369293 4.862417175110872 1.643898844718933 0.726581335067749
252 1.0879576206207275 6.280415302512281 3.471806526184082 2.123091220855713 0.4518255293369293 4.877922673662723 1.588667631149292 0.537979006767273
253 1.088026523590088 6.279888780321684 3.471858501434326 2.1230533123016357 0.4520755708217621 4.880576442141813 1.5892829895019531 0.5379733443260193
254 1.0881367921829224 6.276736030204292 3.473465919494629 2.121551036834717 0.4494212865829468 4.887048774233808 1.587841272354126 0.5337703227996826
255 1.0903737545013428 6.284997498167214 3.476766347885132 2.120896339416504 0.45240727066993713 4.885085504478061 1.5870699882507324 0.5376083850860596
256 1.0913472175598145 6.276982824699393 3.476344347000122 2.1208670139312744 0.4533959627151489 4.882789242971917 1.5927931070327759 0.5393862128257751
257 1.0895884037017822 6.2799799511112235 3.4768779277801514 2.1211957931518555 0.45264995098114014 4.8477521961365575 1.5849950313568115 0.5390710830688477
258 1.0956963300704956 6.287610924943833 3.4841530323028564 2.1204934120178223 0.46142858266830444 4.838892507886465 1.594214677810669 0.5405888557434082
259 1.090466022491455 6.280084814796507 3.489262104034424 2.1259500980377197 0.45922333002090454 4.863422038043711 1.6131789684295654 0.5397026538848877
260 1.1221096515655518 6.28446550500146 3.4871792793273926 2.12481427192688 0.49948710203170776 4.844558400555988 1.6145191192626953 0.5460443496704102
261 1.1238912343978882 6.281599374750327 3.489999771118164 2.125185012817383 0.5131760835647583 4.84033448761956 1.6343638896942139 0.5432806611061096
262 1.128230333328247 6.278794131079883 3.4902820587158203 2.1218318939208984 0.5156628489494324 4.846554623914571 1.6349862813949585 0.5394306778907776
263 1.1301742792129517 6.288414125834489 3.4939792156219482 2.1298601627349854 0.5214216113090515 4.8528844682249686 1.6461273431777954 0.5532976388931274
264 1.1301348209381104 6.288394714685996 3.4938855171203613 2.129847288131714 0.5213823318481445 4.852883813052022 1.647301197052002 0.553278923034668
265 1.1289094686508179 6.286436876495935 3.4940035343170166 2.1297366619110107 0.5207822918891907 4.851652186228467 1.6430549621582031 0.552165687084198
266 1.129680871963501 6.2890618348941985 3.4910831451416016 2.1130950450897217 0.5226457715034485 4.862542277002923 1.6461845636367798 0.5613709688186646
267 1.1299021244049072 6.293407202983398 3.488523244857788 2.1130831241607666 0.5228258967399597 4.838810430577282 1.6424405574798584 0.5609261393547058
268 1.1300368309020996 6.29342485682658 3.496208667755127 2.1132326126098633 0.5232694149017334 4.838735802919617 1.6527751684188843 0.5609593391418457
269 1.1279878616333008 6.290829802849837 3.497368335723877 2.112504243850708 0.519142210483551 4.8396915448429025 1.6505422592163086 0.5587250590324402
270 1.1270852088928223 6.2902087143518 3.497966766357422 2.1131014823913574 0.5165808796882629 4.838022671899 1.6500256061553955 0.5618001818656921
271 1.1349855661392212 6.287928992189442 3.4965264797210693 2.115326404571533 0.5229278206825256 4.837534258281475 1.638563632965088 0.5614669322967529
272 1.1348707675933838 6.291614348524389 3.4947752952575684 2.115328788757324 0.5227441787719727 4.838305061646555 1.6304494142532349 0.5614680647850037
273 1.1358468532562256 6.291316159067475 3.494281053543091 2.041438102722168 0.521620512008667 4.839427207394422 1.6473907232284546 0.7693127989768982
274 1.1383825540542603 6.2908785858384455 3.497321367263794 2.0401015281677246 0.5259603261947632 4.836213109650507 1.6496351957321167 0.770311713218689
275 1.1383901834487915 6.291562842891124 3.4892542362213135 2.0398499965667725 0.5249329209327698 4.837290179295079 1.6472389698028564 0.7701424956321716
276 1.1563667058944702 6.292841485133878 3.4922735691070557 2.044294595718384 0.5407465100288391 4.826687162769604 1.648826003074646 0.7838350534439087
277 1.15090012550354 6.291789840496958 3.4932801723480225 2.0453996658325195 0.5442477464675903 4.846063815558919 1.6473934650421143 0.7704885005950928
278 1.150928020477295 6.292649729927344 3.4940085411071777 2.0458858013153076 0.5453845858573914 4.847405863890984 1.6504924297332764 0.7704241275787354
279 1.1460565328598022 6.289245062148533 3.4912753105163574 2.043996572494507 0.5377712249755859 4.868755119951667 1.6500853300094604 0.7632187604904175
280 1.1464697122573853 6.29287313707295 3.4849648475646973 2.0431301593780518 0.5362504124641418 4.850622993008137 1.6588406562805176 0.762285590171814
281 1.1558263301849365 6.293820701491672 3.484260320663452 2.0397329330444336 0.5403234362602234 4.8653752050421755 1.6672918796539307 0.7564206719398499
282 1.1525970697402954 6.293566381789216 3.4823081493377686 2.0397117137908936 0.535995602607727 4.865800230223998 1.6659256219863892 0.7563025951385498
283 1.1530548334121704 6.295302508871367 3.482600212097168 2.0399112701416016 0.5371655225753784 4.8672306196866515 1.6569677591323853 0.7572077512741089
284 1.1488535404205322 6.295634340228394 3.482107639312744 2.038801670074463 0.5323580503463745 4.865463969781182 1.667475938796997 0.7555955648422241
285 1.1457988023757935 6.288048415354226 3.472775936126709 2.034517765045166 0.5247265100479126 4.867324642306308 1.6625665426254272 0.7533897757530212
286 1.1407452821731567 6.292250054578603 3.471341133117676 2.0345802307128906 0.5170939564704895 4.877026353726148 1.6627846956253052 0.7552219033241272
287 1.1407355070114136 6.292256266074677 3.4715542793273926 2.034348726272583 0.5170596837997437 4.877082808442567 1.6589932441711426 0.7549452185630798
288 1.1377753019332886 6.2850018348768035 3.4757208824157715 2.037627935409546 0.5141370892524719 4.868305055765842 1.6418004035949707 0.7599338293075562
289 1.136500358581543 6.291692286812569 3.4766223430633545 2.0380218029022217 0.5117467641830444 4.880682681321381 1.6496862173080444 0.7590512633323669
290 1.1363778114318848 6.291827271222902 3.4758617877960205 2.0377142429351807 0.5112878680229187 4.880225083853086 1.6536450386047363 0.7582515478134155
291 1.1344518661499023 6.287256624030609 3.4760940074920654 2.037435293197632 0.5092326402664185 4.8776970816930625 1.6448168754577637 0.7566459774971008
292 1.1343119144439697 6.2842389313494635 3.475771903991699 2.039247512817383 0.508807361125946 4.8770264585224945 1.64838707447052 0.7633402943611145
293 1.129746675491333 6.281581579460137 3.4816267490386963 2.10129976272583 0.5157029628753662 4.889090664851953 1.6752516031265259 0.9944196343421936
294 1.1290020942687988 6.282901621406202 3.481783151626587 2.1024932861328125 0.518102765083313 4.892106301553247 1.6782422065734863 0.9964163303375244
295 1.1293281316757202 6.284612854373617 3.4788875579833984 2.101954460144043 0.5178177952766418 4.892903858158662 1.6736387014389038 0.9932684898376465
296 1.1268925666809082 6.285053845704247 3.479616403579712 2.1023874282836914 0.5162374973297119 4.888885223805609 1.6732138395309448 0.9940190315246582
297 1.1355103254318237 6.2897511639695605 3.447277307510376 2.1034648418426514 0.5186123847961426 4.895765115644755 1.722275733947754 0.9980189800262451
298 1.134488821029663 6.289206705523 3.4485063552856445 2.1030006408691406 0.5177727937698364 4.885773719973627 1.7236360311508179 0.9953760504722595
299 1.134488821029663 6.28700376705539 3.448497772216797 2.102562665939331 0.5177727937698364 4.885734914783142 1.7326698303222656 0.9960067272186279
300 1.1340019702911377 6.299538304290253 3.4013421535491943 2.102555751800537 0.5175837874412537 4.864179611452662 1.7564769983291626 0.9960196614265442
301 1.1456409692764282 6.297104044333407 3.403026819229126 2.103195905685425 0.5352900624275208 4.84129213698255 1.7554854154586792 0.9982795119285583
302 1.1472116708755493 6.296870749773071 3.3994555473327637 2.103093385696411 0.5359892249107361 4.839591096810852 1.7538648843765259 0.9976747035980225
303 1.1506662368774414 6.294662928896775 3.4000673294067383 2.1382369995117188 0.5398452877998352 4.8343781277413465 1.7634762525558472 1.131584882736206
304 1.1422373056411743 6.292934020375246 3.4012093544006348 2.1337265968322754 0.5314280390739441 4.84255034607428 1.7577571868896484 1.1226420402526855
305 1.131410002708435 6.290707580709468 3.4421281814575195 2.1353085041046143 0.5147562026977539 4.8496397077876745 1.726149559020996 1.1250734329223633
306 1.1311691999435425 6.294805063417888 3.442566394805908 2.1364095211029053 0.5147578120231628 4.829404259750567 1.7185420989990234 1.1260006427764893
307 1.1329407691955566 6.302068200231693 3.442373752593994 2.1361188888549805 0.5163394212722778 4.8302631484513645 1.719887614250183 1.1266433000564575
308 1.1331826448440552 6.291628285414758 3.4417455196380615 2.1351470947265625 0.5164167284965515 4.8279655510991475 1.7207238674163818 1.1259169578552246
309 1.118759274482727 6.286445344294372 3.4415836334228516 2.1330416202545166 0.5091708302497864 4.844988379217574 1.7300397157669067 1.1217161417007446
310 1.1287059783935547 6.289456858236457 3.4636716842651367 2.133708953857422 0.5146802067756653 4.8491758160813365 1.7095539569854736 1.125098705291748
311 1.1288845539093018 6.298116259701281 3.466395854949951 2.133735418319702 0.5149116516113281 4.851776131354319 1.715213418006897 1.1251437664031982
312 1.155864953994751 6.283838441352052 3.4638755321502686 2.136103391647339 0.5322818756103516 4.835526335980075 1.7000519037246704 1.1311436891555786
313 1.144952654838562 6.273902309154472 3.460584878921509 2.1232287883758545 0.5265660881996155 4.832590906746705 1.6935216188430786 1.1192114353179932
314 1.1487865447998047 6.2788793383461945 3.4613687992095947 2.124821901321411 0.5325649380683899 4.8307661234818875 1.700216293334961 1.124666690826416
315 1.1495906114578247 6.279049481804963 3.461554527282715 2.1248552799224854 0.5332224369049072 4.830489017913923 1.7006510496139526 1.1248167753219604
316 1.1495906114578247 6.279049481804963 3.461860418319702 2.1248552799224854 0.5332224369049072 4.830489017913923 1.7068231105804443 1.1248167753219604
317 1.1450392007827759 6.272250219298527 3.460907459259033 2.122882604598999 0.5298823118209839 4.851004615346437 1.707596778869629 1.1207550764083862
318 1.1469682455062866 6.274570422990952 3.4625589847564697 2.124858856201172 0.5348232388496399 4.82244798996531 1.7060136795043945 1.123677134513855
319 1.1362582445144653 6.2738130038279385 3.4616754055023193 2.1260223388671875 0.529685914516449 4.825823851057104 1.7031240463256836 1.1318964958190918
320 1.1366064548492432 6.273747973048285 3.45983624458313 2.1260464191436768 0.5299469232559204 4.825892631685137 1.698032021522522 1.1316750049591064
321 1.1347014904022217 6.269391769273372 3.460601329803467 2.127244710922241 0.5287438631057739 4.854720275872681 1.7035369873046875 1.1331119537353516
322 1.146092414855957 6.2708735134849665 3.4655921459198 2.1372387409210205 0.5378581285476685 4.855648592419925 1.7183045148849487 1.1439427137374878
323 1.1457056999206543 6.280265077460157 3.4652421474456787 2.141738176345825 0.545649528503418 4.857753457252386 1.7191765308380127 1.1489228010177612
324 1.1453765630722046 6.280159729700634 3.4654500484466553 2.141634225845337 0.5451098680496216 4.857655496257017 1.7189579010009766 1.1487258672714233
325 1.1420245170593262 6.275877474657995 3.4668378829956055 2.141718864440918 0.5445982217788696 4.842489431139898 1.7174638509750366 1.1467221975326538
326 1.1498019695281982 6.276128213660012 3.4635672569274902 2.1442785263061523 0.5507429838180542 4.850023674116733 1.7164567708969116 1.1492795944213867
327 1.156662940979004 6.276460758972882 3.46449875831604 2.1460676193237305 0.5609180331230164 4.854109286705454 1.7282875776290894 1.1742879152297974
328 1.143684983253479 6.280459128855419 3.459794282913208 2.1379337310791016 0.5303143858909607 4.83388404715171 1.7133524417877197 1.1585808992385864
329 1.1424998044967651 6.2777457418905795 3.463059186935425 2.1370508670806885 0.5289300680160522 4.834280158888218 1.708876132965088 1.156473994255066
330 1.1399034261703491 6.2811848882158055 3.4687252044677734 2.138547420501709 0.5268566012382507 4.839441829288318 1.6971757411956787 1.159096121788025
331 1.1398749351501465 6.279537379118081 3.467376708984375 2.137998580932617 0.5262253880500793 4.845344763753537 1.6993687152862549 1.1584771871566772
332 1.1396816968917847 6.277295491692074 3.4670753479003906 2.13785982131958 0.5260582566261292 4.860277777269357 1.70253586769104 1.1585655212402344
333 1.144386649131775 6.273952647177279 3.4660325050354004 2.1376378536224365 0.5352765321731567 4.843816435540004 1.6997913122177124 1.1571425199508667
334 1.1549773216247559 6.271331606100751 3.4667301177978516 2.1389212608337402 0.5367597341537476 4.842701586216325 1.7009365558624268 1.1548833847045898
335 1.1565147638320923 6.2749378064689445 3.4743406772613525 2.139409303665161 0.5413511991500854 4.844757488552474 1.698804497718811 1.1546293497085571
336 1.1570467948913574 6.274632215235503 3.4779250621795654 2.139235019683838 0.5422782301902771 4.844259328205793 1.7002074718475342 1.1543008089065552
337 1.1615463495254517 6.271161717315501 3.476773738861084 2.1399476528167725 0.5546263456344604 4.83844790901859 1.7085379362106323 1.1560510396957397
338 1.169372320175171 6.273711851205761 3.4757299423217773 2.145538568496704 0.556527853012085 4.84131168804312 1.7005198001861572 1.1682461500167847
339 1.165203332901001 6.274128565377565 3.4703781604766846 2.1375913619995117 0.5516228079795837 4.849323528262457 1.7061498165130615 1.159379005432129
340 1.1555625200271606 6.27357046918247 3.4697024822235107 2.136324167251587 0.5373367667198181 4.848141175373525 1.7065894603729248 1.1544994115829468
341 1.1567232608795166 6.305306108366826 3.469393730163574 2.136619806289673 0.5377904772758484 4.910408772195204 1.7299250364303589 1.1548584699630737
342 1.1569105386734009 6.311099981832588 3.4694292545318604 2.1361677646636963 0.5370804667472839 4.906441220185094 1.7248272895812988 1.155221939086914
343 1.1576162576675415 6.30272307341727 3.46943736076355 2.136173725128174 0.5381381511688232 4.902809783308785 1.7286423444747925 1.1553112268447876
344 1.1578433513641357 6.313704144914635 3.4696333408355713 2.2055673599243164 0.5389107465744019 4.945323192790763 1.720051884651184 1.0297279357910156
345 1.1584163904190063 6.310085103695661 3.4695019721984863 2.205641746520996 0.5395134091377258 4.936710860426208 1.7185616493225098 1.0302329063415527
346 1.157947301864624 6.30597005631756 3.4759719371795654 2.212341785430908 0.5428035855293274 4.948660339932852 1.7304905652999878 1.0397706031799316
347 1.150814175605774 6.302158497155013 3.4693546295166016 2.2074673175811768 0.5355651378631592 4.952382437646999 1.7203174829483032 1.0310336351394653
348 1.148385763168335 6.303921837120233 3.468656063079834 2.2069737911224365 0.5323737263679504 4.952060875216513 1.7285172939300537 1.0285429954528809
349 1.1376867294311523 6.303699036361763 3.469529151916504 2.204554796218872 0.5232061147689819 4.937551066417174 1.7273201942443848 1.0279995203018188
350 1.1417256593704224 6.292057963188454 3.468383312225342 2.205810070037842 0.5229934453964233 4.868936608847554 1.7110947370529175 1.0289212465286255
351 1.1345804929733276 6.297464092735737 3.4712605476379395 2.2117044925689697 0.5202456116676331 4.895463225875683 1.7155579328536987 1.03337562084198
352 1.1361031532287598 6.29714200023935 3.4700536727905273 2.21217942237854 0.5207324624061584 4.907216269131772 1.718393325805664 1.0369961261749268
353 1.1333166360855103 6.296436096367607 3.47092342376709 2.208500862121582 0.514685869216919 4.913406414725031 1.7150077819824219 1.0309357643127441
354 1.13372802734375 6.296293245524299 3.4709134101867676 2.2075083255767822 0.5126960873603821 4.914139054491478 1.7165472507476807 1.0342954397201538
355 1.134238600730896 6.2965947555249775 3.4702272415161133 2.2076642513275146 0.5127798914909363 4.91296481431081 1.7119954824447632 1.0341606140136719
356 1.1324005126953125 6.298527658628726 3.4703783988952637 2.205432176589966 0.5105770230293274 4.913280120257037 1.706406831741333 1.0275167226791382
357 1.1352574825286865 6.295152467211014 3.4730918407440186 2.2050607204437256 0.5136404037475586 4.908513934229758 1.7140847444534302 1.025338053703308
358 1.1354516744613647 6.295261174411655 3.4746193885803223 2.2050633430480957 0.5138383507728577 4.908502146721494 1.7188242673873901 1.0254789590835571
359 1.1340974569320679 6.294775129096498 3.485257387161255 2.2048420906066895 0.5122014284133911 4.907545455429787 1.7082825899124146 1.0341843366622925
360 1.1339914798736572 6.2961211599844695 3.480628490447998 2.205219268798828 0.5111329555511475 4.908988833263347 1.7119364738464355 1.0346870422363281
361 1.1340558528900146 6.296508225241295 3.4805185794830322 2.2052862644195557 0.5145307779312134 4.905224837942268 1.7147666215896606 1.0340924263000488
362 1.1333993673324585 6.293952606081267 3.480558395385742 2.205281972885132 0.5135531425476074 4.905815451139001 1.7117869853973389 1.0334709882736206
363 1.12691068649292 6.2822240210672815 3.480865716934204 2.2048771381378174 0.5055419206619263 4.895494661389693 1.704442024230957 1.0316948890686035
364 1.1293977499008179 6.28274649254953 3.482398509979248 2.202796697616577 0.5068102478981018 4.899892143086066 1.7019308805465698 1.0282152891159058
365 1.1292458772659302 6.285100238649256 3.4823360443115234 2.203021287918091 0.5074856281280518 4.900705806072279 1.7105226516723633 1.028295636177063
366 1.1346074342727661 6.289117597090877 3.4754300117492676 2.2043251991271973 0.5174826979637146 4.900185890496187 1.713633418083191 1.0296947956085205
367 1.134838581085205 6.295658904004344 3.4787063598632813 2.208866834640503 0.5155022740364075 4.881750700173628 1.7123490571975708 1.0357328653335571
368 1.132573127746582 6.294502856382607 3.4768826961517334 2.2152271270751953 0.5128032565116882 4.879564398188424 1.7017288208007813 1.0146335363388062
369 1.1325781345367432 6.297522304987582 3.4768929481506348 2.2152140140533447 0.512790322303772 4.863981439559306 1.6985059976577759 1.0146173238754272
370 1.1305298805236816 6.290270160818572 3.4786183834075928 2.2164905071258545 0.5099495649337769 4.882922279330047 1.7086750268936157 1.0253766775131226
371 1.1305898427963257 6.291226704129195 3.4793860912323 2.2164175510406494 0.5106179118156433 4.881368326605922 1.701126217842102 1.024529218673706
372 1.129572868347168 6.2902489926018115 3.4827394485473633 2.2171263694763184 0.5104216933250427 4.8823158026949915 1.7017713785171509 1.0240551233291626
373 1.129572868347168 6.291667863325226 3.4827394485473633 2.2171263694763184 0.5104216933250427 4.882868814438652 1.7093406915664673 1.0240551233291626
374 1.126353144645691 6.282880897108648 3.4829134941101074 2.2157318592071533 0.5050001740455627 4.895795943686923 1.696946144104004 1.0225039720535278
375 1.1275904178619385 6.283760737820174 3.48673415184021 2.215640068054199 0.5078368782997131 4.891239896957383 1.7105457782745361 1.0245301723480225
376 1.130340337753296 6.286962234224837 3.487062454223633 2.2164835929870605 0.5082560181617737 4.885512379706303 1.7080248594284058 1.021782636642456
377 1.1251181364059448 6.286963514278229 3.4873287677764893 2.213913679122925 0.5011119246482849 4.884545034598146 1.6954090595245361 1.035812497138977
378 1.1265180110931396 6.290629212749037 3.4845011234283447 2.21411395072937 0.5015469789505005 4.885137939162268 1.6846297979354858 1.0361353158950806
379 1.1272894144058228 6.287781069844807 3.4848477840423584 2.2165427207946777 0.502421498298645 4.88350500569031 1.6838220357894897 1.043359637260437
380 1.101331353187561 6.291050028126866 3.4861912727355957 2.218064308166504 0.49716630578041077 4.888232115379503 1.6956502199172974 1.0518485307693481
381 1.1034561395645142 6.291156581132348 3.48600435256958 2.2182557582855225 0.4997546970844269 4.888027873089636 1.69577956199646 1.0523418188095093
382 1.103684663772583 6.287364744149258 3.486044406890869 2.218562126159668 0.49766167998313904 4.890755018209065 1.694184422492981 1.032236099243164
383 1.103391170501709 6.28675480031952 3.4862372875213623 2.2190935611724854 0.4960562586784363 4.891771535236288 1.6962579488754272 1.032593846321106
384 1.1002682447433472 6.2890251356638265 3.4868061542510986 2.217484474182129 0.4958536922931671 4.888592731692913 1.6939815282821655 1.0277197360992432
385 1.1002789735794067 6.318180585020169 3.4871091842651367 2.2174999713897705 0.49579524993896484 4.9065360464601016 1.6991705894470215 1.027658224105835
386 1.1021701097488403 6.317940228857922 3.486903190612793 2.2178804874420166 0.49834877252578735 4.91205630342606 1.7038815021514893 1.0279251337051392
387 1.1128090620040894 6.318803154794846 3.4853439331054688 2.220054864883423 0.5112946629524231 4.914672671622522 1.7049462795257568 1.0337729454040527
388 1.112452745437622 6.31877197757024 3.483438730239868 2.2237651348114014 0.5104108452796936 4.914913193951636 1.688250184059143 1.0329991579055786
389 1.1311496496200562 6.322039603195175 3.4844751358032227 2.235252618789673 0.5262628197669983 4.903638575027606 1.6870007514953613 1.0498212575912476
390 1.1316560506820679 6.321278966760587 3.484282970428467 2.2351930141448975 0.525493323802948 4.904468704945205 1.6880576610565186 1.0490583181381226
391 1.1429744958877563 6.312366521431062 3.4857239723205566 2.2357640266418457 0.5425218343734741 4.883122892451765 1.6830296516418457 1.0528758764266968
392 1.140628695487976 6.309367195480553 3.4855077266693115 2.234574794769287 0.5400968194007874 4.887624181819149 1.6862311363220215 1.0474773645401
393 1.1402480602264404 6.293187571854063 3.486591339111328 2.2347521781921387 0.5402454137802124 4.885073519460769 1.6916005611419678 1.0476536750793457
394 1.1401108503341675 6.294373138659357 3.4864838123321533 2.2363932132720947 0.5401322245597839 4.885029795873501 1.6826726198196411 1.0543266534805298
395 1.1486308574676514 6.293578951421682 3.4805471897125244 2.23528790473938 0.5451791286468506 4.883656530847759 1.6748367547988892 1.0516326427459717
396 1.1506962776184082 6.320783237692102 3.4840431213378906 2.235105037689209 0.5469350814819336 4.89646503980423 1.6962578296661377 1.0517568588256836
397 1.1505879163742065 6.32070755016684 3.4838948249816895 2.2350964546203613 0.5467008948326111 4.896409286960181 1.6960922479629517 1.051680088043213
398 1.1503958702087402 6.322267870329485 3.4844281673431396 2.237504482269287 0.5466042160987854 4.897341157286495 1.6887699365615845 1.0526859760284424
399 1.1507508754730225 6.318840325188403 3.48462176322937 2.2304482460021973 0.546159029006958 4.881406310310504 1.6914480924606323 1.0333832502365112
400 1.1480872631072998 6.31819025108196 3.4848287105560303 2.2299954891204834 0.543688178062439 4.880333778717084 1.6903473138809204 1.0328235626220703
