init 0.7455503344535828 6.676389833828751 3.519897222518921 2.140566349029541 0.0 0.0 0.0 0.0
1 0.7455503344535828 6.731931979392795 3.519897222518921 2.140566349029541 0.0 0.8711477629548372 0.22351473569869995 0.0
2 0.7455503344535828 6.736492844109522 3.519897222518921 2.140566349029541 0.0 0.894712151676209 0.236591637134552 0.0
3 0.7455503344535828 6.73676309795501 3.519897222518921 2.140566349029541 0.0 0.8366198716132507 0.22215895354747772 0.0
4 0.7455503344535828 2.1829123022496355 3.519897222518921 2.140566349029541 0.0 6.520451808695777 1.6875311136245728 0.0
5 0.7455503344535828 2.1829123022496355 3.519897222518921 2.140566349029541 0.0 6.520451808695777 1.6875311136245728 0.0
6 0.7455503344535828 2.176957923441827 3.519897222518921 2.140566349029541 0.0 6.518454873191337 1.6880687475204468 0.0
7 0.7455503344535828 2.1792110788157375 3.519897222518921 2.140566349029541 0.0 6.519429846960231 1.672722578048706 0.0
8 0.7455503344535828 2.1792110788157375 3.519897222518921 2.140566349029541 0.0 6.519429846960231 1.672722578048706 0.0
9 0.7455503344535828 2.1792110788157375 3.519897222518921 2.140566349029541 0.0 6.519429846960231 1.672722578048706 0.0
10 0.7455503344535828 2.1792110788157375 3.519897222518921 2.140566349029541 0.0 6.519429846960231 1.672722578048706 0.0
11 0.7455503344535828 2.1773391357735568 3.519897222518921 2.140566349029541 0.0 6.5187491772241275 1.6725479364395142 0.0
12 0.7455503344535828 2.1773391357735568 3.519897222518921 2.140566349029541 0.0 6.5187491772241275 1.6725479364395142 0.0
13 0.7455503344535828 2.1773391357735568 3.519897222518921 2.140566349029541 0.0 6.5187491772241275 1.6725479364395142 0.0
14 0.7455503344535828 2.1773391357735568 3.519897222518921 2.140566349029541 0.0 6.5187491772241275 1.6725479364395142 0.0
15 0.7455503344535828 2.1798867358913268 3.519897222518921 2.140566349029541 0.0 6.519450141911599 1.6877994537353516 0.0
16 0.7455503344535828 2.2535902464789586 3.519897222518921 2.140566349029541 0.0 6.523244104828263 1.6887643337249756 0.0
17 0.7455503344535828 1.711888015798831 3.519897222518921 2.140566349029541 0.0 6.6201145923915385 1.7148467302322388 0.0
18 0.7455503344535828 1.5847045746362038 3.519897222518921 2.140566349029541 0.0 6.6196264397843 1.714773416519165 0.0
19 0.7455503344535828 1.5847045746362038 3.519897222518921 2.140566349029541 0.0 6.6196264397843 1.714773416519165 0.0
20 0.7455503344535828 1.5855452387445843 3.519897222518921 2.140566349029541 0.0 6.620008817497287 1.714669942855835 0.0
21 0.7455503344535828 1.5855452387445843 3.519897222518921 2.140566349029541 0.0 6.620008817497287 1.714669942855835 0.0
22 0.7455503344535828 1.5872255815245448 3.519897222518921 2.140566349029541 0.0 6.62032561045109 1.6986099481582642 0.0
23 0.7455503344535828 1.5872255815245448 3.519897222518921 2.140566349029541 0.0 6.62032561045109 1.6986099481582642 0.0
24 0.7455503344535828 1.5863321670819233 3.519897222518921 2.140566349029541 0.0 6.619948872223136 1.698513150215149 0.0
25 0.7455503344535828 1.5868974091855712 3.519897222518921 2.140566349029541 0.0 6.620189445951463 1.6985750198364258 0.0
26 0.7455503344535828 1.5868974091855712 3.519897222518921 2.140566349029541 0.0 6.620189445951463 1.6985750198364258 0.0
27 0.7455503344535828 1.5868974091855712 3.519897222518921 2.140566349029541 0.0 6.620189445951463 1.6985750198364258 0.0
28 0.7455503344535828 1.5868974091855712 3.519897222518921 2.140566349029541 0.0 6.620189445951463 1.6985750198364258 0.0
29 0.7455503344535828 1.5868974091855712 3.519897222518921 2.140566349029541 0.0 6.620189445951463 1.6985750198364258 0.0
30 0.7455503344535828 1.5868974091855712 3.519897222518921 2.140566349029541 0.0 6.620189445951463 1.6985750198364258 0.0
31 0.7455503344535828 1.5871213768659 3.519897222518921 2.140566349029541 0.0 6.62028290629937 1.6985989809036255 0.0
32 0.7455503344535828 1.5873817545103999 3.519897222518921 2.140566349029541 0.0 6.620750976182585 1.7144712209701538 0.0
33 0.7455503344535828 1.5873817545103999 3.519897222518921 2.140566349029541 0.0 6.620750976182585 1.7144712209701538 0.0
34 0.7455503344535828 1.5873817545103999 3.519897222518921 2.140566349029541 0.0 6.620750976182585 1.7144712209701538 0.0
35 0.7455503344535828 1.5873817545103999 3.519897222518921 2.140566349029541 0.0 6.620750976182585 1.7144712209701538 0.0
36 0.7455503344535828 1.5873817545103999 3.519897222518921 2.140566349029541 0.0 6.620750976182585 1.7144712209701538 0.0
37 0.7455503344535828 1.5873817545103999 3.519897222518921 2.140566349029541 0.0 6.620750976182585 1.7144712209701538 0.0
38 0.7455503344535828 1.5873817545103999 3.519897222518921 2.140566349029541 0.0 6.620750976182585 1.7144712209701538 0.0
39 0.7455503344535828 1.5873817545103999 3.519897222518921 2.140566349029541 0.0 6.620750976182585 1.7144712209701538 0.0
40 0.7455503344535828 1.5873817545103999 3.519897222518921 2.140566349029541 0.0 6.620750976182585 1.7144712209701538 0.0
41 0.7455503344535828 1.5873817545103999 3.519897222518921 2.140566349029541 0.0 6.620750976182585 1.7144712209701538 0.0
42 0.7455503344535828 1.5873817545103999 3.519897222518921 2.140566349029541 0.0 6.620750976182585 1.7144712209701538 0.0
43 0.7455503344535828 1.5873817545103999 3.519897222518921 2.140566349029541 0.0 6.620750976182585 1.7144712209701538 0.0
44 0.7455503344535828 1.5873817545103999 3.519897222518921 2.140566349029541 0.0 6.620750976182585 1.7144712209701538 0.0
45 0.7455503344535828 1.5873817545103999 3.519897222518921 2.140566349029541 0.0 6.620750976182585 1.7144712209701538 0.0
46 0.7455503344535828 1.5873817545103999 3.519897222518921 2.140566349029541 0.0 6.620750976182585 1.7144712209701538 0.0
47 0.7455503344535828 1.5873817545103999 3.519897222518921 2.140566349029541 0.0 6.620750976182585 1.7144712209701538 0.0
48 0.7455503344535828 1.5873817545103999 3.519897222518921 2.140566349029541 0.0 6.620750976182585 1.7144712209701538 0.0
49 0.7455503344535828 1.5873817545103999 3.519897222518921 2.140566349029541 0.0 6.620750976182585 1.7144712209701538 0.0
50 0.7455503344535828 1.587690349603008 3.519897222518921 2.140566349029541 0.0 6.620867154599742 1.714439868927002 0.0
51 0.7455503344535828 1.587690349603008 3.519897222518921 2.140566349029541 0.0 6.620867154599742 1.714439868927002 0.0
52 0.7455503344535828 1.587690349603008 3.519897222518921 2.140566349029541 0.0 6.620867154599742 1.714439868927002 0.0
53 0.7455503344535828 1.587690349603008 3.519897222518921 2.140566349029541 0.0 6.620867154599742 1.714439868927002 0.0
54 0.7455503344535828 1.5887288493045397 3.519897222518921 2.140566349029541 0.0 6.62124912611913 1.7143380641937256 0.0
55 0.7455503344535828 1.5887288493045397 3.519897222518921 2.140566349029541 0.0 6.62124912611913 1.7143380641937256 0.0
56 0.7455503344535828 1.5887288493045397 3.519897222518921 2.140566349029541 0.0 6.62124912611913 1.7143380641937256 0.0
57 0.7455503344535828 1.5887288493045397 3.519897222518921 2.140566349029541 0.0 6.62124912611913 1.7143380641937256 0.0
58 0.7455503344535828 1.5887288493045397 3.519897222518921 2.140566349029541 0.0 6.62124912611913 1.7143380641937256 0.0
59 0.7455503344535828 1.5887288493045397 3.519897222518921 2.140566349029541 0.0 6.62124912611913 1.7143380641937256 0.0
60 0.7455503344535828 1.5887288493045397 3.519897222518921 2.140566349029541 0.0 6.62124912611913 1.7143380641937256 0.0
61 0.7455503344535828 1.5858222149851668 3.519897222518921 2.140566349029541 0.0 6.62012749345534 1.7146382331848145 0.0
62 0.7455503344535828 1.5858222149851668 3.519897222518921 2.140566349029541 0.0 6.62012749345534 1.7146382331848145 0.0
63 0.7455503344535828 1.5858222149851668 3.519897222518921 2.140566349029541 0.0 6.62012749345534 1.7146382331848145 0.0
64 0.7455503344535828 1.5858222149851668 3.519897222518921 2.140566349029541 0.0 6.62012749345534 1.7146382331848145 0.0
65 0.7455503344535828 1.5858222149851668 3.519897222518921 2.140566349029541 0.0 6.62012749345534 1.7146382331848145 0.0
66 0.7455503344535828 1.5863579645338648 3.519897222518921 2.140566349029541 0.0 6.620348752407476 1.7145787477493286 0.0
67 0.7455503344535828 1.5863579645338648 3.519897222518921 2.140566349029541 0.0 6.620348752407476 1.7145787477493286 0.0
68 0.7455503344535828 1.5863579645338648 3.519897222518921 2.140566349029541 0.0 6.620348752407476 1.7145787477493286 0.0
69 0.7455503344535828 1.5863579645338648 3.519897222518921 2.140566349029541 0.0 6.620348752407476 1.7145787477493286 0.0
70 0.7455503344535828 1.5863579645338648 3.519897222518921 2.140566349029541 0.0 6.620348752407476 1.7145787477493286 0.0
71 0.7455503344535828 1.5893657717776213 3.519897222518921 2.140566349029541 0.0 6.621475798540565 1.7142775058746338 0.0
72 0.7455503344535828 1.5893657717776213 3.519897222518921 2.140566349029541 0.0 6.621475798540565 1.7142775058746338 0.0
73 0.7455503344535828 1.5893657717776213 3.519897222518921 2.140566349029541 0.0 6.621475798540565 1.7142775058746338 0.0
74 0.7455503344535828 1.5893657717776213 3.519897222518921 2.140566349029541 0.0 6.621475798540565 1.7142775058746338 0.0
75 0.7455503344535828 1.5893657717776213 3.519897222518921 2.140566349029541 0.0 6.621475798540565 1.7142775058746338 0.0
76 0.7455503344535828 1.588720941768449 3.519897222518921 2.140566349029541 0.0 6.621246081401851 1.714338779449463 0.0
77 0.7455503344535828 1.588720941768449 3.519897222518921 2.140566349029541 0.0 6.621246081401851 1.714338779449463 0.0
78 0.7455503344535828 1.5860529211147818 3.519897222518921 2.140566349029541 0.0 6.620223726587145 1.714612364768982 0.0
79 0.7455503344535828 1.5860529211147818 3.519897222518921 2.140566349029541 0.0 6.620223726587145 1.714612364768982 0.0
80 0.7455503344535828 1.5908683602605795 3.519897222518921 2.140566349029541 0.0 6.621993899809637 1.7141393423080444 0.0
81 0.7455503344535828 1.5908683602605795 3.519897222518921 2.140566349029541 0.0 6.621993899809637 1.7141393423080444 0.0
82 0.7455503344535828 1.5879878783389207 3.519897222518921 2.140566349029541 0.0 6.620632259371299 1.6986886262893677 0.0
83 0.7455503344535828 1.5879878783389207 3.519897222518921 2.140566349029541 0.0 6.620632259371299 1.6986886262893677 0.0
84 0.7455503344535828 1.5879878783389207 3.519897222518921 2.140566349029541 0.0 6.620632259371299 1.6986886262893677 0.0
85 0.7455503344535828 1.5876185147919992 3.519897222518921 2.140566349029541 0.0 6.620485166000544 1.69865083694458 0.0
86 0.7455503344535828 1.5876185147919992 3.519897222518921 2.140566349029541 0.0 6.620485166000544 1.69865083694458 0.0
87 0.7455503344535828 1.5876185147919992 3.519897222518921 2.140566349029541 0.0 6.620485166000544 1.69865083694458 0.0
88 0.7455503344535828 1.5876185147919992 3.519897222518921 2.140566349029541 0.0 6.620485166000544 1.69865083694458 0.0
89 0.7455503344535828 1.5876185147919992 3.519897222518921 2.140566349029541 0.0 6.620485166000544 1.69865083694458 0.0
90 0.7455503344535828 1.5876185147919992 3.519897222518921 2.140566349029541 0.0 6.620485166000544 1.69865083694458 0.0
91 0.7455503344535828 1.5866688216119915 3.519897222518921 2.140566349029541 0.0 6.620093421259554 1.6985503435134888 0.0
92 0.7455503344535828 1.5866688216119915 3.519897222518921 2.140566349029541 0.0 6.620093421259554 1.6985503435134888 0.0
93 0.7455503344535828 1.587881465930781 3.519897222518921 2.140566349029541 0.0 6.62058992631632 1.698677659034729 0.0
94 0.7455503344535828 1.587881465930781 3.519897222518921 2.140566349029541 0.0 6.62058992631632 1.698677659034729 0.0
95 0.7455503344535828 1.587881465930781 3.519897222518921 2.140566349029541 0.0 6.62058992631632 1.698677659034729 0.0
96 0.7455503344535828 1.587881465930781 3.519897222518921 2.140566349029541 0.0 6.62058992631632 1.698677659034729 0.0
97 0.7455503344535828 1.587881465930781 3.519897222518921 2.140566349029541 0.0 6.62058992631632 1.698677659034729 0.0
98 0.7455503344535828 1.587881465930781 3.519897222518921 2.140566349029541 0.0 6.62058992631632 1.698677659034729 0.0
99 0.7455503344535828 1.5883327399422866 3.519897222518921 2.140566349029541 0.0 6.6207668065730685 1.6987230777740479 0.0
100 0.7455503344535828 1.5883327399422866 3.519897222518921 2.140566349029541 0.0 6.6207668065730685 1.6987230777740479 0.0
101 0.7455503344535828 1.5883327399422866 3.519897222518921 2.140566349029541 0.0 6.6207668065730685 1.6987230777740479 0.0
102 0.7455503344535828 1.5883327399422866 3.519897222518921 2.140566349029541 0.0 6.6207668065730685 1.6987230777740479 0.0
103 0.7455503344535828 1.5883327399422866 3.519897222518921 2.140566349029541 0.0 6.6207668065730685 1.6987230777740479 0.0
104 0.7455503344535828 1.5883327399422866 3.519897222518921 2.140566349029541 0.0 6.6207668065730685 1.6987230777740479 0.0
105 0.7455503344535828 1.5883327399422866 3.519897222518921 2.140566349029541 0.0 6.6207668065730685 1.6987230777740479 0.0
106 0.7455503344535828 1.5883327399422866 3.519897222518921 2.140566349029541 0.0 6.6207668065730685 1.6987230777740479 0.0
107 0.7455503344535828 1.589096195026158 3.519897222518921 2.140566349029541 0.0 6.6210584100175955 1.6987979412078857 0.0
108 0.7455503344535828 1.589096195026158 3.519897222518921 2.140566349029541 0.0 6.6210584100175955 1.6987979412078857 0.0
109 0.7455503344535828 1.5919445497047915 3.519897222518921 2.140566349029541 0.0 6.618672963970524 1.6981858015060425 0.0
110 0.7455503344535828 1.5919445497047915 3.519897222518921 2.140566349029541 0.0 6.618672963970524 1.6981858015060425 0.0
111 0.7455503344535828 1.590962282823663 3.519897222518921 2.140566349029541 0.0 6.618295393850252 1.6980890035629272 0.0
112 0.7455503344535828 1.590962282823663 3.519897222518921 2.140566349029541 0.0 6.618295393850252 1.6980890035629272 0.0
113 0.7455503344535828 1.590962282823663 3.519897222518921 2.140566349029541 0.0 6.618295393850252 1.6980890035629272 0.0
114 0.7455503344535828 1.590962282823663 3.519897222518921 2.140566349029541 0.0 6.618295393850252 1.6980890035629272 0.0
115 0.7455503344535828 1.590962282823663 3.519897222518921 2.140566349029541 0.0 6.618295393850252 1.6980890035629272 0.0
116 0.7455503344535828 1.590962282823663 3.519897222518921 2.140566349029541 0.0 6.618295393850252 1.6980890035629272 0.0
117 0.7455503344535828 1.590962282823663 3.519897222518921 2.140566349029541 0.0 6.618295393850252 1.6980890035629272 0.0
118 0.7455503344535828 1.590962282823663 3.519897222518921 2.140566349029541 0.0 6.618295393850252 1.6980890035629272 0.0
119 0.7455503344535828 1.590962282823663 3.519897222518921 2.140566349029541 0.0 6.618295393850252 1.6980890035629272 0.0
120 0.7455503344535828 1.590962282823663 3.519897222518921 2.140566349029541 0.0 6.618295393850252 1.6980890035629272 0.0
121 0.7455503344535828 1.590962282823663 3.519897222518921 2.140566349029541 0.0 6.618295393850252 1.6980890035629272 0.0
122 0.7455503344535828 1.590962282823663 3.519897222518921 2.140566349029541 0.0 6.618295393850252 1.6980890035629272 0.0
123 0.7455503344535828 1.5917391798540657 3.519897222518921 2.140566349029541 0.0 6.618595288470217 1.698166012763977 0.0
124 0.7455503344535828 1.5917391798540657 3.519897222518921 2.140566349029541 0.0 6.618595288470217 1.698166012763977 0.0
125 0.7455503344535828 1.5917391798540657 3.519897222518921 2.140566349029541 0.0 6.618595288470217 1.698166012763977 0.0
126 0.7455503344535828 1.5917391798540657 3.519897222518921 2.140566349029541 0.0 6.618595288470217 1.698166012763977 0.0
127 0.7455503344535828 1.5917391798540657 3.519897222518921 2.140566349029541 0.0 6.618595288470217 1.698166012763977 0.0
128 0.7455503344535828 1.5917391798540657 3.519897222518921 2.140566349029541 0.0 6.618595288470217 1.698166012763977 0.0
129 0.7455503344535828 1.5917391798540657 3.519897222518921 2.140566349029541 0.0 6.618595288470217 1.698166012763977 0.0
130 0.7455503344535828 1.5917391798540657 3.519897222518921 2.140566349029541 0.0 6.618595288470217 1.698166012763977 0.0
131 0.7455503344535828 1.5917391798540657 3.519897222518921 2.140566349029541 0.0 6.618595288470217 1.698166012763977 0.0
132 0.7455503344535828 1.5917391798540657 3.519897222518921 2.140566349029541 0.0 6.618595288470217 1.698166012763977 0.0
133 0.7455503344535828 1.5917391798540657 3.519897222518921 2.140566349029541 0.0 6.618595288470217 1.698166012763977 0.0
134 0.7455503344535828 1.5917391798540657 3.519897222518921 2.140566349029541 0.0 6.618595288470217 1.698166012763977 0.0
135 0.7455503344535828 1.5917391798540657 3.519897222518921 2.140566349029541 0.0 6.618595288470217 1.698166012763977 0.0
136 0.7455503344535828 1.5917391798540657 3.519897222518921 2.140566349029541 0.0 6.618595288470217 1.698166012763977 0.0
137 0.7455503344535828 1.5917391798540657 3.519897222518921 2.140566349029541 0.0 6.618595288470217 1.698166012763977 0.0
138 0.7455503344535828 1.5894588369641585 3.519897222518921 2.140566349029541 0.0 6.617680160096563 1.6979312896728516 0.0
139 0.7455503344535828 1.5894588369641585 3.519897222518921 2.140566349029541 0.0 6.617680160096563 1.6979312896728516 0.0
140 0.7455503344535828 1.5894588369641585 3.519897222518921 2.140566349029541 0.0 6.617680160096563 1.6979312896728516 0.0
141 0.7455503344535828 1.5894588369641585 3.519897222518921 2.140566349029541 0.0 6.617680160096563 1.6979312896728516 0.0
142 0.7455503344535828 1.5894588369641585 3.519897222518921 2.140566349029541 0.0 6.617680160096563 1.6979312896728516 0.0
143 0.7455503344535828 1.5894588369641585 3.519897222518921 2.140566349029541 0.0 6.617680160096563 1.6979312896728516 0.0
144 0.7455503344535828 1.5894588369641585 3.519897222518921 2.140566349029541 0.0 6.617680160096563 1.6979312896728516 0.0
145 0.7455503344535828 1.5894588369641585 3.519897222518921 2.140566349029541 0.0 6.617680160096563 1.6979312896728516 0.0
146 0.7455503344535828 1.5894588369641585 3.519897222518921 2.140566349029541 0.0 6.617680160096563 1.6979312896728516 0.0
147 0.7455503344535828 1.5894588369641585 3.519897222518921 2.140566349029541 0.0 6.617680160096563 1.6979312896728516 0.0
148 0.7455503344535828 1.5894588369641585 3.519897222518921 2.140566349029541 0.0 6.617680160096563 1.6979312896728516 0.0
149 0.7455503344535828 1.5894588369641585 3.519897222518921 2.140566349029541 0.0 6.617680160096563 1.6979312896728516 0.0
150 0.7455503344535828 1.5894588369641585 3.519897222518921 2.140566349029541 0.0 6.617680160096563 1.6979312896728516 0.0
151 0.7455503344535828 1.5898837497369847 3.519897222518921 2.140566349029541 0.0 6.6178595087038286 1.6979771852493286 0.0
152 0.7455503344535828 1.5898837497369847 3.519897222518921 2.140566349029541 0.0 6.6178595087038286 1.6979771852493286 0.0
153 0.7455503344535828 1.5898837497369847 3.519897222518921 2.140566349029541 0.0 6.6178595087038286 1.6979771852493286 0.0
154 0.7455503344535828 1.5898837497369847 3.519897222518921 2.140566349029541 0.0 6.6178595087038286 1.6979771852493286 0.0
155 0.7455503344535828 1.5898837497369847 3.519897222518921 2.140566349029541 0.0 6.6178595087038286 1.6979771852493286 0.0
156 0.7455503344535828 1.590087098566937 3.519897222518921 2.140566349029541 0.0 6.617943593567859 1.6979986429214478 0.0
157 0.7455503344535828 1.590087098566937 3.519897222518921 2.140566349029541 0.0 6.617943593567859 1.6979986429214478 0.0
158 0.7455503344535828 1.590087098566937 3.519897222518921 2.140566349029541 0.0 6.617943593567859 1.6979986429214478 0.0
159 0.7455503344535828 1.590087098566937 3.519897222518921 2.140566349029541 0.0 6.617943593567859 1.6979986429214478 0.0
160 0.7455503344535828 1.590087098566937 3.519897222518921 2.140566349029541 0.0 6.617943593567859 1.6979986429214478 0.0
161 0.7455503344535828 1.590087098566937 3.519897222518921 2.140566349029541 0.0 6.617943593567859 1.6979986429214478 0.0
162 0.7455503344535828 1.590087098566937 3.519897222518921 2.140566349029541 0.0 6.617943593567859 1.6979986429214478 0.0
163 0.7455503344535828 1.590087098566937 3.519897222518921 2.140566349029541 0.0 6.617943593567859 1.6979986429214478 0.0
164 0.7455503344535828 1.5895026017653906 3.519897222518921 2.140566349029541 0.0 6.617698891033317 1.697935938835144 0.0
165 0.7455503344535828 1.5895026017653906 3.519897222518921 2.140566349029541 0.0 6.617698891033317 1.697935938835144 0.0
166 0.7455503344535828 1.5900078904812895 3.519897222518921 2.140566349029541 0.0 6.617911189302484 1.6979905366897583 0.0
167 0.7455503344535828 1.5900078904812895 3.519897222518921 2.140566349029541 0.0 6.617911189302484 1.6979905366897583 0.0
168 0.7455503344535828 1.588273580831842 3.519897222518921 2.140566349029541 0.0 6.617147212204289 1.6977944374084473 0.0
169 0.7455503344535828 1.588976302957525 3.519897222518921 2.140566349029541 0.0 6.61786429293264 1.7140008211135864 0.0
170 0.7455503344535828 1.588976302957525 3.519897222518921 2.140566349029541 0.0 6.61786429293264 1.7140008211135864 0.0
171 0.7455503344535828 1.5937741154189486 3.519897222518921 2.140566349029541 0.0 6.619627747888646 1.7135297060012817 0.0
172 0.7455503344535828 1.5920928639588072 3.519897222518921 2.140566349029541 0.0 6.6190454653508 1.7136847972869873 0.0
173 0.7455503344535828 1.5920928639588072 3.519897222518921 2.140566349029541 0.0 6.6190454653508 1.7136847972869873 0.0
174 0.7455503344535828 1.5920928639588072 3.519897222518921 2.140566349029541 0.0 6.6190454653508 1.7136847972869873 0.0
175 0.7455503344535828 1.5920928639588072 3.519897222518921 2.140566349029541 0.0 6.6190454653508 1.7136847972869873 0.0
176 0.7455503344535828 1.5920928639588072 3.519897222518921 2.140566349029541 0.0 6.6190454653508 1.7136847972869873 0.0
177 0.7455503344535828 1.5920928639588072 3.519897222518921 2.140566349029541 0.0 6.6190454653508 1.7136847972869873 0.0
178 0.7455503344535828 1.5920928639588072 3.519897222518921 2.140566349029541 0.0 6.6190454653508 1.7136847972869873 0.0
179 0.7455503344535828 1.5920928639588072 3.519897222518921 2.140566349029541 0.0 6.6190454653508 1.7136847972869873 0.0
180 0.7455503344535828 1.5920928639588072 3.519897222518921 2.140566349029541 0.0 6.6190454653508 1.7136847972869873 0.0
181 0.7455503344535828 1.5920928639588072 3.519897222518921 2.140566349029541 0.0 6.6190454653508 1.7136847972869873 0.0
182 0.7455503344535828 1.5904548734153137 3.519897222518921 2.140566349029541 0.0 6.618446302337519 1.7138445377349854 0.0
183 0.7455503344535828 1.5904548734153137 3.519897222518921 2.140566349029541 0.0 6.618446302337519 1.7138445377349854 0.0
184 0.7455503344535828 1.5904548734153137 3.519897222518921 2.140566349029541 0.0 6.618446302337519 1.7138445377349854 0.0
185 0.7455503344535828 1.5904548734153137 3.519897222518921 2.140566349029541 0.0 6.618446302337519 1.7138445377349854 0.0
186 0.7455503344535828 1.5904548734153137 3.519897222518921 2.140566349029541 0.0 6.618446302337519 1.7138445377349854 0.0
187 0.7455503344535828 1.5904548734153137 3.519897222518921 2.140566349029541 0.0 6.618446302337519 1.7138445377349854 0.0
188 0.7455503344535828 1.5904548734153137 3.519897222518921 2.140566349029541 0.0 6.618446302337519 1.7138445377349854 0.0
189 0.7455503344535828 1.5904548734153137 3.519897222518921 2.140566349029541 0.0 6.618446302337519 1.7138445377349854 0.0
190 0.7455503344535828 1.5904548734153137 3.519897222518921 2.140566349029541 0.0 6.618446302337519 1.7138445377349854 0.0
191 0.7455503344535828 1.5904548734153137 3.519897222518921 2.140566349029541 0.0 6.618446302337519 1.7138445377349854 0.0
192 0.7455503344535828 1.5904548734153137 3.519897222518921 2.140566349029541 0.0 6.618446302337519 1.7138445377349854 0.0
193 0.7455503344535828 1.5904548734153137 3.519897222518921 2.140566349029541 0.0 6.618446302337519 1.7138445377349854 0.0
194 0.7455503344535828 1.5904548734153137 3.519897222518921 2.140566349029541 0.0 6.618446302337519 1.7138445377349854 0.0
195 0.7455503344535828 1.5904548734153137 3.519897222518921 2.140566349029541 0.0 6.618446302337519 1.7138445377349854 0.0
196 0.7455503344535828 1.5904548734153137 3.519897222518921 2.140566349029541 0.0 6.618446302337519 1.7138445377349854 0.0
197 0.7455503344535828 1.5904548734153137 3.519897222518921 2.140566349029541 0.0 6.618446302337519 1.7138445377349854 0.0
198 0.7455503344535828 1.5904548734153137 3.519897222518921 2.140566349029541 0.0 6.618446302337519 1.7138445377349854 0.0
199 0.7455503344535828 1.5904548734153137 3.519897222518921 2.140566349029541 0.0 6.618446302337519 1.7138445377349854 0.0
200 0.7455503344535828 1.5904548734153137 3.519897222518921 2.140566349029541 0.0 6.618446302337519 1.7138445377349854 0.0
201 0.7455503344535828 1.5919591435272118 3.519897222518921 2.140566349029541 0.0 6.61899824590214 1.7136975526809692 0.0
202 0.7455503344535828 1.5919591435272118 3.519897222518921 2.140566349029541 0.0 6.61899824590214 1.7136975526809692 0.0
203 0.7455503344535828 1.5919591435272118 3.519897222518921 2.140566349029541 0.0 6.61899824590214 1.7136975526809692 0.0
204 0.7455503344535828 1.5919591435272118 3.519897222518921 2.140566349029541 0.0 6.61899824590214 1.7136975526809692 0.0
205 0.7455503344535828 1.591583222598894 3.519897222518921 2.140566349029541 0.0 6.618863434572442 1.7137335538864136 0.0
206 0.7455503344535828 1.591583222598894 3.519897222518921 2.140566349029541 0.0 6.618863434572442 1.7137335538864136 0.0
207 0.7455503344535828 1.591583222598894 3.519897222518921 2.140566349029541 0.0 6.618863434572442 1.7137335538864136 0.0
208 0.7455503344535828 1.5938837262571905 3.519897222518921 2.140566349029541 0.0 6.619664899259155 1.713519811630249 0.0
209 0.7455503344535828 1.5938837262571905 3.519897222518921 2.140566349029541 0.0 6.619664899259155 1.713519811630249 0.0
210 0.7455503344535828 1.5938837262571905 3.519897222518921 2.140566349029541 0.0 6.619664899259155 1.713519811630249 0.0
211 0.7455503344535828 1.5938837262571905 3.519897222518921 2.140566349029541 0.0 6.619664899259155 1.713519811630249 0.0
212 0.7455503344535828 1.5938837262571905 3.519897222518921 2.140566349029541 0.0 6.619664899259155 1.713519811630249 0.0
213 0.7455503344535828 1.5938837262571905 3.519897222518921 2.140566349029541 0.0 6.619664899259155 1.713519811630249 0.0
214 0.7455503344535828 1.5938837262571905 3.519897222518921 2.140566349029541 0.0 6.619664899259155 1.713519811630249 0.0
215 0.7455503344535828 1.5893465024990763 3.519897222518921 2.140566349029541 0.0 6.618015273415774 1.7139602899551392 0.0
216 0.7455503344535828 1.5893465024990763 3.519897222518921 2.140566349029541 0.0 6.618015273415774 1.7139602899551392 0.0
217 0.7455503344535828 1.5898072012010236 3.519897222518921 2.140566349029541 0.0 6.618197663635544 1.7139111757278442 0.0
218 0.7455503344535828 1.5898072012010236 3.519897222518921 2.140566349029541 0.0 6.618197663635544 1.7139111757278442 0.0
219 0.7455503344535828 1.5898072012010236 3.519897222518921 2.140566349029541 0.0 6.618197663635544 1.7139111757278442 0.0
220 0.7455503344535828 1.5889039342626812 3.519897222518921 2.140566349029541 0.0 6.617438600362677 1.6978691816329956 0.0
221 0.7455503344535828 1.5889039342626812 3.519897222518921 2.140566349029541 0.0 6.617438600362677 1.6978691816329956 0.0
222 0.7455503344535828 1.5889039342626812 3.519897222518921 2.140566349029541 0.0 6.617438600362677 1.6978691816329956 0.0
223 0.7455503344535828 1.592729562096921 3.519897222518921 2.140566349029541 0.0 6.6189655755286365 1.6982609033584595 0.0
224 0.7455503344535828 1.5905827571315678 3.519897222518921 2.140566349029541 0.0 6.618144358875485 1.6980502605438232 0.0
225 0.7455503344535828 1.5905827571315678 3.519897222518921 2.140566349029541 0.0 6.618144358875485 1.6980502605438232 0.0
226 0.7455503344535828 1.5905827571315678 3.519897222518921 2.140566349029541 0.0 6.618144358875485 1.6980502605438232 0.0
227 0.7455503344535828 1.5905827571315678 3.519897222518921 2.140566349029541 0.0 6.618144358875485 1.6980502605438232 0.0
228 0.7455503344535828 1.5905827571315678 3.519897222518921 2.140566349029541 0.0 6.618144358875485 1.6980502605438232 0.0
229 0.7455503344535828 1.5905827571315678 3.519897222518921 2.140566349029541 0.0 6.618144358875485 1.6980502605438232 0.0
230 0.7455503344535828 1.5905827571315678 3.519897222518921 2.140566349029541 0.0 6.618144358875485 1.6980502605438232 0.0
231 0.7455503344535828 1.5905827571315678 3.519897222518921 2.140566349029541 0.0 6.618144358875485 1.6980502605438232 0.0
232 0.7455503344535828 1.5905827571315678 3.519897222518921 2.140566349029541 0.0 6.618144358875485 1.6980502605438232 0.0
233 0.7455503344535828 1.5905827571315678 3.519897222518921 2.140566349029541 0.0 6.618144358875485 1.6980502605438232 0.0
234 0.7455503344535828 1.5905827571315678 3.519897222518921 2.140566349029541 0.0 6.618144358875485 1.6980502605438232 0.0
235 0.7455503344535828 1.5905827571315678 3.519897222518921 2.140566349029541 0.0 6.618144358875485 1.6980502605438232 0.0
236 0.7455503344535828 1.5905827571315678 3.519897222518921 2.140566349029541 0.0 6.618144358875485 1.6980502605438232 0.0
237 0.7455503344535828 1.5905827571315678 3.519897222518921 2.140566349029541 0.0 6.618144358875485 1.6980502605438232 0.0
238 0.7455503344535828 1.5905827571315678 3.519897222518921 2.140566349029541 0.0 6.618144358875485 1.6980502605438232 0.0
239 0.7455503344535828 1.5905827571315678 3.519897222518921 2.140566349029541 0.0 6.618144358875485 1.6980502605438232 0.0
240 0.7455503344535828 1.5901478680250338 3.519897222518921 2.140566349029541 0.0 6.6179689276417815 1.6980053186416626 0.0
241 0.7455503344535828 1.5901478680250338 3.519897222518921 2.140566349029541 0.0 6.6179689276417815 1.6980053186416626 0.0
242 0.7455503344535828 1.5901478680250338 3.519897222518921 2.140566349029541 0.0 6.6179689276417815 1.6980053186416626 0.0
243 0.7455503344535828 1.5901478680250338 3.519897222518921 2.140566349029541 0.0 6.6179689276417815 1.6980053186416626 0.0
244 0.7455503344535828 1.5901478680250338 3.519897222518921 2.140566349029541 0.0 6.6179689276417815 1.6980053186416626 0.0
245 0.7455503344535828 1.5901478680250338 3.519897222518921 2.140566349029541 0.0 6.6179689276417815 1.6980053186416626 0.0
246 0.7455503344535828 1.5905179456223923 3.519897222518921 2.140566349029541 0.0 6.618118464567855 1.698043704032898 0.0
247 0.7455503344535828 1.5905179456223923 3.519897222518921 2.140566349029541 0.0 6.618118464567855 1.698043704032898 0.0
248 0.7455503344535828 1.5905179456223923 3.519897222518921 2.140566349029541 0.0 6.618118464567855 1.698043704032898 0.0
249 0.7455503344535828 1.5905179456223923 3.519897222518921 2.140566349029541 0.0 6.618118464567855 1.698043704032898 0.0
250 0.7455503344535828 1.5905179456223923 3.519897222518921 2.140566349029541 0.0 6.618118464567855 1.698043704032898 0.0
251 0.7455503344535828 1.5908704313987074 3.519897222518921 2.140566349029541 0.0 6.6182588737788475 1.6980797052383423 0.0
252 0.7455503344535828 1.5908704313987074 3.519897222518921 2.140566349029541 0.0 6.6182588737788475 1.6980797052383423 0.0
253 0.7455503344535828 1.5907489086546656 3.519897222518921 2.140566349029541 0.0 6.61821122086506 1.6980674266815186 0.0
254 0.7455503344535828 1.5907489086546656 3.519897222518921 2.140566349029541 0.0 6.61821122086506 1.6980674266815186 0.0
255 0.7455503344535828 1.5907489086546656 3.519897222518921 2.140566349029541 0.0 6.61821122086506 1.6980674266815186 0.0
256 0.7455503344535828 1.5907489086546656 3.519897222518921 2.140566349029541 0.0 6.61821122086506 1.6980674266815186 0.0
257 0.7455503344535828 1.5907489086546656 3.519897222518921 2.140566349029541 0.0 6.61821122086506 1.6980674266815186 0.0
258 0.7455503344535828 1.5907489086546656 3.519897222518921 2.140566349029541 0.0 6.61821122086506 1.6980674266815186 0.0
259 0.7455503344535828 1.5907489086546656 3.519897222518921 2.140566349029541 0.0 6.61821122086506 1.6980674266815186 0.0
260 0.7455503344535828 1.5907489086546656 3.519897222518921 2.140566349029541 0.0 6.61821122086506 1.6980674266815186 0.0
261 0.7455503344535828 1.5907489086546656 3.519897222518921 2.140566349029541 0.0 6.61821122086506 1.6980674266815186 0.0
262 0.7455503344535828 1.5907489086546656 3.519897222518921 2.140566349029541 0.0 6.61821122086506 1.6980674266815186 0.0
263 0.7455503344535828 1.5907489086546656 3.519897222518921 2.140566349029541 0.0 6.61821122086506 1.6980674266815186 0.0
264 0.7455503344535828 1.5907489086546656 3.519897222518921 2.140566349029541 0.0 6.61821122086506 1.6980674266815186 0.0
265 0.7455503344535828 1.5907489086546656 3.519897222518921 2.140566349029541 0.0 6.61821122086506 1.6980674266815186 0.0
266 0.7455503344535828 1.5907489086546656 3.519897222518921 2.140566349029541 0.0 6.61821122086506 1.6980674266815186 0.0
267 0.7455503344535828 1.5907489086546656 3.519897222518921 2.140566349029541 0.0 6.61821122086506 1.6980674266815186 0.0
268 0.7455503344535828 1.5907489086546656 3.519897222518921 2.140566349029541 0.0 6.61821122086506 1.6980674266815186 0.0
269 0.7455503344535828 1.5907489086546656 3.519897222518921 2.140566349029541 0.0 6.61821122086506 1.6980674266815186 0.0
270 0.7455503344535828 1.5907489086546656 3.519897222518921 2.140566349029541 0.0 6.61821122086506 1.6980674266815186 0.0
271 0.7455503344535828 1.5907489086546656 3.519897222518921 2.140566349029541 0.0 6.61821122086506 1.6980674266815186 0.0
272 0.7455503344535828 1.5907489086546656 3.519897222518921 2.140566349029541 0.0 6.61821122086506 1.6980674266815186 0.0
273 0.7455503344535828 1.5907489086546656 3.519897222518921 2.140566349029541 0.0 6.61821122086506 1.6980674266815186 0.0
274 0.7455503344535828 1.5907489086546656 3.519897222518921 2.140566349029541 0.0 6.61821122086506 1.6980674266815186 0.0
275 0.7455503344535828 1.5907489086546656 3.519897222518921 2.140566349029541 0.0 6.61821122086506 1.6980674266815186 0.0
276 0.7455503344535828 1.5907489086546656 3.519897222518921 2.140566349029541 0.0 6.61821122086506 1.6980674266815186 0.0
277 0.7455503344535828 1.5907489086546656 3.519897222518921 2.140566349029541 0.0 6.61821122086506 1.6980674266815186 0.0
278 0.7455503344535828 1.590611158664342 3.519897222518921 2.140566349029541 0.0 6.618156113922102 1.698053240776062 0.0
279 0.7455503344535828 1.58969805355041 3.519897222518921 2.140566349029541 0.0 6.617782041601752 1.6979572772979736 0.0
280 0.7455503344535828 1.58969805355041 3.519897222518921 2.140566349029541 0.0 6.617782041601752 1.6979572772979736 0.0
281 0.7455503344535828 1.58969805355041 3.519897222518921 2.140566349029541 0.0 6.617782041601752 1.6979572772979736 0.0
282 0.7455503344535828 1.58969805355041 3.519897222518921 2.140566349029541 0.0 6.617782041601752 1.6979572772979736 0.0
283 0.7455503344535828 1.58969805355041 3.519897222518921 2.140566349029541 0.0 6.617782041601752 1.6979572772979736 0.0
284 0.7455503344535828 1.5920743221012525 3.519897222518921 2.140566349029541 0.0 6.618721807888473 1.6981985569000244 0.0
285 0.7455503344535828 1.5920743221012525 3.519897222518921 2.140566349029541 0.0 6.618721807888473 1.6981985569000244 0.0
286 0.7455503344535828 1.5920743221012525 3.519897222518921 2.140566349029541 0.0 6.618721807888473 1.6981985569000244 0.0
287 0.7455503344535828 1.5920743221012525 3.519897222518921 2.140566349029541 0.0 6.618721807888473 1.6981985569000244 0.0
288 0.7455503344535828 1.5920743221012525 3.519897222518921 2.140566349029541 0.0 6.618721807888473 1.6981985569000244 0.0
289 0.7455503344535828 1.5920743221012525 3.519897222518921 2.140566349029541 0.0 6.618721807888473 1.6981985569000244 0.0
290 0.7455503344535828 1.5920743221012525 3.519897222518921 2.140566349029541 0.0 6.618721807888473 1.6981985569000244 0.0
291 0.7455503344535828 1.5920743221012525 3.519897222518921 2.140566349029541 0.0 6.618721807888473 1.6981985569000244 0.0
292 0.7455503344535828 1.5920743221012525 3.519897222518921 2.140566349029541 0.0 6.618721807888473 1.6981985569000244 0.0
293 0.7455503344535828 1.5920743221012525 3.519897222518921 2.140566349029541 0.0 6.618721807888473 1.6981985569000244 0.0
294 0.7455503344535828 1.5911818367581163 3.519897222518921 2.140566349029541 0.0 6.618717021309097 1.7137724161148071 0.0
295 0.7455503344535828 1.5911818367581163 3.519897222518921 2.140566349029541 0.0 6.618717021309097 1.7137724161148071 0.0
296 0.7455503344535828 1.5911818367581163 3.519897222518921 2.140566349029541 0.0 6.618717021309097 1.7137724161148071 0.0
297 0.7455503344535828 1.5911818367581163 3.519897222518921 2.140566349029541 0.0 6.618717021309097 1.7137724161148071 0.0
298 0.7455503344535828 1.5925641278250577 3.519897222518921 2.140566349029541 0.0 6.619210891958702 1.7136403322219849 0.0
299 0.7455503344535828 1.5925641278250577 3.519897222518921 2.140566349029541 0.0 6.619210891958702 1.7136403322219849 0.0
300 0.7455503344535828 1.5919098304470833 3.519897222518921 2.140566349029541 0.0 6.61898061315181 1.7137022018432617 0.0
301 0.7455503344535828 1.5919098304470833 3.519897222518921 2.140566349029541 0.0 6.61898061315181 1.7137022018432617 0.0
302 0.7455503344535828 1.5919098304470833 3.519897222518921 2.140566349029541 0.0 6.61898061315181 1.7137022018432617 0.0
303 0.7455503344535828 1.5886986332023083 3.519897222518921 2.140566349029541 0.0 6.617748178356674 1.7140319347381592 0.0
304 0.7455503344535828 1.5886986332023083 3.519897222518921 2.140566349029541 0.0 6.617748178356674 1.7140319347381592 0.0
305 0.7455503344535828 1.5922979220701066 3.519897222518921 2.140566349029541 0.0 6.61911783023934 1.7136653661727905 0.0
306 0.7455503344535828 1.5922979220701066 3.519897222518921 2.140566349029541 0.0 6.61911783023934 1.7136653661727905 0.0
307 0.7455503344535828 1.5922979220701066 3.519897222518921 2.140566349029541 0.0 6.61911783023934 1.7136653661727905 0.0
308 0.7455503344535828 1.5922979220701066 3.519897222518921 2.140566349029541 0.0 6.61911783023934 1.7136653661727905 0.0
309 0.7455503344535828 1.5922979220701066 3.519897222518921 2.140566349029541 0.0 6.61911783023934 1.7136653661727905 0.0
310 0.7455503344535828 1.5922979220701066 3.519897222518921 2.140566349029541 0.0 6.61911783023934 1.7136653661727905 0.0
311 0.7455503344535828 1.5922979220701066 3.519897222518921 2.140566349029541 0.0 6.61911783023934 1.7136653661727905 0.0
312 0.7455503344535828 1.5888189590262216 3.519897222518921 2.140566349029541 0.0 6.617399851220572 1.697859287261963 0.0
313 0.7455503344535828 1.5888189590262216 3.519897222518921 2.140566349029541 0.0 6.617399851220572 1.697859287261963 0.0
314 0.7455503344535828 1.5931861138796444 3.519897222518921 2.140566349029541 0.0 6.619132295597612 1.6983038187026978 0.0
315 0.7455503344535828 1.5931861138796444 3.519897222518921 2.140566349029541 0.0 6.619132295597612 1.6983038187026978 0.0
316 0.7455503344535828 1.5931861138796444 3.519897222518921 2.140566349029541 0.0 6.619132295597612 1.6983038187026978 0.0
317 0.7455503344535828 1.5931861138796444 3.519897222518921 2.140566349029541 0.0 6.619132295597612 1.6983038187026978 0.0
318 0.7455503344535828 1.5904171491910022 3.519897222518921 2.140566349029541 0.0 6.61807789147113 1.6980332136154175 0.0
319 0.7455503344535828 1.5904171491910022 3.519897222518921 2.140566349029541 0.0 6.61807789147113 1.6980332136154175 0.0
320 0.7455503344535828 1.5904171491910022 3.519897222518921 2.140566349029541 0.0 6.61807789147113 1.6980332136154175 0.0
321 0.7455503344535828 1.5904171491910022 3.519897222518921 2.140566349029541 0.0 6.61807789147113 1.6980332136154175 0.0
322 0.7455503344535828 1.5904171491910022 3.519897222518921 2.140566349029541 0.0 6.61807789147113 1.6980332136154175 0.0
323 0.7455503344535828 1.5904171491910022 3.519897222518921 2.140566349029541 0.0 6.61807789147113 1.6980332136154175 0.0
324 0.7455503344535828 1.5904171491910022 3.519897222518921 2.140566349029541 0.0 6.61807789147113 1.6980332136154175 0.0
325 0.7455503344535828 1.5904171491910022 3.519897222518921 2.140566349029541 0.0 6.61807789147113 1.6980332136154175 0.0
326 0.7455503344535828 1.5915281823022285 3.519897222518921 2.140566349029541 0.0 6.618514954794938 1.6981452703475952 0.0
327 0.7455503344535828 1.5915281823022285 3.519897222518921 2.140566349029541 0.0 6.618514954794938 1.6981452703475952 0.0
328 0.7455503344535828 1.5903803208419334 3.519897222518921 2.140566349029541 0.0 6.618062858671883 1.6980293989181519 0.0
329 0.7455503344535828 1.5903803208419334 3.519897222518921 2.140566349029541 0.0 6.618062858671883 1.6980293989181519 0.0
330 0.7455503344535828 1.5903803208419334 3.519897222518921 2.140566349029541 0.0 6.618062858671883 1.6980293989181519 0.0
331 0.7455503344535828 1.5903803208419334 3.519897222518921 2.140566349029541 0.0 6.618062858671883 1.6980293989181519 0.0
332 0.7455503344535828 1.5903803208419334 3.519897222518921 2.140566349029541 0.0 6.618062858671883 1.6980293989181519 0.0
333 0.7455503344535828 1.5921713232260626 3.519897222518921 2.140566349029541 0.0 6.618758225591531 1.6982077360153198 0.0
334 0.7455503344535828 1.5885808588090664 3.519897222518921 2.140566349029541 0.0 6.617291370375608 1.6978315114974976 0.0
335 0.7455503344535828 1.5913350442214729 3.519897222518921 2.140566349029541 0.0 6.618440540302073 1.698126196861267 0.0
336 0.7455503344535828 1.5913350442214729 3.519897222518921 2.140566349029541 0.0 6.618440540302073 1.698126196861267 0.0
337 0.7455503344535828 1.5913350442214729 3.519897222518921 2.140566349029541 0.0 6.618440540302073 1.698126196861267 0.0
338 0.7455503344535828 1.5913350442214729 3.519897222518921 2.140566349029541 0.0 6.618440540302073 1.698126196861267 0.0
339 0.7455503344535828 1.5913350442214729 3.519897222518921 2.140566349029541 0.0 6.618440540302073 1.698126196861267 0.0
340 0.7455503344535828 1.5913350442214729 3.519897222518921 2.140566349029541 0.0 6.618440540302073 1.698126196861267 0.0
341 0.7455503344535828 1.5913350442214729 3.519897222518921 2.140566349029541 0.0 6.618440540302073 1.698126196861267 0.0
342 0.7455503344535828 1.5913350442214729 3.519897222518921 2.140566349029541 0.0 6.618440540302073 1.698126196861267 0.0
343 0.7455503344535828 1.5913350442214729 3.519897222518921 2.140566349029541 0.0 6.618440540302073 1.698126196861267 0.0
344 0.7455503344535828 1.5913350442214729 3.519897222518921 2.140566349029541 0.0 6.618440540302073 1.698126196861267 0.0
345 0.7455503344535828 1.5913350442214729 3.519897222518921 2.140566349029541 0.0 6.618440540302073 1.698126196861267 0.0
346 0.7455503344535828 1.5912206846758399 3.519897222518921 2.140566349029541 0.0 6.618396294162119 1.6981151103973389 0.0
347 0.7455503344535828 1.5912206846758399 3.519897222518921 2.140566349029541 0.0 6.618396294162119 1.6981151103973389 0.0
348 0.7455503344535828 1.5912206846758399 3.519897222518921 2.140566349029541 0.0 6.618396294162119 1.6981151103973389 0.0
349 0.7455503344535828 1.5912206846758399 3.519897222518921 2.140566349029541 0.0 6.618396294162119 1.6981151103973389 0.0
350 0.7455503344535828 1.5889259142618988 3.519897222518921 2.140566349029541 0.0 6.617447330412085 1.697871446609497 0.0
351 0.7455503344535828 1.589444800616096 3.519897222518921 2.140566349029541 0.0 6.617674514777609 1.6979297399520874 0.0
352 0.7455503344535828 1.589444800616096 3.519897222518921 2.140566349029541 0.0 6.617674514777609 1.6979297399520874 0.0
353 0.7455503344535828 1.589444800616096 3.519897222518921 2.140566349029541 0.0 6.617674514777609 1.6979297399520874 0.0
354 0.7455503344535828 1.589444800616096 3.519897222518921 2.140566349029541 0.0 6.617674514777609 1.6979297399520874 0.0
355 0.7455503344535828 1.589444800616096 3.519897222518921 2.140566349029541 0.0 6.617674514777609 1.6979297399520874 0.0
356 0.7455503344535828 1.589444800616096 3.519897222518921 2.140566349029541 0.0 6.617674514777609 1.6979297399520874 0.0
357 0.7455503344535828 1.589444800616096 3.519897222518921 2.140566349029541 0.0 6.617674514777609 1.6979297399520874 0.0
358 0.7455503344535828 1.5893026591044541 3.519897222518921 2.140566349029541 0.0 6.617613565974486 1.6979140043258667 0.0
359 0.7455503344535828 1.5900197728355248 3.519897222518921 2.140566349029541 0.0 6.6179161856313415 1.6979917287826538 0.0
360 0.7455503344535828 1.5900197728355248 3.519897222518921 2.140566349029541 0.0 6.6179161856313415 1.6979917287826538 0.0
361 0.7455503344535828 1.5895200070641216 3.519897222518921 2.140566349029541 0.0 6.617706653194459 1.6979379653930664 0.0
362 0.7455503344535828 1.5895200070641216 3.519897222518921 2.140566349029541 0.0 6.617706653194459 1.6979379653930664 0.0
363 0.7455503344535828 1.5895200070641216 3.519897222518921 2.140566349029541 0.0 6.617706653194459 1.6979379653930664 0.0
364 0.7455503344535828 1.5895200070641216 3.519897222518921 2.140566349029541 0.0 6.617706653194459 1.6979379653930664 0.0
365 0.7455503344535828 1.5895200070641216 3.519897222518921 2.140566349029541 0.0 6.617706653194459 1.6979379653930664 0.0
366 0.7455503344535828 1.5895200070641216 3.519897222518921 2.140566349029541 0.0 6.617706653194459 1.6979379653930664 0.0
367 0.7455503344535828 1.5895200070641216 3.519897222518921 2.140566349029541 0.0 6.617706653194459 1.6979379653930664 0.0
368 0.7455503344535828 1.5895200070641216 3.519897222518921 2.140566349029541 0.0 6.617706653194459 1.6979379653930664 0.0
369 0.7455503344535828 1.5895200070641216 3.519897222518921 2.140566349029541 0.0 6.617706653194459 1.6979379653930664 0.0
370 0.7455503344535828 1.5895200070641216 3.519897222518921 2.140566349029541 0.0 6.617706653194459 1.6979379653930664 0.0
371 0.7455503344535828 1.5895200070641216 3.519897222518921 2.140566349029541 0.0 6.617706653194459 1.6979379653930664 0.0
372 0.7455503344535828 1.5895200070641216 3.519897222518921 2.140566349029541 0.0 6.617706653194459 1.6979379653930664 0.0
373 0.7455503344535828 1.5895200070641216 3.519897222518921 2.140566349029541 0.0 6.617706653194459 1.6979379653930664 0.0
374 0.7455503344535828 1.5895200070641216 3.519897222518921 2.140566349029541 0.0 6.617706653194459 1.6979379653930664 0.0
375 0.7455503344535828 1.5895200070641216 3.519897222518921 2.140566349029541 0.0 6.617706653194459 1.6979379653930664 0.0
376 0.7455503344535828 1.591887837399738 3.519897222518921 2.140566349029541 0.0 6.618651386212262 1.6981804370880127 0.0
377 0.7455503344535828 1.591887837399738 3.519897222518921 2.140566349029541 0.0 6.618651386212262 1.6981804370880127 0.0
378 0.7455503344535828 1.591887837399738 3.519897222518921 2.140566349029541 0.0 6.618651386212262 1.6981804370880127 0.0
379 0.7455503344535828 1.591887837399738 3.519897222518921 2.140566349029541 0.0 6.618651386212262 1.6981804370880127 0.0
380 0.7455503344535828 1.591887837399738 3.519897222518921 2.140566349029541 0.0 6.618651386212262 1.6981804370880127 0.0
381 0.7455503344535828 1.591887837399738 3.519897222518921 2.140566349029541 0.0 6.618651386212262 1.6981804370880127 0.0
382 0.7455503344535828 1.591887837399738 3.519897222518921 2.140566349029541 0.0 6.618651386212262 1.6981804370880127 0.0
383 0.7455503344535828 1.5910216841495077 3.519897222518921 2.140566349029541 0.0 6.618318305034655 1.6980948448181152 0.0
384 0.7455503344535828 1.5910216841495077 3.519897222518921 2.140566349029541 0.0 6.618318305034655 1.6980948448181152 0.0
385 0.7455503344535828 1.5910216841495077 3.519897222518921 2.140566349029541 0.0 6.618318305034655 1.6980948448181152 0.0
386 0.7455503344535828 1.5910216841495077 3.519897222518921 2.140566349029541 0.0 6.618318305034655 1.6980948448181152 0.0
387 0.7455503344535828 1.5910216841495077 3.519897222518921 2.140566349029541 0.0 6.618318305034655 1.6980948448181152 0.0
388 0.7455503344535828 1.5910216841495077 3.519897222518921 2.140566349029541 0.0 6.618318305034655 1.6980948448181152 0.0
389 0.7455503344535828 1.5910216841495077 3.519897222518921 2.140566349029541 0.0 6.618318305034655 1.6980948448181152 0.0
390 0.7455503344535828 1.5910216841495077 3.519897222518921 2.140566349029541 0.0 6.618318305034655 1.6980948448181152 0.0
391 0.7455503344535828 1.5910216841495077 3.519897222518921 2.140566349029541 0.0 6.618318305034655 1.6980948448181152 0.0
392 0.7455503344535828 1.5896050368199095 3.519897222518921 2.140566349029541 0.0 6.617742794461751 1.697947382926941 0.0
393 0.7455503344535828 1.5903709628014342 3.519897222518921 2.140566349029541 0.0 6.618059481850502 1.698028564453125 0.0
394 0.7455503344535828 1.5903709628014342 3.519897222518921 2.140566349029541 0.0 6.618059481850502 1.698028564453125 0.0
395 0.7455503344535828 1.5903709628014342 3.519897222518921 2.140566349029541 0.0 6.618059481850502 1.698028564453125 0.0
396 0.7455503344535828 1.5903709628014342 3.519897222518921 2.140566349029541 0.0 6.618059481850502 1.698028564453125 0.0
397 0.7455503344535828 1.5903709628014342 3.519897222518921 2.140566349029541 0.0 6.618059481850502 1.698028564453125 0.0
398 0.7455503344535828 1.5903709628014342 3.519897222518921 2.140566349029541 0.0 6.618059481850502 1.698028564453125 0.0
399 0.7455503344535828 1.5903709628014342 3.519897222518921 2.140566349029541 0.0 6.618059481850502 1.698028564453125 0.0
400 0.7455503344535828 1.5903709628014342 3.519897222518921 2.140566349029541 0.0 6.618059481850502 1.698028564453125 0.0
