init 0.6578864455223083 9.642935104584765 3.32043194770813 2.451056480407715 0.0 0.0 0.0 0.0
1 0.6578864455223083 10.625480948575268 3.32043194770813 2.451056480407715 0.0 2.040214825677261 0.678038477897644 0.0
2 0.6578864455223083 10.71405315422345 3.32043194770813 2.451056480407715 0.0 2.2883808906478085 0.7605133056640625 0.0
3 0.6578864455223083 10.833361652632401 3.32043194770813 2.451056480407715 0.0 2.494904937188256 0.8918923735618591 0.0
4 0.6578864455223083 10.835718267007417 3.32043194770813 2.451056480407715 0.0 2.8845724397049066 0.980281412601471 0.0
5 0.6578864455223083 10.850472544432094 3.32043194770813 2.451056480407715 0.0 2.8912126641140268 0.9987383484840393 0.0
6 0.6578864455223083 10.8583602864566 3.32043194770813 2.451056480407715 0.0 2.8017606906139263 0.9778861403465271 0.0
7 0.6578864455223083 10.843178157014416 3.32043194770813 2.451056480407715 0.0 3.0082574823919175 1.043441891670227 0.0
8 0.6578864455223083 10.858377850563725 3.32043194770813 2.451056480407715 0.0 2.7770138273678455 0.9628219604492188 0.0
9 0.6578864455223083 10.867140561010265 3.32043194770813 2.451056480407715 0.0 2.7932304449781524 0.9679891467094421 0.0
10 0.6578864455223083 10.998039750309427 3.32043194770813 2.451056480407715 0.0 3.0220619485439526 1.0413234233856201 0.0
11 0.6578864455223083 10.991391598109264 3.32043194770813 2.451056480407715 0.0 3.003466844514142 1.0509555339813232 0.0
12 0.6578864455223083 10.978404902622087 3.32043194770813 2.451056480407715 0.0 2.990740389219188 1.03157377243042 0.0
13 0.6578864455223083 10.963469529239804 3.32043194770813 2.451056480407715 0.0 2.9908477158329942 1.0114796161651611 0.0
14 0.6578864455223083 10.987203830412367 3.32043194770813 2.451056480407715 0.0 3.005476746460548 1.044321060180664 0.0
15 0.6578864455223083 10.903344891105997 3.32043194770813 2.451056480407715 0.0 2.9239217527861388 1.0184286832809448 0.0
16 0.6578864455223083 10.990328782192066 3.32043194770813 2.451056480407715 0.0 3.0121477754107393 1.046441674232483 0.0
17 0.6578864455223083 10.990328782192066 3.32043194770813 2.451056480407715 0.0 3.0121477754107393 1.046441674232483 0.0
18 0.6578864455223083 10.990328782192066 3.32043194770813 2.451056480407715 0.0 3.0121477754107393 1.046441674232483 0.0
19 0.6578864455223083 10.990328782192066 3.32043194770813 2.451056480407715 0.0 3.0121477754107393 1.046441674232483 0.0
20 0.6578864455223083 10.990967732922146 3.32043194770813 2.451056480407715 0.0 3.0132767934084157 1.0468007326126099 0.0
21 0.6578864455223083 10.990958020292842 3.32043194770813 2.451056480407715 0.0 3.013242273372618 1.046797275543213 0.0
22 0.6578864455223083 10.968852692013954 3.32043194770813 2.451056480407715 0.0 2.9649319380823784 1.0314486026763916 0.0
23 0.6578864455223083 10.96206666173561 3.32043194770813 2.451056480407715 0.0 2.965627075970699 1.03166925907135 0.0
24 0.6578864455223083 10.96206666173561 3.32043194770813 2.451056480407715 0.0 2.965627075970699 1.03166925907135 0.0
25 0.6578864455223083 10.96206666173561 3.32043194770813 2.451056480407715 0.0 2.965627075970699 1.03166925907135 0.0
26 0.6578864455223083 10.950047119999557 3.32043194770813 2.451056480407715 0.0 2.9441065965444344 1.0237680673599243 0.0
27 0.6578864455223083 10.94705755494375 3.32043194770813 2.451056480407715 0.0 2.9445588758165635 1.023911714553833 0.0
28 0.6578864455223083 10.946580786800403 3.32043194770813 2.451056480407715 0.0 2.944852048015311 1.0231565237045288 0.0
29 0.6578864455223083 10.946580786800403 3.32043194770813 2.451056480407715 0.0 2.944852048015311 1.0231565237045288 0.0
30 0.6578864455223083 10.910780571267619 3.32043194770813 2.451056480407715 0.0 2.89683385403349 0.9815482497215271 0.0
31 0.6578864455223083 10.953183938824465 3.32043194770813 2.451056480407715 0.0 2.894680964317715 0.9794341921806335 0.0
32 0.6578864455223083 10.837152048765862 3.32043194770813 2.451056480407715 0.0 2.65808429861366 0.9080855846405029 0.0
33 0.6578864455223083 10.72624582774044 3.32043194770813 2.451056480407715 0.0 2.4698237293874095 0.8435882329940796 0.0
34 0.6578864455223083 10.75179760924927 3.32043194770813 2.451056480407715 0.0 2.485180639880121 0.885765552520752 0.0
35 0.6578864455223083 10.748606608373773 3.32043194770813 2.451056480407715 0.0 2.4851162655674743 0.8805197477340698 0.0
36 0.6578864455223083 10.750141209992655 3.32043194770813 2.451056480407715 0.0 2.4902124205653653 0.881397008895874 0.0
37 0.6578864455223083 10.750141209992655 3.32043194770813 2.451056480407715 0.0 2.4902124205653653 0.881397008895874 0.0
38 0.6578864455223083 10.742555237061051 3.32043194770813 2.451056480407715 0.0 2.5037787585476012 0.8656893968582153 0.0
39 0.6578864455223083 10.745092672326903 3.32043194770813 2.451056480407715 0.0 2.47175641197413 0.8727194666862488 0.0
40 0.6578864455223083 10.727816010460035 3.32043194770813 2.451056480407715 0.0 2.4798089542155606 0.8442407846450806 0.0
41 0.6578864455223083 10.728994283581006 3.32043194770813 2.451056480407715 0.0 2.4888055539342666 0.847159743309021 0.0
42 0.6578864455223083 10.751901104147294 3.32043194770813 2.451056480407715 0.0 2.5250968468818575 0.8972452878952026 0.0
43 0.6578864455223083 10.753632346232386 3.32043194770813 2.451056480407715 0.0 2.4965623821496403 0.8883821964263916 0.0
44 0.6578864455223083 10.745886299916368 3.32043194770813 2.451056480407715 0.0 2.50515835998002 0.8562253713607788 0.0
45 0.6578864455223083 10.745886299916368 3.32043194770813 2.451056480407715 0.0 2.50515835998002 0.8562253713607788 0.0
46 0.6578864455223083 10.746644753053245 3.32043194770813 2.451056480407715 0.0 2.4902842679800856 0.8525605201721191 0.0
47 0.6578864455223083 10.710054775819854 3.32043194770813 2.451056480407715 0.0 2.4760780208596556 0.822891891002655 0.0
48 0.6578864455223083 10.708209534806405 3.32043194770813 2.451056480407715 0.0 2.4725254448153637 0.8431186676025391 0.0
49 0.6578864455223083 10.691232801022657 3.32043194770813 2.451056480407715 0.0 2.455252254332204 0.8159707188606262 0.0
50 0.6578864455223083 10.709552165785167 3.32043194770813 2.451056480407715 0.0 2.4762737210853514 0.8489314317703247 0.0
51 0.6578864455223083 10.876082643903269 3.32043194770813 2.451056480407715 0.0 2.8062346382273575 0.9556137323379517 0.0
52 0.6578864455223083 10.877063694624143 3.32043194770813 2.451056480407715 0.0 2.8087724932138975 0.958946168422699 0.0
53 0.6578864455223083 10.602827471837035 3.32043194770813 2.451056480407715 0.0 2.3217224078846113 0.8032060265541077 0.0
54 0.6578864455223083 10.798975482742492 3.32043194770813 2.451056480407715 0.0 2.7251991628109247 0.9366403222084045 0.0
55 0.6578864455223083 10.79297511011936 3.32043194770813 2.451056480407715 0.0 2.74449028532529 0.9322038292884827 0.0
56 0.6578864455223083 10.810147356752658 3.32043194770813 2.451056480407715 0.0 2.7423720411469947 0.9564285278320313 0.0
57 0.6578864455223083 10.810147356752658 3.32043194770813 2.451056480407715 0.0 2.7423720411469947 0.9564285278320313 0.0
58 0.6578864455223083 10.810147356752658 3.32043194770813 2.451056480407715 0.0 2.7423720411469947 0.9564285278320313 0.0
59 0.6578864455223083 10.810147356752658 3.32043194770813 2.451056480407715 0.0 2.7423720411469947 0.9564285278320313 0.0
60 0.6578864455223083 10.81116509334673 3.32043194770813 2.451056480407715 0.0 2.7104563597010913 0.9463266730308533 0.0
61 0.6578864455223083 10.815916595199203 3.32043194770813 2.451056480407715 0.0 2.7078685565404155 0.9542002081871033 0.0
62 0.6578864455223083 10.815326829518565 3.32043194770813 2.451056480407715 0.0 2.733973553777719 0.9623867869377136 0.0
63 0.6578864455223083 10.814612873245412 3.32043194770813 2.451056480407715 0.0 2.7338416050957557 0.961333692073822 0.0
64 0.6578864455223083 10.81600193668839 3.32043194770813 2.451056480407715 0.0 2.7243057931787877 0.9574007987976074 0.0
65 0.6578864455223083 10.81600193668839 3.32043194770813 2.451056480407715 0.0 2.7243057931787877 0.9574007987976074 0.0
66 0.6578864455223083 10.794016113681693 3.32043194770813 2.451056480407715 0.0 2.729503214823563 0.9253590106964111 0.0
67 0.6578864455223083 10.794016113681693 3.32043194770813 2.451056480407715 0.0 2.729503214823563 0.9253590106964111 0.0
68 0.6578864455223083 10.796541896432958 3.32043194770813 2.451056480407715 0.0 2.7270118231233407 0.9293140769004822 0.0
69 0.6578864455223083 10.799777000034872 3.32043194770813 2.451056480407715 0.0 2.717788330282095 0.933723509311676 0.0
70 0.6578864455223083 10.791199063251561 3.32043194770813 2.451056480407715 0.0 2.7115580431647035 0.9196289777755737 0.0
71 0.6578864455223083 10.746042345857731 3.32043194770813 2.451056480407715 0.0 2.5431429833909536 0.88816899061203 0.0
72 0.6578864455223083 10.734376824340115 3.32043194770813 2.451056480407715 0.0 2.538434382568009 0.8716545701026917 0.0
73 0.6578864455223083 10.756634589899285 3.32043194770813 2.451056480407715 0.0 2.539786683444919 0.8831830620765686 0.0
74 0.6578864455223083 10.7454218676677 3.32043194770813 2.451056480407715 0.0 2.5461185153688146 0.8658214807510376 0.0
75 0.6578864455223083 10.759271646019307 3.32043194770813 2.451056480407715 0.0 2.5537480432914212 0.8804628252983093 0.0
76 0.6578864455223083 10.74273061580371 3.32043194770813 2.451056480407715 0.0 2.5202565693169046 0.8574236631393433 0.0
77 0.6578864455223083 10.76194178759588 3.32043194770813 2.451056480407715 0.0 2.5459847989321855 0.8863306045532227 0.0
78 0.6578864455223083 10.748718194715112 3.32043194770813 2.451056480407715 0.0 2.5494692055505057 0.8472824692726135 0.0
79 0.6578864455223083 10.744865164075094 3.32043194770813 2.451056480407715 0.0 2.5181246411691873 0.8368655443191528 0.0
80 0.6578864455223083 10.765520699277886 3.32043194770813 2.451056480407715 0.0 2.5228360389844666 0.8705021739006042 0.0
81 0.6578864455223083 10.764638071135675 3.32043194770813 2.451056480407715 0.0 2.5207412503858735 0.8698316812515259 0.0
82 0.6578864455223083 10.743117238251942 3.32043194770813 2.451056480407715 0.0 2.5191824287996716 0.8372170925140381 0.0
83 0.6578864455223083 10.743351168764596 3.32043194770813 2.451056480407715 0.0 2.5201624490589536 0.8375427722930908 0.0
84 0.6578864455223083 10.75830158995794 3.32043194770813 2.451056480407715 0.0 2.5508582767596764 0.8591499924659729 0.0
85 0.6578864455223083 10.757907788012336 3.32043194770813 2.451056480407715 0.0 2.5734227991833403 0.8665502667427063 0.0
86 0.6578864455223083 10.757365801284609 3.32043194770813 2.451056480407715 0.0 2.5734377963929855 0.8665552139282227 0.0
87 0.6578864455223083 10.832947018849694 3.32043194770813 2.451056480407715 0.0 2.6176002977424724 0.8825281858444214 0.0
88 0.6578864455223083 10.82127902472475 3.32043194770813 2.451056480407715 0.0 2.6055034278985594 0.865904688835144 0.0
89 0.6578864455223083 10.835052009540094 3.32043194770813 2.451056480407715 0.0 2.5968974835416323 0.9109932780265808 0.0
90 0.6578864455223083 10.835023919898553 3.32043194770813 2.451056480407715 0.0 2.596968035987776 0.9109309911727905 0.0
91 0.6578864455223083 10.862748879342316 3.32043194770813 2.451056480407715 0.0 2.6328439035570574 0.923401951789856 0.0
92 0.6578864455223083 10.824867643803152 3.32043194770813 2.451056480407715 0.0 2.5923781409557614 0.9106688499450684 0.0
93 0.6578864455223083 10.886826746177691 3.32043194770813 2.451056480407715 0.0 2.7460087192385316 0.9681428670883179 0.0
94 0.6578864455223083 10.790586742079977 3.32043194770813 2.451056480407715 0.0 2.7050885996647587 0.8990005254745483 0.0
95 0.6578864455223083 10.790586742079977 3.32043194770813 2.451056480407715 0.0 2.7050885996647587 0.8990005254745483 0.0
96 0.6578864455223083 10.808051703891966 3.32043194770813 2.451056480407715 0.0 2.706403678425299 0.9245126843452454 0.0
97 0.6578864455223083 10.808051703891966 3.32043194770813 2.451056480407715 0.0 2.706403678425299 0.9245126843452454 0.0
98 0.6578864455223083 10.789280200093781 3.32043194770813 2.451056480407715 0.0 2.696934670264896 0.89629065990448 0.0
99 0.6578864455223083 10.78667966292767 3.32043194770813 2.451056480407715 0.0 2.6850135285480508 0.8923288583755493 0.0
100 0.6578864455223083 10.807871829910814 3.32043194770813 2.451056480407715 0.0 2.706676827924939 0.9241658449172974 0.0
101 0.6578864455223083 10.807871829910814 3.32043194770813 2.451056480407715 0.0 2.706676827924939 0.9241658449172974 0.0
102 0.6578864455223083 10.806822562834993 3.32043194770813 2.451056480407715 0.0 2.6714218027765892 0.912765622138977 0.0
103 0.6578864455223083 10.810551103472854 3.32043194770813 2.451056480407715 0.0 2.6681705777830174 0.9194471836090088 0.0
104 0.6578864455223083 10.810516523487065 3.32043194770813 2.451056480407715 0.0 2.6681445223058895 0.9194388389587402 0.0
105 0.6578864455223083 10.806408951850125 3.32043194770813 2.451056480407715 0.0 2.6719087498804237 0.9132989645004272 0.0
106 0.6578864455223083 10.806408951850125 3.32043194770813 2.451056480407715 0.0 2.6719087498804237 0.9132989645004272 0.0
107 0.6578864455223083 10.787395223132501 3.32043194770813 2.451056480407715 0.0 2.660187721591744 0.884078323841095 0.0
108 0.6578864455223083 10.787395223132501 3.32043194770813 2.451056480407715 0.0 2.660187721591744 0.884078323841095 0.0
109 0.6578864455223083 10.787852068697276 3.32043194770813 2.451056480407715 0.0 2.664061314081322 0.8853656053543091 0.0
110 0.6578864455223083 10.806878114948642 3.32043194770813 2.451056480407715 0.0 2.6596663247303844 0.9352832436561584 0.0
111 0.6578864455223083 10.816345442699518 3.32043194770813 2.451056480407715 0.0 2.698390840462804 0.9490264654159546 0.0
112 0.6578864455223083 10.707920722684966 3.32043194770813 2.451056480407715 0.0 2.5235931504989204 0.8763399720191956 0.0
113 0.6578864455223083 10.717059602855882 3.32043194770813 2.451056480407715 0.0 2.551757185810628 0.8950091600418091 0.0
114 0.6578864455223083 10.715806095234417 3.32043194770813 2.451056480407715 0.0 2.5473552961843904 0.8943296670913696 0.0
115 0.6578864455223083 10.715806095234417 3.32043194770813 2.451056480407715 0.0 2.5473552961843904 0.8943296670913696 0.0
116 0.6578864455223083 10.715806095234417 3.32043194770813 2.451056480407715 0.0 2.5473552961843904 0.8943296670913696 0.0
117 0.6578864455223083 10.715806095234417 3.32043194770813 2.451056480407715 0.0 2.5473552961843904 0.8943296670913696 0.0
118 0.6578864455223083 10.715806095234417 3.32043194770813 2.451056480407715 0.0 2.5473552961843904 0.8943296670913696 0.0
119 0.6578864455223083 10.69518149898213 3.32043194770813 2.451056480407715 0.0 2.5281776389224744 0.840206503868103 0.0
120 0.6578864455223083 10.69518149898213 3.32043194770813 2.451056480407715 0.0 2.5281776389224744 0.840206503868103 0.0
121 0.6578864455223083 10.69826919525291 3.32043194770813 2.451056480407715 0.0 2.5451958141494937 0.8458623290061951 0.0
122 0.6578864455223083 10.698982369905984 3.32043194770813 2.451056480407715 0.0 2.545579494146742 0.8459898829460144 0.0
123 0.6578864455223083 10.699187010675631 3.32043194770813 2.451056480407715 0.0 2.5465329081505437 0.8463066816329956 0.0
124 0.6578864455223083 10.701765553811487 3.32043194770813 2.451056480407715 0.0 2.554847716074913 0.8513115048408508 0.0
125 0.6578864455223083 10.723419042104823 3.32043194770813 2.451056480407715 0.0 2.5378956730600555 0.8826530575752258 0.0
126 0.6578864455223083 10.69782435403382 3.32043194770813 2.451056480407715 0.0 2.531451702385167 0.8645268678665161 0.0
127 0.6578864455223083 10.713878332560157 3.32043194770813 2.451056480407715 0.0 2.5396047493833485 0.888008713722229 0.0
128 0.6578864455223083 10.7072992935373 3.32043194770813 2.451056480407715 0.0 2.5286496254434665 0.8571358323097229 0.0
129 0.6578864455223083 10.7072992935373 3.32043194770813 2.451056480407715 0.0 2.5286496254434665 0.8571358323097229 0.0
130 0.6578864455223083 10.707847525039353 3.32043194770813 2.451056480407715 0.0 2.6100047901031216 0.883660078048706 0.0
131 0.6578864455223083 10.763850615373082 3.32043194770813 2.451056480407715 0.0 2.649271292338039 0.9158669114112854 0.0
132 0.6578864455223083 10.763850615373082 3.32043194770813 2.451056480407715 0.0 2.649271292338039 0.9158669114112854 0.0
133 0.6578864455223083 10.758827667508601 3.32043194770813 2.451056480407715 0.0 2.6518331343139843 0.9072781205177307 0.0
134 0.6578864455223083 10.777914944462182 3.32043194770813 2.451056480407715 0.0 2.6375143704377093 0.9026565551757813 0.0
135 0.6578864455223083 10.760331007674196 3.32043194770813 2.451056480407715 0.0 2.6582659122174284 0.8834396004676819 0.0
136 0.6578864455223083 10.761597777505143 3.32043194770813 2.451056480407715 0.0 2.6666742264570917 0.8862340450286865 0.0
137 0.6578864455223083 10.77879758437196 3.32043194770813 2.451056480407715 0.0 2.668851912548554 0.9116417169570923 0.0
138 0.6578864455223083 10.776035369612968 3.32043194770813 2.451056480407715 0.0 2.6347655406733894 0.8987396955490112 0.0
139 0.6578864455223083 10.776035369612968 3.32043194770813 2.451056480407715 0.0 2.6347655406733894 0.8987396955490112 0.0
140 0.6578864455223083 10.749775020174912 3.32043194770813 2.451056480407715 0.0 2.616746633892648 0.8929063677787781 0.0
141 0.6578864455223083 10.752129003863729 3.32043194770813 2.451056480407715 0.0 2.6406502739459583 0.9028899669647217 0.0
142 0.6578864455223083 10.731500609212556 3.32043194770813 2.451056480407715 0.0 2.5237268509336035 0.8636876940727234 0.0
143 0.6578864455223083 10.7334054021201 3.32043194770813 2.451056480407715 0.0 2.5209653173564086 0.8675169348716736 0.0
144 0.6578864455223083 10.7334054021201 3.32043194770813 2.451056480407715 0.0 2.5209653173564086 0.8675169348716736 0.0
145 0.6578864455223083 10.7334054021201 3.32043194770813 2.451056480407715 0.0 2.5209653173564086 0.8675169348716736 0.0
146 0.6578864455223083 10.7334054021201 3.32043194770813 2.451056480407715 0.0 2.5209653173564086 0.8675169348716736 0.0
147 0.6578864455223083 10.73385696648935 3.32043194770813 2.451056480407715 0.0 2.523329857764944 0.8682758808135986 0.0
148 0.6578864455223083 10.73385696648935 3.32043194770813 2.451056480407715 0.0 2.523329857764944 0.8682758808135986 0.0
149 0.6578864455223083 10.733736789842393 3.32043194770813 2.451056480407715 0.0 2.515730876519532 0.8658369779586792 0.0
150 0.6578864455223083 10.733736789842393 3.32043194770813 2.451056480407715 0.0 2.515730876519532 0.8658369779586792 0.0
151 0.6578864455223083 10.73393884335449 3.32043194770813 2.451056480407715 0.0 2.515833938512226 0.8658700585365295 0.0
152 0.6578864455223083 10.660398674174514 3.32043194770813 2.451056480407715 0.0 2.4498514249279717 0.8141758441925049 0.0
153 0.6578864455223083 10.660398674174514 3.32043194770813 2.451056480407715 0.0 2.4498514249279717 0.8141758441925049 0.0
154 0.6578864455223083 10.66022659124787 3.32043194770813 2.451056480407715 0.0 2.447346828966618 0.8133434057235718 0.0
155 0.6578864455223083 10.658131388187694 3.32043194770813 2.451056480407715 0.0 2.439129038841185 0.8106123805046082 0.0
156 0.6578864455223083 10.66179529350337 3.32043194770813 2.451056480407715 0.0 2.4594315415112558 0.8173596262931824 0.0
157 0.6578864455223083 10.67068853932278 3.32043194770813 2.451056480407715 0.0 2.4361060694276353 0.8296907544136047 0.0
158 0.6578864455223083 10.676853912722931 3.32043194770813 2.451056480407715 0.0 2.4565544380741198 0.8584280014038086 0.0
159 0.6578864455223083 10.676853912722931 3.32043194770813 2.451056480407715 0.0 2.4565544380741198 0.8584280014038086 0.0
160 0.6578864455223083 10.676166972424074 3.32043194770813 2.451056480407715 0.0 2.4580807512407983 0.8569350242614746 0.0
161 0.6578864455223083 10.676087076129338 3.32043194770813 2.451056480407715 0.0 2.457858632444059 0.8568785190582275 0.0
162 0.6578864455223083 10.676087076129338 3.32043194770813 2.451056480407715 0.0 2.457858632444059 0.8568785190582275 0.0
163 0.6578864455223083 10.678130179013818 3.32043194770813 2.451056480407715 0.0 2.461335065928593 0.8649991750717163 0.0
164 0.6578864455223083 10.678223774432652 3.32043194770813 2.451056480407715 0.0 2.461590572025436 0.8650717735290527 0.0
165 0.6578864455223083 10.660763116545015 3.32043194770813 2.451056480407715 0.0 2.4548723857998387 0.8380178213119507 0.0
166 0.6578864455223083 10.677567378541509 3.32043194770813 2.451056480407715 0.0 2.455383208100928 0.8630041480064392 0.0
167 0.6578864455223083 10.700066895449106 3.32043194770813 2.451056480407715 0.0 2.466571495637431 0.8669438362121582 0.0
168 0.6578864455223083 10.700441722879365 3.32043194770813 2.451056480407715 0.0 2.476465744609522 0.8700536489486694 0.0
169 0.6578864455223083 10.700887907285056 3.32043194770813 2.451056480407715 0.0 2.4757058689775118 0.8709650039672852 0.0
170 0.6578864455223083 10.700887907285056 3.32043194770813 2.451056480407715 0.0 2.4757058689775118 0.8709650039672852 0.0
171 0.6578864455223083 10.700887907285056 3.32043194770813 2.451056480407715 0.0 2.4757058689775118 0.8709650039672852 0.0
172 0.6578864455223083 10.691672266292194 3.32043194770813 2.451056480407715 0.0 2.463874573107964 0.8564906120300293 0.0
173 0.6578864455223083 10.691909272191161 3.32043194770813 2.451056480407715 0.0 2.46061342891904 0.8560155630111694 0.0
174 0.6578864455223083 10.691909272191161 3.32043194770813 2.451056480407715 0.0 2.46061342891904 0.8560155630111694 0.0
175 0.6578864455223083 10.698311604848884 3.32043194770813 2.451056480407715 0.0 2.451139648546193 0.8665688037872314 0.0
176 0.6578864455223083 10.679151163448218 3.32043194770813 2.451056480407715 0.0 2.4492955846501983 0.8358396291732788 0.0
177 0.6578864455223083 10.679151163448218 3.32043194770813 2.451056480407715 0.0 2.4492955846501983 0.8358396291732788 0.0
178 0.6578864455223083 10.679151163448218 3.32043194770813 2.451056480407715 0.0 2.4492955846501983 0.8358396291732788 0.0
179 0.6578864455223083 10.679151163448218 3.32043194770813 2.451056480407715 0.0 2.4492955846501983 0.8358396291732788 0.0
180 0.6578864455223083 10.685808604021185 3.32043194770813 2.451056480407715 0.0 2.478093592748787 0.8474640846252441 0.0
181 0.6578864455223083 10.699918834402887 3.32043194770813 2.451056480407715 0.0 2.4740422463024174 0.8688278198242188 0.0
182 0.6578864455223083 10.699918834402887 3.32043194770813 2.451056480407715 0.0 2.4740422463024174 0.8688278198242188 0.0
183 0.6578864455223083 10.699918834402887 3.32043194770813 2.451056480407715 0.0 2.4740422463024174 0.8688278198242188 0.0
184 0.6578864455223083 10.48654816184436 3.32043194770813 2.451056480407715 0.0 2.139355651331587 0.7522928714752197 0.0
185 0.6578864455223083 10.473820544720468 3.32043194770813 2.451056480407715 0.0 2.1295088020292954 0.7327386140823364 0.0
186 0.6578864455223083 10.60242068906856 3.32043194770813 2.451056480407715 0.0 2.322486489551249 0.823036253452301 0.0
187 0.6578864455223083 10.601302446818801 3.32043194770813 2.451056480407715 0.0 2.324749193420345 0.820590615272522 0.0
188 0.6578864455223083 10.601385589247418 3.32043194770813 2.451056480407715 0.0 2.324986987394625 0.8206597566604614 0.0
189 0.6578864455223083 10.601385589247418 3.32043194770813 2.451056480407715 0.0 2.324986987394625 0.8206597566604614 0.0
190 0.6578864455223083 10.62111755422375 3.32043194770813 2.451056480407715 0.0 2.338372578203852 0.8258872032165527 0.0
191 0.6578864455223083 10.615151551172698 3.32043194770813 2.451056480407715 0.0 2.3219135419176755 0.8160889148712158 0.0
192 0.6578864455223083 10.620555405315919 3.32043194770813 2.451056480407715 0.0 2.3397117788708646 0.8246144652366638 0.0
193 0.6578864455223083 10.558976438859906 3.32043194770813 2.451056480407715 0.0 2.2192296573350485 0.7869826555252075 0.0
194 0.6578864455223083 10.543210303051042 3.32043194770813 2.451056480407715 0.0 2.2129763053165075 0.7602590322494507 0.0
195 0.6578864455223083 10.54229755826308 3.32043194770813 2.451056480407715 0.0 2.2469158512810643 0.7711756825447083 0.0
196 0.6578864455223083 10.568611495201882 3.32043194770813 2.451056480407715 0.0 2.2571676779121668 0.7962081432342529 0.0
197 0.6578864455223083 10.53922159308493 3.32043194770813 2.451056480407715 0.0 2.234315923995419 0.7436977624893188 0.0
198 0.6578864455223083 10.538974134029134 3.32043194770813 2.451056480407715 0.0 2.2364502258696306 0.7444059252738953 0.0
199 0.6578864455223083 10.542628057306784 3.32043194770813 2.451056480407715 0.0 2.2565877204439357 0.7510881423950195 0.0
200 0.6578864455223083 10.589275712127348 3.32043194770813 2.451056480407715 0.0 2.326600798705031 0.7743217945098877 0.0
201 0.6578864455223083 10.589275712127348 3.32043194770813 2.451056480407715 0.0 2.326600798705031 0.7743217945098877 0.0
202 0.6578864455223083 10.586172074222024 3.32043194770813 2.451056480407715 0.0 2.3037635115012334 0.790300190448761 0.0
203 0.6578864455223083 10.603450457583136 3.32043194770813 2.451056480407715 0.0 2.3396865091067873 0.8166802525520325 0.0
204 0.6578864455223083 10.589039024438163 3.32043194770813 2.451056480407715 0.0 2.316682299322716 0.7944601774215698 0.0
205 0.6578864455223083 10.59126275443403 3.32043194770813 2.451056480407715 0.0 2.3325946134923727 0.7995861768722534 0.0
206 0.6578864455223083 10.59126275443403 3.32043194770813 2.451056480407715 0.0 2.3325946134923727 0.7995861768722534 0.0
207 0.6578864455223083 10.59126275443403 3.32043194770813 2.451056480407715 0.0 2.3325946134923727 0.7995861768722534 0.0
208 0.6578864455223083 10.617197206409884 3.32043194770813 2.451056480407715 0.0 2.3361404741778133 0.831407904624939 0.0
209 0.6578864455223083 10.597776941462676 3.32043194770813 2.451056480407715 0.0 2.327006940749699 0.7977858781814575 0.0
210 0.6578864455223083 10.597776941462676 3.32043194770813 2.451056480407715 0.0 2.327006940749699 0.7977858781814575 0.0
211 0.6578864455223083 10.594384741311766 3.32043194770813 2.451056480407715 0.0 2.3279225712398324 0.7980808615684509 0.0
212 0.6578864455223083 10.595311447097874 3.32043194770813 2.451056480407715 0.0 2.3107565070403138 0.7925518155097961 0.0
213 0.6578864455223083 10.62837995014845 3.32043194770813 2.451056480407715 0.0 2.3449369529359356 0.8436906337738037 0.0
214 0.6578864455223083 10.629155536813391 3.32043194770813 2.451056480407715 0.0 2.3871038423650264 0.8588950634002686 0.0
215 0.6578864455223083 10.57107472246245 3.32043194770813 2.451056480407715 0.0 2.2390988012108437 0.8136810064315796 0.0
216 0.6578864455223083 10.57110092721117 3.32043194770813 2.451056480407715 0.0 2.2531884828134596 0.8130194544792175 0.0
217 0.6578864455223083 10.560873301321283 3.32043194770813 2.451056480407715 0.0 2.2463803584604527 0.7962812185287476 0.0
218 0.6578864455223083 10.5595943011045 3.32043194770813 2.451056480407715 0.0 2.2610345229114657 0.8008489608764648 0.0
219 0.6578864455223083 10.5595943011045 3.32043194770813 2.451056480407715 0.0 2.2610345229114657 0.8008489608764648 0.0
220 0.6578864455223083 10.559062160268486 3.32043194770813 2.451056480407715 0.0 2.2619586052176537 0.7996973395347595 0.0
221 0.6578864455223083 10.563437940431804 3.32043194770813 2.451056480407715 0.0 2.264391677459452 0.800452470779419 0.0
222 0.6578864455223083 10.56584653467253 3.32043194770813 2.451056480407715 0.0 2.261368685813287 0.7996766567230225 0.0
223 0.6578864455223083 10.5518385147533 3.32043194770813 2.451056480407715 0.0 2.2710883243295212 0.7764210104942322 0.0
224 0.6578864455223083 10.548205089612084 3.32043194770813 2.451056480407715 0.0 2.235899684522506 0.7640804648399353 0.0
225 0.6578864455223083 10.548205089612084 3.32043194770813 2.451056480407715 0.0 2.235899684522506 0.7640804648399353 0.0
226 0.6578864455223083 10.547743847169599 3.32043194770813 2.451056480407715 0.0 2.241405402135825 0.7658599615097046 0.0
227 0.6578864455223083 10.547743847169599 3.32043194770813 2.451056480407715 0.0 2.241405402135825 0.7658599615097046 0.0
228 0.6578864455223083 10.52184409918593 3.32043194770813 2.451056480407715 0.0 2.22701247415038 0.7612083554267883 0.0
229 0.6578864455223083 10.479271900267609 3.32043194770813 2.451056480407715 0.0 2.103183970844374 0.7626548409461975 0.0
230 0.6578864455223083 10.479271900267609 3.32043194770813 2.451056480407715 0.0 2.103183970844374 0.7626548409461975 0.0
231 0.6578864455223083 10.471370797520239 3.32043194770813 2.451056480407715 0.0 2.1111330748990214 0.7511388659477234 0.0
232 0.6578864455223083 10.478931804559188 3.32043194770813 2.451056480407715 0.0 2.0749507140209142 0.7321920394897461 0.0
233 0.6578864455223083 10.312901743466737 3.32043194770813 2.451056480407715 0.0 1.7826002226841806 0.6295170187950134 0.0
234 0.6578864455223083 10.322927877935236 3.32043194770813 2.451056480407715 0.0 1.7959838681257159 0.6351206302642822 0.0
235 0.6578864455223083 10.322213270087172 3.32043194770813 2.451056480407715 0.0 1.797842305864513 0.6331514716148376 0.0
236 0.6578864455223083 10.38593455546193 3.32043194770813 2.451056480407715 0.0 1.891915953736198 0.6627353429794312 0.0
237 0.6578864455223083 10.389766031172709 3.32043194770813 2.451056480407715 0.0 1.885976290194375 0.6720753908157349 0.0
238 0.6578864455223083 10.392102433633996 3.32043194770813 2.451056480407715 0.0 1.8743305918466069 0.6763872504234314 0.0
239 0.6578864455223083 10.38514654865225 3.32043194770813 2.451056480407715 0.0 1.8941803312861556 0.6605673432350159 0.0
240 0.6578864455223083 10.38929939381435 3.32043194770813 2.451056480407715 0.0 1.8642138100624555 0.6562336087226868 0.0
241 0.6578864455223083 10.391321995221753 3.32043194770813 2.451056480407715 0.0 1.8607719041064497 0.6612870693206787 0.0
242 0.6578864455223083 10.391321995221753 3.32043194770813 2.451056480407715 0.0 1.8607719041064497 0.6612870693206787 0.0
243 0.6578864455223083 10.279870848001078 3.32043194770813 2.451056480407715 0.0 1.6689042668708185 0.6020813584327698 0.0
244 0.6578864455223083 10.281141257665428 3.32043194770813 2.451056480407715 0.0 1.6747843064274914 0.5997915267944336 0.0
245 0.6578864455223083 10.28071563553259 3.32043194770813 2.451056480407715 0.0 1.6803475005063748 0.6015076041221619 0.0
246 0.6578864455223083 10.27790576347679 3.32043194770813 2.451056480407715 0.0 1.6814798554524069 0.5924780368804932 0.0
247 0.6578864455223083 10.27790576347679 3.32043194770813 2.451056480407715 0.0 1.6814798554524069 0.5924780368804932 0.0
248 0.6578864455223083 10.320935701743554 3.32043194770813 2.451056480407715 0.0 1.776228962791133 0.622265636920929 0.0
249 0.6578864455223083 10.300138557205432 3.32043194770813 2.451056480407715 0.0 1.7219757536949156 0.6051881909370422 0.0
250 0.6578864455223083 10.356964364607455 3.32043194770813 2.451056480407715 0.0 1.9194865704291242 0.6460226774215698 0.0
251 0.6578864455223083 10.351026809059462 3.32043194770813 2.451056480407715 0.0 1.9068285185476663 0.641869068145752 0.0
252 0.6578864455223083 10.351026809059462 3.32043194770813 2.451056480407715 0.0 1.9068285185476663 0.641869068145752 0.0
253 0.6578864455223083 10.362329967046097 3.32043194770813 2.451056480407715 0.0 1.8602165430782032 0.6696138978004456 0.0
254 0.6578864455223083 10.351957532321016 3.32043194770813 2.451056480407715 0.0 1.9031202288702638 0.6437374949455261 0.0
255 0.6578864455223083 10.35673914291496 3.32043194770813 2.451056480407715 0.0 1.8910892416485312 0.6584964990615845 0.0
256 0.6578864455223083 10.35382251859005 3.32043194770813 2.451056480407715 0.0 1.9031749892686998 0.6499580144882202 0.0
257 0.6578864455223083 10.35382251859005 3.32043194770813 2.451056480407715 0.0 1.9031749892686998 0.6499580144882202 0.0
258 0.6578864455223083 10.35878696255154 3.32043194770813 2.451056480407715 0.0 1.8870089916230173 0.6628472208976746 0.0
259 0.6578864455223083 10.455255502485926 3.32043194770813 2.451056480407715 0.0 2.050565635521602 0.7282323837280273 0.0
260 0.6578864455223083 10.449500648164262 3.32043194770813 2.451056480407715 0.0 2.0470012113506675 0.7140271067619324 0.0
261 0.6578864455223083 10.43179947263211 3.32043194770813 2.451056480407715 0.0 2.0726108675679162 0.7156662344932556 0.0
262 0.6578864455223083 10.44086977548389 3.32043194770813 2.451056480407715 0.0 2.0413329116374603 0.7263936400413513 0.0
263 0.6578864455223083 10.442944992542056 3.32043194770813 2.451056480407715 0.0 2.0517985057966075 0.7218053340911865 0.0
264 0.6578864455223083 10.44517689466839 3.32043194770813 2.451056480407715 0.0 2.077865722699954 0.7226262092590332 0.0
265 0.6578864455223083 10.480051696830623 3.32043194770813 2.451056480407715 0.0 2.0661125477819486 0.7805030941963196 0.0
266 0.6578864455223083 10.480857287318173 3.32043194770813 2.451056480407715 0.0 2.0194356169071743 0.7670207619667053 0.0
267 0.6578864455223083 10.472414099184633 3.32043194770813 2.451056480407715 0.0 2.013792870579141 0.7519190311431885 0.0
268 0.6578864455223083 10.472414099184633 3.32043194770813 2.451056480407715 0.0 2.013792870579141 0.7519190311431885 0.0
269 0.6578864455223083 10.472414099184633 3.32043194770813 2.451056480407715 0.0 2.013792870579141 0.7519190311431885 0.0
270 0.6578864455223083 10.471814121607855 3.32043194770813 2.451056480407715 0.0 2.0147451534097542 0.7505907416343689 0.0
271 0.6578864455223083 10.475192666859792 3.32043194770813 2.451056480407715 0.0 2.0101966625417735 0.7581803798675537 0.0
272 0.6578864455223083 10.46338972097214 3.32043194770813 2.451056480407715 0.0 2.0409880877074733 0.7322415709495544 0.0
273 0.6578864455223083 10.47462856523754 3.32043194770813 2.451056480407715 0.0 1.9983020525191955 0.7106307744979858 0.0
274 0.6578864455223083 10.323846776025864 3.32043194770813 2.451056480407715 0.0 1.8225708804207783 0.6571558713912964 0.0
275 0.6578864455223083 10.329727135430996 3.32043194770813 2.451056480407715 0.0 1.7978794083350196 0.6697800159454346 0.0
276 0.6578864455223083 10.338047443071954 3.32043194770813 2.451056480407715 0.0 1.781762344994459 0.6893599629402161 0.0
277 0.6578864455223083 10.334524834660598 3.32043194770813 2.451056480407715 0.0 1.7734213392092517 0.6869803667068481 0.0
278 0.6578864455223083 10.32421433014615 3.32043194770813 2.451056480407715 0.0 1.8017301050491161 0.6620818972587585 0.0
279 0.6578864455223083 10.324915014140277 3.32043194770813 2.451056480407715 0.0 1.8329699925533685 0.6791298389434814 0.0
280 0.6578864455223083 10.324944634754166 3.32043194770813 2.451056480407715 0.0 1.8328050582676851 0.67922443151474 0.0
281 0.6578864455223083 10.310826296366459 3.32043194770813 2.451056480407715 0.0 1.807442203397756 0.6539623141288757 0.0
282 0.6578864455223083 10.318659268815425 3.32043194770813 2.451056480407715 0.0 1.8140124161341997 0.6187729239463806 0.0
283 0.6578864455223083 10.35269824723716 3.32043194770813 2.451056480407715 0.0 1.8404950871543884 0.6633630394935608 0.0
284 0.6578864455223083 10.353360759501602 3.32043194770813 2.451056480407715 0.0 1.8824602440353588 0.6731365919113159 0.0
285 0.6578864455223083 10.353360759501602 3.32043194770813 2.451056480407715 0.0 1.8824602440353588 0.6731365919113159 0.0
286 0.6578864455223083 10.35379590488888 3.32043194770813 2.451056480407715 0.0 1.8842009199903356 0.6802446246147156 0.0
287 0.6578864455223083 10.35379590488888 3.32043194770813 2.451056480407715 0.0 1.8842009199903356 0.6802446246147156 0.0
288 0.6578864455223083 10.390340918885343 3.32043194770813 2.451056480407715 0.0 1.902768466273582 0.6859292387962341 0.0
289 0.6578864455223083 10.38980404143829 3.32043194770813 2.451056480407715 0.0 1.9017714639074805 0.6850425004959106 0.0
290 0.6578864455223083 10.383296812408165 3.32043194770813 2.451056480407715 0.0 1.9013738877733144 0.6716756224632263 0.0
291 0.6578864455223083 10.383296812408165 3.32043194770813 2.451056480407715 0.0 1.9013738877733144 0.6716756224632263 0.0
292 0.6578864455223083 10.309975495940629 3.32043194770813 2.451056480407715 0.0 1.8367313172420356 0.648236870765686 0.0
293 0.6578864455223083 10.311105975547656 3.32043194770813 2.451056480407715 0.0 1.8344017928461325 0.6511427164077759 0.0
294 0.6578864455223083 10.3107635683093 3.32043194770813 2.451056480407715 0.0 1.815056843978175 0.6500403881072998 0.0
295 0.6578864455223083 10.301440118976334 3.32043194770813 2.451056480407715 0.0 1.8711045431946924 0.6265262365341187 0.0
296 0.6578864455223083 10.318712270076935 3.32043194770813 2.451056480407715 0.0 1.7919810798506732 0.6529350280761719 0.0
297 0.6578864455223083 10.281827929412218 3.32043194770813 2.451056480407715 0.0 1.8436236029777968 0.6480538845062256 0.0
298 0.6578864455223083 10.244760349581624 3.32043194770813 2.451056480407715 0.0 1.8669483965986722 0.6220691204071045 0.0
299 0.6578864455223083 10.249903667629491 3.32043194770813 2.451056480407715 0.0 1.8694522336814694 0.622899055480957 0.0
300 0.6578864455223083 10.266851246138094 3.32043194770813 2.451056480407715 0.0 1.8211627993324866 0.6615719199180603 0.0
301 0.6578864455223083 10.265871313894333 3.32043194770813 2.451056480407715 0.0 1.899887915814011 0.6855888366699219 0.0
302 0.6578864455223083 10.248479088631301 3.32043194770813 2.451056480407715 0.0 1.9433871972115047 0.647409200668335 0.0
303 0.6578864455223083 10.248479088631301 3.32043194770813 2.451056480407715 0.0 1.9433871972115047 0.647409200668335 0.0
304 0.6578864455223083 10.265892729476091 3.32043194770813 2.451056480407715 0.0 1.8938921368831667 0.6836817264556885 0.0
305 0.6578864455223083 10.26398154110798 3.32043194770813 2.451056480407715 0.0 1.9554536981909165 0.7035963535308838 0.0
306 0.6578864455223083 10.254574650801665 3.32043194770813 2.451056480407715 0.0 1.9569309445540521 0.6856524348258972 0.0
307 0.6578864455223083 10.2428691792977 3.32043194770813 2.451056480407715 0.0 1.979209543071095 0.6592862606048584 0.0
308 0.6578864455223083 10.265528416610934 3.32043194770813 2.451056480407715 0.0 1.9484975919288714 0.7008437514305115 0.0
309 0.6578864455223083 10.265528416610934 3.32043194770813 2.451056480407715 0.0 1.9484975919288714 0.7008437514305115 0.0
310 0.6578864455223083 10.257873124804576 3.32043194770813 2.451056480407715 0.0 1.9575894614724463 0.7325268387794495 0.0
311 0.6578864455223083 10.249246904688961 3.32043194770813 2.451056480407715 0.0 1.947029561414343 0.6968942880630493 0.0
312 0.6578864455223083 10.268746792388527 3.32043194770813 2.451056480407715 0.0 1.9152775797407267 0.7385269999504089 0.0
313 0.6578864455223083 10.269006557085687 3.32043194770813 2.451056480407715 0.0 1.9162030410025868 0.7388930916786194 0.0
314 0.6578864455223083 10.250593947001919 3.32043194770813 2.451056480407715 0.0 1.9568471696921395 0.702131986618042 0.0
315 0.6578864455223083 10.24978897968094 3.32043194770813 2.451056480407715 0.0 1.9516378935658036 0.7005287408828735 0.0
316 0.6578864455223083 10.255610042127731 3.32043194770813 2.451056480407715 0.0 1.9248329940228113 0.7158643007278442 0.0
317 0.6578864455223083 10.273390120995767 3.32043194770813 2.451056480407715 0.0 1.9263886505229117 0.716668426990509 0.0
318 0.6578864455223083 10.273390120995767 3.32043194770813 2.451056480407715 0.0 1.9263886505229117 0.716668426990509 0.0
319 0.6578864455223083 10.271828014492963 3.32043194770813 2.451056480407715 0.0 1.9337447388905713 0.7121613621711731 0.0
320 0.6578864455223083 10.271828014492963 3.32043194770813 2.451056480407715 0.0 1.9337447388905713 0.7121613621711731 0.0
321 0.6578864455223083 10.271828014492963 3.32043194770813 2.451056480407715 0.0 1.9337447388905713 0.7121613621711731 0.0
322 0.6578864455223083 10.266427743603055 3.32043194770813 2.451056480407715 0.0 1.9558705218133665 0.7020171880722046 0.0
323 0.6578864455223083 10.267533120770484 3.32043194770813 2.451056480407715 0.0 1.952412661920273 0.7035243511199951 0.0
324 0.6578864455223083 10.265615819322242 3.32043194770813 2.451056480407715 0.0 1.9487395123716247 0.6496965885162354 0.0
325 0.6578864455223083 10.265615819322242 3.32043194770813 2.451056480407715 0.0 1.9487395123716247 0.6496965885162354 0.0
326 0.6578864455223083 10.265615819322242 3.32043194770813 2.451056480407715 0.0 1.9487395123716247 0.6496965885162354 0.0
327 0.6578864455223083 10.37400310331084 3.32043194770813 2.451056480407715 0.0 2.0231639323585786 0.7102489471435547 0.0
328 0.6578864455223083 10.369325990608386 3.32043194770813 2.451056480407715 0.0 2.048709534981596 0.694891631603241 0.0
329 0.6578864455223083 10.376439279906078 3.32043194770813 2.451056480407715 0.0 2.026759180802766 0.7126076817512512 0.0
330 0.6578864455223083 10.370698794194167 3.32043194770813 2.451056480407715 0.0 2.044415364802901 0.6973569989204407 0.0
331 0.6578864455223083 10.370698794194167 3.32043194770813 2.451056480407715 0.0 2.044415364802901 0.6973569989204407 0.0
332 0.6578864455223083 10.37381102078342 3.32043194770813 2.451056480407715 0.0 1.9923725809019879 0.6830341815948486 0.0
333 0.6578864455223083 10.373722370049883 3.32043194770813 2.451056480407715 0.0 1.9631039533814874 0.6736088991165161 0.0
334 0.6578864455223083 10.371850984390928 3.32043194770813 2.451056480407715 0.0 1.9665039215360778 0.6687805652618408 0.0
335 0.6578864455223083 10.365067053796258 3.32043194770813 2.451056480407715 0.0 1.964228183084888 0.6548278331756592 0.0
336 0.6578864455223083 10.369799778729398 3.32043194770813 2.451056480407715 0.0 1.9668284447586006 0.6673654913902283 0.0
337 0.6578864455223083 10.275482766558422 3.32043194770813 2.451056480407715 0.0 1.8092187933864752 0.6161531209945679 0.0
338 0.6578864455223083 10.290584301099711 3.32043194770813 2.451056480407715 0.0 1.782235289898608 0.6513157486915588 0.0
339 0.6578864455223083 10.290584301099711 3.32043194770813 2.451056480407715 0.0 1.782235289898608 0.6513157486915588 0.0
340 0.6578864455223083 10.290584301099711 3.32043194770813 2.451056480407715 0.0 1.782235289898608 0.6513157486915588 0.0
341 0.6578864455223083 10.278436210640121 3.32043194770813 2.451056480407715 0.0 1.7792152078768004 0.6108092665672302 0.0
342 0.6578864455223083 10.321073169640348 3.32043194770813 2.451056480407715 0.0 1.839669208663438 0.667906641960144 0.0
343 0.6578864455223083 10.31743285944493 3.32043194770813 2.451056480407715 0.0 1.8109388481091466 0.6557372212409973 0.0
344 0.6578864455223083 10.31743285944493 3.32043194770813 2.451056480407715 0.0 1.8109388481091466 0.6557372212409973 0.0
345 0.6578864455223083 10.319704504534375 3.32043194770813 2.451056480407715 0.0 1.81572040184797 0.6600581407546997 0.0
346 0.6578864455223083 10.301934939234751 3.32043194770813 2.451056480407715 0.0 1.8545866488951925 0.6185103058815002 0.0
347 0.6578864455223083 10.303086835128044 3.32043194770813 2.451056480407715 0.0 1.8447493395670254 0.6230241656303406 0.0
348 0.6578864455223083 10.316752613052609 3.32043194770813 2.451056480407715 0.0 1.7984956839695425 0.6517432928085327 0.0
349 0.6578864455223083 10.32535559261458 3.32043194770813 2.451056480407715 0.0 1.8017547276144796 0.6572229266166687 0.0
350 0.6578864455223083 10.318951843138995 3.32043194770813 2.451056480407715 0.0 1.8013636659925678 0.6454846262931824 0.0
351 0.6578864455223083 10.320579257066072 3.32043194770813 2.451056480407715 0.0 1.8006016959015843 0.6491315960884094 0.0
352 0.6578864455223083 10.302275129646151 3.32043194770813 2.451056480407715 0.0 1.9040689651084697 0.6348990797996521 0.0
353 0.6578864455223083 10.308247631446653 3.32043194770813 2.451056480407715 0.0 1.8626702258950203 0.6798647046089172 0.0
354 0.6578864455223083 10.308247631446653 3.32043194770813 2.451056480407715 0.0 1.8626702258950203 0.6798647046089172 0.0
355 0.6578864455223083 10.308247631446653 3.32043194770813 2.451056480407715 0.0 1.8626702258950203 0.6798647046089172 0.0
356 0.6578864455223083 10.299194551088577 3.32043194770813 2.451056480407715 0.0 1.8560350738654252 0.6799631714820862 0.0
357 0.6578864455223083 10.303583214473681 3.32043194770813 2.451056480407715 0.0 1.8375177305629888 0.6909103989601135 0.0
358 0.6578864455223083 10.40893685975268 3.32043194770813 2.451056480407715 0.0 2.033251146063904 0.7453889846801758 0.0
359 0.6578864455223083 10.40893685975268 3.32043194770813 2.451056480407715 0.0 2.033251146063904 0.7453889846801758 0.0
360 0.6578864455223083 10.410276347228052 3.32043194770813 2.451056480407715 0.0 2.019148297334863 0.741142749786377 0.0
361 0.6578864455223083 10.401689410671095 3.32043194770813 2.451056480407715 0.0 1.9816602538062733 0.7440763115882874 0.0
362 0.6578864455223083 10.401668190360223 3.32043194770813 2.451056480407715 0.0 1.9561346721377442 0.7365785837173462 0.0
363 0.6578864455223083 10.327780691940859 3.32043194770813 2.451056480407715 0.0 1.842832108051596 0.7035676836967468 0.0
364 0.6578864455223083 10.327946829833312 3.32043194770813 2.451056480407715 0.0 1.840155924891373 0.7027936577796936 0.0
365 0.6578864455223083 10.316123315187697 3.32043194770813 2.451056480407715 0.0 1.8790017701374464 0.6757532954216003 0.0
366 0.6578864455223083 10.28978663446397 3.32043194770813 2.451056480407715 0.0 1.8229059650313355 0.7036139965057373 0.0
367 0.6578864455223083 10.275027009996645 3.32043194770813 2.451056480407715 0.0 1.8633720855075457 0.6712896227836609 0.0
368 0.6578864455223083 10.294119945370277 3.32043194770813 2.451056480407715 0.0 1.8221313426632624 0.7100956439971924 0.0
369 0.6578864455223083 10.294119945370277 3.32043194770813 2.451056480407715 0.0 1.8221313426632624 0.7100956439971924 0.0
370 0.6578864455223083 10.294119945370277 3.32043194770813 2.451056480407715 0.0 1.8221313426632624 0.7100956439971924 0.0
371 0.6578864455223083 10.30469204541769 3.32043194770813 2.451056480407715 0.0 1.8541226782816154 0.7017094492912292 0.0
372 0.6578864455223083 10.308103767932137 3.32043194770813 2.451056480407715 0.0 1.8551345315987695 0.7020546197891235 0.0
373 0.6578864455223083 10.308103767932137 3.32043194770813 2.451056480407715 0.0 1.8551345315987695 0.7020546197891235 0.0
374 0.6578864455223083 10.308103767932137 3.32043194770813 2.451056480407715 0.0 1.8551345315987695 0.7020546197891235 0.0
375 0.6578864455223083 10.314196795502244 3.32043194770813 2.451056480407715 0.0 1.841558914722491 0.714076578617096 0.0
376 0.6578864455223083 10.314196795502244 3.32043194770813 2.451056480407715 0.0 1.841558914722491 0.714076578617096 0.0
377 0.6578864455223083 10.314196795502244 3.32043194770813 2.451056480407715 0.0 1.841558914722491 0.714076578617096 0.0
378 0.6578864455223083 10.314593063715064 3.32043194770813 2.451056480407715 0.0 1.8344654704343393 0.7120571136474609 0.0
379 0.6578864455223083 10.309245481758031 3.32043194770813 2.451056480407715 0.0 1.8824199107262412 0.7119193077087402 0.0
380 0.6578864455223083 10.303935098927962 3.32043194770813 2.451056480407715 0.0 1.9015772584769797 0.6983541250228882 0.0
381 0.6578864455223083 10.305113774271422 3.32043194770813 2.451056480407715 0.0 1.934759814760198 0.6942165493965149 0.0
382 0.6578864455223083 10.305023429272488 3.32043194770813 2.451056480407715 0.0 1.9594948614069259 0.7018371820449829 0.0
383 0.6578864455223083 10.308960104821162 3.32043194770813 2.451056480407715 0.0 1.9538133710623748 0.7089877128601074 0.0
384 0.6578864455223083 10.308957066646771 3.32043194770813 2.451056480407715 0.0 1.9049197486931417 0.6941366195678711 0.0
385 0.6578864455223083 10.306939488048231 3.32043194770813 2.451056480407715 0.0 1.9134422217112854 0.6905139088630676 0.0
386 0.6578864455223083 10.325442977173 3.32043194770813 2.451056480407715 0.0 1.8830830324902479 0.7283625602722168 0.0
387 0.6578864455223083 10.325442977173 3.32043194770813 2.451056480407715 0.0 1.8830830324902479 0.7283625602722168 0.0
388 0.6578864455223083 10.228764008546694 3.32043194770813 2.451056480407715 0.0 1.7492722769282112 0.6905280947685242 0.0
389 0.6578864455223083 10.21434633218372 3.32043194770813 2.451056480407715 0.0 1.766917872834372 0.6582844853401184 0.0
390 0.6578864455223083 10.221653662650839 3.32043194770813 2.451056480407715 0.0 1.743238699763143 0.6877350211143494 0.0
391 0.6578864455223083 10.206273121501944 3.32043194770813 2.451056480407715 0.0 1.7541479802738185 0.6520909667015076 0.0
392 0.6578864455223083 10.215584306747889 3.32043194770813 2.451056480407715 0.0 1.7745409319042464 0.6581568717956543 0.0
393 0.6578864455223083 10.215584306747889 3.32043194770813 2.451056480407715 0.0 1.7745409319042464 0.6581568717956543 0.0
394 0.6578864455223083 10.207694409231404 3.32043194770813 2.451056480407715 0.0 1.7570953880934617 0.6529667973518372 0.0
395 0.6578864455223083 10.207150685054907 3.32043194770813 2.451056480407715 0.0 1.7591866654021926 0.6519963145256042 0.0
396 0.6578864455223083 10.20924643925843 3.32043194770813 2.451056480407715 0.0 1.7510547948643653 0.6559664607048035 0.0
397 0.6578864455223083 10.209737609023277 3.32043194770813 2.451056480407715 0.0 1.7499368640355464 0.658821165561676 0.0
398 0.6578864455223083 10.209737609023277 3.32043194770813 2.451056480407715 0.0 1.7499368640355464 0.658821165561676 0.0
399 0.6578864455223083 10.209737609023277 3.32043194770813 2.451056480407715 0.0 1.7499368640355464 0.658821165561676 0.0
400 0.6578864455223083 10.2090310175895 3.32043194770813 2.451056480407715 0.0 1.7380991767345688 0.6509087085723877 0.0
