init 0.9226958155632019 1.7447400668707613 3.256176471710205 2.2111237049102783 0.0 0.0 0.0 0.0
1 1.012794017791748 1.9913887068556049 3.291518449783325 2.237269878387451 0.30968043208122253 1.1124661041492683 0.45363378524780273 0.19404616951942444
2 1.0689756870269775 1.964123163906143 3.2682201862335205 2.287409782409668 0.4621751010417938 1.083077282896477 0.5806313157081604 0.5105432868003845
3 1.0674892663955688 1.9594035399657463 3.270721435546875 2.24394154548645 0.4602741003036499 1.0804687105994286 0.5947161316871643 0.6502164006233215
4 1.050002098083496 2.05656278785572 3.261965274810791 2.2799525260925293 0.5055004954338074 1.4772623071515643 0.7739011645317078 0.7047377228736877
5 1.036151647567749 2.098773163329463 3.2605440616607666 2.205603837966919 0.45036545395851135 1.5340460956746154 0.7428666353225708 0.8054257035255432
6 1.0376718044281006 2.20075706214769 3.2499308586120605 2.189955234527588 0.4453567564487457 1.938175883071117 0.8038697242736816 0.7894716262817383
7 1.0193796157836914 2.1932758278682187 3.2414369583129883 2.1762354373931885 0.41503772139549255 1.9641720978568404 0.8116679191589355 0.7839417457580566
8 1.0313042402267456 2.1833146522799476 3.2389755249023438 2.1736631393432617 0.4155391454696655 1.9685586477116686 0.8266119360923767 0.7753390669822693
9 1.0338164567947388 2.136994382733861 3.2349693775177 2.164613962173462 0.4109499156475067 1.9947968671341816 0.8306748867034912 0.774776816368103
10 1.0188333988189697 2.10984589997065 3.233257532119751 2.195751667022705 0.3919178545475006 1.9505192606582062 0.9296784400939941 0.8206987380981445
11 1.0170879364013672 2.084541237770187 3.2314562797546387 2.1956064701080322 0.3882277309894562 1.9261124096725346 1.0416630506515503 0.820660412311554
12 1.0050562620162964 2.0668074873219626 3.2319719791412354 2.1931076049804688 0.36664414405822754 1.9076761698554783 1.0344239473342896 0.8137001991271973
13 1.027119755744934 2.0554534714178634 3.2347323894500732 2.1975202560424805 0.40016716718673706 1.8897993565496194 1.0423693656921387 0.824522852897644
14 1.0269883871078491 2.0589341332933104 3.234118700027466 2.194870710372925 0.3874911367893219 1.8932069976687769 1.0526353120803833 0.8211575746536255
15 1.0186291933059692 2.0550974185952886 3.233072280883789 2.217506170272827 0.37456807494163513 1.8902454991764353 1.0607736110687256 0.8375206589698792
16 0.985249400138855 2.002620940601783 3.2347640991210938 2.209920644760132 0.3482617139816284 1.834719208584215 1.0660501718521118 0.8363056182861328
17 0.9822836518287659 1.9978403335377126 3.237403154373169 2.2107136249542236 0.35701772570610046 1.815322978554915 1.0594375133514404 0.8517076373100281
18 1.000473976135254 1.955204999324983 3.232083559036255 2.267651319503784 0.37341514229774475 1.7791173062871513 1.1210533380508423 0.9228624105453491
19 1.000638484954834 2.0867026061643528 3.227501630783081 2.2702696323394775 0.37661007046699524 2.0166532190503257 1.1654478311538696 0.9219675064086914
20 1.000638484954834 2.0255558587540343 3.2274882793426514 2.2702696323394775 0.37661007046699524 1.9342133698428403 1.1545820236206055 0.9219675064086914
21 0.9979543685913086 1.9938569174102556 3.227957248687744 2.2707226276397705 0.37669986486434937 1.8788525627125177 1.158476710319519 0.9243047833442688
22 1.000484585762024 1.9905311633833522 3.227851629257202 2.2659926414489746 0.3794691562652588 1.8673121405157425 1.1563606262207031 0.9100209474563599
23 1.0002235174179077 1.9895363105792672 3.228433132171631 2.265803813934326 0.3791778087615967 1.87036092722971 1.1852518320083618 0.9099339842796326
24 0.9882528185844421 1.9956155214509983 3.2282423973083496 2.2582859992980957 0.36128056049346924 1.867014747237411 1.1826318502426147 0.894006073474884
25 0.9720951914787292 1.9835386379670885 3.227231740951538 2.256500482559204 0.3545997440814972 1.8561324602528204 1.1741082668304443 0.8896226286888123
26 0.972273051738739 1.9831995243754161 3.2282216548919678 2.2575900554656982 0.3552326560020447 1.8652793667638208 1.1705671548843384 0.889717161655426
27 0.9722744822502136 1.9831986667571122 3.228332996368408 2.257591485977173 0.3552336096763611 1.865277244939335 1.170704960823059 0.8897169828414917
28 0.9723030924797058 1.9832056481408353 3.2284507751464844 2.257566452026367 0.35557493567466736 1.8652007557830448 1.158502221107483 0.8897786736488342
29 0.9708898663520813 1.978185898496789 3.23061466217041 2.2581143379211426 0.3545260429382324 1.8580291824954505 1.1754136085510254 0.8883935213088989
30 0.978155255317688 1.9777973417900951 3.230001449584961 2.2568931579589844 0.36090099811553955 1.8596976628322548 1.17190420627594 0.895136296749115
31 0.987048864364624 1.975073809246255 3.2298665046691895 2.25712251663208 0.3700973093509674 1.8621741445711968 1.1723954677581787 0.8964297771453857
32 0.987048864364624 1.975073809246255 3.2315337657928467 2.260486125946045 0.3700973093509674 1.8621741445711968 1.1754730939865112 0.8473331332206726
33 0.9869157671928406 1.9751307509630593 3.231766939163208 2.2606163024902344 0.3703306317329407 1.862044959642638 1.1545127630233765 0.8477590084075928
34 0.9866186380386353 1.9743939620687811 3.2317557334899902 2.2605245113372803 0.3688494861125946 1.861270202299678 1.1547060012817383 0.8482471704483032
35 0.9845936298370361 1.929787140060272 3.2348999977111816 2.26332950592041 0.3707771897315979 1.8281383620482194 1.1504513025283813 0.8463691473007202
36 0.9737355709075928 1.9136535459556907 3.232083559036255 2.2621073722839355 0.3606764078140259 1.7794362264035046 1.15529203414917 0.8434118628501892
37 0.9761057496070862 1.908934339114819 3.2378947734832764 2.2479662895202637 0.3676811456680298 1.7757426900845548 1.17960786819458 0.8545759320259094
38 0.9767314791679382 1.9116282880529984 3.2376420497894287 2.247148036956787 0.36804720759391785 1.7779213324881906 1.1791131496429443 0.8526844382286072
39 0.9772540926933289 1.9016218833314122 3.2389519214630127 2.2935843467712402 0.3713608980178833 1.7705836651961504 1.2014596462249756 0.990792989730835
40 0.9781854748725891 1.9022333402410576 3.2373886108398438 2.2935454845428467 0.3733384609222412 1.7718540856848455 1.2024562358856201 0.9903028011322021
41 0.9781852960586548 1.9021606097416743 3.2374837398529053 2.293567180633545 0.3733658194541931 1.7717611305892915 1.2003549337387085 0.9903175234794617
42 0.9511631727218628 1.9057539293828074 3.238039970397949 2.283430337905884 0.33754512667655945 1.7752384829481793 1.1955136060714722 0.9701438546180725
43 0.9501566290855408 1.9056954589875108 3.2382636070251465 2.285968780517578 0.343380868434906 1.7753345294347955 1.1986503601074219 0.9721524715423584
44 0.949600875377655 1.9059545826393358 3.238929510116577 2.2855384349823 0.3398553431034088 1.7764923250900848 1.1984195709228516 0.9712584018707275
45 0.9499140381813049 1.9070595839077271 3.238731861114502 2.285780191421509 0.34038740396499634 1.777773647628239 1.1984333992004395 0.9711064696311951
46 0.9498720169067383 1.9018158075357217 3.240985870361328 2.2869479656219482 0.34334734082221985 1.7743384266675644 1.1890594959259033 0.9765159487724304
47 0.9666345119476318 1.894995989210663 3.241184711456299 2.2855331897735596 0.3537063002586365 1.7597344296078181 1.1781104803085327 0.9758548736572266
48 0.9661949276924133 1.8964970579498042 3.2394168376922607 2.2807257175445557 0.3549444079399109 1.7562133683902221 1.1786096096038818 0.9707333445549011
49 0.9663950800895691 1.8976017808281893 3.238736152648926 2.239464044570923 0.3566250205039978 1.7671149789099805 1.1690903902053833 0.8425386548042297
50 0.9618310928344727 1.8978300637362022 3.236757278442383 2.2452328205108643 0.3642283082008362 1.757984514181776 1.1796772480010986 0.8508622050285339
51 0.9836255311965942 1.9023887393900856 3.2367935180664063 2.239520788192749 0.3820716142654419 1.761366609335884 1.1820805072784424 0.8644657135009766
52 0.9852545857429504 1.916706530434113 3.244377374649048 2.2447423934936523 0.3773968815803528 1.7779786301159437 1.1683204174041748 0.867586612701416
53 0.9840936064720154 1.9146692681051052 3.245041608810425 2.24434757232666 0.3767726719379425 1.7763889187127786 1.1563020944595337 0.8671388626098633
54 0.9897530674934387 1.9253129670723435 3.2410552501678467 2.2392659187316895 0.37247899174690247 1.7850962153929362 1.1636461019515991 0.8614490628242493
55 0.989703893661499 1.9261663376585285 3.2415478229522705 2.2407031059265137 0.37580251693725586 1.7886895725746794 1.1876481771469116 0.8649110794067383
56 0.9843615889549255 1.929053507568784 3.2430832386016846 2.2402985095977783 0.37465760111808777 1.7896429175315018 1.1803209781646729 0.8584818243980408
57 0.9853494763374329 1.93226009935542 3.2432401180267334 2.235100507736206 0.37608230113983154 1.79586962931153 1.1808313131332397 0.8626496195793152
58 0.98143470287323 1.9363215755267662 3.2440412044525146 2.2344539165496826 0.37103116512298584 1.8122339253090622 1.1588793992996216 0.8550206422805786
59 0.980343759059906 1.936751005900499 3.243879795074463 2.2341980934143066 0.3653124272823334 1.808882245200028 1.1578682661056519 0.8549714684486389
60 0.9794626832008362 1.9366420208870363 3.247617244720459 2.2341361045837402 0.36386796832084656 1.8087857628472988 1.1462416648864746 0.8549774289131165
61 0.9825800061225891 1.9684069956633385 3.2489447593688965 2.2338857650756836 0.37213215231895447 1.8568955019733577 1.1574078798294067 0.8531246185302734
62 0.9818577766418457 2.0004394079985683 3.246800422668457 2.235751152038574 0.3643245995044708 1.8597603537215273 1.1536695957183838 0.8538504242897034
63 0.9818577766418457 2.0004394079985683 3.246532440185547 2.235751152038574 0.3643245995044708 1.8597603537215273 1.1539283990859985 0.8538504242897034
64 0.9811639189720154 1.9987012734501137 3.246441602706909 2.2347869873046875 0.36424362659454346 1.8589925088783106 1.1529874801635742 0.8523252010345459
65 0.9757296442985535 1.9914927104329063 3.242459535598755 2.2370378971099854 0.3693188726902008 1.849775782505403 1.1590206623077393 0.8565167188644409
66 0.9756047129631042 1.9912723751084713 3.2422752380371094 2.2368969917297363 0.3700476288795471 1.8493667111505947 1.1599531173706055 0.8562185168266296
67 0.9764510989189148 1.9759675605806317 3.2429938316345215 2.2288644313812256 0.36083757877349854 1.8313652137350578 1.1544967889785767 0.897520899772644
68 0.9767706394195557 1.9488531812347845 3.2413458824157715 2.241868495941162 0.35929960012435913 1.7912018539776986 1.1542348861694336 0.906618595123291
69 0.9763880968093872 1.9482100414246588 3.2412898540496826 2.241227149963379 0.3581693172454834 1.7892535598604342 1.1383720636367798 0.9063141345977783
70 0.9779310822486877 1.9482636004835696 3.2410712242126465 2.241288423538208 0.36104464530944824 1.7897427421405232 1.1462287902832031 0.9065740704536438
71 0.9796107411384583 1.951573598404888 3.2411065101623535 2.243535041809082 0.36366572976112366 1.7894848400939216 1.1456356048583984 0.9022202491760254
72 0.9812967777252197 1.9503002708367003 3.246912956237793 2.2445218563079834 0.37180855870246887 1.787933571898314 1.1637645959854126 0.9032377004623413
73 0.9861679077148438 1.9460955983429773 3.2499585151672363 2.2449724674224854 0.3776155412197113 1.7819823974820135 1.1649888753890991 0.9074093103408813
74 0.9872526526451111 1.9428259340546936 3.251131057739258 2.245394706726074 0.3850436806678772 1.7734740369843058 1.187337040901184 0.9079301953315735
75 0.9894828796386719 1.9573016945530486 3.2449610233306885 2.2413463592529297 0.37821561098098755 1.7991678371719761 1.2015888690948486 0.905371904373169
76 0.9924001693725586 1.9759716849536082 3.2423036098480225 2.242738723754883 0.378867506980896 1.8211914769847564 1.2004154920578003 0.9071379899978638
77 0.984336256980896 1.9721325836316594 3.2427916526794434 2.241250514984131 0.3646458387374878 1.8132512118784545 1.1825922727584839 0.9049240946769714
78 0.9833928346633911 1.9792651992057053 3.2421600818634033 2.2383387088775635 0.3577714264392853 1.8283186463353032 1.1786006689071655 0.9015375375747681
79 0.9838524460792542 1.9592171962888658 3.243466377258301 2.2384867668151855 0.3600098490715027 1.7955867179995588 1.1776769161224365 0.9013450145721436
80 0.9871635437011719 1.959456695964522 3.241225242614746 2.2312843799591064 0.3552686870098114 1.7949087612725363 1.1641877889633179 0.8949330449104309
81 0.9846498370170593 1.9542782291427958 3.241774797439575 2.2345869541168213 0.35885924100875854 1.7979546549839758 1.1812554597854614 0.8984543681144714
82 0.9773931503295898 1.9504378299969716 3.2423179149627686 2.224674940109253 0.3483162522315979 1.7675787175240143 1.177667260169983 0.8817501068115234
83 0.9750612378120422 1.952608382935111 3.241791248321533 2.2250428199768066 0.34402987360954285 1.7791030849546376 1.1798601150512695 0.8825645446777344
84 0.9745901226997375 1.9523432356537054 3.2470574378967285 2.22505259513855 0.3434543013572693 1.7789787729646431 1.1666197776794434 0.8823582530021667
85 0.9759384393692017 1.9595898249009087 3.2483150959014893 2.2255373001098633 0.34472161531448364 1.7531731206045846 1.1635416746139526 0.8828970789909363
86 0.9781229496002197 1.951511656317544 3.248497724533081 2.225360631942749 0.3474736511707306 1.7329000711005114 1.1458274126052856 0.881930947303772
87 0.9773457646369934 1.9471141603099837 3.251676559448242 2.223045825958252 0.37008658051490784 1.7214195042065126 1.1528218984603882 0.8853182792663574
88 0.9837674498558044 1.9522628151942187 3.2523436546325684 2.2289507389068604 0.3874824047088623 1.7275994743968193 1.1554392576217651 0.8968408107757568
89 0.9919348359107971 1.9523104477647262 3.2524960041046143 2.229316473007202 0.38917726278305054 1.7285328693430773 1.1551165580749512 0.8959148526191711
90 0.9896277189254761 1.958125732095691 3.2425429821014404 2.182882070541382 0.3791710436344147 1.7244622397365 1.1975593566894531 0.9660727381706238
91 0.9894181489944458 1.9578519863703199 3.242544174194336 2.182934284210205 0.3787902295589447 1.7316775199646772 1.1928945779800415 0.9660698175430298
92 0.9897740483283997 1.9594443640582506 3.2440316677093506 2.189577102661133 0.3740841746330261 1.7540696613502371 1.1933494806289673 0.9726778268814087
93 0.9897740483283997 1.9579160234782347 3.2441742420196533 2.189577102661133 0.3740841746330261 1.7430727759936615 1.1690809726715088 0.9726778268814087
94 0.9895733594894409 1.958401002470623 3.243420124053955 2.1876487731933594 0.36961638927459717 1.7565663707930943 1.1876153945922852 0.9719788432121277
95 0.9894421100616455 1.9584271289297308 3.2433922290802 2.187631130218506 0.369964599609375 1.7565046615448545 1.1876230239868164 0.9720696210861206
96 0.9879873394966125 1.9572097727674227 3.2347140312194824 2.1536672115325928 0.36512210965156555 1.7553871105027907 1.2099661827087402 1.0738661289215088
97 0.9883908629417419 1.9576303010385718 3.234225273132324 2.1536707878112793 0.36284756660461426 1.7565031039957375 1.2096463441848755 1.0735961198806763
98 0.9883026480674744 1.957649376808255 3.2339847087860107 2.153683662414551 0.36273112893104553 1.7565401478097131 1.2083247900009155 1.0736000537872314
99 0.9868401885032654 1.9703251142943816 3.2330591678619385 2.1521480083465576 0.3573836088180542 1.7709675243140524 1.2076854705810547 1.0698837041854858
100 0.9872481822967529 1.9684193333390512 3.231773853302002 2.1513876914978027 0.3623969554901123 1.7559580644165078 1.1823902130126953 1.0697441101074219
101 0.9873554706573486 1.9685212451264182 3.231774091720581 2.151411771774292 0.3625403344631195 1.7558926967234874 1.1823891401290894 1.0697410106658936
102 0.9999784231185913 1.9820010444129346 3.2322661876678467 2.1508004665374756 0.3794163465499878 1.7782163290735618 1.1853814125061035 1.071416974067688
103 0.9995411038398743 1.9847819752107236 3.233295202255249 2.1672675609588623 0.38383767008781433 1.7808007140613444 1.1858845949172974 1.0050870180130005
104 0.9972161054611206 1.9886140126841465 3.2316558361053467 2.1678993701934814 0.38279372453689575 1.7792692105441172 1.1891448497772217 1.005713701248169
105 0.9968562722206116 1.988758132145894 3.2319250106811523 2.164600133895874 0.38282519578933716 1.779489742582175 1.1917600631713867 1.0080221891403198
106 1.0021045207977295 1.989341240857659 3.232755184173584 2.16660737991333 0.38765162229537964 1.7812185541997083 1.198099136352539 1.0023952722549438
107 1.0021369457244873 1.9897464024304992 3.2318062782287598 2.1665263175964355 0.38730940222740173 1.7766001344170779 1.2067553997039795 1.0004498958587646
108 1.0026565790176392 1.9906107711719656 3.231801748275757 2.166025161743164 0.38672780990600586 1.7780673715817086 1.2001404762268066 0.9997907876968384
109 1.0029345750808716 1.9623475480158525 3.231943130493164 2.166048765182495 0.3867126703262329 1.7469862059103498 1.1971747875213623 0.9997850656509399
110 1.0023574829101563 1.9616184563366852 3.2321836948394775 2.165370225906372 0.38683268427848816 1.746331445685176 1.1967921257019043 0.9976520538330078
111 1.0030248165130615 1.9608385573072036 3.232217311859131 2.1732189655303955 0.38825783133506775 1.746553566955472 1.1889431476593018 0.9819568991661072
112 1.003371238708496 1.9567343392255327 3.23225736618042 2.172070026397705 0.38443416357040405 1.7426379364884463 1.1844048500061035 0.980696439743042
113 1.0043405294418335 1.960497928729683 3.2322840690612793 2.1722238063812256 0.38789695501327515 1.7482777644948946 1.182930827140808 0.9822068810462952
114 1.0026601552963257 1.9579116930751663 3.227053642272949 2.1751739978790283 0.3866730332374573 1.7463037050429544 1.1893454790115356 0.9858308434486389
115 1.0020678043365479 1.957740224694871 3.2273752689361572 2.173754930496216 0.38114508986473083 1.7465514461422804 1.188099980354309 0.9821807742118835
116 1.00022554397583 1.9583522175867247 3.232360363006592 2.17940092086792 0.38155773282051086 1.7439403802414881 1.1855618953704834 0.982697606086731
117 0.9998372197151184 1.9669855928751059 3.2301137447357178 2.1611180305480957 0.37497222423553467 1.7723538363370193 1.183911681175232 1.0492517948150635
118 0.9661826491355896 1.94570410299876 3.2310001850128174 2.1530187129974365 0.3459959030151367 1.7578046958538702 1.18791663646698 1.0452523231506348
119 0.9649680852890015 1.9454787546840904 3.2312355041503906 2.1554505825042725 0.3423460125923157 1.756941091880051 1.1860406398773193 1.0395948886871338
120 0.9647854566574097 1.9251403166581988 3.231489896774292 2.1554603576660156 0.3420553207397461 1.744567335724842 1.1809462308883667 1.0395251512527466
121 0.9447944760322571 1.9248243419157043 3.233050584793091 2.154468297958374 0.318682998418808 1.7490685525920742 1.1838338375091553 1.036671757698059
122 0.9540325999259949 1.9262339707863418 3.231623411178589 2.171224594116211 0.3079911768436432 1.7506744848078943 1.1781893968582153 1.0018751621246338
123 0.9540325403213501 1.9514475042758153 3.231623411178589 2.171224594116211 0.3079911768436432 1.7789323770338004 1.1825076341629028 1.0018751621246338
124 0.9522649049758911 1.951338786178127 3.231680154800415 2.171170473098755 0.307265043258667 1.7637478956622004 1.1800000667572021 1.000757098197937
125 0.9522649049758911 1.950375348540546 3.231706380844116 2.168602466583252 0.307265043258667 1.7594236140969095 1.179072380065918 0.996222198009491
126 0.9522649049758911 1.950375348540546 3.2323763370513916 2.168826103210449 0.307265043258667 1.7594236140969095 1.176364541053772 0.9965739250183105
127 0.9520466923713684 1.9504728947583443 3.2324376106262207 2.1689186096191406 0.3068265914916992 1.759620053105495 1.177600622177124 0.9965590834617615
128 0.9629315733909607 1.9506400941058217 3.232729911804199 2.168034553527832 0.3356771469116211 1.7523195263706886 1.1704280376434326 1.0014750957489014
129 0.9629315733909607 1.9534219471363958 3.2327041625976563 2.16898250579834 0.3356771469116211 1.7501547834651907 1.1914937496185303 1.002184510231018
130 0.9628146886825562 1.953029223857002 3.232238531112671 2.1708266735076904 0.3361218273639679 1.7500967945657795 1.1997172832489014 1.0042283535003662
131 0.9625466465950012 1.9525732228668573 3.2314553260803223 2.1711974143981934 0.33270198106765747 1.749673013195408 1.2011662721633911 1.0050495862960815
132 0.9626076817512512 1.9525797236686337 3.231154680252075 2.17120099067688 0.33268290758132935 1.7496650679216512 1.2046895027160645 1.0050429105758667
133 0.9688852429389954 1.9530612902489535 3.2336363792419434 2.1728274822235107 0.334259957075119 1.7488398318978506 1.203670620918274 1.0055903196334839
134 0.9689651131629944 1.9483859871413292 3.2340006828308105 2.172938823699951 0.33437708020210266 1.739956946656677 1.204057216644287 1.0058194398880005
135 0.9685792922973633 1.9463250014442457 3.2349252700805664 2.1720023155212402 0.3349780738353729 1.7380926293854024 1.2031737565994263 1.0060648918151855
136 0.9594207406044006 1.9425448221643287 3.235792398452759 2.1758222579956055 0.3357471823692322 1.7373038006308923 1.2007027864456177 1.0076367855072021
137 0.9336788058280945 1.93350771299192 3.2380428314208984 2.1770737171173096 0.31355059146881104 1.7353560449901444 1.202358365058899 1.0059664249420166
138 0.9338080286979675 1.9334753709409505 3.2370188236236572 2.1769466400146484 0.3139791786670685 1.734910951315113 1.2000281810760498 1.0058190822601318
139 0.9344321489334106 1.9261191161754436 3.2347571849823 2.1749250888824463 0.3185098469257355 1.7240767141901374 1.1998770236968994 1.0059815645217896
140 0.9344321489334106 1.9261191161754436 3.235731840133667 2.1749250888824463 0.3185098469257355 1.7240767141901374 1.1985374689102173 1.0059815645217896
141 0.9373724460601807 1.931144022178908 3.235685110092163 2.1781184673309326 0.32721853256225586 1.729644921753675 1.198191523551941 1.0091501474380493
142 0.9373568296432495 1.9313381640084977 3.2356667518615723 2.178086757659912 0.3266928791999817 1.7298788828960983 1.1982706785202026 1.0092395544052124
143 0.936575710773468 1.9311486564571112 3.23535418510437 2.1780056953430176 0.3270067870616913 1.7289337192802166 1.1927155256271362 1.0093607902526855
144 0.9376466870307922 1.9281338208809393 3.234973907470703 2.1761302947998047 0.3409137725830078 1.7273889305350598 1.2292993068695068 1.0127089023590088
145 0.9375556707382202 1.9288510114728166 3.2355539798736572 2.1759397983551025 0.3379260003566742 1.718377748488442 1.2073237895965576 1.0123560428619385
146 0.9391158819198608 1.9295931361935281 3.2358033657073975 2.173734664916992 0.33113008737564087 1.7173277327183791 1.2264182567596436 1.0107324123382568
147 0.9390666484832764 1.928841841796714 3.225419282913208 2.1743414402008057 0.33013004064559937 1.7168614210440554 1.2642807960510254 1.010892629623413
148 0.9383480548858643 1.9294069494704627 3.222783327102661 2.1741890907287598 0.3324820399284363 1.7269923727578138 1.2446205615997314 1.0121371746063232
149 0.9375489354133606 1.9288308569697428 3.221860408782959 2.175466299057007 0.3330673277378082 1.727139542074841 1.2440043687820435 0.9988612532615662
150 0.9392816424369812 1.9337768370935324 3.222557783126831 2.1828014850616455 0.3304908275604248 1.7338228233507162 1.2439719438552856 0.9848778247833252
151 0.9463925361633301 1.9140681229077368 3.2222957611083984 2.1821212768554688 0.33371618390083313 1.7374730522448132 1.2438838481903076 0.9830771684646606
152 0.9417724013328552 1.9105714325601848 3.2218410968780518 2.1783106327056885 0.3211785852909088 1.7235601965836946 1.2571401596069336 0.9815565347671509
153 0.949826180934906 1.917385251007313 3.220872640609741 2.180081605911255 0.31601202487945557 1.7330987325571112 1.2542369365692139 0.9842859506607056
154 0.9518048763275146 1.9212714742246078 3.2221152782440186 2.174532651901245 0.3153812289237976 1.7487224672099164 1.2423596382141113 0.9825809001922607
155 0.9490044713020325 1.9219451707403477 3.219902515411377 2.1750199794769287 0.3120654225349426 1.7370811325431514 1.2627969980239868 0.9825952649116516
156 0.9443776607513428 1.934926515818715 3.2198092937469482 2.1742892265319824 0.30505186319351196 1.7670546661786954 1.2583808898925781 0.9849196672439575
157 0.9440737366676331 1.9428265943297087 3.219616413116455 2.1782631874084473 0.31252723932266235 1.745964529499684 1.2583210468292236 0.9896485209465027
158 0.9440737366676331 1.938979066320902 3.2208333015441895 2.165634870529175 0.31252723932266235 1.7618980443607277 1.2377519607543945 0.9837233424186707
159 0.9525067806243896 1.9359297087718261 3.227992534637451 2.165374279022217 0.3189879059791565 1.7645697376891343 1.2286447286605835 0.9837577939033508
160 0.9427469968795776 1.9328969896438846 3.234525203704834 2.223259687423706 0.30972588062286377 1.7628929420348352 1.2026774883270264 0.9448354244232178
161 0.9427469968795776 1.9328969896438846 3.234525203704834 2.223259687423706 0.30972588062286377 1.7628929420348352 1.2026774883270264 0.9448354244232178
162 0.9427469968795776 1.9286274299666826 3.234525203704834 2.223259687423706 0.30972588062286377 1.759326578223832 1.2022731304168701 0.9448354244232178
163 0.944374680519104 1.9416968879601688 3.2333829402923584 2.225553035736084 0.30671921372413635 1.7709188422403337 1.1987600326538086 0.9425981044769287
164 0.9432658553123474 1.9339884145807704 3.233125925064087 2.2292320728302 0.3143293857574463 1.76665917605634 1.199886441230774 0.9491825103759766
165 0.9444366693496704 1.9390070131722155 3.2328994274139404 2.225801467895508 0.3082491457462311 1.7733513682244166 1.2258235216140747 0.944442868232727
166 0.9451082348823547 1.9377686527021256 3.2356345653533936 2.22605562210083 0.30899012088775635 1.7848181184166343 1.186935544013977 0.9444856643676758
167 0.9451002478599548 1.9377416170790462 3.2356374263763428 2.226053237915039 0.3090156614780426 1.784811313844797 1.1869544982910156 0.9445001482963562
168 0.9426096677780151 1.9374469645610422 3.233417272567749 2.225062131881714 0.3092290461063385 1.787210203380416 1.1657668352127075 0.9440817832946777
169 0.9433450698852539 1.9364086630423842 3.233271598815918 2.2248687744140625 0.3115822970867157 1.7812347127572232 1.166169285774231 0.9439212083816528
170 0.9433450698852539 1.913595981138033 3.231189012527466 2.2248687744140625 0.3115822970867157 1.745024998320031 1.199244499206543 0.9439212083816528
171 0.9436665773391724 1.9138981968381796 3.230772018432617 2.223021984100342 0.3100723624229431 1.7455209178852054 1.1979498863220215 0.94600909948349
172 0.9374890923500061 1.9130964280723852 3.2321698665618896 2.2189671993255615 0.3123667240142822 1.7472911289319337 1.2096683979034424 0.9451385736465454
173 0.9374890923500061 1.9130964280723852 3.2317659854888916 2.2189671993255615 0.3123667240142822 1.7472911289319337 1.2218098640441895 0.9451385736465454
174 0.9370304942131042 1.912712794442923 3.2309014797210693 2.217820405960083 0.3122882843017578 1.7468221176852816 1.2215954065322876 0.9431982636451721
175 0.9343993067741394 1.9153451107759145 3.230757236480713 2.2172722816467285 0.3113216757774353 1.7431834665758132 1.2202982902526855 0.9422957301139832
176 0.9342892169952393 1.9142080456888886 3.23067307472229 2.214246988296509 0.31137150526046753 1.7430453217327164 1.2171741724014282 0.9363267421722412
177 0.934288740158081 1.910592507985854 3.2306735515594482 2.214247226715088 0.31137141585350037 1.7265282184660093 1.198039174079895 0.9363267421722412
178 0.9353111386299133 1.93474291650699 3.2308571338653564 2.21545147895813 0.31362032890319824 1.7237330301290439 1.2148407697677612 0.9400754570960999
179 0.9361001253128052 1.934610192218569 3.2354838848114014 2.263176679611206 0.31630945205688477 1.7238830020977596 1.1880393028259277 0.8639403581619263
180 0.932442307472229 1.9275792613743872 3.2355875968933105 2.262157440185547 0.3155629634857178 1.750897030515343 1.1708904504776 0.8612359166145325
181 0.9298560619354248 1.9145573240947005 3.2390143871307373 2.2628960609436035 0.312825083732605 1.7585860801190167 1.162423014640808 0.8608611226081848
182 0.9298560619354248 1.9296601316867774 3.2390143871307373 2.2628960609436035 0.312825083732605 1.7397327002784573 1.163601279258728 0.8608611226081848
183 0.9298375248908997 1.92674862515765 3.239246129989624 2.2624402046203613 0.3110962212085724 1.73783258360738 1.1621869802474976 0.8604815006256104
184 0.9293275475502014 1.9355979093692588 3.2392003536224365 2.2402164936065674 0.30115753412246704 1.7449944325529316 1.1525843143463135 0.8678310513496399
185 0.9270678162574768 1.9411607247458829 3.2381644248962402 2.232588529586792 0.3128110468387604 1.7489693813198135 1.1565221548080444 0.8610210418701172
186 0.9279478192329407 1.9428778140924274 3.2363810539245605 2.2333199977874756 0.29451510310173035 1.7563310339508578 1.1721172332763672 0.8575087785720825
187 0.9281561374664307 1.935769310756168 3.2365097999572754 2.233316421508789 0.29343920946121216 1.7514494363741733 1.1713957786560059 0.8568406701087952
188 0.927872896194458 1.929757777344713 3.236855983734131 2.2343523502349854 0.2970467805862427 1.7552821942637469 1.1730893850326538 0.8585816025733948
189 0.9293924570083618 1.957519760405425 3.2374520301818848 2.2363126277923584 0.2998448312282562 1.8029633889745347 1.1789573431015015 0.8598716855049133
190 0.927264392375946 1.9576429606577705 3.237147092819214 2.235373020172119 0.30104348063468933 1.8019432599078165 1.1789449453353882 0.8594846129417419
191 0.9270965456962585 1.9606969996989108 3.2372100353240967 2.23541259765625 0.3007481098175049 1.8053278589332333 1.1606446504592896 0.8595725893974304
192 0.9250161051750183 1.958746644860322 3.2373299598693848 2.236868143081665 0.3085898160934448 1.8164772613467137 1.161651611328125 0.860414445400238
193 0.9241616129875183 1.946521093074899 3.23775577545166 2.236783981323242 0.30824020504951477 1.7784007582793848 1.1585158109664917 0.8573446273803711
194 0.9240047335624695 1.9423144208565404 3.2377219200134277 2.2374062538146973 0.30757415294647217 1.7836694866316773 1.16701340675354 0.8563947677612305
195 0.9239513874053955 1.942277442650225 3.2387781143188477 2.237386465072632 0.3079270124435425 1.7843021629866727 1.1648446321487427 0.8564934730529785
196 0.9193029999732971 1.960664623320014 3.237863540649414 2.235995054244995 0.3027541935443878 1.8252702224969404 1.1581956148147583 0.8563498258590698
197 0.9239601492881775 1.9739836644439657 3.2460930347442627 2.2378265857696533 0.30609750747680664 1.836799526888553 1.1417039632797241 0.8576629757881165
198 0.9324696660041809 1.9646530675721028 3.2451624870300293 2.232654571533203 0.29733482003211975 1.8299771279230808 1.0914349555969238 0.854550302028656
199 0.9309297204017639 1.9245592034817256 3.244494915008545 2.2334415912628174 0.30087336897850037 1.7972267591695532 1.0783730745315552 0.856812596321106
200 0.9354892373085022 1.9287149819447986 3.2445170879364014 2.2322185039520264 0.29947930574417114 1.8052736650693624 1.0791361331939697 0.8578266501426697
201 0.9350230097770691 1.9297809192999866 3.246143341064453 2.233083724975586 0.29603275656700134 1.806021531610389 1.0802637338638306 0.8591902852058411
202 0.9355012774467468 1.9277775500549443 3.2446117401123047 2.2328529357910156 0.29827508330345154 1.7885137003340426 1.1014291048049927 0.8587135076522827
203 0.9364123940467834 1.9273031865620731 3.2450437545776367 2.2305335998535156 0.3005981743335724 1.789201954607971 1.1014392375946045 0.8588218092918396
204 0.9387938976287842 1.9242851436687107 3.2455966472625732 2.2333664894104004 0.29917481541633606 1.8020515904203513 1.1122716665267944 0.8613698482513428
205 0.9383252859115601 1.9240981667642278 3.2454628944396973 2.2256979942321777 0.2993645668029785 1.8020106557402713 1.0809986591339111 0.8598975539207458
206 0.9504382610321045 1.9472736552070486 3.2460591793060303 2.2310104370117188 0.3058430850505829 1.8403975707888822 1.0608172416687012 0.8634807467460632
207 0.9506364464759827 1.9440689230810861 3.2371268272399902 2.18495774269104 0.30491700768470764 1.8118591975944678 1.0937061309814453 0.947227418422699
208 0.9499783515930176 1.9502398151023614 3.237020492553711 2.186497211456299 0.3025757670402527 1.8210379727256978 1.092095136642456 0.9490469098091125
209 0.9506834149360657 1.9378067652181308 3.2368736267089844 2.1871464252471924 0.3086388409137726 1.8255862195418167 1.1181443929672241 0.9449198246002197
210 0.9506834149360657 1.9378067652181308 3.2368736267089844 2.1871464252471924 0.3086388409137726 1.8255862195418167 1.1181443929672241 0.9449198246002197
211 0.9507030844688416 1.9378234764708129 3.2368557453155518 2.187147378921509 0.30828937888145447 1.8255770766252326 1.118035078048706 0.944810688495636
212 0.9400178790092468 1.9015205431437172 3.2400565147399902 2.180745840072632 0.29774045944213867 1.7899263564949826 1.12380850315094 0.9441627860069275
213 0.9408245086669922 1.900648996706552 3.2397143840789795 2.180697441101074 0.2981822192668915 1.7790558702441868 1.1194463968276978 0.944169819355011
214 0.940833568572998 1.90064491520508 3.2401247024536133 2.180804967880249 0.29814159870147705 1.779047686652413 1.1184507608413696 0.9441016316413879
215 0.9401096701622009 1.9294143995678184 3.2400104999542236 2.180835008621216 0.3002910912036896 1.789377902739805 1.108125925064087 0.9435544610023499
216 0.9400938749313354 1.929333743858608 3.2387354373931885 2.219073534011841 0.29993173480033875 1.789464179955775 1.104403018951416 0.8948403000831604
217 0.9400594830513 1.8984979547999234 3.2413570880889893 2.2184512615203857 0.29964566230773926 1.7497498001042087 1.108406662940979 0.892450213432312
218 0.939265787601471 1.9313929670409105 3.2397854328155518 2.218569040298462 0.29901862144470215 1.7978584659136958 1.1048849821090698 0.8925073742866516
219 0.9390688538551331 1.9426095400807493 3.2392170429229736 2.218484878540039 0.30108994245529175 1.7888913216844777 1.1257541179656982 0.902637243270874
220 0.9390688538551331 1.9426095400807493 3.2393136024475098 2.217146396636963 0.30108994245529175 1.7888913216844777 1.1261180639266968 0.9052897095680237
221 0.9372323751449585 1.9407167532784477 3.2406561374664307 2.220749616622925 0.29791808128356934 1.789708792339794 1.1261560916900635 0.9052711725234985
222 0.9368773698806763 1.9402018539335844 3.2401256561279297 2.221445322036743 0.29969581961631775 1.7899419984002025 1.1267002820968628 0.9068975448608398
223 0.9363524913787842 1.9316244331781596 3.239224433898926 2.223900556564331 0.2999003231525421 1.7675322214237983 1.1071584224700928 0.9086207151412964
224 0.9358682036399841 1.9293649844881444 3.239379644393921 2.2237513065338135 0.30010607838630676 1.769712152388282 1.1016225814819336 0.9087255001068115
225 0.9361412525177002 1.9299818165178828 3.2393531799316406 2.2237727642059326 0.30226826667785645 1.7700083861412532 1.1015902757644653 0.9084298014640808
226 0.936586320400238 1.9362851056764674 3.239485740661621 2.2237868309020996 0.3027244508266449 1.7761853185357885 1.1021298170089722 0.9084261059761047
227 0.9399349093437195 1.9324618759118088 3.2256269454956055 2.2239878177642822 0.29366162419319153 1.7706526191978058 1.1275171041488647 0.9082460403442383
228 0.9394702315330505 1.9320753968915387 3.225827932357788 2.2242379188537598 0.2938552498817444 1.7707388600592033 1.1275882720947266 0.9080614447593689
229 0.9417736530303955 1.9258335078126017 3.2251410484313965 2.22292160987854 0.2908846139907837 1.7610324483970488 1.1274482011795044 0.9060664176940918
230 0.9417870044708252 1.9269614980244787 3.2251992225646973 2.222872257232666 0.2950313091278076 1.7723312889182334 1.132123351097107 0.9075402617454529
231 0.9401552081108093 1.928533009332891 3.224479913711548 2.22236704826355 0.28624850511550903 1.7739005869264277 1.1310144662857056 0.9063025116920471
232 0.9407276511192322 1.9485216156908822 3.2267887592315674 2.2335822582244873 0.30746135115623474 1.8060034223287067 1.1452263593673706 0.9242456555366516
233 0.9413391947746277 1.9503486768999634 3.2270498275756836 2.2352232933044434 0.3089213967323303 1.8082986184977092 1.1478009223937988 0.9269914031028748
234 0.9474954605102539 1.954540637976312 3.2256977558135986 2.2355380058288574 0.31486570835113525 1.805150772216481 1.147658109664917 0.9186698198318481
235 0.9474841356277466 1.9680901713268697 3.2257537841796875 2.2355124950408936 0.31520453095436096 1.830292842204251 1.150855302810669 0.9187084436416626
236 0.9474368095397949 1.967837984992678 3.2258663177490234 2.2354063987731934 0.314543753862381 1.8299592467107038 1.1566693782806396 0.9187842607498169
237 0.9443773031234741 1.9413833039396897 3.2293784618377686 2.235800266265869 0.3191966414451599 1.8422657105476417 1.165300965309143 0.9220207929611206
238 0.9453713893890381 1.9401477450859916 3.2367782592773438 2.2360968589782715 0.31833651661872864 1.83767671796938 1.0954595804214478 0.9229066371917725
239 0.9413043260574341 1.921522743414313 3.237382411956787 2.2364397048950195 0.3185725212097168 1.7937604056200003 1.0881503820419312 0.9215888977050781
240 0.9384124875068665 1.9058281401379933 3.2352850437164307 2.231668710708618 0.3149229884147644 1.7857521553600204 1.0920016765594482 0.9218259453773499
241 0.9370461702346802 1.9353714050567299 3.235264778137207 2.230348587036133 0.316935658454895 1.7849856457520865 1.0916956663131714 0.9200152158737183
242 0.9283469915390015 1.913654017121801 3.2369585037231445 2.2262980937957764 0.32380440831184387 1.796444709698016 1.123633861541748 0.9229496121406555
243 0.9286750555038452 1.9002841737874714 3.237184524536133 2.226351499557495 0.32387685775756836 1.784620800434581 1.134928822517395 0.9228373169898987
244 0.9347077012062073 1.9200830843001855 3.237475633621216 2.2271547317504883 0.3057701885700226 1.7844571189732 1.1117591857910156 0.9221571683883667
245 0.9357419610023499 1.909726530759884 3.2379796504974365 2.227402687072754 0.2968777120113373 1.7738139034938223 1.1269128322601318 0.9174820184707642
246 0.9250812530517578 1.8985748723196794 3.2376766204833984 2.2386105060577393 0.3121754229068756 1.7814789834795555 1.1096407175064087 0.9299396872520447
247 0.9289200901985168 1.8947396286767175 3.237410306930542 2.2347161769866943 0.31548136472702026 1.7701353978054977 1.1039820909500122 0.9267400503158569
248 0.928880512714386 1.9092235577737762 3.2373788356781006 2.2346935272216797 0.3138076364994049 1.7648494813551863 1.1098887920379639 0.9265596866607666
249 0.9301605224609375 1.9111732619181956 3.239311933517456 2.2333922386169434 0.3090676963329315 1.7776964744732089 1.1080697774887085 0.9247527122497559
250 0.9276699423789978 1.9141539441840107 3.2374351024627686 2.2336931228637695 0.31135183572769165 1.7861180685485558 1.1094331741333008 0.9227046966552734
251 0.9189363718032837 1.9007234592250457 3.2360403537750244 2.2201175689697266 0.31098195910453796 1.783963474900809 1.0995999574661255 0.9138217568397522
252 0.9171479344367981 1.9025773325664617 3.2375268936157227 2.2211661338806152 0.31585776805877686 1.7958265840308056 1.1032880544662476 0.9149581789970398
253 0.9169872403144836 1.9025494437305912 3.237555742263794 2.221168279647827 0.315644234418869 1.7958209451160578 1.1046596765518188 0.9149742722511292
254 0.9158576726913452 1.9030284236329087 3.23759126663208 2.2217090129852295 0.3168778121471405 1.7965306405357144 1.09397554397583 0.9152750372886658
255 0.9206951260566711 1.8946790748025635 3.2389109134674072 2.211167335510254 0.32260262966156006 1.7670800144512833 1.1198557615280151 0.9501373767852783
256 0.9199230670928955 1.888887170533102 3.239060640335083 2.228210210800171 0.3290388584136963 1.7565710672446229 1.106703519821167 0.9806480407714844
257 0.919315755367279 1.889288583242128 3.23876690864563 2.228708505630493 0.3286920487880707 1.7730753731450402 1.096989631652832 0.9809775352478027
258 0.920062780380249 1.8896143128830984 3.2343180179595947 2.228569507598877 0.3289793133735657 1.7729119636006785 1.1098806858062744 0.9798223972320557
259 0.9144529700279236 1.9233338321584443 3.232950210571289 2.2272391319274902 0.3361223340034485 1.7920768608414985 1.1304737329483032 0.9826102256774902
260 0.9209488034248352 1.9252176321645027 3.2319998741149902 2.2267866134643555 0.31889989972114563 1.7955932915966493 1.0819331407546997 0.9800294041633606
261 0.9167227149009705 1.9486517807675305 3.2335357666015625 2.2278127670288086 0.3180162310600281 1.813238214859105 1.0804827213287354 0.9793335199356079
262 0.9159325361251831 1.9471267716595573 3.2338809967041016 2.2282607555389404 0.3205631971359253 1.7870565871238502 1.0771467685699463 0.979970395565033
263 0.914167046546936 1.946387641305454 3.2335612773895264 2.2279272079467773 0.3206007182598114 1.7855986956548502 1.0768415927886963 0.9795947670936584
264 0.9143807888031006 1.939360588835777 3.2334697246551514 2.2279341220855713 0.32069918513298035 1.7918710209936453 1.0747876167297363 0.9794703125953674
265 0.9178743958473206 1.9656340870775524 3.2343945503234863 2.2279484272003174 0.3208162486553192 1.8333589173258524 1.0839632749557495 0.9846762418746948
266 0.9153152108192444 1.9738768242165154 3.234578847885132 2.230677366256714 0.32595571875572205 1.8311708418296762 1.0900969505310059 0.9922782778739929
267 0.9129565358161926 1.9802731824342321 3.2325451374053955 2.228623151779175 0.32634237408638 1.8220945087357887 1.0858722925186157 0.9942518472671509
268 0.9146493077278137 1.962056082147642 3.2323594093322754 2.2270519733428955 0.31705957651138306 1.8222132172866754 1.079923152923584 0.9901602268218994
269 0.915296733379364 1.9616749026514944 3.233893871307373 2.227905035018921 0.31727972626686096 1.8198132006017669 1.0692070722579956 0.9893935918807983
270 0.9199275374412537 1.947281258312967 3.233604669570923 2.2277708053588867 0.313362717628479 1.8033738865184186 1.084150791168213 0.9959625601768494
271 0.9199275374412537 1.9474858441878466 3.2336039543151855 2.2277708053588867 0.313362717628479 1.8010128412151998 1.0594382286071777 0.9959625601768494
272 0.9207574725151062 1.9566126169665785 3.235604763031006 2.2272167205810547 0.3166896104812622 1.826999519321563 1.0705170631408691 0.9935733675956726
273 0.9204456210136414 1.956814314727479 3.2363808155059814 2.2270166873931885 0.3139108419418335 1.8276865555906896 1.069174885749817 0.9918698668479919
274 0.9203965067863464 1.9573813544757555 3.2364022731781006 2.227041244506836 0.3137633800506592 1.8364342790795392 1.0632528066635132 0.9918874502182007
275 0.92704176902771 1.978393252709293 3.2362091541290283 2.2266974449157715 0.31212618947029114 1.843259502925695 1.0741392374038696 0.9923411011695862
276 0.9265174269676208 1.9778378769592828 3.2358620166778564 2.2271082401275635 0.31114277243614197 1.8423047951430285 1.0608367919921875 0.9910493493080139
277 0.925591766834259 1.9779552172777353 3.2348134517669678 2.204622983932495 0.3080134093761444 1.845075283221032 1.0585942268371582 0.954287052154541
278 0.9241024851799011 1.984734829834457 3.2356936931610107 2.2052359580993652 0.3105834126472473 1.850436116802863 1.0596624612808228 0.9554633498191833
279 0.9242368340492249 1.985068068288147 3.2379391193389893 2.2326674461364746 0.31042465567588806 1.850572027872673 1.0788376331329346 1.133109450340271
280 0.9242437481880188 1.9850866605274984 3.2379393577575684 2.2326555252075195 0.31047818064689636 1.8505568559093715 1.0788347721099854 1.1330981254577637
281 0.939659833908081 2.0110148594421795 3.2383246421813965 2.231890916824341 0.3232748210430145 1.8431773149604482 1.0849840641021729 1.1342118978500366
282 0.9404985308647156 1.983506739439046 3.237788438796997 2.230991840362549 0.3229631185531616 1.8119354809423647 1.0793499946594238 1.1331456899642944
283 0.9404985308647156 1.9964811441083155 3.237788438796997 2.230991840362549 0.3229631185531616 1.8492324294352245 1.0760866403579712 1.1331456899642944
284 0.9332429766654968 1.9968551990200545 3.2378146648406982 2.2317607402801514 0.31196072697639465 1.8524307153515598 1.0756418704986572 1.1303616762161255
285 0.932742714881897 1.9995588124372305 3.237011432647705 2.231184482574463 0.30295318365097046 1.8451233564223495 1.0890295505523682 1.129526972770691
286 0.9326457381248474 1.9915525711710456 3.236968755722046 2.228595495223999 0.30297785997390747 1.8481884505586414 1.0888352394104004 1.1243996620178223
287 0.9330641031265259 2.003475701118171 3.23740291595459 2.228510856628418 0.30392026901245117 1.8488761580525144 1.0910260677337646 1.1242153644561768
288 0.9329725503921509 1.9920522254561417 3.237374782562256 2.228449583053589 0.3035293519496918 1.8499621696493713 1.091473937034607 1.1242932081222534
289 0.9347283840179443 1.9943642035313762 3.232048988342285 2.2300515174865723 0.3027651011943817 1.8593861343885028 1.0960049629211426 1.1251686811447144
290 0.9346301555633545 1.9902025239823544 3.232060670852661 2.2300448417663574 0.3028061091899872 1.8607590757557888 1.0990434885025024 1.1252259016036987
291 0.9375064969062805 1.9819809126378238 3.229888439178467 2.182399034500122 0.3010377585887909 1.8543111130917778 1.076603651046753 0.9119137525558472
292 0.9408714771270752 1.9803643309628662 3.230405807495117 2.186353921890259 0.30640658736228943 1.8536855110255313 1.0777056217193604 0.9155008792877197
293 0.9300603270530701 1.9712490237330242 3.2301762104034424 2.18099045753479 0.2935805320739746 1.8419681227150184 0.9823680520057678 0.9064626693725586
294 0.9319155812263489 1.9697062635405072 3.2307381629943848 2.1799938678741455 0.30611780285835266 1.8370110144109932 0.9778995513916016 0.9089022874832153
295 0.9327048659324646 1.9517311868288167 3.231464385986328 2.1789369583129883 0.30924656987190247 1.8047410986338899 0.9745351672172546 0.9056533575057983
296 0.9327298402786255 1.954138047972709 3.2314703464508057 2.178933620452881 0.30977001786231995 1.8212429027434625 1.0018843412399292 0.905708372592926
297 0.9415431022644043 1.9631643999899988 3.231113910675049 2.1788341999053955 0.32096296548843384 1.802509440964995 0.9958037734031677 0.9084122180938721
298 0.9410694241523743 1.962486357109935 3.232010841369629 2.177748441696167 0.31761401891708374 1.7856311322354634 0.9669871926307678 0.9061625003814697
299 0.940920352935791 1.954079019647748 3.2319223880767822 2.1780145168304443 0.314719557762146 1.7899907741359298 0.9637566804885864 0.9057970643043518
300 0.940920352935791 1.954079019647748 3.2307686805725098 2.1780145168304443 0.314719557762146 1.7899907741359298 0.970278263092041 0.9057970643043518
301 0.9405665993690491 1.977811306929547 3.230435371398926 2.1775474548339844 0.3145498037338257 1.8181729932968331 0.9756268262863159 0.90631502866745
302 0.946832001209259 1.9804562166901167 3.23073410987854 2.1849586963653564 0.3131842613220215 1.837414242679141 0.9845826625823975 0.8998383283615112
303 0.946832001209259 1.9804562166901167 3.230825662612915 2.1827995777130127 0.3131842613220215 1.837414242679141 0.9850825071334839 0.9047794342041016
304 0.9467260837554932 1.9841514450265447 3.2316813468933105 2.183140754699707 0.3136831521987915 1.836409096500283 0.9713355302810669 0.9053292870521545
305 0.9463182091712952 1.983837512454907 3.231842041015625 2.1831047534942627 0.31260228157043457 1.836084300526136 0.9703525304794312 0.9047852158546448
306 0.9468532204627991 1.956338992819499 3.233626365661621 2.2289955615997314 0.3041558563709259 1.801668761353296 0.9868329763412476 1.1181516647338867
307 0.9469839930534363 1.9546175441530769 3.2334964275360107 2.228334665298462 0.3034333288669586 1.7813051874388142 1.010578989982605 1.1186221837997437
308 0.9478474855422974 1.9539922981585343 3.235084295272827 2.2294600009918213 0.306751012802124 1.7819791382115324 1.0107570886611938 1.1134076118469238
309 0.9467788338661194 1.9777101633062641 3.2358055114746094 2.229672908782959 0.29994750022888184 1.8194635248687214 0.9964633584022522 1.1139768362045288
310 0.9488615989685059 1.979512175330991 3.235210418701172 2.226236581802368 0.3011986017227173 1.8220043263573074 0.98985356092453 1.0942745208740234
311 0.9435584545135498 1.956571160118736 3.2338383197784424 2.230452060699463 0.3184584081172943 1.8103516273676765 1.0236711502075195 1.0976698398590088
312 0.942040741443634 1.9596715881910882 3.234071969985962 2.2300586700439453 0.31433168053627014 1.8276601834823063 1.0257859230041504 1.0970851182937622
313 0.9419534802436829 1.9594248590205319 3.234290361404419 2.229341983795166 0.31420060992240906 1.823891079057971 0.9999868869781494 1.10073983669281
314 0.9376963973045349 1.9681388760765977 3.2307636737823486 2.2255287170410156 0.2960558831691742 1.8304486372430193 0.9988313317298889 1.097676396369934
315 0.9386699795722961 1.9687943818621585 3.229393482208252 2.2297794818878174 0.29122236371040344 1.8414829595358781 1.1373403072357178 1.0993822813034058
316 0.9350423812866211 1.9700160061413945 3.231243133544922 2.2286486625671387 0.28908640146255493 1.8429935198285223 1.1444419622421265 1.1010050773620605
317 0.9350920915603638 1.9699858145290858 3.2312235832214355 2.228640079498291 0.2891968786716461 1.8429539846161376 1.1445114612579346 1.1010116338729858
318 0.9343971014022827 1.9688934717801168 3.2235372066497803 2.215715169906616 0.28896743059158325 1.8405483974979884 1.1732829809188843 1.0872583389282227
319 0.9366270899772644 1.973095562958883 3.2255330085754395 2.215738534927368 0.29147201776504517 1.8345492119176938 1.181257963180542 1.0878361463546753
320 0.9366270899772644 1.973095562958883 3.2255330085754395 2.215738534927368 0.29147201776504517 1.8345492119176938 1.181257963180542 1.0878361463546753
321 0.9363921880722046 1.9730692098474507 3.225538969039917 2.215675115585327 0.2909928262233734 1.8344159397959585 1.1812108755111694 1.0878396034240723
322 0.9360503554344177 1.973426375366415 3.225480556488037 2.215782642364502 0.2915680706501007 1.834827524832772 1.1845957040786743 1.087619662284851
323 0.9362611174583435 1.9925039014019088 3.240309953689575 2.2151010036468506 0.2874874174594879 1.8224482023106672 1.1374789476394653 1.0848257541656494
324 0.9357704520225525 1.9863336775378106 3.23854660987854 2.2234485149383545 0.290975421667099 1.8227160908393747 1.1390458345413208 1.1060847043991089
325 0.937205970287323 1.9863632907176985 3.2387936115264893 2.223618507385254 0.29201647639274597 1.8225741041406798 1.137245774269104 1.1061296463012695
326 0.9376441240310669 1.982061764767496 3.238879680633545 2.223823070526123 0.2932659685611725 1.8232466123686732 1.1494433879852295 1.106242060661316
327 0.9381709694862366 1.98467993562494 3.239650011062622 2.2238714694976807 0.293380469083786 1.827571653286555 1.149600625038147 1.101873517036438
328 0.9366421699523926 1.9876316257263793 3.240666151046753 2.223803758621216 0.2946634590625763 1.8300163237870009 1.1259230375289917 1.1027005910873413
329 0.937570333480835 1.9774549177084442 3.2422432899475098 2.2312958240509033 0.292317271232605 1.8269759705100377 1.1175217628479004 1.0870732069015503
330 0.9365083575248718 1.9790983005927727 3.242610216140747 2.2338736057281494 0.29320740699768066 1.821975828861939 1.1189011335372925 1.090345025062561
331 0.9307736158370972 1.969620653980751 3.241870880126953 2.2317514419555664 0.2882247865200043 1.814011468287405 1.1174516677856445 1.0895198583602905
332 0.9321030974388123 1.9683886767965024 3.2410542964935303 2.2237651348114014 0.28374677896499634 1.8232125076140446 1.1420352458953857 1.106011986732483
333 0.9323107004165649 1.9572004036859019 3.2421188354492188 2.2236669063568115 0.2829834520816803 1.81226973196629 1.1505364179611206 1.1058686971664429
334 0.9322063326835632 1.9636049305170968 3.2449235916137695 2.2289369106292725 0.29854270815849304 1.8217104076266828 1.1539199352264404 1.1095353364944458
335 0.9317477345466614 1.964862174787998 3.2453439235687256 2.2296926975250244 0.299235463142395 1.8264136112267855 1.154099941253662 1.108251929283142
336 0.9280844330787659 1.9574314404040773 3.2431235313415527 2.220996141433716 0.2866508960723877 1.8114303565761114 1.1452113389968872 1.0982035398483276
337 0.9277468919754028 1.9576162275546372 3.24293851852417 2.221097707748413 0.2850888967514038 1.81188324816447 1.143723726272583 1.098087191581726
338 0.9341070652008057 1.9862572058151908 3.2439146041870117 2.220438003540039 0.28969481587409973 1.8428524257418186 1.149531364440918 1.0957564115524292
339 0.9319705367088318 1.9692252675102329 3.244441032409668 2.2255496978759766 0.30471351742744446 1.8030036346621081 1.150288701057434 1.0967966318130493
340 0.9346985220909119 1.9655011375408262 3.2503013610839844 2.2264821529388428 0.29240477085113525 1.7968766749298388 1.1469825506210327 1.1067980527877808
341 0.9346985220909119 1.97496544035144 3.250168800354004 2.2264821529388428 0.29240477085113525 1.8071009873626072 1.1485332250595093 1.1067980527877808
342 0.934403121471405 1.9795092306799256 3.2481167316436768 2.2278876304626465 0.30003634095191956 1.8254817602861957 1.1306953430175781 1.1101222038269043
343 0.9310845136642456 1.9627248791134395 3.2478222846984863 2.2293548583984375 0.3069058358669281 1.8074577735053459 1.129104733467102 1.1079738140106201
344 0.9340776801109314 1.9606371534956908 3.2273659706115723 2.2294766902923584 0.3071240484714508 1.7933329144956038 1.1801555156707764 1.1081287860870361
345 0.936435341835022 2.057935114011381 3.250706672668457 2.2520365715026855 0.310298889875412 1.959765148912469 1.17206609249115 1.1171319484710693
346 0.9357410669326782 2.058474518254636 3.249561071395874 2.2519750595092773 0.3092028796672821 1.9512766962016694 1.1900722980499268 1.1172295808792114
347 0.9368898868560791 2.0670551373171246 3.24959397315979 2.2521626949310303 0.30586186051368713 1.92803952150015 1.1735742092132568 1.1163333654403687
348 0.9473432302474976 2.0704630244887934 3.248814582824707 2.249070405960083 0.31062737107276917 1.9259068731636657 1.1725422143936157 1.1128395795822144
349 0.9376363754272461 2.080605135679597 3.249293088912964 2.2441205978393555 0.2798556089401245 1.9819883343225286 1.1860222816467285 1.106514811515808
350 0.9361936450004578 2.015109682276375 3.2483365535736084 2.2428925037384033 0.2794479429721832 1.8866619777420646 1.1734296083450317 1.1057504415512085
351 0.9327484369277954 2.0278348931577135 3.2478857040405273 2.2431766986846924 0.27126866579055786 1.9282568259573543 1.1785014867782593 1.1044445037841797
352 0.9327484369277954 2.026802852205397 3.245966911315918 2.243255853652954 0.27126866579055786 1.9315727804728855 1.149183988571167 1.1043648719787598
353 0.9330102801322937 2.0268499705235734 3.246020793914795 2.2432637214660645 0.2717796862125397 1.9313913950406143 1.1493421792984009 1.1041500568389893
354 0.9348592758178711 2.0230733305369104 3.246366024017334 2.2288103103637695 0.27557820081710815 1.930343250089219 1.159010887145996 1.1177680492401123
355 0.93405681848526 2.011793342642252 3.2457590103149414 2.2317299842834473 0.2835659682750702 1.9173348315036924 1.1584899425506592 1.120283842086792
356 0.9345299005508423 1.9460856940434104 3.2458581924438477 2.2318778038024902 0.2826298773288727 1.8922321218662081 1.154404640197754 1.1201956272125244
357 0.9309018850326538 1.9455108911799868 3.2458689212799072 2.2315614223480225 0.2764222025871277 1.8941104275528104 1.1539522409439087 1.118992805480957
358 0.9304734468460083 1.9500644084425212 3.2453367710113525 2.2320055961608887 0.2772463858127594 1.8936473255841628 1.1547491550445557 1.1196027994155884
359 0.9328837394714355 1.9426297646633124 3.2466588020324707 2.231924057006836 0.28057730197906494 1.896482993504951 1.1576937437057495 1.1191136837005615
360 0.9327974319458008 1.9460132472559029 3.2467870712280273 2.2319529056549072 0.27838078141212463 1.8956796834971859 1.1506632566452026 1.1203927993774414
361 0.9322243332862854 1.9907333598193688 3.2296361923217773 2.24631929397583 0.2783706486225128 1.886401603679289 1.1551107168197632 1.103857159614563
362 0.9306743144989014 1.9918767220696112 3.226468563079834 2.2479302883148193 0.2805863916873932 1.8735359985196172 1.156553030014038 1.1049730777740479
363 0.9264660477638245 1.9910198793371554 3.2254509925842285 2.243046998977661 0.26997655630111694 1.8779576463464105 1.1559135913848877 1.0893439054489136
364 0.9432313442230225 1.9588414582986586 3.226029634475708 2.2397024631500244 0.2717745900154114 1.864555993442921 1.1668821573257446 1.0857069492340088
365 0.9395502209663391 1.9550413644533975 3.2260782718658447 2.237494945526123 0.2745679020881653 1.8844327809770443 1.1671756505966187 1.0866471529006958
366 0.9396116137504578 1.9424142483027511 3.2261104583740234 2.237483501434326 0.2746465504169464 1.895075775087632 1.168587565422058 1.0866992473602295
367 0.9405259490013123 1.9450576851674033 3.227872848510742 2.232914686203003 0.2692032754421234 1.902541662151776 1.1593817472457886 1.0907293558120728
368 0.9394621849060059 1.9450794900914326 3.227888345718384 2.2332286834716797 0.2688257396221161 1.9023413777632736 1.1595690250396729 1.0921968221664429
369 0.9434798359870911 1.9239375618880648 3.229839324951172 2.238994598388672 0.2797856628894806 1.851615771034946 1.1606237888336182 1.0995291471481323
370 0.9462074041366577 1.9225923359019383 3.2292139530181885 2.238703966140747 0.2854198217391968 1.8487273857140933 1.1566179990768433 1.0998263359069824
371 0.948955774307251 1.9231540216352718 3.2290806770324707 2.236205577850342 0.27767565846443176 1.8554053408964128 1.1567338705062866 1.1001280546188354
372 0.9463187456130981 1.923390309898499 3.2284138202667236 2.234485149383545 0.2777289152145386 1.85370682629179 1.1533005237579346 1.099822759628296
373 0.9409665465354919 1.9340888871902275 3.242570400238037 2.234713554382324 0.2701813876628876 1.8569159985007948 1.1298736333847046 1.1024844646453857
374 0.9392223954200745 1.9619589358160507 3.242344617843628 2.234161853790283 0.27267420291900635 1.8863113954243675 1.1306582689285278 1.1026018857955933
375 0.9176334738731384 1.9830066092219356 3.242017984390259 2.1954407691955566 0.26638004183769226 1.8747125006655634 1.133433222770691 1.0907378196716309
376 0.915076494216919 1.9827149345099606 3.2415080070495605 2.2364351749420166 0.265165776014328 1.8744173723169986 1.1360396146774292 1.1167056560516357
377 0.9141658544540405 1.9907952323966835 3.2426581382751465 2.2413923740386963 0.2650415003299713 1.8715614963022025 1.1338145732879639 1.130639910697937
378 0.9141196608543396 1.9973054432702246 3.2441346645355225 2.2412853240966797 0.2641391456127167 1.8518620064187803 1.107545018196106 1.1279959678649902
379 0.9153866171836853 2.0062468387045342 3.243452310562134 2.222747325897217 0.26455628871917725 1.8707745848910582 1.1277960538864136 1.0892421007156372
380 0.9197048544883728 1.9555208671885276 3.2445051670074463 2.2257418632507324 0.2655215859413147 1.8207556457877094 1.112947940826416 1.0907597541809082
381 0.9196422696113586 1.9944277380231454 3.245723009109497 2.2262039184570313 0.2634396553039551 1.8731759654590412 1.1043788194656372 1.089292049407959
382 0.9196723699569702 1.988475443570048 3.2463181018829346 2.2262022495269775 0.2643786668777466 1.8755698796110178 1.1034927368164063 1.0893901586532593
383 0.9150106310844421 1.974274787772934 3.2468481063842773 2.2261457443237305 0.2639640271663666 1.8778531913032406 1.1391552686691284 1.0882066488265991
384 0.9072574377059937 1.981551108256708 3.246995210647583 2.2218077182769775 0.2609414756298065 1.8689574393161232 1.1433161497116089 1.0914682149887085
385 0.9073110818862915 1.9376799342544513 3.2463786602020264 2.221954107284546 0.262752890586853 1.8725723209252552 1.1336749792099 1.0914069414138794
386 0.9010922908782959 1.9418400333008154 3.2463502883911133 2.2225844860076904 0.26411446928977966 1.888847273110464 1.136264681816101 1.0891339778900146
387 0.9010922908782959 1.93771236767681 3.2466776371002197 2.2225844860076904 0.26411446928977966 1.8885240308990892 1.1341278553009033 1.0891339778900146
388 0.901099443435669 1.9287488543218694 3.2455549240112305 2.222486972808838 0.26387274265289307 1.8674461347538238 1.1566030979156494 1.088898777961731
389 0.9001985788345337 1.9192348075530095 3.2461636066436768 2.2181389331817627 0.26032307744026184 1.8599544103477466 1.152550220489502 1.090038537979126
390 0.9001985788345337 1.8791081378842815 3.246164321899414 2.2181389331817627 0.26032307744026184 1.7681453823083721 1.1412433385849 1.090038537979126
391 0.9001985788345337 1.878936679799926 3.247638463973999 2.2181389331817627 0.26032307744026184 1.7652634145730564 1.135834813117981 1.090038537979126
392 0.8992250561714172 1.9248539550220731 3.2498116493225098 2.2188072204589844 0.27302423119544983 1.7647089105731568 1.172281265258789 1.0920147895812988
393 0.8990534543991089 1.9212402085892932 3.249598741531372 2.219024658203125 0.270860493183136 1.774456812591116 1.1719087362289429 1.090711236000061
394 0.8997581601142883 1.915525767657627 3.2476963996887207 2.219587802886963 0.272431343793869 1.7687457341885298 1.1827483177185059 1.091557264328003
395 0.9054316282272339 1.9320661749009465 3.247206687927246 2.2193214893341064 0.2699592411518097 1.7631016922993417 1.1671900749206543 1.0953325033187866
396 0.9050427079200745 1.9453779308664725 3.245046615600586 2.22177791595459 0.2711679935455322 1.778475382584256 1.1751058101654053 1.100534200668335
397 0.909430205821991 1.9464003497943958 3.244946241378784 2.221863269805908 0.27122780680656433 1.7802811928387527 1.1754720211029053 1.0997889041900635
398 0.9094176292419434 1.9348917802724483 3.257739305496216 2.2217776775360107 0.2730388045310974 1.7909677232065895 1.1482939720153809 1.100587010383606
399 0.9093045592308044 1.9343805739198892 3.2557454109191895 2.223267078399658 0.2737271785736084 1.7852739254662775 1.1471235752105713 1.099627137184143
400 0.9169716835021973 1.9332306343754067 3.256138801574707 2.2220418453216553 0.27418768405914307 1.7776636299363273 1.1560876369476318 1.098560094833374
