init 0.576325535774231 8.72788701611178 3.152878761291504 1.3680521249771118 0.0 0.0 0.0 0.0
1 0.7351678013801575 8.699221025258142 3.2209572792053223 1.3762086629867554 0.3990159332752228 0.7621935096093654 0.7138910293579102 0.37467828392982483
2 0.885107159614563 8.685004938016915 3.2627742290496826 1.7396721839904785 0.6158338785171509 0.7796727657200652 0.9451941847801208 1.1569163799285889
3 0.9884083867073059 8.67422519970081 3.291126012802124 1.8177483081817627 0.742487370967865 0.7889505128379694 1.0536785125732422 1.2590755224227905
4 0.9379329085350037 8.668862845796498 3.272834300994873 1.88788902759552 0.6727545857429504 0.898367654694779 1.0207340717315674 1.3065813779830933
5 0.8981397151947021 8.659202851530845 3.237780809402466 1.8937616348266602 0.6185332536697388 1.2662491673626894 0.9922397136688232 1.308607816696167
6 0.8891017436981201 8.660735582592169 3.241751194000244 1.8931928873062134 0.6061626672744751 1.2784598325160375 0.9876851439476013 1.3049540519714355
7 0.8870888948440552 8.656828224849145 3.234467029571533 1.8988312482833862 0.6034295558929443 1.3055000527974494 0.9855508804321289 1.3114460706710815
8 0.8746911883354187 8.700266018010893 3.2403390407562256 1.8532404899597168 0.5877529978752136 1.2110620410594464 0.9873977899551392 1.3336048126220703
9 0.891255259513855 8.687693556127934 3.238538980484009 1.8804304599761963 0.6143770813941956 1.2384666295190376 0.9988516569137573 1.3718957901000977
10 0.9040637612342834 8.691055476217107 3.2538700103759766 1.9591361284255981 0.6297909617424011 1.3739362030302806 1.055683970451355 1.456632137298584
11 0.907069206237793 8.677848922318262 3.2448570728302 1.966874122619629 0.639672577381134 1.441645722437279 1.0396884679794312 1.457755446434021
12 0.8939926028251648 8.686466065296594 3.246267318725586 1.895103931427002 0.6251180171966553 1.4083955327531292 1.0319488048553467 1.3901243209838867
13 0.902467668056488 8.687490701585425 3.2501087188720703 1.897493600845337 0.6323216557502747 1.4729785513851805 1.0528581142425537 1.394626498222351
14 0.9274642467498779 8.67093313504586 3.25980806350708 1.9135719537734985 0.6648750305175781 1.503450704897907 1.0925613641738892 1.4162205457687378
15 0.9206188917160034 8.726486259063666 3.258937358856201 1.9286458492279053 0.6582033038139343 1.502028361348035 1.0935430526733398 1.4401241540908813
16 0.9191843867301941 8.727473537452132 3.2594528198242188 1.9292449951171875 0.6593782901763916 1.5034257503436557 1.095483660697937 1.4401437044143677
17 0.9212181568145752 8.724391320205344 3.275934934616089 1.9262274503707886 0.6637330055236816 1.4866714793677314 1.140149712562561 1.4393455982208252
18 0.9211114048957825 8.729119611257582 3.2814080715179443 1.9262285232543945 0.6637597680091858 1.4849493588876213 1.162952184677124 1.4393419027328491
19 0.9248753190040588 8.737547896799661 3.329806089401245 1.927528977394104 0.6618407964706421 1.5071025574256407 1.3447868824005127 1.4370392560958862
20 0.9129238128662109 8.745137953666555 3.330739736557007 1.9406940937042236 0.6524642109870911 1.526173786083768 1.3537973165512085 1.449317216873169
21 0.9130740761756897 8.744660883521373 3.3333466053009033 1.940359354019165 0.6512867212295532 1.5288232224840996 1.3689165115356445 1.4492448568344116
22 0.913664698600769 8.747763331230349 3.3240256309509277 1.9336929321289063 0.6506763696670532 1.5787526744876954 1.3463847637176514 1.4398224353790283
23 0.9131898283958435 8.749073590686441 3.3237669467926025 1.9289157390594482 0.6497507691383362 1.5770340649063026 1.3451886177062988 1.4329344034194946
24 0.9257720112800598 8.74305869190168 3.3286375999450684 1.8828141689300537 0.6657062768936157 1.491320894247547 1.3435757160186768 1.3948403596878052
25 0.9313468933105469 8.733835783398833 3.332183837890625 1.8824269771575928 0.671390175819397 1.490733079778998 1.3537670373916626 1.3949878215789795
26 0.9540977478027344 8.738300333388972 3.288891315460205 1.9186064004898071 0.6992098689079285 1.496275797505806 1.2092363834381104 1.4397234916687012
27 0.92733234167099 8.753167446182987 3.294402599334717 1.8930929899215698 0.6656486392021179 1.6722318763926656 1.2239011526107788 1.4092826843261719
28 0.92733234167099 8.753167446182987 3.2914912700653076 1.878967046737671 0.6656486392021179 1.6722318763926656 1.2211453914642334 1.4066637754440308
29 0.9297388792037964 8.75654294590968 3.293124198913574 2.006394147872925 0.6642934679985046 1.6645559562380663 1.2247865200042725 1.4949946403503418
30 0.9409180283546448 8.768450792892141 3.3141775131225586 2.023602247238159 0.677595317363739 1.6415338829401103 1.3273345232009888 1.515655755996704
31 0.9288092255592346 8.766701690512791 3.339008092880249 2.0133321285247803 0.662391185760498 1.6388950624619683 1.4047974348068237 1.505272626876831
32 0.928624153137207 8.764981272587411 3.341655731201172 2.0114758014678955 0.6626561880111694 1.6379349079445373 1.4112913608551025 1.503182053565979
33 0.9322619438171387 8.763300202230871 3.3353538513183594 2.001014232635498 0.6638727188110352 1.6403734581348033 1.3918098211288452 1.4947689771652222
34 0.9316368699073792 8.770074692576841 3.3272528648376465 1.9972038269042969 0.665483832359314 1.5834706514379895 1.3739793300628662 1.4912384748458862
35 0.9319151043891907 8.797161118793095 3.3274779319763184 1.9975924491882324 0.6657891869544983 1.5913326058377375 1.3753633499145508 1.4919981956481934
36 0.9265835881233215 8.803944174789775 3.326079845428467 1.9916638135910034 0.6620288491249084 1.6370310476438583 1.3819292783737183 1.4853606224060059
37 0.9267469644546509 8.804019650800527 3.3269970417022705 1.9953365325927734 0.6623648405075073 1.6373359765564963 1.3829805850982666 1.4886131286621094
38 0.9411664605140686 8.8027902504459 3.3346140384674072 2.007828712463379 0.6780779361724854 1.6322523919976695 1.3947690725326538 1.505751371383667
39 0.9378085732460022 8.797531713703313 3.32763934135437 2.0123484134674072 0.6777449250221252 1.6427062342237544 1.386521816253662 1.5060001611709595
40 0.9411506056785583 8.796478497282182 3.3278024196624756 2.0123140811920166 0.6779897809028625 1.6476791738621481 1.3993183374404907 1.5072646141052246
41 0.9389530420303345 8.794604453629491 3.3315961360931396 2.0129847526550293 0.6751862168312073 1.6494491018742792 1.4025378227233887 1.5081332921981812
42 0.9469652771949768 8.796025213686672 3.329059362411499 2.0155832767486572 0.682961642742157 1.651300000659469 1.3830965757369995 1.511017918586731
43 0.9767129421234131 8.801118084742777 3.340676784515381 2.046184778213501 0.7210102081298828 1.6538307896116047 1.4061185121536255 1.5493258237838745
44 0.9949160218238831 8.807051248642997 3.347687244415283 2.0615811347961426 0.7419275045394897 1.6442054439216482 1.4226009845733643 1.5694421529769897
45 1.0068796873092651 8.80882362748284 3.3582496643066406 2.0738019943237305 0.7562852501869202 1.6424171052844219 1.4575260877609253 1.584612250328064
46 1.0130574703216553 8.799953844286817 3.369891881942749 2.0653202533721924 0.7517516016960144 1.644715446695585 1.4378833770751953 1.5698074102401733
47 0.9767475128173828 8.802554756991757 3.365947723388672 2.054337978363037 0.6986110806465149 1.6260330211690561 1.44621741771698 1.5463809967041016
48 0.9844111204147339 8.797163251087428 3.370181083679199 2.055405616760254 0.7058354020118713 1.6157420219169638 1.4499292373657227 1.5493159294128418
49 0.9850566983222961 8.80265640817494 3.363917827606201 2.069333791732788 0.7106882929801941 1.6219588784283097 1.4455901384353638 1.5622622966766357
50 0.9905476570129395 8.828286263669431 3.3657660484313965 2.080536365509033 0.7178168892860413 1.657334036348173 1.454478144645691 1.5781431198120117
51 1.0206294059753418 8.858464362821849 3.375293493270874 2.127108335494995 0.7553312182426453 1.6396457161042488 1.4816652536392212 1.6275509595870972
52 1.0130339860916138 8.862834550891975 3.370638370513916 2.0353991985321045 0.747973620891571 1.6171775846879435 1.445965051651001 1.4482330083847046
53 1.0141714811325073 8.86705151287839 3.37135648727417 2.0402233600616455 0.7465751767158508 1.5996093805791176 1.4438532590866089 1.4571188688278198
54 1.0145134925842285 8.86770650428902 3.372965097427368 2.2176942825317383 0.7469253540039063 1.6050941257861848 1.4600193500518799 1.6750410795211792
55 1.0137183666229248 8.867843961135085 3.3707947731018066 2.1475040912628174 0.7460438013076782 1.6053566595038002 1.4501622915267944 1.5996673107147217
56 1.0137184858322144 8.87702777915804 3.367384433746338 2.055445671081543 0.7460445165634155 1.6100156809089372 1.4344512224197388 1.4754458665847778
57 1.01799476146698 8.879091371240825 3.3669402599334717 2.062777042388916 0.7521227598190308 1.6072788130465245 1.4355186223983765 1.4829115867614746
58 1.011240005493164 8.867024932874955 3.367896556854248 2.067901372909546 0.74666428565979 1.6045117061929435 1.4387761354446411 1.4924756288528442
59 1.011814832687378 8.87110359568975 3.367614507675171 2.068190097808838 0.7484502792358398 1.6000030221426083 1.4380115270614624 1.4910746812820435
60 0.9814547896385193 8.879822030096024 3.3639073371887207 2.0522069931030273 0.7200267314910889 1.5813582395879704 1.4300698041915894 1.471619963645935
61 0.9810298085212708 8.878517262807494 3.3641908168792725 2.068356990814209 0.7198243141174316 1.592949839587554 1.4327342510223389 1.4898041486740112
62 0.9824859499931335 8.87676655063901 3.366086959838867 2.075439453125 0.7216020226478577 1.6023562614054472 1.442286491394043 1.4977844953536987
63 0.9828657507896423 8.876173938854468 3.3647406101226807 2.0776774883270264 0.7216811776161194 1.6096206971028957 1.4375747442245483 1.499519944190979
64 0.9828657507896423 8.883384622569048 3.3647406101226807 2.0776774883270264 0.7216811776161194 1.6136568308293051 1.4354832172393799 1.499519944190979
65 0.9802496433258057 8.882977574351363 3.3714542388916016 2.217874526977539 0.7171629667282104 1.6186473640055743 1.4672565460205078 1.7283188104629517
66 0.9802154302597046 8.883190830233127 3.3712480068206787 2.2160558700561523 0.7171133160591125 1.6191086240938317 1.4673367738723755 1.7282921075820923
67 0.9866188168525696 8.886850554866353 3.371800661087036 2.2147233486175537 0.7231422066688538 1.5885274419173103 1.4787591695785522 1.7275108098983765
68 0.9871693849563599 8.871356767584194 3.3721845149993896 2.2154629230499268 0.7241503596305847 1.582278828698053 1.4789619445800781 1.7283427715301514
69 0.9871693849563599 8.818333870129788 3.3721845149993896 2.2154629230499268 0.7241503596305847 1.5666464399057731 1.4779521226882935 1.7283427715301514
70 0.9871693849563599 8.85820179831063 3.3721845149993896 2.2154629230499268 0.7241503596305847 1.5899581546859332 1.4802958965301514 1.7283427715301514
71 0.9859278202056885 8.859101774543092 3.371680974960327 2.214949131011963 0.7215214371681213 1.5866103660128452 1.4708447456359863 1.7275288105010986
72 0.9873038530349731 8.859823225613527 3.375229835510254 2.303661823272705 0.7232398986816406 1.5855504798880173 1.487190842628479 1.8391817808151245
73 0.987488865852356 8.838014077779388 3.380470037460327 2.458216905593872 0.7237511873245239 1.5702379741101629 1.5087603330612183 1.8407171964645386
74 1.0002847909927368 8.839596426663864 3.383694887161255 2.470518112182617 0.7401148080825806 1.5737176161148394 1.5170263051986694 1.8571311235427856
75 1.002658724784851 8.840047876203656 3.384507179260254 2.47110915184021 0.7436777949333191 1.5774532853583763 1.5179576873779297 1.8576116561889648
76 0.9989444613456726 8.84016043658736 3.3840131759643555 2.470614433288574 0.7389111518859863 1.5743408400091783 1.5216917991638184 1.8572559356689453
77 0.9992069602012634 8.83938173956991 3.3855037689208984 2.4704136848449707 0.7391301393508911 1.576128725771053 1.520145058631897 1.8565810918807983
78 1.0032678842544556 8.840948913277854 3.3866055011749268 2.4722883701324463 0.7433041930198669 1.5744500988997239 1.5222792625427246 1.8587559461593628
79 0.9876847267150879 8.83370353733011 3.3802683353424072 2.4488637447357178 0.7238799929618835 1.6049474835557802 1.50426185131073 1.831199288368225
80 0.9936693906784058 8.832223243903256 3.382758617401123 2.456942081451416 0.7313142418861389 1.612506783925319 1.5097219944000244 1.8402765989303589
81 1.007879376411438 8.826207622471633 3.3857274055480957 2.4698026180267334 0.7509591579437256 1.6455956977318609 1.5204302072525024 1.8559529781341553
82 1.0081214904785156 8.826253767819193 3.3827502727508545 2.469852924346924 0.7513914108276367 1.6455571792386818 1.5230942964553833 1.85603666305542
83 1.0086499452590942 8.82669344102351 3.3831284046173096 2.4700191020965576 0.7523967027664185 1.6462031405808055 1.5235086679458618 1.855894684791565
84 1.0062181949615479 8.837911185807886 3.36653470993042 2.4693825244903564 0.7482501268386841 1.6510107592085028 1.4779703617095947 1.8552751541137695
85 1.0036782026290894 8.837277495516677 3.3612873554229736 2.467710018157959 0.7453311085700989 1.6527706769158825 1.470339298248291 1.853927731513977
86 0.9963452816009521 8.894559443904406 3.362036943435669 2.5031845569610596 0.7370437383651733 1.5722579616314316 1.4776053428649902 1.9768387079238892
87 0.9996150732040405 8.90229989392853 3.3656134605407715 2.44046950340271 0.7386546730995178 1.6268182008765495 1.4734517335891724 1.8753536939620972
88 1.02706778049469 8.929276088284658 3.3808274269104004 2.4606282711029053 0.7706368565559387 1.6177234318020806 1.4896290302276611 1.9051309823989868
89 1.0269287824630737 8.930257342261628 3.3819713592529297 2.460434675216675 0.7700186967849731 1.629744065971593 1.483056664466858 1.9051949977874756
90 1.0271186828613281 8.933152275174555 3.3823184967041016 2.4660496711730957 0.7695099711418152 1.6281886048997476 1.4846551418304443 1.9102754592895508
91 1.016035556793213 8.933185659204119 3.3785080909729004 2.4454100131988525 0.7549104690551758 1.605753204246202 1.476578950881958 1.883739948272705
92 1.0160552263259888 8.933166406144593 3.379215955734253 2.445416212081909 0.7549389600753784 1.6056039929416035 1.4756572246551514 1.883753776550293
93 1.0159845352172852 8.94047830602625 3.3742120265960693 2.423982858657837 0.7546812891960144 1.6124895079755406 1.455946683883667 1.7657630443572998
94 1.02016019821167 8.933558490126039 3.3755195140838623 2.4188523292541504 0.7576907873153687 1.6005370108501304 1.450653076171875 1.7615751028060913
95 1.014844298362732 8.940041758012454 3.3748648166656494 2.4179654121398926 0.750782310962677 1.6000380884239285 1.4494602680206299 1.7635594606399536
96 1.0141961574554443 8.939446848329855 3.3823306560516357 2.5285837650299072 0.7506139278411865 1.6003146758640003 1.4776265621185303 2.00710129737854
97 0.9956163763999939 8.91718208328901 3.374593496322632 2.499728202819824 0.7262523174285889 1.836418282755352 1.4873260259628296 1.9728150367736816
98 0.996152937412262 8.945386779808828 3.3759267330169678 2.4994046688079834 0.7278677821159363 1.810494323329482 1.4851770401000977 1.9698938131332397
99 0.9948176741600037 8.940124921952076 3.374781608581543 2.4989757537841797 0.7272793650627136 1.8202749688672026 1.484894871711731 1.9705159664154053
100 0.9945258498191833 8.939579289453766 3.378607988357544 2.4982845783233643 0.7267814874649048 1.8197881821080588 1.491783618927002 1.969994306564331
101 1.0001788139343262 8.925933877756593 3.3761188983917236 2.493736743927002 0.7369168996810913 1.7786370553086102 1.5033488273620605 1.9689587354660034
102 0.9947114586830139 8.923780702232433 3.3820996284484863 2.6704230308532715 0.7310118079185486 1.7821944630705064 1.5281312465667725 2.161750555038452
103 0.9963411688804626 8.942218164589043 3.385394334793091 2.6583375930786133 0.7284154295921326 1.7230894234784837 1.5215562582015991 2.1510956287384033
104 0.9946168065071106 8.942665087390957 3.3836910724639893 2.6594762802124023 0.7292309403419495 1.7197580550899643 1.5218274593353271 2.151106357574463
105 0.9944198727607727 8.953209837724868 3.381932258605957 2.658233404159546 0.7282368540763855 1.728814096064195 1.5181504487991333 2.149824619293213
106 1.0132352113723755 8.948255210386398 3.390436887741089 2.6774444580078125 0.7523439526557922 1.726316860922937 1.533756971359253 2.1724648475646973
107 1.0134608745574951 8.96339331261945 3.394772529602051 2.686466932296753 0.7523359060287476 1.8336140793792002 1.549297571182251 2.2218706607818604
108 1.0135934352874756 8.96339970437276 3.3957014083862305 2.7353031635284424 0.7523893117904663 1.8337149087430857 1.557849407196045 2.282336473464966
109 1.019384503364563 8.990620051787662 3.3910961151123047 2.707890272140503 0.7578803300857544 1.982746915376331 1.5735535621643066 2.2446203231811523
110 1.019384503364563 8.990620051787662 3.3910961151123047 2.707890272140503 0.7578803300857544 1.982746915376331 1.5735535621643066 2.2446203231811523
111 1.0179105997085571 8.985696614324223 3.3802316188812256 2.5261194705963135 0.7549596428871155 1.9876505678573466 1.5443296432495117 2.074801206588745
112 1.0017733573913574 8.975346030163648 3.3685193061828613 2.5080385208129883 0.7376563549041748 1.9166710384410566 1.5161442756652832 2.0511372089385986
113 0.9903271794319153 8.956508273900692 3.368082284927368 2.5083963871002197 0.7247678637504578 1.8541660209016644 1.5074228048324585 2.051408290863037
114 0.9895393252372742 8.95684080828038 3.3681750297546387 2.509082078933716 0.7246933579444885 1.8562192589438669 1.5069371461868286 2.0519378185272217
115 0.9865182638168335 8.951332639449301 3.365598201751709 2.500084161758423 0.7220432758331299 1.863094129952327 1.5052851438522339 2.0421793460845947
116 0.9853725433349609 8.951164512598101 3.3652985095977783 2.499152660369873 0.7201269268989563 1.8638389701879194 1.503862738609314 2.0416104793548584
117 0.9892787933349609 8.95105795001821 3.365659713745117 2.497999906539917 0.7249740362167358 1.8645764387026436 1.505440354347229 2.040262460708618
118 0.9894732236862183 8.965707495107452 3.3633434772491455 2.423710823059082 0.7254900932312012 1.8917756508920123 1.5001497268676758 1.9472111463546753
119 0.9877729415893555 8.960325556553462 3.362854242324829 2.4266650676727295 0.7247807383537292 1.8580776646900816 1.497492790222168 1.9506480693817139
120 0.9895902276039124 8.960616468555841 3.3628122806549072 2.4255869388580322 0.7254999876022339 1.8592501705098947 1.497824788093567 1.9495339393615723
121 1.0014841556549072 8.961129934776965 3.3645732402801514 2.4279890060424805 0.737759530544281 1.851295417955567 1.4996418952941895 1.9515262842178345
122 1.0128045082092285 8.967978706182512 3.3650128841400146 2.4532949924468994 0.7552180886268616 1.8403348294479422 1.5140023231506348 1.9763519763946533
123 0.9880353808403015 8.962291955367071 3.3557183742523193 2.424011707305908 0.726389467716217 1.8192207288106914 1.492174506187439 1.912299394607544
124 1.006274938583374 8.954300520069351 3.366392135620117 2.436967372894287 0.7513039112091064 1.805107825095004 1.5065006017684937 1.9284358024597168
125 1.0057451725006104 8.953365500353938 3.3738014698028564 2.602672815322876 0.750375509262085 1.8259909269986985 1.5312600135803223 2.1151483058929443
126 1.0206505060195923 8.950911610737238 3.3731603622436523 2.6169605255126953 0.7694496512413025 1.8552895892175276 1.5329736471176147 2.128988742828369
127 1.0097663402557373 8.92789392013831 3.366936206817627 2.6046910285949707 0.7538110017776489 1.8503586929716955 1.5157279968261719 2.1116724014282227
128 1.0124189853668213 8.923145049288523 3.35825252532959 2.421771287918091 0.7542888522148132 1.8501576250365421 1.474560022354126 1.907619833946228
129 1.0352871417999268 8.923126083815054 3.36912202835083 2.4353420734405518 0.7826021313667297 1.858071561280914 1.5017467737197876 1.9248753786087036
130 1.0312371253967285 8.924055149593658 3.3747963905334473 2.4156200885772705 0.7743039727210999 1.8374136090293065 1.4971234798431396 1.9036413431167603
131 1.031117558479309 8.924034740973399 3.375869035720825 2.4218645095825195 0.77420973777771 1.8373854444333615 1.5098387002944946 1.9096217155456543
132 1.0365002155303955 8.92446995702213 3.3791489601135254 2.4303994178771973 0.7811352610588074 1.8319616635452656 1.5176239013671875 1.9209064245224
133 1.0368092060089111 8.925042439547235 3.3742353916168213 2.429258108139038 0.7795984148979187 1.857078632841981 1.506162166595459 1.9194644689559937
134 1.0295250415802002 8.92135112485392 3.371582269668579 2.4219982624053955 0.7714043855667114 1.762960537705946 1.48027765750885 1.9119489192962646
135 1.0372717380523682 8.92045369856723 3.3755805492401123 2.4312045574188232 0.7805420756340027 1.7653204250852677 1.4876153469085693 1.9239422082901
136 1.0339984893798828 8.929490048964675 3.3756377696990967 2.428290843963623 0.7772454619407654 1.7846600437083526 1.4902398586273193 1.9194632768630981
137 1.0350513458251953 8.925440886859308 3.3778250217437744 2.4298458099365234 0.780389130115509 1.7924309040759216 1.4977561235427856 1.9208844900131226
138 1.0353338718414307 8.930098563005238 3.3779070377349854 2.434664011001587 0.7789376974105835 1.7695295614063578 1.5081641674041748 1.9260621070861816
139 1.0347570180892944 8.929567577568948 3.37343692779541 2.354175329208374 0.7797152996063232 1.7689486386862898 1.4967763423919678 1.8443228006362915
140 1.0869150161743164 8.930404672273145 3.4198598861694336 2.3691565990448 0.8347873687744141 1.774592530080574 1.5845067501068115 1.8596587181091309
141 1.089392900466919 8.9345650109005 3.423539876937866 2.3631985187530518 0.8415973782539368 1.7816784689374952 1.5905437469482422 1.8552953004837036
142 1.1134690046310425 8.951371753590601 3.453403949737549 2.392691135406494 0.8711525797843933 1.7864987849025145 1.6640686988830566 1.8891196250915527
143 1.1144754886627197 8.9512563731069 3.4523487091064453 2.390659809112549 0.8716984987258911 1.7809573103437188 1.661561369895935 1.8873695135116577
144 1.0994820594787598 8.948209394219095 3.4482827186584473 2.373248815536499 0.8547470569610596 1.8036961677018268 1.6540838479995728 1.8604620695114136
145 1.0676476955413818 8.953335583105277 3.4331138134002686 2.335966110229492 0.816633939743042 1.779176810652902 1.6281791925430298 1.8172858953475952
146 1.0706475973129272 8.93244963045862 3.4374969005584717 2.335878610610962 0.8210520148277283 1.743603621959781 1.6317470073699951 1.8177990913391113
147 1.1186178922653198 8.9830076624438 3.445444107055664 2.379539966583252 0.8797149062156677 1.9130045764730037 1.6702786684036255 1.8648810386657715
148 1.119157314300537 8.983135160341899 3.4458162784576416 2.3781957626342773 0.8803957104682922 1.9136452972980524 1.6713155508041382 1.863043189048767
149 1.1260652542114258 8.98580518139896 3.443728446960449 2.3052797317504883 0.8879086971282959 1.9153889851674664 1.6611709594726563 1.7666099071502686
150 1.1241998672485352 8.98626559218122 3.440540313720703 2.3053901195526123 0.887378990650177 1.9140041777025272 1.656041145324707 1.766136646270752
151 1.1244983673095703 8.979114564665464 3.4363622665405273 2.303865671157837 0.8860601782798767 1.9061624278710387 1.646253228187561 1.7646539211273193
152 1.1048492193222046 8.990397672576872 3.4227347373962402 2.2785465717315674 0.8636032342910767 1.8931817165681983 1.6195259094238281 1.7407646179199219
153 1.1052546501159668 8.998762519699085 3.423384428024292 2.28448486328125 0.86484694480896 1.8986903535120159 1.6205569505691528 1.7477818727493286
154 1.110320806503296 9.00388925036814 3.4265317916870117 2.2885169982910156 0.870185375213623 1.9019230115064218 1.6269967555999756 1.7546310424804688
155 1.1080150604248047 9.003946618613927 3.4264018535614014 2.2876336574554443 0.868229866027832 1.8976579671779126 1.6256911754608154 1.753602385520935
156 1.1179840564727783 9.006921041401876 3.433722972869873 2.29379940032959 0.8774844408035278 1.915411499370673 1.636951208114624 1.7614566087722778
157 1.1175860166549683 8.994505770341632 3.4282920360565186 2.2936573028564453 0.8767849802970886 1.7890658256304477 1.6115180253982544 1.7612842321395874
158 1.0964574813842773 9.025363434501218 3.4201974868774414 2.2913684844970703 0.8520395755767822 1.733095935350688 1.5850952863693237 1.7574015855789185
159 1.0998144149780273 9.0189456412903 3.4241042137145996 2.295693874359131 0.8564063310623169 1.7465199647439027 1.592200756072998 1.7647887468338013
160 1.0998144149780273 9.015180737658595 3.4241042137145996 2.295693874359131 0.8564063310623169 1.7587867750283352 1.5934725999832153 1.7647887468338013
161 1.1108630895614624 9.017111568635805 3.4286582469940186 2.303957223892212 0.8663382530212402 1.8139785895689065 1.6001628637313843 1.7748067378997803
162 1.0722235441207886 8.991567542903647 3.416346311569214 2.281970977783203 0.8280128836631775 1.855872295280784 1.587458848953247 1.7468985319137573
163 1.0698591470718384 8.999672466829866 3.415823459625244 2.2595081329345703 0.8253728151321411 1.8474352337850344 1.5744050741195679 1.7213244438171387
164 1.0695602893829346 8.998505035619706 3.401323080062866 2.2426657676696777 0.8251197934150696 1.8490997724244789 1.5267524719238281 1.6939646005630493
165 1.0679649114608765 8.999086317044943 3.3996708393096924 2.243236541748047 0.8238177299499512 1.848035204058871 1.5242741107940674 1.6943808794021606
166 1.060449242591858 8.99901793841438 3.391613721847534 2.241086721420288 0.8133413791656494 1.841686011093775 1.5071393251419067 1.6942304372787476
167 1.0606428384780884 8.995652253766613 3.3912243843078613 2.232149600982666 0.8100743293762207 1.9017207980440947 1.5158534049987793 1.6853679418563843
168 1.0597020387649536 8.997173696275736 3.388920545578003 2.2321255207061768 0.808906614780426 1.8925686818585963 1.5276693105697632 1.6853359937667847
169 1.0623664855957031 8.99555363238214 3.389237880706787 2.1771934032440186 0.8104270100593567 1.900512114091581 1.5234678983688354 1.6095269918441772
170 1.0567036867141724 9.002235384672765 3.3904330730438232 2.201345682144165 0.8061848878860474 1.9061458471358308 1.5305068492889404 1.6313596963882446
171 1.087910771369934 8.994349725714336 3.437173366546631 2.2546510696411133 0.8475215435028076 1.9182339859478097 1.6391271352767944 1.7015024423599243
172 1.0790441036224365 8.998286808014281 3.4363718032836914 2.2446348667144775 0.8387320041656494 1.9084288054053518 1.6383638381958008 1.689461350440979
173 1.0920242071151733 8.99621559220111 3.4369330406188965 2.2522566318511963 0.848276674747467 1.9047425536566687 1.6446199417114258 1.6997044086456299
174 1.095420241355896 8.99777034771083 3.418262243270874 2.2438552379608154 0.8523659110069275 1.8991341551866134 1.5971858501434326 1.6885547637939453
175 1.1019495725631714 9.002923182434518 3.4173669815063477 2.2522757053375244 0.858963131904602 1.899924040117966 1.5864167213439941 1.6998870372772217
176 1.1027281284332275 9.04377865013716 3.416949987411499 2.2536375522613525 0.860199511051178 1.9469637632645342 1.5924307107925415 1.7010358572006226
177 1.0926333665847778 9.051150327544685 3.4093594551086426 2.2436206340789795 0.8430059552192688 1.9518702358788464 1.5747638940811157 1.6880738735198975
178 1.0934348106384277 9.011118318857575 3.406256914138794 2.2447385787963867 0.8432137966156006 1.8682333855924347 1.5240767002105713 1.6888692378997803
179 1.1061660051345825 9.197481977737564 3.406710624694824 2.2446060180664063 0.8541330099105835 2.1576109779095582 1.5646291971206665 1.6870888471603394
180 1.1061872243881226 9.144923477390067 3.4070379734039307 2.244588851928711 0.854092001914978 1.9801990501973514 1.5341593027114868 1.6870827674865723
181 1.0977298021316528 9.142671668456032 3.40281343460083 2.2375102043151855 0.8440085649490356 1.9857097433953348 1.52814781665802 1.6768165826797485
182 1.094419240951538 9.149678277167377 3.397871494293213 2.238543748855591 0.8408548831939697 1.96891703244092 1.5204116106033325 1.6771595478057861
183 1.0919173955917358 9.153813953202091 3.4013800621032715 2.2361819744110107 0.8393232226371765 1.9341877564251706 1.52456796169281 1.6734867095947266
184 1.0868273973464966 9.138449830051401 3.397641181945801 2.228365659713745 0.8327758312225342 1.9269984917253584 1.521017074584961 1.6611720323562622
185 1.081065058708191 9.139590798894885 3.395922899246216 2.2318384647369385 0.8263742327690125 1.9158489053874501 1.5176702737808228 1.665854573249817
186 1.0765900611877441 9.139451745416974 3.395263433456421 2.2274088859558105 0.8224992752075195 1.9136600085070274 1.5166724920272827 1.6598840951919556
187 1.0753895044326782 9.13049781465888 3.392951011657715 2.21881103515625 0.8217078447341919 1.9180728246004632 1.5471709966659546 1.660492181777954
188 1.0791890621185303 9.125252191846398 3.394432306289673 2.2251291275024414 0.8263583779335022 1.937092758894261 1.5484527349472046 1.6692951917648315
189 1.0791887044906616 9.126388662144 3.3944880962371826 2.2251298427581787 0.8263576626777649 1.9405939346296741 1.5488665103912354 1.6692951917648315
190 1.0893498659133911 9.13138145692176 3.399707794189453 2.2413644790649414 0.8389350175857544 1.9113124766438125 1.5556546449661255 1.6890983581542969
191 1.0794453620910645 9.12919263340805 3.392915964126587 2.2292773723602295 0.8269907832145691 1.9345190042239724 1.5514144897460938 1.6748311519622803
192 1.0905354022979736 9.177059976734707 3.418915271759033 2.2262964248657227 0.8427987098693848 2.003628942447276 1.6153993606567383 1.6706780195236206
193 1.0889524221420288 9.177559561614341 3.4223408699035645 2.2271153926849365 0.8410213589668274 2.0015180960153516 1.6208821535110474 1.6719253063201904
194 1.0891621112823486 9.183925549044824 3.4227535724639893 2.227365255355835 0.8411833047866821 1.9825011788804008 1.6197010278701782 1.6721736192703247
195 1.0901552438735962 9.181489316952202 3.451845169067383 2.296199083328247 0.8442414402961731 1.9847180901428247 1.6974554061889648 1.8057221174240112
196 1.0890520811080933 9.187121052939256 3.4518494606018066 2.2925751209259033 0.8442898988723755 1.996703438990469 1.7038404941558838 1.7978084087371826
197 1.0889614820480347 9.194985032589356 3.4516589641571045 2.2926411628723145 0.844051718711853 2.0272207463980663 1.7041356563568115 1.7978379726409912
198 1.0488250255584717 9.211496245136235 3.4340901374816895 2.2607083320617676 0.8008928298950195 2.033032198291034 1.6640279293060303 1.7593615055084229
199 1.0737767219543457 9.208888307928685 3.447720766067505 2.2936246395111084 0.8298539519309998 2.0403897156004493 1.691131591796875 1.799764633178711
200 1.0735251903533936 9.208626076152921 3.447214126586914 2.2935376167297363 0.8291631937026978 2.0440099870128186 1.6890443563461304 1.798789381980896
201 1.0735251903533936 9.154731743946593 3.447078227996826 2.2935376167297363 0.8291631937026978 1.8829439905024772 1.6708433628082275 1.798789381980896
202 1.073525309562683 9.158956074751261 3.446258783340454 2.2935376167297363 0.8291631937026978 1.8581605849244698 1.6730722188949585 1.798789381980896
203 1.0664879083633423 9.161450032163803 3.445920467376709 2.294412136077881 0.8236058354377747 1.8594145592843159 1.6736576557159424 1.800149917602539
204 1.065390706062317 9.155090473980211 3.445823907852173 2.2945990562438965 0.8224619030952454 1.8671104067828501 1.6688412427902222 1.8000632524490356
205 1.0685229301452637 9.154832630268935 3.4480395317077637 2.300154685974121 0.826400101184845 1.8699480322782183 1.671797275543213 1.8069745302200317
206 1.0699002742767334 9.155375692361615 3.449746608734131 2.3016414642333984 0.8274468183517456 1.8683885437110161 1.6790653467178345 1.8082911968231201
207 1.0699132680892944 9.193381362131149 3.4492738246917725 2.291825532913208 0.8270836472511292 1.8812424653952098 1.680748701095581 1.8003063201904297
208 1.0632755756378174 9.205477665280705 3.4486801624298096 2.2957522869110107 0.8139763474464417 2.0187147695961105 1.6856532096862793 1.8072881698608398
209 1.058081865310669 9.206526393606504 3.4448375701904297 2.2898333072662354 0.8089236617088318 2.0300147609033656 1.678831696510315 1.7994788885116577
210 1.0580329895019531 9.21127405686973 3.4465928077697754 2.2897908687591553 0.8088699579238892 2.025912969882829 1.67970871925354 1.7994253635406494
211 1.0585576295852661 9.210606963209482 3.449315071105957 2.306680917739868 0.80937260389328 2.0253734627625986 1.682621955871582 1.8188003301620483
212 1.0236588716506958 9.210457603520782 3.422741413116455 2.2651710510253906 0.7657296657562256 2.0444962119889465 1.6329609155654907 1.7668426036834717
213 1.018883228302002 9.209778426811514 3.4197027683258057 2.2664296627044678 0.7607550621032715 2.031564500104927 1.625023603439331 1.7682245969772339
214 1.0182228088378906 9.211313601555034 3.419496774673462 2.2660510540008545 0.7600138187408447 2.023924739467419 1.6268322467803955 1.7677090167999268
215 1.0286219120025635 9.211665511457603 3.4240317344665527 2.2879953384399414 0.7748826742172241 2.034689037714621 1.6297870874404907 1.7952637672424316
216 1.026641607284546 9.208758936576512 3.4225027561187744 2.318118095397949 0.7715644836425781 2.043220759563332 1.621902346611023 1.8146626949310303
217 1.021304726600647 9.210468521349162 3.419707775115967 2.2854819297790527 0.7674422264099121 2.00038210560467 1.6140315532684326 1.788208246231079
218 1.01544988155365 9.197856018955983 3.418112277984619 2.2763378620147705 0.7626038193702698 1.9837179402158938 1.6102700233459473 1.778611421585083
219 1.0153042078018188 9.151127857374934 3.4183125495910645 2.2758474349975586 0.7621105909347534 1.913721105061529 1.601952075958252 1.7781567573547363
220 1.026053547859192 9.161929403661182 3.4240291118621826 2.292414903640747 0.7725525498390198 1.9223352711507002 1.6150619983673096 1.796943187713623
221 1.0325002670288086 9.155315039296967 3.4317667484283447 2.2963767051696777 0.7795553803443909 1.9608056111446104 1.6362063884735107 1.8047276735305786
222 1.0497997999191284 9.17791874622983 3.439255952835083 2.3160150051116943 0.799061119556427 1.9432657190357066 1.6521588563919067 1.8283153772354126
223 1.0345656871795654 9.180085786160435 3.4327666759490967 2.3010292053222656 0.7803597450256348 1.9380542443658573 1.6402842998504639 1.8084989786148071
224 1.0240726470947266 9.201822463735166 3.430509090423584 2.2987890243530273 0.7679769396781921 1.9263440901758875 1.6302380561828613 1.806303858757019
225 1.021397590637207 9.202474466141297 3.4286558628082275 2.2945847511291504 0.7657586336135864 1.9282299244620347 1.6257762908935547 1.8011516332626343
226 1.0201929807662964 9.202802941002604 3.43152117729187 2.321215867996216 0.7665200233459473 1.9269858664230477 1.6214969158172607 1.8393288850784302
227 1.046927809715271 9.168748098204402 3.454979419708252 2.344764471054077 0.8029839396476746 1.9530093936367856 1.672540545463562 1.866297721862793
228 1.0729601383209229 9.167712601877563 3.4686765670776367 2.3826730251312256 0.8343818783760071 1.9656578947678347 1.6976714134216309 1.9132388830184937
229 1.058810830116272 9.163698443333077 3.4443750381469727 2.3786840438842773 0.8130362033843994 1.9751365691776106 1.6393773555755615 1.9091347455978394
230 1.0538318157196045 9.155089934942074 3.441697359085083 2.352358102798462 0.8013444542884827 1.9882231114285693 1.6483197212219238 1.8809130191802979
231 1.0499708652496338 9.157151422478735 3.4355063438415527 2.377638816833496 0.798220694065094 1.9937598505087177 1.6415363550186157 1.9096306562423706
232 1.0560137033462524 9.12820261743161 3.443286418914795 2.379878520965576 0.8075129985809326 2.0188975120219865 1.6629290580749512 1.9125162363052368
233 1.0606764554977417 9.128192423958273 3.45119571685791 2.3828375339508057 0.8133332133293152 2.023806722817891 1.6712881326675415 1.9161579608917236
234 1.0620245933532715 9.129399363296493 3.4631025791168213 2.383366346359253 0.8206964731216431 1.9890812140592813 1.6854066848754883 1.9171137809753418
235 1.0489128828048706 9.057305517143519 3.4506866931915283 2.3466413021087646 0.8036168813705444 1.8029217106147368 1.6382362842559814 1.8766428232192993
236 1.052214503288269 9.054920696607045 3.451558828353882 2.2971343994140625 0.8078876733779907 1.8029791340232821 1.6320767402648926 1.8094027042388916
237 1.052214503288269 9.111434391009302 3.4531290531158447 2.3301339149475098 0.8078876733779907 1.790903996256362 1.636918067932129 1.8542715311050415
238 1.0525833368301392 9.11151645741753 3.450779676437378 2.3406741619110107 0.807650625705719 1.8039798307166381 1.6335058212280273 1.867187261581421
239 1.064347267150879 9.103573133563321 3.45548415184021 2.3430068492889404 0.8190674185752869 1.7236523948682534 1.6437618732452393 1.8723307847976685
240 1.0646580457687378 9.113801856179215 3.4521923065185547 2.339527130126953 0.8179614543914795 1.761164177084933 1.6431045532226563 1.8686623573303223
241 1.104816198348999 9.191790190924504 3.467262029647827 2.35825514793396 0.8620628118515015 1.9236709149453477 1.6866098642349243 1.8893070220947266
242 1.104816198348999 9.191790190924504 3.4669690132141113 2.3575551509857178 0.8620628118515015 1.9236709149453477 1.695884346961975 1.8882722854614258
243 1.0681754350662231 9.153136782421758 3.472231864929199 2.382312774658203 0.8160788416862488 1.9285002819888275 1.6986039876937866 1.9128061532974243
244 1.0687001943588257 9.153002323595345 3.4727814197540283 2.3818750381469727 0.8165003657341003 1.9259846529041142 1.6988099813461304 1.9119504690170288
245 1.0728609561920166 9.154271287758693 3.4668784141540527 2.3962326049804688 0.821550190448761 1.849189893019659 1.6779459714889526 1.9254348278045654
246 1.0676900148391724 9.111420617408882 3.47009539604187 2.386874198913574 0.8156303763389587 1.7874564113008604 1.6797558069229126 1.9152534008026123
247 1.0677568912506104 9.084453462199015 3.4695708751678467 2.386932611465454 0.8157898783683777 1.8151022941310135 1.6817797422409058 1.915418267250061
248 1.0659505128860474 9.144646515899435 3.4671647548675537 2.3872714042663574 0.813707709312439 1.9341844715037344 1.6901803016662598 1.9157921075820923
249 1.0639773607254028 9.14579276579193 3.4682188034057617 2.3892576694488525 0.8133322596549988 1.936423856102105 1.691969633102417 1.9180151224136353
250 1.0648036003112793 9.11792930738388 3.4538495540618896 2.3827011585235596 0.8137024641036987 1.9789730117868287 1.6875274181365967 1.9076004028320313
251 1.0378135442733765 9.099477597489786 3.4437592029571533 2.3606128692626953 0.7891712784767151 1.9644821313124319 1.668730616569519 1.8817847967147827
252 1.0495624542236328 9.08753195683108 3.440086603164673 2.3688337802886963 0.7992331385612488 1.9279240786786096 1.659631609916687 1.887800693511963
253 1.0809043645858765 9.076124639516502 3.462557554244995 2.3971757888793945 0.841370165348053 1.9571721394295905 1.707291603088379 1.922342300415039
254 1.0837632417678833 9.082634524982742 3.4635074138641357 2.408231258392334 0.8468799591064453 1.958850606223159 1.7099941968917847 1.938791275024414
255 1.0760856866836548 9.077044784819737 3.4627485275268555 2.3968353271484375 0.8349714875221252 1.9699417197201055 1.70680570602417 1.9267736673355103
256 1.0762968063354492 9.076895362772774 3.4633848667144775 2.396963357925415 0.8354208469390869 1.968650867400412 1.7119864225387573 1.9269758462905884
257 1.0962125062942505 9.06113395541765 3.4743237495422363 2.4040095806121826 0.8532294034957886 1.9619569941301016 1.7326768636703491 1.9367583990097046
258 1.0555315017700195 9.049927220446204 3.4580821990966797 2.410212993621826 0.8081904053688049 1.9440887345521258 1.7058322429656982 1.9415230751037598
259 1.0755701065063477 9.051075870890644 3.4464869499206543 2.4508516788482666 0.8337590098381042 2.0069170786047117 1.663165807723999 1.9911991357803345
260 1.0622154474258423 9.051131225669515 3.4492852687835693 2.522768020629883 0.8187993168830872 1.9992239279999855 1.6556882858276367 1.9710338115692139
261 1.0612303018569946 9.054147232070266 3.4557228088378906 2.5255069732666016 0.8176766037940979 2.0340950087319576 1.6998399496078491 1.9731258153915405
262 1.061337947845459 9.032028751224415 3.456725597381592 2.5254194736480713 0.8177366256713867 1.868308194266893 1.6766293048858643 1.9730503559112549
263 1.0479509830474854 9.014408274761912 3.450655698776245 2.514075756072998 0.797919750213623 1.9149089737865388 1.6638487577438354 1.9585859775543213
264 1.0396429300308228 9.069638328977291 3.44527530670166 2.5028438568115234 0.7874399423599243 1.9656880725340644 1.65863835811615 1.9451535940170288
265 1.0386278629302979 9.050778787193922 3.443263530731201 2.495785713195801 0.7821188569068909 1.9074634349414297 1.655091643333435 1.9375393390655518
266 1.0273879766464233 9.044690317547163 3.436032295227051 2.4921133518218994 0.7675906419754028 1.9343248044171966 1.6378170251846313 1.9354941844940186
267 1.0290788412094116 9.056541126237057 3.433211088180542 2.5000417232513428 0.768310546875 1.9150844818804613 1.6253713369369507 1.9068571329116821
268 1.0159528255462646 9.060248589714574 3.434417963027954 2.4427266120910645 0.7510437965393066 1.8887902675571486 1.625657558441162 1.8434948921203613
269 1.0136444568634033 9.159475891545261 3.433079242706299 2.440167188644409 0.748135507106781 1.997215597904901 1.6353890895843506 1.8400779962539673
270 1.0408331155776978 9.147158655138005 3.44897198677063 2.481005907058716 0.7815998792648315 1.9959017414896862 1.6611703634262085 1.8872076272964478
271 1.042851448059082 9.144527330383918 3.4437482357025146 2.4140031337738037 0.7839078903198242 2.0023290663437074 1.640137791633606 1.8277218341827393
272 1.0455275774002075 9.147355365017322 3.4467170238494873 2.4160823822021484 0.7869750261306763 1.9954498146340538 1.645154595375061 1.831559181213379
273 1.0455702543258667 9.147370431898802 3.440045118331909 2.2272465229034424 0.7870776653289795 1.9955319964482856 1.6316746473312378 1.702208399772644
274 1.0416196584701538 9.14250343413059 3.439728021621704 2.2232367992401123 0.7816815972328186 2.0053816532467263 1.6310148239135742 1.6981534957885742
275 1.0411347150802612 9.157072911711005 3.439939022064209 2.231066942214966 0.7809392213821411 2.0341696368258515 1.63775634765625 1.7022150754928589
276 1.046877145767212 9.159808151320982 3.4403395652770996 2.2372069358825684 0.7868959903717041 2.034161098005814 1.6187591552734375 1.709271788597107
277 1.046677827835083 9.134171866323921 3.440284013748169 2.237236738204956 0.7866542935371399 1.8898537145552339 1.6039183139801025 1.7093058824539185
278 1.0526111125946045 9.139771844546708 3.4526541233062744 2.236631393432617 0.7962751388549805 1.899575583643003 1.6273109912872314 1.7086125612258911
279 1.0519933700561523 9.130645858957893 3.4472663402557373 2.231708526611328 0.7941126227378845 1.9153574341562365 1.6245651245117188 1.7026629447937012
280 1.0406982898712158 9.119724397980713 3.4439167976379395 2.4138665199279785 0.776595950126648 1.9178413648091956 1.6196908950805664 1.8600188493728638
281 1.048041820526123 9.116103939697847 3.444455623626709 2.424846649169922 0.7870598435401917 1.9279300083678408 1.6209070682525635 1.888809084892273
282 1.0480529069900513 9.116104268467527 3.443089246749878 2.4248454570770264 0.7870784401893616 1.927913965990157 1.6267999410629272 1.888807773590088
283 1.0365097522735596 9.12500889092564 3.441288709640503 2.4143073558807373 0.7754891514778137 1.9126446359071605 1.6175634860992432 1.8749442100524902
284 1.0383342504501343 9.12302185303825 3.44417142868042 2.5174553394317627 0.7780511379241943 1.9127752440132013 1.6407420635223389 2.0221798419952393
285 1.02715003490448 9.123712087259868 3.4402451515197754 2.503291368484497 0.7641048431396484 1.9164350462525017 1.6343262195587158 2.0061495304107666
286 1.0279734134674072 9.12622105214826 3.447155237197876 2.503347158432007 0.765290379524231 1.9154368312162935 1.649483561515808 2.0062925815582275
287 1.0183966159820557 9.123025527750707 3.445436477661133 2.4895882606506348 0.7550758719444275 1.8924653841658168 1.6420117616653442 1.9906282424926758
288 0.9978722929954529 9.122590575149948 3.4377682209014893 2.453179359436035 0.7304280996322632 1.889709854467132 1.627210259437561 1.9461333751678467
289 0.99761962890625 9.135131152413583 3.4374868869781494 2.4522154331207275 0.7297792434692383 1.851299270085241 1.6227086782455444 1.945397973060608
290 0.997850239276886 9.135790431662352 3.4374654293060303 2.452681541442871 0.7302185297012329 1.8545976865033034 1.6230555772781372 1.9458614587783813
291 0.9976136684417725 9.134134363094985 3.4453253746032715 2.5669617652893066 0.7302321791648865 1.8428769899276052 1.6519362926483154 2.060534954071045
292 0.9961433410644531 9.139605986219811 3.441218614578247 2.5657925605773926 0.7265749573707581 1.8258837681195161 1.641458511352539 2.0581467151641846
293 0.9961433410644531 9.139605986219811 3.441218614578247 2.5657925605773926 0.7265749573707581 1.8258837681195161 1.641458511352539 2.0581467151641846
294 0.9990328550338745 9.105136283455915 3.444143772125244 2.5734376907348633 0.729543149471283 1.8901389158444688 1.6530348062515259 2.067182779312134
295 1.0001022815704346 9.106139877550014 3.443772792816162 2.5737030506134033 0.7303571105003357 1.896073823568021 1.65321946144104 2.067718029022217
296 1.0016738176345825 9.108074228964057 3.4436161518096924 2.551813840866089 0.7327011823654175 1.9069717547864742 1.6567069292068481 2.0645220279693604
297 0.999057948589325 9.10460771664145 3.430267333984375 2.426727533340454 0.7294694185256958 1.9099547755893163 1.6235785484313965 1.9439126253128052
298 1.0058865547180176 9.091951432440567 3.435201644897461 2.4384050369262695 0.7398440837860107 1.8985338235468945 1.630232334136963 1.952621340751648
299 1.0064733028411865 9.115173208690978 3.4309775829315186 2.4375600814819336 0.7404136061668396 1.770138083047342 1.6055893898010254 1.9498111009597778
300 1.0078431367874146 9.139193175479976 3.431550979614258 2.442523241043091 0.741733968257904 1.9467793975292957 1.631130337715149 1.9556275606155396
301 1.0123142004013062 9.138840105241382 3.429288148880005 2.456726551055908 0.7480645775794983 1.9093486225621021 1.6327383518218994 1.9737128019332886
302 1.0099536180496216 9.157794899324484 3.428406000137329 2.281555652618408 0.7522588968276978 1.9376862626635736 1.620937705039978 1.8315774202346802
303 1.007905125617981 9.159826067908407 3.429065465927124 2.2733511924743652 0.749835729598999 1.9252787006220713 1.6222381591796875 1.8218988180160522
304 1.0073152780532837 9.164213724463785 3.431589126586914 2.287811756134033 0.7444800734519958 1.9189883603868585 1.6167470216751099 1.8334542512893677
305 1.0081881284713745 9.167955360876698 3.4370572566986084 2.363661289215088 0.7453578114509583 1.9205705081842503 1.6397045850753784 1.899476170539856
306 1.0087069272994995 9.163921918495536 3.4368791580200195 2.369906425476074 0.7461195588111877 1.887447261046225 1.643588662147522 1.9052157402038574
307 1.0089060068130493 9.164236622031499 3.4368391036987305 2.3701231479644775 0.7466365694999695 1.887906490912372 1.6435461044311523 1.9054383039474487
308 1.008668065071106 9.164259966417386 3.43686580657959 2.369328498840332 0.7463620901107788 1.8879293798523697 1.6323405504226685 1.9045205116271973
309 1.008259892463684 9.163583683991614 3.4370110034942627 2.370257616043091 0.7459173202514648 1.8823325313598873 1.6324971914291382 1.9057505130767822
310 1.0114327669143677 9.161600643121016 3.438417911529541 2.3749630451202393 0.7484073638916016 1.895630532129737 1.627752661705017 1.9132405519485474
311 1.0124309062957764 9.173589637593828 3.439330577850342 2.37839674949646 0.7494968771934509 1.9288660315357962 1.633200764656067 1.9178403615951538
312 1.0055510997772217 9.173372248984595 3.428145408630371 2.371764898300171 0.7410690784454346 1.9281612801486552 1.6022019386291504 1.9103424549102783
313 1.0089225769042969 9.120153799528751 3.429227590560913 2.380441188812256 0.7424136400222778 1.8631849264352833 1.598827600479126 1.9202327728271484
314 1.0147583484649658 9.118749988915205 3.4323227405548096 2.3793818950653076 0.7479921579360962 1.8508295067353637 1.6003645658493042 1.9193644523620605
315 1.0150035619735718 9.134364998422337 3.4318788051605225 2.379554510116577 0.7482042908668518 1.8711252959824418 1.6099196672439575 1.9195654392242432
316 1.0210498571395874 9.13762679774427 3.4396791458129883 2.3812806606292725 0.7552067041397095 1.8578077871796876 1.6220378875732422 1.9210386276245117
317 1.0221866369247437 9.143214609718965 3.441765308380127 2.3810853958129883 0.7556803822517395 1.8622709350338462 1.6258556842803955 1.9210683107376099
318 1.0125290155410767 9.143647579169858 3.435393810272217 2.3694562911987305 0.7428533434867859 1.8667000708659955 1.613993763923645 1.9081884622573853
319 1.014906406402588 9.14192419670349 3.435509443283081 2.3678834438323975 0.7443881034851074 1.8625092562533332 1.6181484460830688 1.9066718816757202
320 1.015122413635254 9.13747160192281 3.4355785846710205 2.367806911468506 0.744569718837738 1.8614231818801499 1.618212342262268 1.9066039323806763
321 1.0185004472732544 9.151231498755001 3.4347782135009766 2.3720762729644775 0.7484147548675537 1.8647876679807427 1.6141283512115479 1.9110051393508911
322 1.0176829099655151 9.130454074749998 3.435762643814087 2.3727221488952637 0.7470439672470093 1.8262304712521347 1.6079037189483643 1.911723256111145
323 1.0265388488769531 9.127771609605796 3.4389443397521973 2.3944756984710693 0.7587532997131348 1.8250118282011885 1.6167091131210327 1.9353663921356201
324 1.028411626815796 9.111661174825551 3.4399852752685547 2.3959314823150635 0.7606817483901978 1.7910248120263106 1.6147027015686035 1.9374510049819946
325 1.0286763906478882 9.110781580003657 3.4399890899658203 2.3952972888946533 0.7613523602485657 1.790983056317109 1.614855170249939 1.9372210502624512
326 1.031868577003479 9.120924488865853 3.4397239685058594 2.4000322818756104 0.7626988887786865 1.8138192541018214 1.616270899772644 1.9430029392242432
327 1.030395269393921 9.122407988021342 3.43479061126709 2.326432943344116 0.7612450122833252 1.821138829596088 1.5956239700317383 1.8820117712020874
328 1.0240330696105957 9.12337883374699 3.439913511276245 2.3958396911621094 0.7576238512992859 1.8383575826834815 1.6205594539642334 1.9406615495681763
329 1.0215494632720947 9.202646712961412 3.4405412673950195 2.4127652645111084 0.7532197833061218 1.9123213527700396 1.6307401657104492 1.9578973054885864
330 1.022569179534912 9.264860847234008 3.4411580562591553 2.412607192993164 0.754985511302948 2.0231897500209493 1.6445201635360718 1.9573338031768799
331 1.0110687017440796 9.23996521706516 3.432786703109741 2.3849260807037354 0.7389806509017944 2.0398990099002847 1.628098964691162 1.92608642578125
332 1.0201148986816406 9.236278356604853 3.4329214096069336 2.3881728649139404 0.7460920810699463 2.032039030639933 1.62722909450531 1.9309748411178589
333 1.0162204504013062 9.240397162745177 3.4315903186798096 2.3897480964660645 0.7425153851509094 1.9982462313045681 1.6191654205322266 1.9318903684616089
334 1.016602873802185 9.238887206480673 3.430399179458618 2.3897459506988525 0.743126630783081 2.006488425174956 1.6099519729614258 1.931801438331604
335 1.016602873802185 9.243230196847074 3.430399179458618 2.3897459506988525 0.743126630783081 1.9947829332154476 1.6085808277130127 1.931801438331604
336 1.016546607017517 9.24330259370182 3.429720401763916 2.3897933959960938 0.7431437373161316 1.995626128595851 1.6154115200042725 1.9318599700927734
337 1.0283180475234985 9.244039393183474 3.434187173843384 2.4050981998443604 0.7560309767723083 2.00380351388223 1.616817593574524 1.9506100416183472
338 1.0208745002746582 9.241837012624794 3.4331445693969727 2.400360584259033 0.7471296191215515 2.0041409021250094 1.615209698677063 1.9456391334533691
339 1.0220794677734375 9.241767124229717 3.433568239212036 2.4016292095184326 0.7483527064323425 2.0055640519261004 1.6161036491394043 1.9471491575241089
340 1.029101014137268 9.253188972807916 3.434995174407959 2.408296585083008 0.7566978931427002 2.0155782368721256 1.6208012104034424 1.9541380405426025
341 1.0294198989868164 9.25338632793135 3.4359121322631836 2.4109275341033936 0.7567138671875 2.014510057245754 1.6220834255218506 1.9567615985870361
342 1.028818964958191 9.254197558536664 3.4355688095092773 2.4111807346343994 0.7561534643173218 2.0183893326023634 1.6200828552246094 1.957127332687378
343 1.0234462022781372 9.254528302371128 3.43550181388855 2.40956974029541 0.7514165639877319 2.0238464588774385 1.6215161085128784 1.9553312063217163
344 1.040144920349121 9.264696475093357 3.4446043968200684 2.429896116256714 0.7713420987129211 2.052645612777179 1.6397628784179688 1.9807155132293701
345 1.0395152568817139 9.263154384127986 3.444704532623291 2.4410719871520996 0.7707384824752808 2.04674878608808 1.6405575275421143 1.990871787071228
346 1.0394622087478638 9.260280646640487 3.453660726547241 2.441075086593628 0.7706788778305054 2.047806396845093 1.664568305015564 1.9908725023269653
347 1.0398485660552979 9.24162202101083 3.4524099826812744 2.438121795654297 0.7690609693527222 2.0468342252636478 1.6613695621490479 1.988311767578125
348 1.0419617891311646 9.239021558783412 3.4543190002441406 2.4336202144622803 0.7710430026054382 2.055641195882038 1.6670405864715576 1.9813607931137085
349 1.05265212059021 9.24925134247705 3.4654383659362793 2.611018419265747 0.7845225930213928 2.0488298317855453 1.6871899366378784 2.1112940311431885
350 1.049064040184021 9.223387771643143 3.4627416133880615 2.5891363620758057 0.7807496786117554 2.0705253518304705 1.6855143308639526 2.095799684524536
351 1.048647165298462 9.261280700757816 3.462581157684326 2.588711977005005 0.7802713513374329 2.074796423849008 1.6856565475463867 2.095294952392578
352 1.048647165298462 9.255445238772221 3.461313486099243 2.588711977005005 0.7802713513374329 2.07501052007722 1.6898986101150513 2.095294952392578
353 1.0486299991607666 9.259143875492505 3.4564836025238037 2.588733196258545 0.7802990078926086 2.069631593972705 1.674911618232727 2.09536075592041
354 1.0486574172973633 9.255423588712027 3.456482172012329 2.588754415512085 0.7803351879119873 2.073902671631625 1.6743782758712769 2.095381498336792
355 1.050873875617981 9.223026962891733 3.460113525390625 2.631911516189575 0.7823242545127869 1.9572166495926864 1.6622616052627563 2.098379611968994
356 1.050873875617981 9.223845768242946 3.4598872661590576 2.631911516189575 0.7823242545127869 1.9619327194989928 1.6654478311538696 2.098379611968994
357 1.0419842004776 9.222018218768632 3.447755813598633 2.4801719188690186 0.7731004357337952 1.953772908568886 1.6448476314544678 1.9501688480377197
358 1.047390341758728 9.243296688580292 3.451434850692749 2.550344944000244 0.7789536714553833 1.9644552161955449 1.6589221954345703 2.058119535446167
359 1.0672565698623657 9.247345992036006 3.459489583969116 2.5665547847747803 0.8023116588592529 1.9812901521811606 1.6769332885742188 2.079336404800415
360 1.0681092739105225 9.255094609404647 3.460822820663452 2.566451072692871 0.8029752373695374 1.9874781201084704 1.6746490001678467 2.079286575317383
361 1.0588548183441162 9.261391249466739 3.444769859313965 2.5641427040100098 0.79389488697052 2.001526797259098 1.6556049585342407 2.0751452445983887
362 1.0330837965011597 9.26455785830443 3.4336998462677 2.5388665199279785 0.7636494636535645 1.9959620234742292 1.635093092918396 2.044670581817627
363 1.028357744216919 9.280522446704914 3.4771230220794678 2.622471570968628 0.759625256061554 2.0118681498121793 1.7626367807388306 2.213674783706665
364 1.0356345176696777 9.292584334814446 3.4764881134033203 2.5801048278808594 0.7676131725311279 2.112535813744837 1.7574079036712646 2.1617729663848877
365 1.0235244035720825 9.324250556819306 3.4509665966033936 2.5623905658721924 0.7560654282569885 2.002011418130152 1.7014175653457642 2.1363065242767334
366 1.024898648262024 9.324553317286483 3.452202081680298 2.5626046657562256 0.7582828402519226 2.002652284621435 1.703084111213684 2.1360106468200684
367 1.028685212135315 9.357231543986 3.4544293880462646 2.562472343444824 0.7631288170814514 2.1430569191863684 1.724724292755127 2.1352763175964355
368 1.036060094833374 9.360155756908894 3.4530723094940186 2.563464403152466 0.7729783058166504 2.1464972447983763 1.7242087125778198 2.136331081390381
369 1.0360790491104126 9.359990384887471 3.4530162811279297 2.5634167194366455 0.7729562520980835 2.1490911640142607 1.7238104343414307 2.1362555027008057
370 1.0359840393066406 9.359806177713272 3.451692581176758 2.563354730606079 0.772875964641571 2.14872684252743 1.7276768684387207 2.136209011077881
371 1.0161638259887695 9.35054088666966 3.4416959285736084 2.5397374629974365 0.7487109899520874 2.2051667651333027 1.7075246572494507 2.1081926822662354
372 1.0381592512130737 9.319266120971905 3.4541895389556885 2.5813982486724854 0.7757965326309204 2.1985061467043456 1.724905252456665 2.150127410888672
373 1.0474947690963745 9.248597510600034 3.452902317047119 2.587188959121704 0.7834134101867676 2.077928220960033 1.709248423576355 2.156297206878662
374 1.051002860069275 9.309274263621083 3.4614429473876953 2.6574995517730713 0.7843295335769653 2.1522683487570493 1.7413896322250366 2.2001023292541504
375 1.0439934730529785 9.188781254778618 3.4606635570526123 2.6537764072418213 0.7760453820228577 1.9876153672513508 1.7186460494995117 2.2012555599212646
376 1.0385569334030151 9.127629390863374 3.4618277549743652 2.6556975841522217 0.7700158953666687 1.9735197831560554 1.7184594869613647 2.2045669555664063
377 1.0484451055526733 9.130266589489317 3.468935251235962 2.6716113090515137 0.7825939655303955 1.963870612612629 1.7497535943984985 2.2245399951934814
378 1.0485608577728271 9.133353918820271 3.469966173171997 2.6714794635772705 0.7826090455055237 1.9610365383644768 1.7525235414505005 2.2243919372558594
379 1.0472687482833862 9.146148141468478 3.4699490070343018 2.6714463233947754 0.7830005288124084 1.9517332868082469 1.7521471977233887 2.2233622074127197
380 1.0580495595932007 9.147403461650496 3.473686695098877 2.674821376800537 0.7930318713188171 1.9215375010814673 1.753338098526001 2.227627992630005
381 1.0579689741134644 9.152671809214842 3.4738588333129883 2.6745622158050537 0.7934223413467407 1.9013607721279246 1.7492539882659912 2.2272651195526123
382 1.0579689741134644 9.160007859954478 3.4743309020996094 2.6735780239105225 0.7934223413467407 1.9038605477113488 1.7502315044403076 2.226238965988159
383 1.0556378364562988 9.26291782746941 3.4750266075134277 2.671687364578247 0.7899322509765625 2.0162383343197017 1.7631083726882935 2.2241857051849365
384 1.054574966430664 9.174640403272488 3.465543031692505 2.641117811203003 0.7887706756591797 1.876475061220624 1.7287213802337646 2.1931352615356445
385 1.0447523593902588 9.159335927060855 3.4637856483459473 2.634861469268799 0.7797555923461914 1.8819725539578556 1.726360559463501 2.1838529109954834
386 1.0451339483261108 9.158294128413681 3.463886260986328 2.634915351867676 0.7802411913871765 1.8757220123571567 1.7273184061050415 2.1839101314544678
387 1.0355983972549438 9.175758876455241 3.4625959396362305 2.6307153701782227 0.7702715396881104 1.8871248836613694 1.7229688167572021 2.1788077354431152
388 1.040140986442566 9.169965640056482 3.463205099105835 2.629065752029419 0.773106575012207 1.8741231439895214 1.7227535247802734 2.177152633666992
389 1.0424222946166992 9.14457482874309 3.4723782539367676 2.6474578380584717 0.7753005027770996 1.8897133703136526 1.741919994354248 2.207531452178955
390 1.0420418977737427 9.147245369745088 3.4754133224487305 2.659320592880249 0.7747858762741089 1.9095721100702692 1.749682903289795 2.218604564666748
391 1.0341434478759766 9.114388796483762 3.4707088470458984 2.6374025344848633 0.7679645419120789 1.9197012322941833 1.7402503490447998 2.1972339153289795
392 1.0190916061401367 9.1286993332246 3.461536407470703 2.6135828495025635 0.7473354935646057 1.9239000111459403 1.7255953550338745 2.17323637008667
393 1.0173039436340332 9.131721704859114 3.457477331161499 2.6099672317504883 0.7445001006126404 1.9285486306574668 1.712673306465149 2.165790557861328
394 1.01668381690979 9.131889551490941 3.4554669857025146 2.609503984451294 0.7395123243331909 1.935175974028879 1.7098572254180908 2.165736675262451
395 1.0163625478744507 8.862819015723401 3.4554355144500732 2.605605363845825 0.7394609451293945 1.8525956888204171 1.7032506465911865 2.1579995155334473
396 1.0163952112197876 8.83371729982384 3.4540512561798096 2.621772050857544 0.738120436668396 1.9502575964557736 1.7134156227111816 2.1731221675872803
397 1.0106596946716309 8.835093347678082 3.4576804637908936 2.634023427963257 0.7382286190986633 1.9642778100877205 1.7215558290481567 2.1873421669006348
398 1.0114223957061768 8.992583335154867 3.431694984436035 2.6456308364868164 0.7386587262153625 1.8835633412542614 1.6355516910552979 2.1963934898376465
399 1.011888027191162 9.00922647619455 3.430415153503418 2.6502840518951416 0.738395094871521 2.1689841839557884 1.667403221130371 2.204768419265747
400 1.0192620754241943 8.882111761070282 3.429995536804199 2.654308319091797 0.7486763000488281 2.1696249679955026 1.6643799543380737 2.212186098098755
