init 0.0 5.0408515761096835 3.033069133758545 1.4667441844940186 0.0 0.0 0.0 0.0
1 0.0 6.069315794385648 3.033508777618408 1.4668432474136353 0.0 5.695227845247511 1.7643187046051025 0.017043856903910637
2 0.0 5.997395236570743 3.0361173152923584 1.551327109336853 0.0 5.763963196073502 1.8107444047927856 0.5052493214607239
3 0.0 5.978803254016433 3.0361173152923584 1.551327109336853 0.0 5.751176744983827 1.828305959701538 0.5052493214607239
4 0.0 5.9783540514085445 3.045285701751709 1.551327109336853 0.0 5.739297775414576 1.8717014789581299 0.5052493214607239
5 0.0 5.9945136558710805 3.0578107833862305 1.551327109336853 0.0 5.760757683952378 1.9106523990631104 0.5052493214607239
6 0.0 5.9945136558710805 3.057816743850708 1.5523607730865479 0.0 5.760757683952378 1.9113109111785889 0.5084146857261658
7 0.0 5.973777450923102 3.057816743850708 1.5523607730865479 0.0 5.816892935187037 1.9290083646774292 0.5084146857261658
8 0.0 5.976128492470361 3.0624892711639404 1.5523607730865479 0.0 5.8167472828298195 1.9386911392211914 0.5084146857261658
9 0.0 5.980011013616235 3.0624892711639404 1.5523607730865479 0.0 5.81475120549631 1.945313572883606 0.5084146857261658
10 0.0 5.861881922910194 3.0652055740356445 1.5523607730865479 0.0 5.6686624314969345 1.9066928625106812 0.5084146857261658
11 0.0 5.861881922910194 3.0652055740356445 1.5523607730865479 0.0 5.6686624314969345 1.9066928625106812 0.5084146857261658
12 0.0 5.8618895252032095 3.0608625411987305 1.7740764617919922 0.0 5.668658497339167 1.9347996711730957 0.9980023503303528
13 0.0 5.854895575801024 3.0608625411987305 1.7740764617919922 0.0 5.652489410116335 1.9305557012557983 0.9980023503303528
14 0.0 5.869953537820256 3.060849666595459 1.7740764617919922 0.0 5.664558733583376 1.933778166770935 0.9980023503303528
15 0.0 5.87590172164173 3.0607540607452393 1.773974895477295 0.0 5.661287932248219 1.9324469566345215 0.9978216886520386
16 0.0 5.879281382300106 3.061330556869507 1.773974895477295 0.0 5.659493734455998 1.9320918321609497 0.9978216886520386
17 0.0 5.898218895592939 3.06052827835083 1.774012565612793 0.0 5.613088497970327 1.9180426597595215 0.9978888034820557
18 0.0 5.8983410559886025 3.06052827835083 1.774012565612793 0.0 5.613001348384224 1.9180201292037964 0.9978888034820557
19 0.0 5.9108226452410895 3.06052827835083 1.774012565612793 0.0 5.605676719230783 1.9161195755004883 0.9978888034820557
20 0.0 5.9108226452410895 3.0638222694396973 1.774012565612793 0.0 5.605676719230783 1.9185715913772583 0.9978888034820557
21 0.0 5.9108226452410895 3.0627152919769287 1.799752116203308 0.0 5.605676719230783 1.9175091981887817 1.042961835861206
22 0.0 5.908008275909345 3.0627152919769287 1.799752116203308 0.0 5.607228968121606 1.9187192916870117 1.042961835861206
23 0.0 5.890334758387638 3.063080072402954 1.8092834949493408 0.0 5.627884601288232 1.9021631479263306 1.0593245029449463
24 0.0 5.878654108011524 3.0632920265197754 1.8092834949493408 0.0 5.634291925835297 1.9043500423431396 1.0593245029449463
25 0.0 5.870120939954391 3.065476894378662 1.8092834949493408 0.0 5.639546797096041 1.9129389524459839 1.0593245029449463
26 0.0 5.874801036681996 3.06532621383667 1.8092834949493408 0.0 5.636606518173301 1.9121863842010498 1.0593245029449463
27 0.0 5.874801036681996 3.068289041519165 1.8092834949493408 0.0 5.636606518173301 1.9190422296524048 1.0593245029449463
28 0.0 5.871890752690415 3.068289041519165 1.8092834949493408 0.0 5.638418426193497 1.9196176528930664 1.0593245029449463
29 0.0 5.871890752690415 3.0694446563720703 1.8092834949493408 0.0 5.638418426193497 1.9194434881210327 1.0593245029449463
30 0.0 5.86308881146804 3.0694446563720703 1.8092834949493408 0.0 5.651749484808348 1.9276202917099 1.0593245029449463
31 0.0 5.86308881146804 3.0931525230407715 1.8092834949493408 0.0 5.651749484808348 1.9865896701812744 1.0593245029449463
32 0.0 5.86308881146804 3.0931525230407715 1.8092834949493408 0.0 5.651749484808348 1.9865896701812744 1.0593245029449463
33 0.0 5.846909909937024 3.089902639389038 1.8111305236816406 0.0 5.666070566821183 1.9943233728408813 1.0624759197235107
34 0.0 5.852203757872732 3.0775070190429688 1.8111305236816406 0.0 5.669221362292356 1.973695993423462 1.0624759197235107
35 0.0 5.852203757872732 3.0769529342651367 1.820132851600647 0.0 5.669221362292356 1.9677207469940186 1.0777502059936523
36 0.0 5.852203757872732 3.0769529342651367 1.820132851600647 0.0 5.669221362292356 1.963523507118225 1.0777502059936523
37 0.0 5.85824912383979 3.0777487754821777 1.820132851600647 0.0 5.699231590387019 1.9737628698349 1.0777502059936523
38 0.0 5.858111962078684 3.0777487754821777 1.820132851600647 0.0 5.698843384242073 1.9556256532669067 1.0777502059936523
39 0.0 5.857731397665959 3.063587188720703 1.862200379371643 0.0 5.699050390174583 1.9447318315505981 1.1473674774169922
40 0.0 5.863436730340882 3.063587188720703 1.862200379371643 0.0 5.696015653437011 1.9439433813095093 1.1473674774169922
41 0.0 5.863436730340882 3.063636302947998 1.862200379371643 0.0 5.696015653437011 1.9442070722579956 1.1473674774169922
42 0.0 5.86116044259239 3.0632431507110596 1.851226806640625 0.0 5.697209308909083 1.9435299634933472 1.1294699907302856
43 0.0 5.860915718920258 3.0661468505859375 1.852959394454956 0.0 5.69816824248711 1.9423223733901978 1.1323074102401733
44 0.0 5.852878684905098 3.093968629837036 1.852959394454956 0.0 5.702561067233813 1.9891834259033203 1.1323074102401733
45 0.0 5.846287998753423 3.0945560932159424 1.852959394454956 0.0 5.706370310617634 1.9939559698104858 1.1323074102401733
46 0.0 5.846287998753423 3.0947117805480957 1.852959394454956 0.0 5.706370310617634 1.9940141439437866 1.1323074102401733
47 0.0 5.846287998753423 3.0947115421295166 1.8529419898986816 0.0 5.706370310617634 1.9941388368606567 1.1322791576385498
48 0.0 5.858949682952301 3.091334581375122 1.8529419898986816 0.0 5.69921689651093 1.9936416149139404 1.1322791576385498
49 0.0 5.858949682952301 3.094848871231079 1.8529541492462158 0.0 5.69921689651093 1.993226408958435 1.1322990655899048
50 0.0 5.858949682952301 3.0913639068603516 1.8637604713439941 0.0 5.69921689651093 1.983712077140808 1.149897813796997
51 0.0 5.855799464849605 3.0913467407226563 1.86514151096344 0.0 5.700932263394315 1.984583854675293 1.152134895324707
52 0.0 5.865704499702002 3.0913467407226563 1.86514151096344 0.0 5.699130139375266 1.9844260215759277 1.152134895324707
53 0.0 5.865704499702002 3.0913467407226563 1.8651665449142456 0.0 5.699130139375266 1.9844304323196411 1.1521754264831543
54 0.0 5.865704499702002 3.084376335144043 1.8651665449142456 0.0 5.699130139375266 1.977719783782959 1.1521754264831543
55 0.0 5.865718121571535 3.0841989517211914 1.8651665449142456 0.0 5.699122984839328 1.9780631065368652 1.152506709098816
56 0.0 5.863591445705767 3.0843658447265625 1.8651665449142456 0.0 5.700227994905555 1.9781296253204346 1.152506709098816
57 0.0 5.851087871389243 3.0843405723571777 1.8651665449142456 0.0 5.7069200954345325 2.003237009048462 1.152506709098816
58 0.0 5.864617149319026 3.087733507156372 1.8651665449142456 0.0 5.699552692512311 2.010453224182129 1.152506709098816
59 0.0 5.864617149319026 3.0843825340270996 1.8651665449142456 0.0 5.699552692512311 2.011000156402588 1.152506709098816
60 0.0 5.86005407153494 3.0841064453125 1.8651665449142456 0.0 5.70194811788817 1.999130129814148 1.152506709098816
61 0.0 5.86005407153494 3.082900047302246 1.8651665449142456 0.0 5.70194811788817 1.9990429878234863 1.152506709098816
62 0.0 5.860000673336336 3.082900047302246 1.8651665449142456 0.0 5.701976822320978 1.9990485906600952 1.152506709098816
63 0.0 5.8723773748001085 3.0830867290496826 1.8651665449142456 0.0 5.695694152877347 1.9982118606567383 1.152506709098816
64 0.0 5.867287516588932 3.0830867290496826 1.8651665449142456 0.0 5.698194152319359 1.9986722469329834 1.152506709098816
65 0.0 5.874077627983197 3.0834412574768066 1.8651665449142456 0.0 5.694885627588578 1.9971976280212402 1.152506709098816
66 0.0 5.879931105635296 3.085524082183838 1.8651665449142456 0.0 5.691233263363071 1.982666254043579 1.152506709098816
67 0.0 5.879931105635296 3.089076280593872 1.8651665449142456 0.0 5.691233263363071 1.9829062223434448 1.152506709098816
68 0.0 5.874409021789813 3.0792057514190674 1.8651665449142456 0.0 5.682454029474841 1.9591937065124512 1.152506709098816
69 0.0 5.879598034768541 3.0859384536743164 1.9141465425491333 0.0 5.680252866589154 1.9775681495666504 1.2301961183547974
70 0.0 5.881321199215078 3.0837931632995605 1.9141465425491333 0.0 5.679551105645787 1.9837985038757324 1.2302640676498413
71 0.0 5.881321199215078 3.083286762237549 1.8668760061264038 0.0 5.679551105645787 1.980447769165039 1.1553434133529663
72 0.0 5.86026455100634 3.083286762237549 1.8668760061264038 0.0 5.689105906675167 1.9821149110794067 1.1553434133529663
73 0.0 5.86026455100634 3.0859076976776123 1.8668760061264038 0.0 5.689105906675167 1.9889702796936035 1.1553434133529663
74 0.0 5.86026455100634 3.0859076976776123 1.8668760061264038 0.0 5.689105906675167 1.99402916431427 1.1553434133529663
75 0.0 5.859282360387695 3.0859076976776123 1.8668760061264038 0.0 5.68960216381618 1.9941191673278809 1.1553434133529663
76 0.0 5.869474464002648 3.0859837532043457 1.8668760061264038 0.0 5.68466825215024 1.9944216012954712 1.1553434133529663
77 0.0 5.861769850613876 3.087031841278076 2.015362501144409 0.0 5.688353795979581 2.0038158893585205 1.382489800453186
78 0.0 5.874193836571859 3.087386131286621 2.015362501144409 0.0 5.684901512793035 1.9948158264160156 1.382489800453186
79 0.0 5.874193836571859 3.0874176025390625 2.015362501144409 0.0 5.684901512793035 1.994598388671875 1.382489800453186
80 0.0 5.874193836571859 3.109065532684326 2.015362501144409 0.0 5.684901512793035 2.067216634750366 1.382489800453186
81 0.0 5.874193836571859 3.1090946197509766 2.015362501144409 0.0 5.684901512793035 2.0649216175079346 1.382489800453186
82 0.0 5.8776273311991085 3.1090946197509766 2.015362501144409 0.0 5.683403762252806 2.0646755695343018 1.382489800453186
83 0.0 5.867198315153964 3.1090946197509766 2.015362501144409 0.0 5.688126465945426 2.0654659271240234 1.382489800453186
84 0.0 5.867198315153964 3.1040749549865723 2.015362501144409 0.0 5.688126465945426 2.039135694503784 1.382489800453186
85 0.0 5.867198315153964 3.1027729511260986 2.015362501144409 0.0 5.688126465945426 2.042468547821045 1.382489800453186
86 0.0 5.867198315153964 3.1027729511260986 2.015362501144409 0.0 5.688126465945426 2.042468547821045 1.382489800453186
87 0.0 5.867198315153964 3.106308937072754 2.015362501144409 0.0 5.688126465945426 2.0650839805603027 1.382489800453186
88 0.0 5.8649160386254255 3.100105047225952 2.015362501144409 0.0 5.6892375626883345 2.04801082611084 1.382489800453186
89 0.0 5.870490599593724 3.093899726867676 1.9701719284057617 0.0 5.6865887933388874 2.0307888984680176 1.315739393234253
90 0.0 5.870490599593724 3.096513032913208 1.9701719284057617 0.0 5.6865887933388874 2.0270276069641113 1.315739393234253
91 0.0 5.870490599593724 3.0953011512756348 2.008833885192871 0.0 5.6865887933388874 2.0313777923583984 1.3729552030563354
92 0.0 5.8743520506542914 3.0948734283447266 2.008833885192871 0.0 5.68483939656577 2.024940013885498 1.3729552030563354
93 0.0 5.8743520506542914 3.0949885845184326 2.0020530223846436 0.0 5.68483939656577 2.024303436279297 1.363014578819275
94 0.0 5.8743520506542914 3.095005512237549 2.0020530223846436 0.0 5.68483939656577 2.0253732204437256 1.363014578819275
95 0.0 5.858382194065745 3.074704885482788 2.0020530223846436 0.0 5.692523641335849 1.9643229246139526 1.363014578819275
96 0.0 5.858382194065745 3.0743534564971924 1.9984532594680786 0.0 5.692523641335849 1.963845133781433 1.3577216863632202
97 0.0 5.868231952672932 3.0743534564971924 1.9984532594680786 0.0 5.6876447278705555 1.9629524946212769 1.3577216863632202
98 0.0 5.868231952672932 3.0743534564971924 1.9984532594680786 0.0 5.6876447278705555 1.9629524946212769 1.3577216863632202
99 0.0 5.868231952672932 3.0743534564971924 1.9984532594680786 0.0 5.6876447278705555 1.9639368057250977 1.3577216863632202
100 0.0 5.862322672359901 3.0743534564971924 1.9984532594680786 0.0 5.6804571677207685 1.962091088294983 1.3577216863632202
101 0.0 5.86995031752452 3.075216293334961 1.9984532594680786 0.0 5.668109852900261 1.9525316953659058 1.3577216863632202
102 0.0 5.86995031752452 3.08056640625 2.041839361190796 0.0 5.668109852900261 1.9680182933807373 1.4208098649978638
103 0.0 5.86995031752452 3.0677990913391113 2.041839361190796 0.0 5.668109852900261 1.9482498168945313 1.4208098649978638
104 0.0 5.877127302189862 3.0677261352539063 2.041839361190796 0.0 5.679599712042311 1.9512730836868286 1.4208098649978638
105 0.0 5.877127302189862 3.0681819915771484 2.041839361190796 0.0 5.679599712042311 1.944886326789856 1.4208098649978638
106 0.0 5.874655256493617 3.0683038234710693 2.041839599609375 0.0 5.680616320875394 1.9393798112869263 1.4253339767456055
107 0.0 5.868884301621997 3.068072557449341 2.041839599609375 0.0 5.683106939331455 1.9524338245391846 1.4253339767456055
108 0.0 5.8702872552402035 3.0680806636810303 2.041839599609375 0.0 5.683956418604647 1.9525917768478394 1.4253339767456055
109 0.0 5.88929727388368 3.0688278675079346 2.041839599609375 0.0 5.6764028473930805 1.9490809440612793 1.4253339767456055
110 0.0 5.887966620673153 3.078056573867798 2.041839599609375 0.0 5.677015867660761 1.9832637310028076 1.4253339767456055
111 0.0 5.887966620673153 3.078294515609741 2.0418899059295654 0.0 5.677015867660761 1.9832149744033813 1.4254063367843628
112 0.0 5.86512774612298 3.078294515609741 2.0418899059295654 0.0 5.686302602902646 1.984747290611267 1.4254063367843628
113 0.0 5.89188537093672 3.078573703765869 2.041883945465088 0.0 5.675690577098225 1.9814366102218628 1.4253976345062256
114 0.0 5.867001033561382 3.078573703765869 2.041883945465088 0.0 5.685444586553491 1.9830154180526733 1.4253976345062256
115 0.0 5.869087946573381 3.078573703765869 2.041883945465088 0.0 5.684508483990388 1.9828532934188843 1.4253976345062256
116 0.0 5.869087946573381 3.078573703765869 2.041883945465088 0.0 5.684508483990388 1.9828532934188843 1.4253976345062256
117 0.0 5.890767308234024 3.076390504837036 2.041883945465088 0.0 5.676060450296764 1.9831867218017578 1.4253976345062256
118 0.0 5.879291551682276 3.076390504837036 2.041883945465088 0.0 5.680235901727581 1.983832597732544 1.4253976345062256
119 0.0 5.879291551682276 3.076390504837036 2.041883945465088 0.0 5.680235901727581 1.983832597732544 1.4253976345062256
120 0.0 5.879291551682276 3.0703272819519043 2.041883945465088 0.0 5.680235901727581 1.9649194478988647 1.4253976345062256
121 0.0 5.8667932856554685 3.070211172103882 2.041863203048706 0.0 5.685539051455663 1.9657758474349976 1.4253677129745483
122 0.0 5.8667932856554685 3.069922924041748 2.041863203048706 0.0 5.685539051455663 1.9654231071472168 1.4253677129745483
123 0.0 5.855772567157844 3.067523717880249 2.041863203048706 0.0 5.700737609061066 1.9699894189834595 1.4253677129745483
124 0.0 5.869396125314939 3.067523717880249 2.041863203048706 0.0 5.688033746265516 1.966974139213562 1.4253677129745483
125 0.0 5.869396125314939 3.067523717880249 2.041863203048706 0.0 5.688033746265516 1.966974139213562 1.4253677129745483
126 0.0 5.8521858702689915 3.0670058727264404 2.041863203048706 0.0 5.695607875959637 1.9680837392807007 1.4253677129745483
127 0.0 5.8521858702689915 3.0700950622558594 2.0791566371917725 0.0 5.695607875959637 1.9780679941177368 1.4782966375350952
128 0.0 5.8521858702689915 3.0700950622558594 2.0791566371917725 0.0 5.695607875959637 1.9780679941177368 1.4782966375350952
129 0.0 5.8521858702689915 3.0696752071380615 2.0791566371917725 0.0 5.695607875959637 1.9767441749572754 1.4782966375350952
130 0.0 5.851769861474526 3.072892427444458 2.0791566371917725 0.0 5.696378982657608 1.9789546728134155 1.4782966375350952
131 0.0 5.851769861474526 3.072892427444458 2.0791566371917725 0.0 5.696378982657608 1.9789546728134155 1.4782966375350952
132 0.0 5.855704598407407 3.072892427444458 2.0791566371917725 0.0 5.6945160561833745 1.9786231517791748 1.4782966375350952
133 0.0 5.855704598407407 3.072892427444458 2.0791566371917725 0.0 5.6945160561833745 1.9786231517791748 1.4782966375350952
134 0.0 5.879341872757625 3.06693172454834 2.0791566371917725 0.0 5.684976924132715 1.9713236093521118 1.4782966375350952
135 0.0 5.878575685609931 3.060802459716797 2.0353682041168213 0.0 5.682278669199493 1.9539875984191895 1.4160481691360474
136 0.0 5.856442600360967 3.067016839981079 2.0353682041168213 0.0 5.691436308491204 1.9729918241500854 1.4160481691360474
137 0.0 5.856442600360967 3.0656790733337402 2.0353682041168213 0.0 5.691436308491204 1.9592126607894897 1.4160481691360474
138 0.0 5.866432318640584 3.0656898021698 2.0353682041168213 0.0 5.686981552578283 1.9583804607391357 1.4160481691360474
139 0.0 5.864768303522935 3.0656898021698 2.0353682041168213 0.0 5.68768767183019 1.9585003852844238 1.4160481691360474
140 0.0 5.851104169794715 3.0656898021698 2.0353682041168213 0.0 5.694023490640023 1.9596233367919922 1.4160481691360474
141 0.0 5.851104169794715 3.063667058944702 2.038428544998169 0.0 5.694023490640023 1.9606695175170898 1.4204431772232056
142 0.0 5.856299759823403 3.0637412071228027 2.038428544998169 0.0 5.691503596021059 1.96047842502594 1.4204431772232056
143 0.0 5.856299759823403 3.0637412071228027 2.038428544998169 0.0 5.691503596021059 1.96047842502594 1.4204431772232056
144 0.0 5.865615269439037 3.0637412071228027 2.038428544998169 0.0 5.687326614534215 1.9597500562667847 1.4204431772232056
145 0.0 5.863173398281707 3.063817024230957 2.038428544998169 0.0 5.687310136877712 1.942275047302246 1.4204431772232056
146 0.0 5.872757428271482 3.0638089179992676 2.038428544998169 0.0 5.683490109610957 1.9417673349380493 1.4204431772232056
147 0.0 5.876145001126761 3.1197311878204346 2.038428544998169 0.0 5.682259966192272 2.0828986167907715 1.4204431772232056
148 0.0 5.869445905349193 3.091683864593506 2.038428544998169 0.0 5.684754187687806 1.9904927015304565 1.4204431772232056
149 0.0 5.870679189584384 3.0915205478668213 2.0391147136688232 0.0 5.684276316543497 1.990476131439209 1.4214280843734741
150 0.0 5.877060636660523 3.0915205478668213 2.0391147136688232 0.0 5.681938565014514 1.9901169538497925 1.4214280843734741
151 0.0 5.877060636660523 3.0915205478668213 2.0391147136688232 0.0 5.681938565014514 1.9901169538497925 1.4214280843734741
152 0.0 5.877060636660523 3.0911080837249756 2.0391147136688232 0.0 5.681938565014514 1.987357258796692 1.4214280843734741
153 0.0 5.877060636660523 3.0744130611419678 2.0391147136688232 0.0 5.681938565014514 1.9425880908966064 1.4214280843734741
154 0.0 5.877060636660523 3.0744130611419678 2.0391147136688232 0.0 5.681938565014514 1.9425880908966064 1.4214280843734741
155 0.0 5.873675959223569 3.0767972469329834 2.0391147136688232 0.0 5.679836799911824 1.9368760585784912 1.4214280843734741
156 0.0 5.860053711729578 3.0772862434387207 2.0391147136688232 0.0 5.685133815287088 1.9433547258377075 1.4214280843734741
157 0.0 5.860053711729578 3.076897382736206 2.0391147136688232 0.0 5.685133815287088 1.9478819370269775 1.4214280843734741
158 0.0 5.859467641839929 3.076897382736206 2.0391147136688232 0.0 5.685383711736818 1.9479244947433472 1.4214280843734741
159 0.0 5.868191823579442 3.0873262882232666 2.037602186203003 0.0 5.681847570505226 1.9815844297409058 1.4192572832107544
160 0.0 5.868191823579442 3.0873262882232666 2.037602186203003 0.0 5.681847570505226 1.9815844297409058 1.4192572832107544
161 0.0 5.8774628507137185 3.087336301803589 2.0375382900238037 0.0 5.678547046366398 1.9810782670974731 1.4191656112670898
162 0.0 5.855275017747396 3.0831966400146484 2.0375382900238037 0.0 5.6871162379138545 1.972402572631836 1.4191656112670898
163 0.0 5.855275017747396 3.0831966400146484 2.0375382900238037 0.0 5.6871162379138545 1.972402572631836 1.4191656112670898
164 0.0 5.855275017747396 3.0831966400146484 2.0375382900238037 0.0 5.6871162379138545 1.972402572631836 1.4191656112670898
165 0.0 5.861326631724163 3.0829856395721436 2.0375382900238037 0.0 5.684503125195868 1.9712625741958618 1.4191656112670898
166 0.0 5.867904038328537 3.08176326751709 2.0375468730926514 0.0 5.6818832143491305 1.9698905944824219 1.419177770614624
167 0.0 5.87281572133593 3.08176326751709 2.0375468730926514 0.0 5.680081140545391 1.9696108102798462 1.419177770614624
168 0.0 5.877916528166722 3.08176326751709 2.0375468730926514 0.0 5.690549884476289 1.9721825122833252 1.419177770614624
169 0.0 5.877916528166722 3.081760883331299 2.0375468730926514 0.0 5.690549884476289 1.9724175930023193 1.419177770614624
170 0.0 5.877916528166722 3.0817983150482178 2.040656328201294 0.0 5.690549884476289 1.9727027416229248 1.4236387014389038
171 0.0 5.877916528166722 3.0817983150482178 2.040656328201294 0.0 5.690549884476289 1.9727027416229248 1.4236387014389038
172 0.0 5.870433595385124 3.0821175575256348 2.0498788356781006 0.0 5.697145443293344 1.975295901298523 1.4368268251419067
173 0.0 5.868587086740829 3.0821175575256348 2.0498788356781006 0.0 5.697899688827053 1.9754191637039185 1.4368268251419067
174 0.0 5.868587086740829 3.082817792892456 2.0498788356781006 0.0 5.697899688827053 1.9757333993911743 1.4368268251419067
175 0.0 5.871098682224119 3.082817792892456 2.0498788356781006 0.0 5.689432970300319 1.973837971687317 1.4368268251419067
176 0.0 5.876156335053478 3.0828118324279785 2.0498788356781006 0.0 5.687630695360496 1.9732799530029297 1.4368268251419067
177 0.0 5.877067970923933 3.0831761360168457 2.0498788356781006 0.0 5.6888134426099475 1.9748743772506714 1.4368268251419067
178 0.0 5.8590174182032575 3.083221197128296 2.0498788356781006 0.0 5.695936192943762 1.9746049642562866 1.4368268251419067
179 0.0 5.87342161836666 3.081655502319336 2.0498788356781006 0.0 5.690095858802931 1.9694145917892456 1.4368268251419067
180 0.0 5.860215266461473 3.0773088932037354 2.0498788356781006 0.0 5.695405067600178 1.9536619186401367 1.4368268251419067
181 0.0 5.864077199714903 3.0760374069213867 2.0123448371887207 0.0 5.69374762453711 1.9439375400543213 1.3827507495880127
182 0.0 5.864077199714903 3.09563946723938 2.0123448371887207 0.0 5.69374762453711 1.974258542060852 1.3827507495880127
183 0.0 5.864077199714903 3.09489107131958 2.0123448371887207 0.0 5.69374762453711 1.9718395471572876 1.3827507495880127
184 0.0 5.861199545907899 3.09489107131958 2.0123448371887207 0.0 5.694974431535224 1.9720430374145508 1.3827507495880127
185 0.0 5.861199545907899 3.0947325229644775 2.0123448371887207 0.0 5.694974431535224 1.9720900058746338 1.3827507495880127
186 0.0 5.873388928727353 3.09291410446167 2.0123448371887207 0.0 5.690107655960525 1.9776808023452759 1.3827507495880127
187 0.0 5.873388928727353 3.0958712100982666 2.0123448371887207 0.0 5.690107655960525 1.9851243495941162 1.3827507495880127
188 0.0 5.873388928727353 3.126070976257324 2.0123448371887207 0.0 5.690107655960525 2.055239200592041 1.3827507495880127
189 0.0 5.868456667502794 3.124922513961792 2.0123767852783203 0.0 5.691971800351554 2.0537333488464355 1.3827974796295166
190 0.0 5.868456667502794 3.112191677093506 2.0123767852783203 0.0 5.691971800351554 2.0327987670898438 1.3827974796295166
191 0.0 5.8684652836115685 3.112191677093506 2.0123767852783203 0.0 5.693600079321089 2.032191038131714 1.3827974796295166
192 0.0 5.869642659353564 3.1190476417541504 2.0123767852783203 0.0 5.691577072897533 2.041025161743164 1.3827974796295166
193 0.0 5.857654237312492 3.113460063934326 1.981642484664917 0.0 5.696614351367885 2.0346884727478027 1.3376753330230713
194 0.0 5.855157533338245 3.1126115322113037 1.981642484664917 0.0 5.697765836074632 2.0339691638946533 1.3376753330230713
195 0.0 5.859966453235007 3.112748861312866 1.9819114208221436 0.0 5.695578879586907 2.0336456298828125 1.3380738496780396
196 0.0 5.859966453235007 3.108344316482544 1.9819114208221436 0.0 5.695578879586907 2.0282418727874756 1.3380738496780396
197 0.0 5.848925408867686 3.108344316482544 1.9819114208221436 0.0 5.7007881039907655 2.0291335582733154 1.3380738496780396
198 0.0 5.8664277254187445 3.1085591316223145 1.9819114208221436 0.0 5.692846488171678 2.026341676712036 1.3380738496780396
199 0.0 5.8664277254187445 3.108565092086792 1.9819114208221436 0.0 5.692846488171678 2.026231527328491 1.3380738496780396
200 0.0 5.8664277254187445 3.108819007873535 2.0094399452209473 0.0 5.692846488171678 2.0227441787719727 1.3785200119018555
201 0.0 5.86350557108422 3.1088249683380127 2.0094399452209473 0.0 5.694066197948367 2.0230863094329834 1.3785200119018555
202 0.0 5.86350557108422 3.1314902305603027 2.0094399452209473 0.0 5.694066197948367 2.060990333557129 1.3785200119018555
203 0.0 5.86350557108422 3.132702112197876 2.0115857124328613 0.0 5.694066197948367 2.0614280700683594 1.3816462755203247
204 0.0 5.869412850570627 3.1360714435577393 2.0116097927093506 0.0 5.6977140250294935 2.0610196590423584 1.381680965423584
205 0.0 5.856847526367899 3.1360714435577393 2.0116097927093506 0.0 5.702990696594498 2.061864137649536 1.381680965423584
206 0.0 5.860820595062996 3.1359658241271973 2.0116097927093506 0.0 5.709980742803141 2.062924861907959 1.381680965423584
207 0.0 5.860820595062996 3.1359405517578125 2.0116097927093506 0.0 5.709980742803141 2.062934160232544 1.381680965423584
208 0.0 5.851691713429767 3.132443428039551 2.0116097927093506 0.0 5.714508925359958 2.0643820762634277 1.381680965423584
209 0.0 5.863025705704057 3.129612922668457 2.0116446018218994 0.0 5.709149934794007 2.056588888168335 1.3817317485809326
210 0.0 5.859303069875106 3.129612922668457 2.0116446018218994 0.0 5.710835455192521 2.0568699836730957 1.3817317485809326
211 0.0 5.859303069875106 3.1330833435058594 2.0116446018218994 0.0 5.710835455192521 2.0565927028656006 1.3817317485809326
212 0.0 5.867066782720962 3.1332027912139893 2.0116446018218994 0.0 5.7074054035665105 2.055373430252075 1.3817317485809326
213 0.0 5.867066782720962 3.132145881652832 2.003561019897461 0.0 5.7074054035665105 2.055643081665039 1.3699361085891724
214 0.0 5.862779051069368 3.1321496963500977 2.003561019897461 0.0 5.709259301439448 2.055931568145752 1.3699361085891724
215 0.0 5.862779051069368 3.131744861602783 2.0035297870635986 0.0 5.709259301439448 2.054680347442627 1.369890570640564
216 0.0 5.8696066365896185 3.128635883331299 2.012958288192749 0.0 5.70635511442263 2.0552656650543213 1.3836435079574585
217 0.0 5.872231776286631 3.1290132999420166 2.012958288192749 0.0 5.705307485244693 2.0558574199676514 1.3836435079574585
218 0.0 5.872231776286631 3.1290314197540283 2.012958288192749 0.0 5.705307485244693 2.068488597869873 1.3836435079574585
219 0.0 5.872231776286631 3.1281044483184814 2.012958288192749 0.0 5.705307485244693 2.069131851196289 1.3836435079574585
220 0.0 5.872231776286631 3.1279983520507813 2.012958288192749 0.0 5.705307485244693 2.068859100341797 1.3836435079574585
221 0.0 5.872231776286631 3.127887725830078 2.017348051071167 0.0 5.705307485244693 2.0692641735076904 1.3900221586227417
222 0.0 5.863629555782139 3.1273438930511475 2.017348051071167 0.0 5.708883565576901 2.0648155212402344 1.3900221586227417
223 0.0 5.863629555782139 3.1273438930511475 2.017348051071167 0.0 5.708883565576901 2.0648155212402344 1.3900221586227417
224 0.0 5.871067699709507 3.1272807121276855 2.017348051071167 0.0 5.7057673265538265 2.062685489654541 1.3900221586227417
225 0.0 5.863965425715294 3.127537250518799 2.017348051071167 0.0 5.708736276492414 2.0636398792266846 1.3900221586227417
226 0.0 5.8699859244227985 3.127552032470703 2.017348051071167 0.0 5.706201401088992 2.063157081604004 1.3900221586227417
227 0.0 5.8699859244227985 3.127561569213867 2.017488479614258 0.0 5.706201401088992 2.0562944412231445 1.390225887298584
228 0.0 5.860254251649781 3.127039909362793 2.017488479614258 0.0 5.710397474824632 2.0626513957977295 1.390225887298584
229 0.0 5.85638902914493 3.127039909362793 2.017488479614258 0.0 5.712205953193095 2.0629568099975586 1.390225887298584
230 0.0 5.872237714659047 3.1289925575256348 2.036254405975342 0.0 5.70530527726278 2.0497965812683105 1.4173213243484497
231 0.0 5.863882810822876 3.127927780151367 2.036254405975342 0.0 5.708772268308324 2.047816514968872 1.4173213243484497
232 0.0 5.870787892179914 3.128049612045288 2.036254405975342 0.0 5.705878936138612 2.047314167022705 1.4173213243484497
233 0.0 5.874051074301112 3.1281158924102783 2.036254405975342 0.0 5.709305172830419 2.0476863384246826 1.4173213243484497
234 0.0 5.874051074301112 3.1286423206329346 2.036254405975342 0.0 5.709305172830419 2.0504794120788574 1.4173213243484497
235 0.0 5.875748924259379 3.1286423206329346 2.036254405975342 0.0 5.708646175307976 2.050377368927002 1.4173213243484497
236 0.0 5.872147012029495 3.128648519515991 2.0362913608551025 0.0 5.710064175908896 2.050611734390259 1.417374610900879
237 0.0 5.869039994013752 3.1275341510772705 2.0362913608551025 0.0 5.711345903517684 2.050816297531128 1.417374610900879
238 0.0 5.869039994013752 3.12744140625 2.0362913608551025 0.0 5.711345903517684 2.0505809783935547 1.417374610900879
239 0.0 5.871237825340882 3.1295900344848633 2.0409648418426514 0.0 5.710433683875007 2.05051326751709 1.4240806102752686
240 0.0 5.8679569159663965 3.1295900344848633 2.0409648418426514 0.0 5.711805338878697 2.0502612590789795 1.4240806102752686
241 0.0 5.870392897830461 3.129502773284912 2.0409648418426514 0.0 5.710547333067169 2.0500566959381104 1.4240806102752686
242 0.0 5.871535040514 3.1294147968292236 2.0409648418426514 0.0 5.710079827816502 2.0509018898010254 1.4240806102752686
243 0.0 5.868313293135168 3.1313111782073975 2.040827751159668 0.0 5.711417858201892 2.0536603927612305 1.4238839149475098
244 0.0 5.870308794048556 3.131293535232544 2.040827751159668 0.0 5.705474289946672 2.0523862838745117 1.4238839149475098
245 0.0 5.870366610285214 3.133960247039795 2.040827751159668 0.0 5.705464594652444 2.055565357208252 1.4238839149475098
246 0.0 5.870366610285214 3.1268386840820313 2.040827751159668 0.0 5.705464594652444 2.039161443710327 1.4238839149475098
247 0.0 5.858451961756778 3.126742124557495 2.040827751159668 0.0 5.710497100180937 2.0399727821350098 1.4238839149475098
248 0.0 5.869631507795227 3.1267058849334717 2.040827751159668 0.0 5.705752311479105 2.0402159690856934 1.4238839149475098
249 0.0 5.869631507795227 3.1224963665008545 2.040827751159668 0.0 5.705752311479105 2.0343778133392334 1.4238839149475098
250 0.0 5.869631507795227 3.122802495956421 2.0412092208862305 0.0 5.705752311479105 2.0345139503479004 1.4244309663772583
251 0.0 5.86768255711142 3.1278157234191895 2.0412092208862305 0.0 5.706529352909211 2.040668249130249 1.4244309663772583
252 0.0 5.86768255711142 3.1279847621917725 2.0412092208862305 0.0 5.706529352909211 2.0399904251098633 1.4244309663772583
253 0.0 5.870569860395327 3.121932029724121 2.0412092208862305 0.0 5.710160629246178 2.033141613006592 1.4244309663772583
254 0.0 5.870842375749162 3.124946355819702 2.0412092208862305 0.0 5.71060905513929 2.036130905151367 1.4244309663772583
255 0.0 5.870842375749162 3.124230146408081 2.0412092208862305 0.0 5.71060905513929 2.0415642261505127 1.4244309663772583
256 0.0 5.870842375749162 3.1243374347686768 2.0412092208862305 0.0 5.71060905513929 2.048619508743286 1.4244309663772583
257 0.0 5.870842375749162 3.124346971511841 2.0412092208862305 0.0 5.71060905513929 2.0493621826171875 1.4244309663772583
258 0.0 5.860461697561759 3.124346971511841 2.0412092208862305 0.0 5.726478200938535 2.053285598754883 1.4244309663772583
259 0.0 5.86548438376655 3.124347448348999 2.0412092208862305 0.0 5.724534662960929 2.053025007247925 1.4244309663772583
260 0.0 5.86548438376655 3.124347448348999 2.0412092208862305 0.0 5.724534662960929 2.053025007247925 1.4244309663772583
261 0.0 5.86548438376655 3.1243553161621094 2.042419195175171 0.0 5.724534662960929 2.0529086589813232 1.426164150238037
262 0.0 5.86548438376655 3.1242425441741943 2.0593984127044678 0.0 5.724534662960929 2.0544419288635254 1.4503759145736694
263 0.0 5.864964555983052 3.1227099895477295 2.0593984127044678 0.0 5.7247290922662835 2.0531301498413086 1.4503759145736694
264 0.0 5.865170433342747 3.128927230834961 2.0593984127044678 0.0 5.724977269679486 2.0605320930480957 1.4503759145736694
265 0.0 5.864772110183 3.1289215087890625 2.0468497276306152 0.0 5.72512716204866 2.0593693256378174 1.432502269744873
266 0.0 5.864772110183 3.1289215087890625 2.0468497276306152 0.0 5.72512716204866 2.0593693256378174 1.432502269744873
267 0.0 5.864772110183 3.1288886070251465 2.0107316970825195 0.0 5.72512716204866 2.0559399127960205 1.3804022073745728
268 0.0 5.866442363793895 3.1288845539093018 2.0107316970825195 0.0 5.724504426430632 2.0558509826660156 1.3804022073745728
269 0.0 5.866442363793895 3.126312494277954 2.0069363117218018 0.0 5.724504426430632 2.051189422607422 1.3748681545257568
270 0.0 5.866442363793895 3.1261677742004395 2.0480146408081055 0.0 5.724504426430632 2.0583560466766357 1.4341661930084229
271 0.0 5.86382852918758 3.1261677742004395 2.0480146408081055 0.0 5.7254863616108835 2.058505058288574 1.4341661930084229
272 0.0 5.86382852918758 3.1294174194335938 2.0480146408081055 0.0 5.7254863616108835 2.0627076625823975 1.4341661930084229
273 0.0 5.86382852918758 3.1234076023101807 2.049596071243286 0.0 5.7254863616108835 2.047529458999634 1.436423659324646
274 0.0 5.859261888123548 3.119117498397827 2.049596071243286 0.0 5.727296381096282 2.0418848991394043 1.436423659324646
275 0.0 5.859261888123548 3.1189498901367188 2.049596071243286 0.0 5.727296381096282 2.038560628890991 1.436423659324646
276 0.0 5.859261888123548 3.119748592376709 2.049596071243286 0.0 5.727296381096282 2.0440731048583984 1.436423659324646
277 0.0 5.864394159294176 3.119750738143921 2.049596071243286 0.0 5.725270684231422 2.044325590133667 1.436423659324646
278 0.0 5.864394159294176 3.1248202323913574 2.049596071243286 0.0 5.725270684231422 2.066568374633789 1.436423659324646
279 0.0 5.8606221754160055 3.121530771255493 2.0204384326934814 0.0 5.726744665572136 2.065246105194092 1.3945037126541138
280 0.0 5.8606221754160055 3.121547222137451 2.020139455795288 0.0 5.726744665572136 2.065239667892456 1.3940701484680176
281 0.0 5.8606221754160055 3.121547222137451 2.020139455795288 0.0 5.726744665572136 2.065239667892456 1.3940701484680176
282 0.0 5.8606221754160055 3.115447998046875 2.020139455795288 0.0 5.726744665572136 2.0583629608154297 1.3940701484680176
283 0.0 5.863171334773944 3.112395763397217 2.020139455795288 0.0 5.728289969925776 2.0604217052459717 1.3940701484680176
284 0.0 5.863171334773944 3.112398624420166 2.020139455795288 0.0 5.728289969925776 2.0603206157684326 1.3940701484680176
285 0.0 5.8651822848259245 3.1124496459960938 2.020139455795288 0.0 5.731982130983332 2.060744524002075 1.3940701484680176
286 0.0 5.857830832674664 3.112384080886841 1.9773058891296387 0.0 5.733912058703464 2.054205894470215 1.331242561340332
287 0.0 5.869143106860084 3.112384080886841 1.9773058891296387 0.0 5.729339121905456 2.0534849166870117 1.331242561340332
288 0.0 5.869143106860084 3.111538887023926 1.9773058891296387 0.0 5.729339121905456 2.048121690750122 1.331242561340332
289 0.0 5.854382565950859 3.111870050430298 1.9834709167480469 0.0 5.711531571403442 2.043801784515381 1.3403825759887695
290 0.0 5.854382565950859 3.111870050430298 1.9834709167480469 0.0 5.711531571403442 2.043801784515381 1.3403825759887695
291 0.0 5.858242693663635 3.111870050430298 1.9834709167480469 0.0 5.71014641088616 2.0435984134674072 1.3403825759887695
292 0.0 5.8480386674206155 3.111870050430298 1.9834709167480469 0.0 5.7140041444980225 2.0441839694976807 1.3403825759887695
293 0.0 5.846212285274053 3.111851453781128 1.9834709167480469 0.0 5.714372349576719 2.0445377826690674 1.3403825759887695
294 0.0 5.846212285274053 3.111851453781128 1.9834709167480469 0.0 5.714372349576719 2.0445377826690674 1.3403825759887695
295 0.0 5.846212285274053 3.115018129348755 1.999447226524353 0.0 5.714372349576719 2.0448243618011475 1.363912582397461
296 0.0 5.850473880517634 3.1183688640594482 2.0351383686065674 0.0 5.712685649551819 2.0604755878448486 1.4157178401947021
297 0.0 5.854837593155743 3.1237735748291016 2.0351383686065674 0.0 5.711071355382083 2.0657341480255127 1.4157178401947021
298 0.0 5.854837593155743 3.123270273208618 2.0351383686065674 0.0 5.711071355382083 2.064882278442383 1.4157178401947021
299 0.0 5.854837593155743 3.123213052749634 2.0228843688964844 0.0 5.711071355382083 2.063138961791992 1.3980448246002197
300 0.0 5.8544636316042 3.123079299926758 2.0236120223999023 0.0 5.711162655049587 2.0632290840148926 1.3990976810455322
301 0.0 5.845187817980224 3.123079299926758 2.0236120223999023 0.0 5.714730219669303 2.0637712478637695 1.3990976810455322
302 0.0 5.845187817980224 3.1229021549224854 2.064669132232666 0.0 5.714730219669303 2.070793867111206 1.4578500986099243
303 0.0 5.8500132330876164 3.120805025100708 2.064669132232666 0.0 5.712810007976187 2.067068576812744 1.4578500986099243
304 0.0 5.842126098291552 3.120805025100708 2.064669132232666 0.0 5.716019693718928 2.0675716400146484 1.4578500986099243
305 0.0 5.842126098291552 3.120805025100708 2.064669132232666 0.0 5.716019693718928 2.0675716400146484 1.4578500986099243
306 0.0 5.843685236867406 3.121879816055298 2.0682225227355957 0.0 5.71936129917594 2.0653328895568848 1.4628782272338867
307 0.0 5.838887137552966 3.1215786933898926 2.0682225227355957 0.0 5.729760998402477 2.068601608276367 1.4628782272338867
308 0.0 5.838887137552966 3.1161885261535645 2.0682225227355957 0.0 5.729760998402477 2.063148260116577 1.4628782272338867
309 0.0 5.838887137552966 3.1161885261535645 2.0682225227355957 0.0 5.729760998402477 2.063148260116577 1.4628782272338867
310 0.0 5.858095685563186 3.1169188022613525 2.0706396102905273 0.0 5.722913817010464 2.062683582305908 1.4662935733795166
311 0.0 5.855808143332803 3.121596097946167 2.0706396102905273 0.0 5.723612555628815 2.074045181274414 1.4662935733795166
312 0.0 5.848227261590403 3.121596097946167 2.0706396102905273 0.0 5.72615753724476 2.0744004249572754 1.4662935733795166
313 0.0 5.848227261590403 3.121596097946167 2.0706396102905273 0.0 5.72615753724476 2.0744004249572754 1.4662935733795166
314 0.0 5.847508284252279 3.121393918991089 2.070758819580078 0.0 5.726416566828363 2.0742883682250977 1.4664618968963623
315 0.0 5.839616221881507 3.1214044094085693 2.070758819580078 0.0 5.729461727880785 2.0745673179626465 1.4664618968963623
316 0.0 5.8341071954819705 3.1213793754577637 2.070758819580078 0.0 5.731797516556402 2.0750129222869873 1.4664618968963623
317 0.0 5.830166311463103 3.121680736541748 2.070758819580078 0.0 5.7294689123798825 2.0735230445861816 1.4706690311431885
318 0.0 5.830166311463103 3.121662139892578 2.070758819580078 0.0 5.7294689123798825 2.073573350906372 1.4706690311431885
319 0.0 5.851548211292742 3.121662139892578 2.070758819580078 0.0 5.722330315616996 2.0725433826446533 1.4706690311431885
320 0.0 5.841741349448695 3.1206209659576416 2.0299267768859863 0.0 5.725795822563958 2.0655815601348877 1.412596344947815
321 0.0 5.841741349448695 3.1206209659576416 2.0299267768859863 0.0 5.725795822563958 2.0655815601348877 1.412596344947815
322 0.0 5.8386598308358835 3.121095657348633 2.0299267768859863 0.0 5.722040904242196 2.0581796169281006 1.412596344947815
323 0.0 5.8386598308358835 3.1211657524108887 2.029127597808838 0.0 5.722040904242196 2.058331251144409 1.4114476442337036
324 0.0 5.8386598308358835 3.1166601181030273 2.028284788131714 0.0 5.722040904242196 2.045363664627075 1.4102355241775513
325 0.0 5.8386598308358835 3.1167454719543457 2.030331611633301 0.0 5.722040904242196 2.0471601486206055 1.4131778478622437
326 0.0 5.840517353130019 3.1159095764160156 2.030331611633301 0.0 5.7213407161048995 2.051459312438965 1.4131778478622437
327 0.0 5.839565795999854 3.1159284114837646 2.028632402420044 0.0 5.7216969287707675 2.0510356426239014 1.4107354879379272
328 0.0 5.8188199285705355 3.118277072906494 2.028632402420044 0.0 5.730735611767062 2.05857253074646 1.4107354879379272
329 0.0 5.826553765535442 3.118277072906494 2.028632402420044 0.0 5.723979950961346 2.057236909866333 1.4107354879379272
330 0.0 5.826553765535442 3.118277072906494 2.028632402420044 0.0 5.723979950961346 2.057236909866333 1.4107354879379272
331 0.0 5.828449197039994 3.118277072906494 2.028632402420044 0.0 5.725100336960083 2.057513475418091 1.4107354879379272
332 0.0 5.824863096008242 3.1182682514190674 2.0287888050079346 0.0 5.726716523731452 2.057786226272583 1.4109605550765991
333 0.0 5.837020991815557 3.1183109283447266 2.0287888050079346 0.0 5.721526068830239 2.0574593544006348 1.4109605550765991
334 0.0 5.843713715278042 3.118358612060547 2.0290191173553467 0.0 5.719028532825167 2.0571272373199463 1.4112917184829712
335 0.0 5.817992094740432 3.1184661388397217 2.029129981994629 0.0 5.728426563644248 2.058549404144287 1.4114512205123901
336 0.0 5.817992094740432 3.1234524250030518 2.029129981994629 0.0 5.728426563644248 2.0610580444335938 1.4114512205123901
337 0.0 5.806717922826094 3.1254920959472656 2.035936117172241 0.0 5.713811024016143 2.0589518547058105 1.4212181568145752
338 0.0 5.810661490312714 3.1254920959472656 2.035936117172241 0.0 5.711905349547846 2.058624505996704 1.4212181568145752
339 0.0 5.814278080695278 3.1254920959472656 2.035936117172241 0.0 5.7102311637314696 2.0583419799804688 1.4212181568145752
340 0.0 5.812648095034356 3.1257553100585938 2.035936117172241 0.0 5.710977093961683 2.0587446689605713 1.4212181568145752
341 0.0 5.812648095034356 3.125429153442383 2.035936117172241 0.0 5.710977093961683 2.0609359741210938 1.4212181568145752
342 0.0 5.812648095034356 3.1310243606567383 2.046226739883423 0.0 5.710977093961683 2.080631971359253 1.4359210729599
343 0.0 5.812648095034356 3.1292011737823486 2.0474655628204346 0.0 5.710977093961683 2.0797948837280273 1.4376859664916992
344 0.0 5.820021483253314 3.130784511566162 2.0474655628204346 0.0 5.71243979416492 2.0797441005706787 1.4376859664916992
345 0.0 5.8211855550781815 3.130013942718506 2.0474655628204346 0.0 5.713464439248884 2.07781982421875 1.4376859664916992
346 0.0 5.821183612074165 3.130007028579712 2.0474655628204346 0.0 5.7134651692734275 2.077702522277832 1.4376859664916992
347 0.0 5.821183612074165 3.130007028579712 2.0474655628204346 0.0 5.7134651692734275 2.077702522277832 1.4376859664916992
348 0.0 5.807574873196885 3.131298303604126 2.060225248336792 0.0 5.71956175577786 2.0821614265441895 1.4558000564575195
349 0.0 5.808741184485573 3.131298303604126 2.060225248336792 0.0 5.71900008132833 2.0820658206939697 1.4558000564575195
350 0.0 5.808741184485573 3.129096508026123 2.0318686962127686 0.0 5.71900008132833 2.0794224739074707 1.415385127067566
351 0.0 5.808741184485573 3.1312663555145264 2.0318686962127686 0.0 5.71900008132833 2.0760602951049805 1.415385127067566
352 0.0 5.808741184485573 3.1239821910858154 2.0318686962127686 0.0 5.71900008132833 2.0583670139312744 1.415385127067566
353 0.0 5.808741184485573 3.1239821910858154 2.0318686962127686 0.0 5.71900008132833 2.0583670139312744 1.415385127067566
354 0.0 5.808741184485573 3.122969388961792 2.0318686962127686 0.0 5.71900008132833 2.0594468116760254 1.415385127067566
355 0.0 5.781275765492022 3.122838020324707 2.0318686962127686 0.0 5.7922232643002545 2.0708167552948 1.415385127067566
356 0.0 5.792728034047139 3.122863531112671 2.0350587368011475 0.0 5.787283740618104 2.070297956466675 1.419960856437683
357 0.0 5.792728034047139 3.1199309825897217 2.0350587368011475 0.0 5.787283740618104 2.0691440105438232 1.419960856437683
358 0.0 5.788717412663948 3.1208174228668213 2.0350587368011475 0.0 5.788925788802687 2.0734713077545166 1.419960856437683
359 0.0 5.788717412663948 3.1205039024353027 2.0781919956207275 0.0 5.788925788802687 2.0806076526641846 1.4811172485351563
360 0.0 5.786106486095272 3.123173713684082 2.0873606204986572 0.0 5.790045984223477 2.0818817615509033 1.4939544200897217
361 0.0 5.786106486095272 3.123173713684082 2.0873606204986572 0.0 5.790045984223477 2.0818817615509033 1.4939544200897217
362 0.0 5.786106486095272 3.123002529144287 2.0849711894989014 0.0 5.790045984223477 2.0799169540405273 1.4906139373779297
363 0.0 5.786106486095272 3.123615026473999 2.0849711894989014 0.0 5.790045984223477 2.0809106826782227 1.4906139373779297
364 0.0 5.7911988586662275 3.1234076023101807 2.0849711894989014 0.0 5.787898413420539 2.080594301223755 1.4906139373779297
365 0.0 5.793477051116333 3.126431465148926 2.0849711894989014 0.0 5.786579495513165 2.087151288986206 1.4906139373779297
366 0.0 5.79249033933196 3.1267330646514893 2.0849711894989014 0.0 5.78601629824202 2.0871119499206543 1.4906139373779297
367 0.0 5.79249033933196 3.1267330646514893 2.0849711894989014 0.0 5.78601629824202 2.0871119499206543 1.4906139373779297
368 0.0 5.79249033933196 3.124112129211426 2.0701754093170166 0.0 5.78601629824202 2.0858731269836426 1.469847321510315
369 0.0 5.793979471350951 3.1242353916168213 2.0701754093170166 0.0 5.784520071684796 2.085236072540283 1.469847321510315
370 0.0 5.793979471350951 3.1243345737457275 2.074951410293579 0.0 5.784520071684796 2.085686206817627 1.4765667915344238
371 0.0 5.793979471350951 3.124572992324829 2.0855724811553955 0.0 5.784520071684796 2.086683511734009 1.491454839706421
372 0.0 5.793979471350951 3.1245675086975098 2.0860183238983154 0.0 5.784520071684796 2.0866730213165283 1.492078423500061
373 0.0 5.785345033737321 3.1245675086975098 2.0860183238983154 0.0 5.78814486823127 2.087258815765381 1.492078423500061
374 0.0 5.776543752436477 3.124542236328125 2.0860183238983154 0.0 5.792286971122631 2.0880520343780518 1.492078423500061
375 0.0 5.776543752436477 3.122666120529175 2.0860183238983154 0.0 5.792286971122631 2.091811180114746 1.492078423500061
376 0.0 5.776543752436477 3.122715950012207 2.0860183238983154 0.0 5.792286971122631 2.091728448867798 1.492078423500061
377 0.0 5.787995327141047 3.123579263687134 2.0831427574157715 0.0 5.776720332388992 2.088533878326416 1.4880554676055908
378 0.0 5.787995327141047 3.123579263687134 2.0831427574157715 0.0 5.776720332388992 2.088533878326416 1.4880554676055908
379 0.0 5.790699582716434 3.1287710666656494 2.079432964324951 0.0 5.778270442509567 2.0954103469848633 1.4828577041625977
380 0.0 5.7863077155434075 3.1287710666656494 2.079432964324951 0.0 5.780036377147628 2.0961761474609375 1.4828577041625977
381 0.0 5.7945376147885925 3.1287710666656494 2.079432964324951 0.0 5.776823363416243 2.09567928314209 1.4828577041625977
382 0.0 5.7945376147885925 3.1281609535217285 2.079432964324951 0.0 5.776823363416243 2.094571590423584 1.4828577041625977
383 0.0 5.7945376147885925 3.1275861263275146 2.079432964324951 0.0 5.776823363416243 2.0976333618164063 1.4828577041625977
384 0.0 5.774862015976512 3.1275861263275146 2.079432964324951 0.0 5.785172617548759 2.0989809036254883 1.4828577041625977
385 0.0 5.786741282392684 3.126007318496704 2.079432964324951 0.0 5.779856770505793 2.0900919437408447 1.4828577041625977
386 0.0 5.786741282392684 3.126007318496704 2.079432964324951 0.0 5.779856770505793 2.0900919437408447 1.4828577041625977
387 0.0 5.786741282392684 3.126007318496704 2.079432964324951 0.0 5.779856770505793 2.0900919437408447 1.4828577041625977
388 0.0 5.791564569593535 3.1259801387786865 2.079432964324951 0.0 5.777936757210218 2.089703321456909 1.4828577041625977
389 0.0 5.790710516643733 3.1259801387786865 2.079432964324951 0.0 5.778266509508512 2.089754104614258 1.4828577041625977
390 0.0 5.790710516643733 3.125859498977661 2.079432964324951 0.0 5.778266509508512 2.088775873184204 1.4828577041625977
391 0.0 5.790710516643733 3.126284599304199 2.079432964324951 0.0 5.778266509508512 2.088733434677124 1.4828577041625977
392 0.0 5.787404128205599 3.120917558670044 2.079432964324951 0.0 5.779584732838324 2.0889182090759277 1.4828577041625977
393 0.0 5.787404128205599 3.1208701133728027 2.087402820587158 0.0 5.779584732838324 2.0896713733673096 1.4940135478973389
394 0.0 5.787404128205599 3.1208701133728027 2.087402820587158 0.0 5.779584732838324 2.0896713733673096 1.4940135478973389
395 0.0 5.790001660132303 3.1209330558776855 2.087402820587158 0.0 5.778208177078876 2.0893096923828125 1.4940135478973389
396 0.0 5.7813236774578405 3.1210527420043945 2.087402820587158 0.0 5.780392385671827 2.089679002761841 1.4940135478973389
397 0.0 5.778515289454712 3.1210575103759766 2.087402820587158 0.0 5.778799033295833 2.089698314666748 1.4940135478973389
398 0.0 5.789665952852243 3.1212542057037354 2.047739267349243 0.0 5.7743838555864615 2.082258939743042 1.4380755424499512
399 0.0 5.776577481790748 3.1172893047332764 2.047739267349243 0.0 5.779641964528465 2.0873970985412598 1.4380755424499512
400 0.0 5.776577481790748 3.1172893047332764 2.047739267349243 0.0 5.779641964528465 2.0873970985412598 1.4380755424499512
