init 0.6268985867500305 1.7008816424073678 3.1091792583465576 2.4172539710998535 0.0 0.0 0.0 0.0
1 0.7572911381721497 1.6303853072378682 3.1532278060913086 2.4660768508911133 0.39839500188827515 0.7075675932075284 0.4968905448913574 0.46035802364349365
2 0.7408953905105591 1.4396780970457574 3.145982265472412 2.453120708465576 0.41201284527778625 0.8260590025111798 0.5069496631622314 0.39791208505630493
3 0.7419482469558716 1.2485790006547128 3.139954090118408 2.4525787830352783 0.4433262348175049 0.7703793061938808 0.4851396977901459 0.3863458037376404
4 0.7446884512901306 1.2453446622784226 3.1499617099761963 2.463898181915283 0.4385639727115631 0.7782521113655965 0.5167015790939331 0.42332279682159424
5 0.7413710355758667 1.2015901517893497 3.143367052078247 2.4502065181732178 0.45718276500701904 0.837705438351771 0.5354484915733337 0.44632434844970703
6 0.6978580355644226 1.1602482841731598 3.1406190395355225 2.4435641765594482 0.3653201460838318 0.8898633468346822 0.51804119348526 0.35238534212112427
7 0.6828240156173706 1.1888116967027806 3.1400680541992188 2.4419877529144287 0.3348361551761627 0.8558846705582439 0.5590492486953735 0.3411094546318054
8 0.6863970160484314 1.2754350845857432 3.1326310634613037 2.4475347995758057 0.29337766766548157 1.0146976630515419 0.5605409145355225 0.35140901803970337
9 0.6889978647232056 1.271993664392622 3.135991334915161 2.44736385345459 0.29988330602645874 1.0497450323508262 0.5744537115097046 0.3663066625595093
10 0.7018229365348816 1.0677326081931482 3.1417384147644043 2.4505953788757324 0.319866418838501 0.9237263294047766 0.5820915699005127 0.3912629187107086
11 0.6966351866722107 1.074219954489944 3.1420071125030518 2.4550836086273193 0.31662455201148987 0.9170787559027814 0.5863584280014038 0.4217296540737152
12 0.6978492736816406 1.0735992360758229 3.142322301864624 2.4518115520477295 0.31533730030059814 0.920979487095585 0.5756855010986328 0.42405229806900024
13 0.6918606162071228 1.0487952794254076 3.1360630989074707 2.4492361545562744 0.31310051679611206 0.9525609958133278 0.5856336355209351 0.4244908094406128
14 0.6986128687858582 1.175272713432173 3.1364574432373047 2.44931697845459 0.32466980814933777 0.8550546123759382 0.5790734887123108 0.42429324984550476
15 0.6985579133033752 1.1759094747968883 3.1366567611694336 2.4490323066711426 0.3243371844291687 0.8550469468813561 0.5769223570823669 0.41885846853256226
16 0.6944588422775269 1.1784093923037091 3.1341476440429688 2.3839657306671143 0.314957857131958 0.8549838834772386 0.6269853115081787 0.7284486293792725
17 0.6931335926055908 1.1779503170277563 3.1285455226898193 2.346130609512329 0.3137485980987549 0.8561336105928941 0.682449221611023 0.8435924649238586
18 0.6946585774421692 1.1604361921536896 3.1292154788970947 2.348907709121704 0.32302549481391907 0.8708208948609443 0.6891786456108093 0.848384439945221
19 0.694299042224884 1.1631474824924055 3.1287848949432373 2.3513059616088867 0.32117870450019836 0.8675300122767639 0.7075021862983704 0.8483550548553467
20 0.6944063901901245 1.1621525582311707 3.1293811798095703 2.3524084091186523 0.3218182623386383 0.8680925016190845 0.7097488641738892 0.8503375053405762
21 0.6949136257171631 1.1626973358737935 3.1366679668426514 2.3502893447875977 0.3219914734363556 0.8667185402325135 0.7644388675689697 0.8375757932662964
22 0.6966113448143005 1.1631730160801081 3.136564254760742 2.3448803424835205 0.3229104280471802 0.8686489731362924 0.7648332118988037 0.8513144254684448
23 0.6946448087692261 1.193546474744671 3.1378064155578613 2.3411409854888916 0.3138064742088318 0.8677208790550618 0.7637220621109009 0.8506575226783752
24 0.6948213577270508 1.1937413328418418 3.1376750469207764 2.3411552906036377 0.31367766857147217 0.867181443065482 0.7633435726165771 0.8507274389266968
25 0.6879587173461914 1.1904912404165788 3.1386914253234863 2.3323476314544678 0.29176604747772217 0.8819488901801156 0.7609588503837585 0.8259592056274414
26 0.6898642778396606 1.1619893574808415 3.1438472270965576 2.3409762382507324 0.3038722276687622 0.9133316640437082 0.7933694124221802 0.8366920948028564
27 0.6767528653144836 1.2125713456900982 3.13118839263916 2.3412084579467773 0.28109800815582275 0.8950173518507014 0.7673145532608032 0.8226096630096436
28 0.6728678345680237 1.1997784519297392 3.1324362754821777 2.3374998569488525 0.28264111280441284 0.8913037050010374 0.7691077589988708 0.8216879367828369
29 0.6729580760002136 1.196899458435 3.1361777782440186 2.3369176387786865 0.2869732975959778 0.8947841418974865 0.7778446674346924 0.8217678666114807
30 0.6807491779327393 1.18205563704934 3.1420209407806396 2.336621046066284 0.30665647983551025 0.8683430841680099 0.7715708017349243 0.8349021673202515
31 0.6778180003166199 1.1801237020658746 3.138068199157715 2.3400373458862305 0.29051673412323 0.8445013356197288 0.7675170302391052 0.830433189868927
32 0.6834873557090759 1.1756545484711263 3.141080141067505 2.351802110671997 0.2947671711444855 0.866023154773745 0.7754598259925842 0.8431202173233032
33 0.6839778423309326 1.1759697452054165 3.140564441680908 2.3515710830688477 0.2943195104598999 0.8635450447522868 0.7750572562217712 0.8453400135040283
34 0.6832102537155151 1.1745464378342325 3.145528554916382 2.3819546699523926 0.29274797439575195 0.8637121306668328 0.7265817523002625 0.7208698391914368
35 0.6799936890602112 1.2042382666286193 3.1397502422332764 2.379326105117798 0.28256547451019287 0.8387112687630291 0.7168875932693481 0.7125803828239441
36 0.6813589930534363 1.1997025042307454 3.1405954360961914 2.379945755004883 0.2858223617076874 0.8438789035131844 0.712181031703949 0.7143604159355164
37 0.6827248930931091 1.1790684794527015 3.1477770805358887 2.3836097717285156 0.29768699407577515 0.8639276162754342 0.7664666771888733 0.7150664925575256
38 0.686643660068512 1.1936485639678072 3.149820566177368 2.382355213165283 0.29965147376060486 1.0003693546844505 0.7868147492408752 0.7177132964134216
39 0.6857601404190063 1.191370832986111 3.1500697135925293 2.3814871311187744 0.29761040210723877 1.0001585403609055 0.7664337754249573 0.71648108959198
40 0.6848149299621582 1.2167138305873921 3.151142120361328 2.384002685546875 0.30069223046302795 0.9272837795823292 0.771645724773407 0.7158946394920349
41 0.684928834438324 1.2192031130188954 3.15097975730896 2.3841159343719482 0.3008887767791748 0.9203721497802071 0.7962457537651062 0.7159419059753418
42 0.6829848885536194 1.2554250211754452 3.150301218032837 2.3808822631835938 0.30152472853660583 1.0372364625213615 0.8053999543190002 0.7332582473754883
43 0.6833257675170898 1.2557784591844343 3.1466169357299805 2.3802578449249268 0.3015076816082001 1.037863387625623 0.7686053514480591 0.7215459942817688
44 0.6853039264678955 1.2604699831215505 3.143479585647583 2.381990671157837 0.3001742959022522 1.0536218004650666 0.7645266056060791 0.7187649011611938
45 0.674994945526123 1.2820587772716883 3.1379942893981934 2.3659722805023193 0.26961806416511536 0.9704243127552096 0.7553846836090088 0.8778806924819946
46 0.6741370558738708 1.2710537992397097 3.139402151107788 2.3610432147979736 0.27075132727622986 1.0109342222694848 0.7680661082267761 0.8809002637863159
47 0.6723636388778687 1.2765561404499746 3.138216257095337 2.3628737926483154 0.26788821816444397 0.998974878851191 0.7633341550827026 0.8795531988143921
48 0.6772100925445557 1.27397008306081 3.1386234760284424 2.3595499992370605 0.2764134705066681 0.9931582867198891 0.769196093082428 0.8791831135749817
49 0.6769746541976929 1.2752453421755794 3.136568784713745 2.359264612197876 0.2756009101867676 0.9931011350182245 0.7623651027679443 0.8792301416397095
50 0.6765460968017578 1.276037901177492 3.1363236904144287 2.3589670658111572 0.27425363659858704 0.9946346494386735 0.7613664865493774 0.8799279928207397
51 0.677678108215332 1.2719197869280763 3.1333820819854736 2.3619251251220703 0.276618629693985 1.009654563621405 0.8240351676940918 0.8856096863746643
52 0.6819257736206055 1.2689777396696764 3.134615659713745 2.360419273376465 0.29208284616470337 1.0029675396402264 0.8248152136802673 0.8878714442253113
53 0.6819257736206055 1.2689777396696764 3.142009735107422 2.3575901985168457 0.29208284616470337 1.0029675396402264 0.7962727546691895 0.8874817490577698
54 0.689640998840332 1.270043517329984 3.1427419185638428 2.3574252128601074 0.29229357838630676 1.006418708877676 0.7979776859283447 0.8882082104682922
55 0.6892238259315491 1.2450939204501548 3.142632246017456 2.3573598861694336 0.29072993993759155 0.9743583145236823 0.7955469489097595 0.8880762457847595
56 0.6879274249076843 1.241845775120261 3.1432859897613525 2.3569154739379883 0.2873697280883789 0.9730235316825759 0.8064067959785461 0.8875865936279297
57 0.6850115656852722 1.233537930392303 3.142267942428589 2.3523032665252686 0.2799471616744995 0.9710301218185498 0.7904011607170105 0.880035400390625
58 0.6884014010429382 1.2184893074174183 3.1452760696411133 2.3536088466644287 0.2841821610927582 0.9926110288886612 0.7998694181442261 0.8811324238777161
59 0.6858004927635193 1.2187692144633482 3.1479482650756836 2.3533854484558105 0.2832558751106262 0.9927878093834036 0.8177840113639832 0.8811377882957458
60 0.6861243844032288 1.217349741481173 3.152456045150757 2.353364944458008 0.2837819755077362 0.9931759798299676 0.8537810444831848 0.880943238735199
61 0.6869261860847473 1.1650344433823614 3.153712511062622 2.3255388736724854 0.28173017501831055 0.9517314137433093 0.852232813835144 0.8858656883239746
62 0.6802401542663574 1.1610704030297074 3.1492528915405273 2.3211705684661865 0.2616276443004608 0.983628614554219 0.8399924635887146 0.8632040619850159
63 0.6780567765235901 1.1875453067475805 3.1523258686065674 2.3952598571777344 0.25687965750694275 1.027768713118789 0.8322680592536926 0.6118060946464539
64 0.6788296699523926 1.1932641070637926 3.140561580657959 2.3991591930389404 0.2595609426498413 1.0200356601713234 0.7605370283126831 0.6185299754142761
65 0.6855496764183044 1.1899293292491258 3.1488420963287354 2.3985421657562256 0.2689242959022522 1.0092521443288094 0.7814241051673889 0.6225435137748718
66 0.6861059665679932 1.1925071347964267 3.149738073348999 2.4001657962799072 0.26870134472846985 1.013110943106912 0.7845234870910645 0.6264849305152893
67 0.68619304895401 1.1954039083725245 3.1504065990448 2.403327703475952 0.2764705717563629 1.0066482085602229 0.7969331741333008 0.6316230297088623
68 0.6880202293395996 1.1983158040641495 3.150485038757324 2.403273105621338 0.2806749641895294 1.0023974888627023 0.796904444694519 0.6315576434135437
69 0.6829261779785156 1.2094723591262913 3.145052909851074 2.4013473987579346 0.26903748512268066 0.9457736543465565 0.7913316488265991 0.6206047534942627
70 0.6852808594703674 1.2204639702785587 3.1479368209838867 2.4015958309173584 0.27657848596572876 1.078813745138606 0.8192996382713318 0.6214374899864197
71 0.6900805234909058 1.221895004989624 3.15289306640625 2.4047253131866455 0.2887340784072876 1.0751668566369859 0.8288449645042419 0.6252252459526062
72 0.6904342770576477 1.2290161864904525 3.1483941078186035 2.4015634059906006 0.2813872992992401 1.0512440844181248 0.8082537651062012 0.6224508285522461
73 0.6884493827819824 1.2264752883402568 3.1466455459594727 2.4021692276000977 0.27574846148490906 1.0359225716151255 0.797480583190918 0.6189970374107361
74 0.6895622611045837 1.225596250750448 3.148272752761841 2.401230812072754 0.2791481614112854 1.0457234165667324 0.7974377274513245 0.6137104034423828
75 0.693556547164917 1.224838657048156 3.153977632522583 2.4009592533111572 0.2855219841003418 1.0428085332180357 0.8073826432228088 0.6127396821975708
76 0.6938892006874084 1.2266651757745894 3.1541643142700195 2.401322603225708 0.28719767928123474 1.0405896428673758 0.8106971383094788 0.613182544708252
77 0.6938892006874084 1.2266651757745894 3.153858184814453 2.401322603225708 0.28719767928123474 1.0405896428673758 0.792979896068573 0.613182544708252
78 0.6954014897346497 1.2255228737455268 3.1549367904663086 2.4007818698883057 0.29067856073379517 1.0349000680100313 0.8032807111740112 0.6124958992004395
79 0.6958735585212708 1.2115070738569684 3.1539905071258545 2.4015884399414063 0.29300591349601746 1.029692469317782 0.8837011456489563 0.6176631450653076
80 0.6958250999450684 1.2115003782115181 3.153987169265747 2.401590585708618 0.2930394411087036 1.0296889768748445 0.8836952447891235 0.6176643967628479
81 0.695694088935852 1.2127373275740039 3.1544272899627686 2.4006526470184326 0.2913963794708252 1.0271067887040686 0.8792954683303833 0.6179167628288269
82 0.6958230137825012 1.214474614591273 3.154726982116699 2.4021365642547607 0.29184314608573914 1.0268429462441142 0.8814191222190857 0.6207300424575806
83 0.6959120631217957 1.2122513904115209 3.1641664505004883 2.402904748916626 0.29011720418930054 1.0371665916444555 1.0063177347183228 0.6241023540496826
84 0.6944467425346375 1.2041347244927583 3.1608762741088867 2.402482271194458 0.278287798166275 1.0363209819238097 1.0000649690628052 0.6215559840202332
85 0.6951003074645996 1.2034264963401795 3.1612305641174316 2.402320146560669 0.27805790305137634 1.0369902253349028 1.0015798807144165 0.621777355670929
86 0.6896803975105286 1.2095041748895095 3.158341646194458 2.4030697345733643 0.26088207960128784 1.040195633555018 0.993408739566803 0.61797034740448
87 0.6928746700286865 1.213161289772766 3.161271572113037 2.4016942977905273 0.28399237990379333 1.0324971843144255 1.0012630224227905 0.6227119565010071
88 0.693274199962616 1.2132759617373774 3.161255359649658 2.4015820026397705 0.28462454676628113 1.0327717093088862 1.0008814334869385 0.6213436722755432
89 0.6937008500099182 1.212015349776434 3.168323516845703 2.401311159133911 0.28367456793785095 1.0338428674004978 1.0259873867034912 0.6217259168624878
90 0.6958120465278625 1.2100391591670199 3.1693153381347656 2.4125797748565674 0.2890523076057434 1.0282117679585783 1.026711344718933 0.6358350515365601
91 0.6951280832290649 1.2124819024305815 3.1694419384002686 2.4117345809936523 0.2875289022922516 1.0306793343231013 1.0270460844039917 0.6342595219612122
92 0.6924127340316772 1.2135932251534556 3.166473388671875 2.4111738204956055 0.28582972288131714 1.0386781533353755 1.022492527961731 0.625529944896698
93 0.6899362802505493 1.2231347031526612 3.1651535034179688 2.408358573913574 0.277378648519516 1.0356596905994002 1.0193557739257813 0.624740481376648
94 0.693400502204895 1.220128847238839 3.165672779083252 2.4143640995025635 0.2783116102218628 1.0437925235996706 1.0222207307815552 0.6530478596687317
95 0.6929452419281006 1.2153231750608777 3.1683661937713623 2.41617488861084 0.2824966609477997 1.060622060591716 1.028234601020813 0.6528434157371521
96 0.6922814846038818 1.1894155410021205 3.1686959266662598 2.4162073135375977 0.2820257246494293 1.0970689765958512 1.0301271677017212 0.6528903841972351
97 0.6869170069694519 1.1918753423847646 3.16756010055542 2.4158775806427 0.2726031541824341 1.1035865828938782 1.0271868705749512 0.6434970498085022
98 0.6809151768684387 1.2197306196516076 3.160364866256714 2.4157159328460693 0.268039345741272 1.1097874348450987 1.0197995901107788 0.6380135416984558
99 0.6755404472351074 1.2201387848163245 3.155169725418091 2.4138131141662598 0.25744879245758057 1.0475805817816206 1.0022720098495483 0.6282525062561035
100 0.6797610521316528 1.220592667035945 3.15301251411438 2.415165901184082 0.2552511990070343 1.0608693560257678 0.9966375827789307 0.6239652037620544
101 0.6770475506782532 1.2090463121612114 3.151515007019043 2.4159417152404785 0.2640036344528198 1.0806076393802935 0.9986728429794312 0.6207799315452576
102 0.6772321462631226 1.204800623569115 3.1521458625793457 2.4163360595703125 0.2658228874206543 1.0867587820367193 1.00113046169281 0.6199913024902344
103 0.6775134205818176 1.2047666750466375 3.1521923542022705 2.416715621948242 0.2656371593475342 1.085645576555315 1.00163733959198 0.6217891573905945
104 0.6794137954711914 1.2046917981598777 3.1529922485351563 2.419196844100952 0.2678380310535431 1.0849812680341062 1.00332772731781 0.6281353235244751
105 0.680688202381134 1.2077840959702002 3.154008150100708 2.419200897216797 0.27081501483917236 1.0827982508966123 1.0050100088119507 0.6285427212715149
106 0.6797178387641907 1.2058222096710904 3.152872323989868 2.4199697971343994 0.269042044878006 1.0832772041264978 1.0023747682571411 0.6265888810157776
107 0.6824954152107239 1.2115865163324797 3.1524903774261475 2.4230246543884277 0.27074602246284485 1.0827516784745308 0.9804921746253967 0.6380098462104797
108 0.6806414723396301 1.224351683145651 3.1544318199157715 2.4159207344055176 0.27094340324401855 1.1146643812284882 0.9898154735565186 0.6494219899177551
109 0.680796205997467 1.2216234266426058 3.1540491580963135 2.4157233238220215 0.273605614900589 1.1109716278990724 0.9891791343688965 0.648286759853363
110 0.6812304258346558 1.2218449273219147 3.154125213623047 2.415759801864624 0.27376532554626465 1.111038445068147 0.9892584085464478 0.6483998894691467
111 0.6847761273384094 1.2250842905396337 3.16170072555542 2.416144847869873 0.2843317687511444 1.1020098753544778 1.0053011178970337 0.6482240557670593
112 0.6850785613059998 1.2224664910747554 3.161592960357666 2.415846347808838 0.2856200337409973 1.10060303623605 1.0059529542922974 0.6478991508483887
113 0.6837508678436279 1.2175060834674993 3.1596591472625732 2.415678024291992 0.2892906963825226 1.1035386886384144 1.0052499771118164 0.6468880772590637
114 0.683732271194458 1.216692736059688 3.1601245403289795 2.416001796722412 0.2903237044811249 1.101619997207491 1.0064527988433838 0.6489547491073608
115 0.6825910806655884 1.2049224283063311 3.1580066680908203 2.4182305335998535 0.29938653111457825 1.0882346029982077 1.002400517463684 0.6471276879310608
116 0.6813684701919556 1.1646470790965275 3.157588005065918 2.415830135345459 0.2966007590293884 1.1253865037911588 1.0080888271331787 0.6395773887634277
117 0.6812669038772583 1.1648602235900414 3.15580153465271 2.415982723236084 0.2964414954185486 1.126145845510508 0.9882177114486694 0.6394314765930176
118 0.6808405518531799 1.1654391278431036 3.1566295623779297 2.4156548976898193 0.29743701219558716 1.1240343607821375 0.9874913692474365 0.6400731801986694
119 0.679057240486145 1.154149108378244 3.152653455734253 2.4191603660583496 0.2987065613269806 1.1390266703231204 0.9898248314857483 0.6202952861785889
120 0.679057240486145 1.154149108378244 3.148441791534424 2.4191603660583496 0.2987065613269806 1.1390266703231204 1.004757285118103 0.6202952861785889
121 0.6813230514526367 1.15595805270119 3.1512935161590576 2.4183359146118164 0.30414143204689026 1.1369013067840752 1.0300723314285278 0.6222025752067566
122 0.6808151006698608 1.1563832944097354 3.1506242752075195 2.421955108642578 0.3021571934223175 1.1350701615473962 1.0286664962768555 0.6213501691818237
123 0.6808130145072937 1.1564968939229718 3.150686502456665 2.4219117164611816 0.3021286725997925 1.1348775609871626 1.0283050537109375 0.6208782196044922
124 0.681494951248169 1.145809990467109 3.1477911472320557 2.4226043224334717 0.2943912446498871 1.135355554932847 1.0422414541244507 0.6198168992996216
125 0.682449996471405 1.1451211196321258 3.1479592323303223 2.4224326610565186 0.2947654128074646 1.1359209617998571 1.042330265045166 0.6195873022079468
126 0.6811630129814148 1.1524694758535767 3.1474316120147705 2.421931505203247 0.28684327006340027 1.1376850762219402 1.042132019996643 0.6198265552520752
127 0.6796697378158569 1.1643165625999174 3.1467444896698 2.4156973361968994 0.2842777669429779 1.1520810728489506 1.0424906015396118 0.6272159814834595
128 0.6784933805465698 1.1709737615255307 3.145678997039795 2.415311098098755 0.28202906250953674 1.1496793662917595 1.040088415145874 0.6291620135307312
129 0.6801373362541199 1.1613653953261855 3.145678997039795 2.4145939350128174 0.27985879778862 1.1471772435339453 1.041513204574585 0.6284285187721252
130 0.6814851760864258 1.1747468466873268 3.1422832012176514 2.4301769733428955 0.273813933134079 1.104533780331591 1.0278009176254272 0.6267489790916443
131 0.6828432679176331 1.1853224022013102 3.142584800720215 2.4318814277648926 0.27652817964553833 1.1470546404305924 1.0349500179290771 0.6345552802085876
132 0.6794788837432861 1.1785069877048542 3.1408932209014893 2.437074899673462 0.2792391777038574 1.1436148697215414 1.0239249467849731 0.6412026882171631
133 0.6797240376472473 1.1773062330899922 3.140451431274414 2.4368627071380615 0.27594423294067383 1.1374273902435772 1.017850399017334 0.641053318977356
134 0.6810822486877441 1.1797287833520476 3.1411218643188477 2.4401357173919678 0.28093332052230835 1.126624058046792 0.9560962915420532 0.6509460210800171
135 0.6842211484909058 1.1753737125804056 3.1420178413391113 2.4429373741149902 0.28662312030792236 1.1264202727755117 0.9567458629608154 0.6505550742149353
136 0.6840642094612122 1.1690142786487863 3.1408417224884033 2.443091630935669 0.2884201109409332 1.1191146843727473 0.9595344662666321 0.6479960083961487
137 0.6824072003364563 1.1689795378927454 3.142235040664673 2.4445173740386963 0.28807532787323 1.1145829325029073 0.9502938389778137 0.648991584777832
138 0.6825807690620422 1.1696626954084377 3.1419153213500977 2.444476842880249 0.28824326395988464 1.114401090968113 0.9412547945976257 0.6490688920021057
139 0.679125189781189 1.1719894762894243 3.144896984100342 2.4313037395477295 0.281379371881485 1.1369461545524437 0.9518097639083862 0.6512901186943054
140 0.6803351640701294 1.1592313633305948 3.1495277881622314 2.431199073791504 0.27983522415161133 1.145129357592468 0.9594181776046753 0.6527462601661682
141 0.6811903119087219 1.1630637301317241 3.149150848388672 2.4325268268585205 0.2836564779281616 1.1586811306502953 0.9608048796653748 0.65265953540802
142 0.6822016835212708 1.1632548712019908 3.1493093967437744 2.4282944202423096 0.28549590706825256 1.1612165392712253 0.9616107940673828 0.6509063839912415
143 0.6811551451683044 1.1681004403258086 3.149142026901245 2.428755283355713 0.2922458350658417 1.1624349830232248 0.9569477438926697 0.6458387970924377
144 0.6801478266716003 1.1588866980583894 3.148682117462158 2.4279329776763916 0.29143431782722473 1.1827096813352242 0.9579728245735168 0.6439883708953857
145 0.685888946056366 1.165480467333044 3.1498961448669434 2.4276533126831055 0.29224273562431335 1.2082366146968189 0.9618538022041321 0.6456706523895264
146 0.6832416653633118 1.133032332813375 3.148138999938965 2.430111885070801 0.28642538189888 1.1597276653407589 0.9693983793258667 0.645370602607727
147 0.6832416653633118 1.133032332813375 3.148200273513794 2.430111885070801 0.28642538189888 1.1597276653407589 0.9662055373191833 0.645370602607727
148 0.682988166809082 1.1340902086870606 3.1477465629577637 2.4305198192596436 0.29133185744285583 1.1603820735760113 0.9651583433151245 0.6449938416481018
149 0.6835588812828064 1.1351138895701924 3.148282051086426 2.4306769371032715 0.29085761308670044 1.1596216268223043 0.9652908444404602 0.6453905701637268
150 0.6826986074447632 1.1341289245667756 3.149365186691284 2.4276556968688965 0.28573575615882874 1.1609835577675593 0.9669068455696106 0.6457967162132263
151 0.6835436820983887 1.136474374482478 3.1487114429473877 2.427584171295166 0.28686219453811646 1.1668670430240515 0.9661117792129517 0.6448459625244141
152 0.6822997331619263 1.137660533425961 3.1481375694274902 2.427103281021118 0.28534379601478577 1.168760688564547 0.9634639024734497 0.640926718711853
153 0.6823053956031799 1.1366312639836018 3.14387583732605 2.4272141456604004 0.28627148270606995 1.1713308395118847 1.0122597217559814 0.6410213708877563
154 0.6812856197357178 1.1378600376782566 3.1446847915649414 2.4281671047210693 0.28520211577415466 1.1715233539873267 1.0132715702056885 0.6475474238395691
155 0.6785500049591064 1.1366468058580692 3.1446268558502197 2.428439140319824 0.28531375527381897 1.1693017433182238 1.0224659442901611 0.6467350125312805
156 0.6788723468780518 1.1374544486025238 3.1440155506134033 2.4289162158966064 0.28338879346847534 1.16582443918728 1.022462248802185 0.6489405035972595
157 0.6786040663719177 1.1367264905890944 3.143929958343506 2.428818464279175 0.28418853878974915 1.16686945319734 1.0193467140197754 0.6437075138092041
158 0.6829448342323303 1.1303592122514452 3.144831418991089 2.4298102855682373 0.2958284914493561 1.1642051948998078 1.0219581127166748 0.6513782739639282
159 0.6828420758247375 1.1391880501435538 3.1456637382507324 2.4264113903045654 0.2950015068054199 1.1718165165107037 1.0307636260986328 0.6564353704452515
160 0.6833567023277283 1.1377932768665895 3.1457085609436035 2.4265124797821045 0.29649990797042847 1.172127193741737 1.0333476066589355 0.6551492810249329
161 0.6839635372161865 1.1317060150559324 3.1445672512054443 2.426185369491577 0.2970832586288452 1.167193726442449 1.0357493162155151 0.6524902582168579
162 0.6839635372161865 1.1317060150559324 3.1445672512054443 2.426185369491577 0.2970832586288452 1.167193726442449 1.0357493162155151 0.6524902582168579
163 0.6839635372161865 1.1317060150559324 3.1459274291992188 2.426185369491577 0.2970832586288452 1.167193726442449 0.9932348132133484 0.6524902582168579
164 0.6824156045913696 1.1340866160497458 3.144709348678589 2.425574779510498 0.2938086688518524 1.16225515250126 0.9903218746185303 0.6514759063720703
165 0.6823554635047913 1.1340410217730945 3.143303394317627 2.4255480766296387 0.29404258728027344 1.162232546538212 0.994000256061554 0.6514095664024353
166 0.6823554635047913 1.1340410217730945 3.143303394317627 2.4255480766296387 0.29404258728027344 1.162232546538212 0.994000256061554 0.6514095664024353
167 0.6820216178894043 1.1328452577541672 3.1431851387023926 2.425712823867798 0.29302462935447693 1.162130806106222 0.9975274205207825 0.654792070388794
168 0.6818298101425171 1.0176553957549819 3.1428403854370117 2.4261438846588135 0.292922705411911 1.2049379294348637 1.0003843307495117 0.656110405921936
169 0.6818298101425171 1.0176553957549819 3.1428263187408447 2.4261438846588135 0.292922705411911 1.2049379294348637 1.0009572505950928 0.656110405921936
170 0.679785966873169 1.0243059311987845 3.1409926414489746 2.4259793758392334 0.2855648100376129 1.201847970695314 0.9963375926017761 0.6547213196754456
171 0.6819650530815125 1.0770727107458848 3.1415462493896484 2.426541566848755 0.2877051830291748 1.1686681881836332 0.9988172650337219 0.6598647236824036
172 0.6819650530815125 1.0770727107458848 3.1415462493896484 2.426541566848755 0.2877051830291748 1.1686681881836332 0.9988172650337219 0.6598647236824036
173 0.681425929069519 1.075831040955372 3.1413769721984863 2.425795078277588 0.28702467679977417 1.1700002694718936 0.9989201426506042 0.6584153771400452
174 0.6871986985206604 1.077812288703819 3.143345594406128 2.4277827739715576 0.2944028675556183 1.1676014177440317 1.0023199319839478 0.6560320258140564
175 0.6800358891487122 1.0877518867225096 3.1431515216827393 2.430804967880249 0.28854039311408997 1.1391118078212403 1.0090872049331665 0.6641193628311157
176 0.6810784339904785 1.0718237474113839 3.147040367126465 2.4328558444976807 0.29642942547798157 1.1184151619119214 1.0105711221694946 0.6702538132667542
177 0.6839950084686279 1.0653054306011434 3.1474924087524414 2.435157060623169 0.2996910810470581 1.1121493327726093 1.0136845111846924 0.6912707090377808
178 0.6883914470672607 1.060247437206836 3.146912097930908 2.4360415935516357 0.2979458272457123 1.109673573267884 1.0133997201919556 0.694298267364502
179 0.6910882592201233 1.0721002985561023 3.1495180130004883 2.436757802963257 0.30003488063812256 1.0992607053026895 1.0143897533416748 0.6799412965774536
180 0.6883088946342468 1.0783900588962458 3.1496901512145996 2.436958074569702 0.29491713643074036 1.101686806340009 1.0137616395950317 0.6799020767211914
181 0.6869125366210938 1.0806963246258612 3.150216817855835 2.4368863105773926 0.29410749673843384 1.1004498321750267 1.014074683189392 0.6794357299804688
182 0.6868608593940735 1.0815860005868794 3.149700164794922 2.4367942810058594 0.2929139733314514 1.0991000607529857 1.010485053062439 0.6783785223960876
183 0.6846478581428528 1.079273164239231 3.1542139053344727 2.436354160308838 0.28855034708976746 1.1050858415970632 1.0267620086669922 0.6783223152160645
184 0.6835770606994629 1.081754459320648 3.152259349822998 2.438992500305176 0.287329763174057 1.0934116524033441 1.0219510793685913 0.6803367137908936
185 0.6887128949165344 1.0703930224446703 3.156743049621582 2.438086748123169 0.28895655274391174 1.094324833716712 0.9857581853866577 0.6818183064460754
186 0.6860953569412231 1.0684631441106585 3.154399871826172 2.436983585357666 0.2876276671886444 1.0806778605877925 1.0191372632980347 0.6646409034729004
187 0.6857866644859314 1.0682486246245397 3.1547515392303467 2.436857223510742 0.28741610050201416 1.081813502256049 1.0199620723724365 0.6647499203681946
188 0.6826962232589722 1.0669457210662363 3.150815963745117 2.436112403869629 0.28088003396987915 1.0894864376994717 1.007936954498291 0.6646683812141418
189 0.6808715462684631 1.0748289002101385 3.145066738128662 2.4355294704437256 0.27905958890914917 1.0856184471496457 0.9723992943763733 0.6647348999977112
190 0.6862750053405762 1.059575079858548 3.1445276737213135 2.434474229812622 0.28771522641181946 1.079283409738083 0.938983142375946 0.6620063781738281
191 0.6875049471855164 1.0537699318199343 3.1494832038879395 2.4396743774414063 0.3008124530315399 1.0624194936085782 0.9595914483070374 0.6825658679008484
192 0.684286892414093 1.0214663377570945 3.1454460620880127 2.4368748664855957 0.2869042158126831 1.2175401440811986 0.9636865258216858 0.6659989953041077
193 0.685980498790741 1.1586929363584277 3.148468017578125 2.435570478439331 0.2856224775314331 1.0944447713721996 1.0079340934753418 0.666093111038208
194 0.6841570138931274 1.0358083004379417 3.1483867168426514 2.4357519149780273 0.2842423617839813 1.181147186193788 1.01388418674469 0.6684686541557312
195 0.6819266080856323 1.024659768460587 3.147928237915039 2.4378750324249268 0.284913033246994 1.1578662466494563 1.0106995105743408 0.6701149344444275
196 0.6878398060798645 1.0191455858998484 3.149117946624756 2.4206597805023193 0.28775516152381897 1.161723962139418 1.006296992301941 0.6583563685417175
197 0.6879212856292725 0.9442220769416803 3.148916482925415 2.4206180572509766 0.28893813490867615 1.0673186392123208 1.0023086071014404 0.6584984064102173
198 0.6888014078140259 0.9450325922577419 3.1487526893615723 2.421149253845215 0.290433794260025 1.0658870021002207 1.0015019178390503 0.6593133807182312
199 0.6863118410110474 0.9507361636167504 3.1453938484191895 2.4206910133361816 0.28834113478660583 1.068134052137564 0.9524409174919128 0.6605976819992065
200 0.6888386011123657 0.9448807096712888 3.1432180404663086 2.4227805137634277 0.298631876707077 1.0743702471326273 0.9504130482673645 0.6573527455329895
201 0.6887791752815247 0.9440587625348655 3.1431329250335693 2.4227466583251953 0.29864776134490967 1.0761523659485648 0.9508390426635742 0.6574169397354126
202 0.690578043460846 0.9365540296624421 3.142228126525879 2.416135549545288 0.2998694181442261 1.1086608276384216 0.9585022926330566 0.6595948338508606
203 0.6920832991600037 0.8998238455152667 3.142293930053711 2.4130501747131348 0.2990409731864929 1.120719194861123 0.9601086974143982 0.6584892272949219
204 0.690679669380188 0.900507688435045 3.140781879425049 2.406710386276245 0.2984505295753479 1.1149714113213265 0.9587151408195496 0.6635127067565918
205 0.6887016296386719 0.8977170267204024 3.1390247344970703 2.3325514793395996 0.29157599806785583 1.1157125072039373 0.97356778383255 0.902532696723938
206 0.6919407844543457 0.8993962453514986 3.1394755840301514 2.3324153423309326 0.29091742634773254 1.1171369881334992 0.9745765328407288 0.9032939672470093
207 0.6920728087425232 0.8968709220332135 3.138874053955078 2.332258701324463 0.2874341607093811 1.1177298486055651 0.9793951511383057 0.9033659100532532
208 0.6897373795509338 0.8984528486810892 3.133979082107544 2.3327383995056152 0.2845293879508972 1.110549562629603 0.9341804385185242 0.90336012840271
209 0.6904401779174805 0.8965065561067245 3.12955904006958 2.3318488597869873 0.28405818343162537 1.1113787990000064 0.9414284825325012 0.8987144827842712
210 0.6921849250793457 0.8865705668756804 3.1291282176971436 2.331538200378418 0.28976190090179443 1.1201604144402453 0.9441438317298889 0.8942120671272278
211 0.6926562190055847 0.8853419188115447 3.13012957572937 2.3155970573425293 0.29109832644462585 1.1266026303904808 0.9442687630653381 0.9094740152359009
212 0.6903588175773621 0.888391864828799 3.131497621536255 2.316538095474243 0.2944575846195221 1.131784325333517 0.949883222579956 0.9159663915634155
213 0.6903588175773621 0.8904612980519402 3.1313765048980713 2.316538095474243 0.2944575846195221 1.129540218745094 0.9424072504043579 0.9159663915634155
214 0.6892316341400146 0.8874268864423045 3.1293752193450928 2.3140830993652344 0.28923457860946655 1.1428793475732613 0.9395133852958679 0.9120656847953796
215 0.6915943622589111 0.8811594511385731 3.1296491622924805 2.315673351287842 0.29529717564582825 1.1469120239035442 0.9414348006248474 0.9102647304534912
216 0.6912211775779724 0.8831954634322843 3.130011796951294 2.315497398376465 0.29397863149642944 1.1443820757008076 0.9513657689094543 0.9108362197875977
217 0.6895439624786377 0.8892722305302055 3.1302900314331055 2.316532611846924 0.2923225462436676 1.1473316892606584 0.9510833621025085 0.9124534130096436
218 0.6896051168441772 0.8871450922776332 3.130801200866699 2.3212926387786865 0.29195934534072876 1.1545765149734564 0.9518228769302368 0.9136555194854736
219 0.6895624399185181 0.8841297028170315 3.1246421337127686 2.32222843170166 0.29751813411712646 1.1593848751329645 0.9122207164764404 0.9134164452552795
220 0.6866288781166077 0.8938565326628847 3.1244618892669678 2.318341016769409 0.2895132303237915 1.1602164219101978 0.9104346632957458 0.9180454611778259
221 0.6867793798446655 0.8949743134393009 3.124656915664673 2.3183207511901855 0.28975653648376465 1.1611750303054025 0.9153376817703247 0.9181309938430786
222 0.6863119006156921 0.8987521348865922 3.1227993965148926 2.318556070327759 0.27856653928756714 1.1543107589722548 0.8923776745796204 0.9188007116317749
223 0.6859838962554932 0.8970774860257975 3.1230111122131348 2.3184568881988525 0.27878621220588684 1.1556653065936495 0.8832275867462158 0.9183987975120544
224 0.6885421276092529 0.9050356554136257 3.125929594039917 2.318946123123169 0.28336766362190247 1.145189691313814 0.8868793845176697 0.9262852668762207
225 0.6885421276092529 0.9050356554136257 3.125929594039917 2.318946123123169 0.28336766362190247 1.145189691313814 0.8868793845176697 0.9262852668762207
226 0.6876214146614075 0.8978589487041421 3.1254019737243652 2.3192238807678223 0.28506749868392944 1.141862763041123 0.8966900706291199 0.9244713187217712
227 0.6869063973426819 0.9008268052633143 3.125516414642334 2.31921648979187 0.28461629152297974 1.1336752468104667 0.8958074450492859 0.9242958426475525
228 0.6879979968070984 0.8967959552153447 3.1396255493164063 2.331953287124634 0.29196494817733765 1.1334639226702221 0.9842939376831055 0.9265267252922058
229 0.6878556609153748 0.9111986794838965 3.142272472381592 2.3312644958496094 0.2843320965766907 1.112596039483998 0.9584082365036011 0.9277235269546509
230 0.6868293881416321 0.9070416765311028 3.1410224437713623 2.3303005695343018 0.2807452380657196 1.1179318334236292 0.9581586718559265 0.9293249249458313
231 0.6864331364631653 0.9064932552866535 3.1416306495666504 2.3306872844696045 0.28422820568084717 1.1246369282094304 0.9597226977348328 0.9305198788642883
232 0.6860619783401489 0.8987305884417468 3.142103672027588 2.330836057662964 0.28050678968429565 1.1270089622579473 0.9605622887611389 0.9328893423080444
233 0.691119909286499 0.891349353313801 3.1440141201019287 2.3283488750457764 0.28167375922203064 1.1612936530498914 0.967258632183075 0.9324359893798828
234 0.692150354385376 0.8989646022443316 3.146172523498535 2.330472707748413 0.28299403190612793 1.1633018027702553 0.9699135422706604 0.937559187412262
235 0.6924547553062439 0.9273444438336805 3.1470818519592285 2.3287529945373535 0.28545835614204407 1.0963679110714388 0.9926466941833496 0.9317072033882141
236 0.6960399746894836 0.9222375950238568 3.150507688522339 2.329738140106201 0.28803497552871704 1.1110209597011778 1.000505805015564 0.9357694387435913
237 0.6980709433555603 0.9288567735834159 3.151484727859497 2.331568479537964 0.29240554571151733 1.1129269051809543 1.0047204494476318 0.9410223960876465
238 0.699576735496521 0.9354677515614002 3.1510870456695557 2.331979990005493 0.30060961842536926 1.1185188690369157 1.0041003227233887 0.9415561556816101
239 0.6970569491386414 0.9201825331242334 3.152895927429199 2.328273057937622 0.2977355420589447 1.0803532985320345 1.0039860010147095 0.9382342100143433
240 0.6949543356895447 0.9203601720115183 3.1512019634246826 2.3293023109436035 0.28679516911506653 1.082190180674779 0.9996433854103088 0.9364015460014343
241 0.690219521522522 0.9169867706857713 3.1441609859466553 2.3283188343048096 0.27562975883483887 1.0998682141260003 0.9830447435379028 0.9388062953948975
242 0.697891116142273 0.9166868708331415 3.148361921310425 2.3329625129699707 0.28958961367607117 1.1651973290060231 1.0001665353775024 0.9570586085319519
243 0.6982499361038208 0.9149247422762723 3.14728045463562 2.3333163261413574 0.28930091857910156 1.1618541664152948 0.9975075125694275 0.9602972269058228
244 0.6988568902015686 0.9156273559906045 3.147920608520508 2.3334195613861084 0.2917722165584564 1.1611180424897183 0.998302698135376 0.9596947431564331
245 0.6983121037483215 0.9139624682025941 3.1478869915008545 2.332446575164795 0.2934386134147644 1.1686107533732084 1.0001412630081177 0.9606889486312866
246 0.6959896683692932 0.892382437421964 3.1469080448150635 2.332477331161499 0.2895974814891815 1.18335687264768 0.9996878504753113 0.95915687084198
247 0.6960147619247437 0.8925513880973365 3.1469783782958984 2.3329272270202637 0.2897271513938904 1.1825144196024313 0.9999101161956787 0.9611897468566895
248 0.6961439251899719 0.8944394332602656 3.1469407081604004 2.3329381942749023 0.2899024784564972 1.175290309913942 0.9993036389350891 0.9611367583274841
249 0.7005710601806641 0.8978758005291757 3.1492464542388916 2.3320205211639404 0.28744423389434814 1.1793545061293718 1.0046130418777466 0.9642277956008911
250 0.6971070170402527 0.893115063280604 3.1508712768554688 2.3369522094726563 0.29359692335128784 1.1897161434037093 1.0090904235839844 0.9650313854217529
251 0.6951828598976135 0.892739810131395 3.149351119995117 2.3334240913391113 0.2909049391746521 1.1807022203952573 1.0052409172058105 0.9635812044143677
252 0.6932280659675598 0.886104386079302 3.1476335525512695 2.339003086090088 0.28111356496810913 1.1756340015450135 0.9960213899612427 0.9538090229034424
253 0.6935397386550903 0.8917026334908161 3.1477956771850586 2.3392529487609863 0.28101927042007446 1.167727553900225 0.9948719143867493 0.9533812403678894
254 0.6944310069084167 0.891795746304813 3.158334970474243 2.33914852142334 0.27645182609558105 1.1740403437081552 1.0440971851348877 0.9504504799842834
255 0.6945928335189819 0.8907686540512016 3.1582021713256836 2.342982292175293 0.2775787115097046 1.1712146418024094 1.0444666147232056 0.9520242214202881
256 0.6864919662475586 0.8893510561615641 3.156264305114746 2.4159789085388184 0.2684749960899353 1.163755879401846 1.025209665298462 0.7258888483047485
257 0.6951076984405518 0.920050933495754 3.1502504348754883 2.4189376831054688 0.2730051279067993 1.1300258615253886 0.9717074036598206 0.7240082621574402
258 0.6944149732589722 0.8815538719076038 3.1506288051605225 2.411517858505249 0.28734371066093445 1.1964504651466334 0.9806255102157593 0.7168147563934326
259 0.6979403495788574 1.0819989324616461 3.151444435119629 2.409613609313965 0.28874096274375916 0.8408343623820668 0.9588313698768616 0.7128194570541382
260 0.7026715278625488 1.0723850475778949 3.146881341934204 2.420971393585205 0.30802634358406067 0.9633632077091253 0.9818633198738098 0.7533785700798035
261 0.6995931267738342 1.0754528441946893 3.142490863800049 2.4172849655151367 0.2895053029060364 0.8754910536962764 0.9658490419387817 0.7425546646118164
262 0.6998109221458435 1.071168713665264 3.14237380027771 2.4172561168670654 0.2885761559009552 0.8760555472881083 0.9526694416999817 0.7423397302627563
263 0.6993837356567383 1.0701808501606924 3.142256259918213 2.4128365516662598 0.287232905626297 0.8763348464388515 0.9405480623245239 0.7651958465576172
264 0.7008818984031677 1.0655993214499209 3.1420419216156006 2.4129528999328613 0.2883090078830719 0.882187233313453 0.9406648278236389 0.7649983763694763
265 0.7015436887741089 1.0689258885205775 3.1419262886047363 2.4128074645996094 0.28924068808555603 0.8807650248846136 0.9402247071266174 0.7645919322967529
266 0.7003991007804871 1.06745557603192 3.1411218643188477 2.413201332092285 0.2908935248851776 0.8793026727345179 0.9393112063407898 0.7636774778366089
267 0.7005594968795776 1.050117186308486 3.140463352203369 2.411072015762329 0.2914039194583893 0.9124141125749654 0.940273642539978 0.763019859790802
268 0.7003802061080933 1.0507031726607612 3.1403284072875977 2.410781145095825 0.29220014810562134 0.9128395184564387 0.9389186501502991 0.7591509819030762
269 0.7013950347900391 1.051431901568217 3.1401631832122803 2.4120895862579346 0.2935768961906433 0.9206357259162558 0.9411821365356445 0.7630653381347656
270 0.7029623985290527 1.0857159370110288 3.1388635635375977 2.410642147064209 0.29295480251312256 0.8840181345079904 0.9385159611701965 0.7571119070053101
271 0.7053788900375366 1.0830400704874057 3.139453887939453 2.4132559299468994 0.296181857585907 0.9048580044843015 0.9505987167358398 0.7560587525367737
272 0.705223560333252 1.0831989712657963 3.13816237449646 2.413445234298706 0.2987896502017975 0.902236834111272 0.8912720680236816 0.7562626600265503
273 0.705401599407196 1.083316379970785 3.1381003856658936 2.4134719371795654 0.2989146411418915 0.9014476981078902 0.8909496068954468 0.7561609148979187
274 0.7073996067047119 1.0883126273797712 3.137253761291504 2.414149522781372 0.2991146743297577 0.8975089035503668 0.904708743095398 0.753607988357544
275 0.7181171774864197 1.058124970248802 3.1408653259277344 2.4181694984436035 0.31921350955963135 0.9958913605890445 0.9323447942733765 0.7735471129417419
276 0.7264929413795471 1.052683054954416 3.142704963684082 2.419569253921509 0.3264923393726349 0.9932809208470116 0.9362655282020569 0.778781533241272
277 0.7264929413795471 1.052683054954416 3.1426968574523926 2.4196219444274902 0.3264923393726349 0.9932809208470116 0.9363259077072144 0.7791488170623779
278 0.7264900803565979 1.0574132827282507 3.1427290439605713 2.419628620147705 0.3265066146850586 1.055439754403544 0.9384680986404419 0.7791520953178406
279 0.7264900803565979 1.0574132827282507 3.142709255218506 2.419628620147705 0.3265066146850586 1.055439754403544 0.9400081634521484 0.7791520953178406
280 0.7265504598617554 1.057441694285699 3.1427083015441895 2.419633150100708 0.3265782296657562 1.0554135942437075 0.965080976486206 0.7791564464569092
281 0.7265830039978027 1.0575586659193859 3.1426985263824463 2.4196412563323975 0.3266715705394745 1.0553549501499238 0.9650506377220154 0.7791508436203003
282 0.7256810069084167 1.0579808987696138 3.156602382659912 2.432305097579956 0.32957959175109863 1.0554571658693663 1.029340386390686 0.7823880910873413
283 0.723828136920929 1.0557947312404536 3.1587932109832764 2.425570011138916 0.3290318250656128 1.0608345226565503 1.0406200885772705 0.7515714168548584
284 0.7228947281837463 1.0581110834304956 3.158491849899292 2.4254629611968994 0.3298497200012207 1.0596776372445638 1.040505051612854 0.7515778541564941
285 0.7257872223854065 1.0660495255482862 3.157719135284424 2.42340087890625 0.3307565450668335 1.0818679868192003 1.0408713817596436 0.7493568658828735
286 0.7274152636528015 1.1198891707283454 3.1591956615448 2.4237077236175537 0.3311093747615814 1.082526762288863 1.0446285009384155 0.7537083625793457
287 0.7271857261657715 1.1299852495822809 3.1601648330688477 2.4236462116241455 0.33143046498298645 1.0715594251534177 1.0429688692092896 0.7534959316253662
288 0.7345882058143616 1.1283374116348295 3.159698963165283 2.4249517917633057 0.34216272830963135 1.0827690536484325 1.042168140411377 0.7524384260177612
289 0.7404969930648804 1.082782015999826 3.1609485149383545 2.425241708755493 0.3486013114452362 0.9739945090632943 1.0411789417266846 0.7527722716331482
290 0.74294114112854 1.0794969168934898 3.1629388332366943 2.424898147583008 0.35143059492111206 0.9836605072146584 1.0447911024093628 0.7559553384780884
291 0.7401242256164551 1.0800752306359507 3.1631076335906982 2.424560070037842 0.3477942943572998 0.9822419228894245 1.0413928031921387 0.7550655007362366
292 0.7401242256164551 1.0800752306359507 3.16306734085083 2.424560070037842 0.3477942943572998 0.9822419228894245 1.0415773391723633 0.7550655007362366
293 0.7345679998397827 1.079027450655326 3.1621663570404053 2.4250330924987793 0.3423319160938263 0.9833518033842344 1.0390597581863403 0.7543869018554688
294 0.735788106918335 1.1276894822549044 3.1637885570526123 2.4309022426605225 0.33611902594566345 1.00142260833552 1.0421993732452393 0.7822177410125732
295 0.7389355301856995 1.1327034515356538 3.166455030441284 2.4390833377838135 0.3437921702861786 1.0228096926926626 1.0491591691970825 0.7970343232154846
296 0.7262521982192993 1.106028339417451 3.163409948348999 2.424014091491699 0.32537364959716797 1.0254628348915533 1.0369778871536255 0.7671606540679932
297 0.7263179421424866 1.1059216042278592 3.1634092330932617 2.4239861965179443 0.32539698481559753 1.02543475109391 1.037340521812439 0.7671265602111816
298 0.7171947360038757 1.1196524085069934 3.1595089435577393 2.416677713394165 0.31873393058776855 1.0334054468117146 1.0286740064620972 0.754410445690155
299 0.7204502820968628 1.1231091161897404 3.156050682067871 2.417180299758911 0.3249509632587433 1.0368165111210264 1.0444698333740234 0.7541321516036987
300 0.7266685962677002 1.1236886549175928 3.156108856201172 2.4172513484954834 0.3295811116695404 1.0391063377917251 1.0440442562103271 0.7537592649459839
301 0.730542778968811 1.122471396566983 3.1558947563171387 2.41737961769104 0.33311545848846436 1.038609014242314 1.0445681810379028 0.7533490061759949
302 0.7326564192771912 1.1292172143477361 3.1566460132598877 2.4217636585235596 0.3371856212615967 1.0171359227386485 1.021143913269043 0.747334897518158
303 0.7330052256584167 1.1273337693365189 3.156735420227051 2.4217326641082764 0.3369210958480835 1.0209286406367697 1.0212914943695068 0.7474696040153503
304 0.7329930663108826 1.0622375424270438 3.1519312858581543 2.4217371940612793 0.3368526101112366 1.027414208823368 1.002364993095398 0.7474592924118042
305 0.7332088351249695 1.0621774203147651 3.1519687175750732 2.4217448234558105 0.3371022343635559 1.0274525147869684 1.0023541450500488 0.7474513649940491
306 0.7279451489448547 1.1739304131289416 3.1524147987365723 2.417466402053833 0.3238297402858734 0.9731164509279498 0.9957955479621887 0.7398238182067871
307 0.7282050848007202 1.1740489596389556 3.1524291038513184 2.417543888092041 0.3239182233810425 0.9730377101571424 0.9957308769226074 0.7399978637695313
308 0.7294018268585205 1.1653545630142708 3.152820110321045 2.4217400550842285 0.3263581693172455 0.9771999896229476 0.9994531869888306 0.7471564412117004
309 0.7204242944717407 1.1619559156038635 3.156378984451294 2.4195096492767334 0.3130074441432953 0.9692775061254582 1.008262276649475 0.7564941048622131
310 0.7204242944717407 1.1619559156038635 3.156378984451294 2.4195096492767334 0.3130074441432953 0.9692775061254582 1.008262276649475 0.7564941048622131
311 0.7137795686721802 1.1533540834642118 3.1485602855682373 2.417672872543335 0.30816930532455444 0.9862215536754222 0.9902768731117249 0.7415952682495117
312 0.713577389717102 1.1533337790747513 3.148805618286133 2.4225080013275146 0.30850958824157715 0.9862385164943407 0.989016592502594 0.7445265650749207
313 0.7166687846183777 1.1503454038754937 3.1462576389312744 2.4251010417938232 0.3087256848812103 0.9906960360598436 1.0022729635238647 0.7500451803207397
314 0.7134998440742493 1.149470028800988 3.146289587020874 2.424412727355957 0.3104451596736908 1.0069843687578641 1.006919026374817 0.7538071274757385
315 0.7134979367256165 1.1491981140960574 3.145609140396118 2.4245145320892334 0.3105194568634033 1.0071974683241975 1.0170741081237793 0.7537761926651001
316 0.710604190826416 1.1541095500156473 3.1451263427734375 2.4200661182403564 0.30148613452911377 0.9869739358714202 1.01211678981781 0.7197050452232361
317 0.7066679000854492 1.0203305888986365 3.1453869342803955 2.4234049320220947 0.29974818229675293 1.0552269216810901 1.045148253440857 0.742806077003479
318 0.7100634574890137 1.0390127415296853 3.1455957889556885 2.4275131225585938 0.29562628269195557 1.0385044236106258 0.9627352356910706 0.7445022463798523
319 0.7158271074295044 1.0362933874514257 3.1464078426361084 2.434196949005127 0.30638387799263 1.0437056975804007 0.9667101502418518 0.7475342750549316
320 0.7172573208808899 1.06606389741086 3.1457130908966064 2.4368696212768555 0.30496785044670105 1.0736978651666569 0.9596862196922302 0.7459813952445984
321 0.7173744440078735 1.0639017353927072 3.1464855670928955 2.437772274017334 0.3072660267353058 1.0789345452754748 0.9615331888198853 0.7475313544273376
322 0.7160224914550781 1.0617341572005257 3.146588087081909 2.4374191761016846 0.30613383650779724 1.0778419960617769 0.9604926109313965 0.7468809485435486
323 0.7184625864028931 1.0622163561040943 3.146252393722534 2.436830997467041 0.30733534693717957 1.07765513414062 0.9590186476707458 0.7416728734970093
324 0.7184625864028931 1.0622163561040943 3.147411584854126 2.436830997467041 0.30733534693717957 1.07765513414062 0.9631802439689636 0.7416728734970093
325 0.7180591821670532 1.0626294543959374 3.1464927196502686 2.365776538848877 0.3073830008506775 1.077761805561022 0.9832978844642639 0.9602710008621216
326 0.7047860622406006 1.0574978945894296 3.1446497440338135 2.360051155090332 0.29296407103538513 1.054123953930818 0.971051037311554 0.9551866054534912
327 0.7093327045440674 1.0588145270519638 3.1446847915649414 2.3575196266174316 0.29615673422813416 1.0517867639944907 0.971344530582428 0.9541879296302795
328 0.7108864188194275 1.065443069355733 3.1477155685424805 2.3571271896362305 0.29573583602905273 1.044467470288013 0.9555501341819763 0.9524533748626709
329 0.7108462452888489 1.0673353248328707 3.1473844051361084 2.3571243286132813 0.2976802885532379 1.0769070238336629 0.9568216800689697 0.9530466198921204
330 0.7163187861442566 0.9453676400033045 3.150407314300537 2.3493869304656982 0.3081745505332947 1.084760836737538 0.9661343097686768 0.9576869010925293
331 0.7160183191299438 0.9429757112073118 3.1487011909484863 2.3494367599487305 0.3085038363933563 1.085931059011845 0.9819046854972839 0.9568314552307129
332 0.7159841060638428 0.9429590200456186 3.1482110023498535 2.3495798110961914 0.30844223499298096 1.0860234197717535 0.9797800183296204 0.957481861114502
333 0.7146600484848022 0.9555567313897386 3.1469602584838867 2.349186897277832 0.31030601263046265 1.0827402130427741 0.9797983765602112 0.9491848945617676
334 0.7191796898841858 0.9478009762329717 3.1515443325042725 2.358466625213623 0.3282347619533539 1.080051574195993 1.0014114379882813 0.9953296184539795
335 0.7191796898841858 0.9478009762329717 3.1518349647521973 2.367199182510376 0.3282347619533539 1.080051574195993 1.0019149780273438 0.997490644454956
336 0.7280298471450806 1.0006308424894235 3.1546518802642822 2.3676323890686035 0.3372136354446411 1.0064601785531515 1.0094671249389648 0.9920104146003723
337 0.7292910814285278 0.8750655899377344 3.15462327003479 2.366999626159668 0.3412916660308838 1.1709039206551697 1.0217342376708984 0.9917212128639221
338 0.7297676801681519 0.9031330772371625 3.1537482738494873 2.371617078781128 0.3325505256652832 1.1468207305499307 1.0076525211334229 0.991145670413971
339 0.7287488579750061 0.9038535035775335 3.153223752975464 2.3714823722839355 0.33216217160224915 1.147589613056919 1.0073773860931396 0.9904987215995789
340 0.7300776839256287 0.9163033838832871 3.153364419937134 2.3739089965820313 0.33392173051834106 1.1276808034323005 1.0054641962051392 0.9920023679733276
341 0.7268452048301697 0.908090407686049 3.151714324951172 2.37963604927063 0.3403905928134918 1.1271716356792798 1.0079327821731567 0.989649772644043
342 0.7269182801246643 0.9063742373525427 3.1437244415283203 2.3861069679260254 0.34106844663619995 1.1262701144284155 0.9615539312362671 1.007920265197754
343 0.7266792058944702 0.9691761602964161 3.143709897994995 2.3861138820648193 0.34074729681015015 1.1429460451995754 0.9626548886299133 1.0078328847885132
344 0.7236070036888123 0.9665450731021199 3.1437392234802246 2.384443521499634 0.3325064480304718 1.1468219391063648 0.9585810303688049 1.0118283033370972
345 0.7230318188667297 0.9699921346266192 3.1442298889160156 2.3839781284332275 0.3346186578273773 1.1477113013266376 0.9598404765129089 1.0128474235534668
346 0.7231499552726746 0.9779467096241085 3.14422607421875 2.384000062942505 0.3348712921142578 1.1160807427713886 0.9577161073684692 1.0129367113113403
347 0.723422646522522 0.9473228828668236 3.1445631980895996 2.383939266204834 0.3352362811565399 1.1265359164903315 0.9596643447875977 1.0130213499069214
348 0.7220869660377502 0.9436483856685904 3.1439332962036133 2.3836984634399414 0.3357178866863251 1.121109971778579 0.9655537009239197 1.010201096534729
349 0.7215189337730408 0.9356748543028016 3.1439008712768555 2.384458541870117 0.3351491093635559 1.1302573021911257 0.9645644426345825 1.0100301504135132
350 0.7249208688735962 1.0172124363587727 3.1462833881378174 2.3840584754943848 0.3500922620296478 1.1245484211623986 0.9737768173217773 1.013659119606018
351 0.7244925498962402 1.017396134100711 3.1463005542755127 2.384016752243042 0.3497540354728699 1.1248949958308696 0.9738366007804871 1.0136390924453735
352 0.7182285785675049 0.9733113566009891 3.1426563262939453 2.3764820098876953 0.333985298871994 1.1789232056868193 0.9637913107872009 0.9954553842544556
353 0.7182492613792419 0.9776621757616165 3.141019821166992 2.3764090538024902 0.33537670969963074 1.1741926579728734 0.9560760855674744 0.9959253668785095
354 0.7182492613792419 0.9776621757616165 3.142223596572876 2.3764090538024902 0.33537670969963074 1.1741926579728734 0.9574370384216309 0.9959253668785095
355 0.72108393907547 0.9793469834093596 3.1424787044525146 2.350938081741333 0.3477118909358978 1.1626992965623113 0.9699604511260986 1.0278410911560059
356 0.7204119563102722 0.9789587943666305 3.141184091567993 2.3508784770965576 0.3454689681529999 1.1630599469338299 0.9679204821586609 1.0276341438293457
357 0.7204119563102722 0.9789587943666305 3.141184091567993 2.3508784770965576 0.3454689681529999 1.1630599469338299 0.9679204821586609 1.0276341438293457
358 0.717316746711731 0.9794972290477851 3.140665292739868 2.353303909301758 0.33888232707977295 1.1643166743423778 0.9670436978340149 1.025883436203003
359 0.7166960835456848 0.9798487782311686 3.1410231590270996 2.3550198078155518 0.3367418348789215 1.1477750517757375 0.9657179713249207 1.0258960723876953
360 0.7138755917549133 0.9852293090206223 3.1402735710144043 2.351581573486328 0.3259636461734772 1.1602624549313578 0.9589072465896606 1.0144559144973755
361 0.7134925127029419 0.9851669527385614 3.1410419940948486 2.3370068073272705 0.3261392116546631 1.1603148342144842 0.9600598812103271 1.0369505882263184
362 0.7141203284263611 0.9857329562734488 3.1409618854522705 2.3366541862487793 0.3256963789463043 1.1620967343917268 0.960209310054779 1.0374171733856201
363 0.7133437991142273 0.9895285442124301 3.1416678428649902 2.336393117904663 0.32847800850868225 1.1635844636769064 0.9622744917869568 1.0382806062698364
364 0.7154826521873474 0.9884822856224107 3.141956329345703 2.336240530014038 0.33146238327026367 1.163517517159525 0.9630645513534546 1.03868567943573
365 0.7155135869979858 0.9884983796482361 3.146538496017456 2.3362371921539307 0.33147820830345154 1.1635281336169856 0.983588457107544 1.0386950969696045
366 0.713965117931366 0.9929642010883856 3.143185615539551 2.3340604305267334 0.32473719120025635 1.1607377050164163 0.9836664795875549 1.034444808959961
367 0.7150892019271851 0.9943439916228038 3.142502546310425 2.332875967025757 0.32514846324920654 1.15890211753718 0.9843766689300537 1.033652424812317
368 0.7178848385810852 1.0062977724451416 3.143259286880493 2.333256483078003 0.3262389302253723 1.1796801012856908 0.9884774684906006 1.0338366031646729
369 0.7173698544502258 1.006167182111878 3.1434710025787354 2.3334755897521973 0.32681751251220703 1.1796022124261545 0.9815461039543152 1.0339890718460083
370 0.7170511484146118 1.0063239257719099 3.143998622894287 2.3528075218200684 0.32659438252449036 1.1802825260051912 0.9835294485092163 1.0470317602157593
371 0.7121639847755432 1.0078695197770218 3.1457982063293457 2.349506378173828 0.3252810537815094 1.1963814536914585 0.9911284446716309 1.0521818399429321
372 0.7132761478424072 1.0075179883856966 3.145219564437866 2.350634813308716 0.3259349763393402 1.1959726907124943 0.988766610622406 1.0502994060516357
373 0.7155153155326843 1.014171414107638 3.1462671756744385 2.348998546600342 0.3261810839176178 1.192595448346177 0.9990789294242859 1.0550644397735596
374 0.7164986729621887 1.0125831069668172 3.1465158462524414 2.3485310077667236 0.32564613223075867 1.1946109573560986 0.9886317253112793 1.0554451942443848
375 0.7185773253440857 1.0564971712161242 3.1466987133026123 2.3485281467437744 0.32761576771736145 1.1589673161131062 0.9828118681907654 1.055445671081543
376 0.7176666259765625 1.044286331158109 3.1462290287017822 2.3485379219055176 0.3293876051902771 1.1540954579805107 0.9839617609977722 1.0546187162399292
377 0.7144773602485657 1.0881750432756137 3.1467971801757813 2.348825216293335 0.3285546898841858 1.1124424963573276 0.9766309857368469 1.044108271598816
378 0.7139000296592712 1.088566033555259 3.147067070007324 2.3486104011535645 0.32794713973999023 1.1119116255810582 0.9744470119476318 1.0376815795898438
379 0.7130224704742432 1.0885159825559874 3.1444506645202637 2.34653902053833 0.33154621720314026 1.1194260245686525 1.0180609226226807 1.0360832214355469
380 0.7132560610771179 1.0906828434077738 3.1444427967071533 2.346017599105835 0.33238890767097473 1.118491155228359 1.0180776119232178 1.0355570316314697
381 0.7121486663818359 1.082583579851064 3.143583297729492 2.3435614109039307 0.3303319215774536 1.1342937320207203 1.017678141593933 1.0284640789031982
382 0.7135699391365051 1.1527934564654088 3.1435720920562744 2.344133138656616 0.3231486976146698 1.0679929556974639 1.0141277313232422 1.0278069972991943
383 0.7120360136032104 1.1543842266808462 3.1437416076660156 2.3439180850982666 0.3215758800506592 1.0684639053824134 1.014029860496521 1.0276687145233154
384 0.7107684016227722 1.153956434783267 3.143505573272705 2.3448290824890137 0.3198566734790802 1.0595812737541508 1.0113840103149414 1.0258082151412964
385 0.7107675671577454 1.1539607525971483 3.1448116302490234 2.413818597793579 0.31985729932785034 1.0595838349835482 0.9964052438735962 0.8273071646690369
386 0.7097054719924927 1.1541201667718017 3.1436262130737305 2.4067962169647217 0.3195984363555908 1.057177413537985 0.9961017966270447 0.8247804045677185
387 0.7115618586540222 1.1121588220887906 3.143334150314331 2.3997721672058105 0.32190126180648804 1.1819096097693396 1.0076245069503784 0.8257192969322205
388 0.7122071981430054 1.1116911218233763 3.1431427001953125 2.399486541748047 0.32121405005455017 1.1818889748255714 0.995072603225708 0.8248839974403381
389 0.7139294147491455 1.1148232342865947 3.144103527069092 2.40071439743042 0.32528021931648254 1.1846899821599715 1.001697301864624 0.8293116092681885
390 0.7143145203590393 1.114867316310921 3.1440165042877197 2.400700092315674 0.3252165913581848 1.1847895180044714 1.0015981197357178 0.8293291926383972
391 0.7143384218215942 1.1129100232968239 3.144350528717041 2.4009413719177246 0.32664257287979126 1.1790305982288387 1.0012397766113281 0.829383373260498
392 0.7147909998893738 1.111540018445825 3.1446609497070313 2.4006736278533936 0.3294770121574402 1.178735272011736 1.0015069246292114 0.8296538591384888
393 0.7166097164154053 1.1167547595396041 3.1461732387542725 2.4033608436584473 0.3347248136997223 1.1892186734485537 1.0048011541366577 0.8326560258865356
394 0.7168803811073303 1.1178844719510135 3.1469671726226807 2.411386251449585 0.3349931240081787 1.1921543115187543 1.0036119222640991 0.8265151977539063
395 0.7173555493354797 1.1357111272918863 3.14703369140625 2.411404609680176 0.335039347410202 1.1780369605546817 1.002581000328064 0.8265932202339172
396 0.7124661207199097 1.1345769130467622 3.149027109146118 2.413353681564331 0.3336115777492523 1.1430862617403752 0.9929313063621521 0.8374928832054138
397 0.7187729477882385 1.1471828255178493 3.1504223346710205 2.4186418056488037 0.3431873321533203 1.1370557137106725 0.9772849082946777 0.8217208981513977
398 0.7125575542449951 1.1478325368126472 3.1485097408294678 2.4190666675567627 0.33789926767349243 1.1331221093819468 0.9750853776931763 0.8235291242599487
399 0.7126622796058655 1.1469340176286842 3.1485755443573 2.419184446334839 0.33804914355278015 1.1349217318812743 0.9753623008728027 0.8237185478210449
400 0.7058777809143066 1.1459086365457714 3.150023937225342 2.4221067428588867 0.3291734457015991 1.1323457305509337 0.976120114326477 0.8258960843086243
