init 0.8155752420425415 7.421420715345316 3.5918679237365723 2.193779468536377 0.0 0.0 0.0 0.0
1 0.8155752420425415 8.315421340121063 3.592379570007324 2.193779468536377 0.0 3.7757901785471515 1.144895076751709 0.0
2 0.8155752420425415 8.37639121753685 3.578092575073242 2.3539254665374756 0.0 3.994855644370187 1.2642544507980347 1.166592001914978
3 0.8155752420425415 8.344494875689884 3.5789482593536377 2.3539254665374756 0.0 3.9643822044842776 1.2870501279830933 1.166592001914978
4 0.8155752420425415 8.314424211218169 3.578145742416382 2.354201555252075 0.0 4.024482315258161 1.3178850412368774 1.1666288375854492
5 0.8155752420425415 8.314424211218169 3.580338478088379 2.354201555252075 0.0 4.024482315258161 1.4523513317108154 1.1666288375854492
6 0.8155752420425415 8.314424211218169 3.580655097961426 2.271902322769165 0.0 4.024482315258161 1.4523600339889526 1.1437584161758423
7 0.8155752420425415 8.418567711951047 3.5838539600372314 2.296196460723877 0.0 3.905532836856939 1.437433123588562 1.2029403448104858
8 0.8155752420425415 8.418567711951047 3.6150636672973633 2.296196460723877 0.0 3.905532836856939 1.42694091796875 1.2029403448104858
9 0.8155752420425415 8.41767101066227 3.6150636672973633 2.296196460723877 0.0 3.9036435399166507 1.4284735918045044 1.2029403448104858
10 0.8155752420425415 8.363566073562495 3.6151156425476074 2.299609899520874 0.0 3.773368913693785 1.422370195388794 1.2097278833389282
11 0.8155752420425415 8.363566073562495 3.6163036823272705 2.299609899520874 0.0 3.773368913693785 1.447641134262085 1.2097278833389282
12 0.8155752420425415 8.363566073562495 3.6163036823272705 2.299609899520874 0.0 3.773368913693785 1.4380407333374023 1.2097278833389282
13 0.8155752420425415 8.3639625065506 3.6175827980041504 2.299609899520874 0.0 3.7719061685893935 1.4382771253585815 1.2097278833389282
14 0.8155752420425415 8.361556133278354 3.5965688228607178 2.299609899520874 0.0 3.7849917279817547 1.4628914594650269 1.2097278833389282
15 0.8155752420425415 8.361556133278354 3.596576690673828 2.3003671169281006 0.0 3.7849917279817547 1.4629045724868774 1.2098042964935303
16 0.8155752420425415 8.361556133278354 3.5964767932891846 2.3013479709625244 0.0 3.7849917279817547 1.4708150625228882 1.2100356817245483
17 0.8155752420425415 8.36077332727553 3.595188617706299 2.3011717796325684 0.0 3.78323104655999 1.4416717290878296 1.2100061178207397
18 0.8155752420425415 8.36077332727553 3.5986337661743164 2.303734540939331 0.0 3.78323104655999 1.4348987340927124 1.2203755378723145
19 0.8155752420425415 8.36077332727553 3.588069438934326 2.3136191368103027 0.0 3.78323104655999 1.4003199338912964 1.2551645040512085
20 0.8155752420425415 8.360443457626962 3.5858840942382813 2.292041778564453 0.0 3.7840839086873848 1.386388897895813 1.1850961446762085
21 0.8155752420425415 8.360443457626962 3.5563089847564697 2.292041778564453 0.0 3.7840839086873848 1.4120579957962036 1.1850961446762085
22 0.8155752420425415 8.360468378831166 3.55621337890625 2.2922821044921875 0.0 3.783712040503113 1.4121075868606567 1.1856725215911865
23 0.8155752420425415 8.36081096002871 3.5779008865356445 2.2922821044921875 0.0 3.784491801728387 1.4293701648712158 1.1856725215911865
24 0.8155752420425415 8.3623159943403 3.5779008865356445 2.2922821044921875 0.0 3.7761793309714724 1.4274601936340332 1.1856725215911865
25 0.8155752420425415 8.3623159943403 3.5779008865356445 2.2922821044921875 0.0 3.7761793309714724 1.4455441236495972 1.1856725215911865
26 0.8155752420425415 8.3623159943403 3.5800540447235107 2.312652587890625 0.0 3.7761793309714724 1.4666876792907715 1.2555655241012573
27 0.8155752420425415 8.3623159943403 3.5800540447235107 2.312652587890625 0.0 3.7761793309714724 1.4666876792907715 1.2555655241012573
28 0.8155752420425415 8.3623159943403 3.5800540447235107 2.312652587890625 0.0 3.7761793309714724 1.5366237163543701 1.2555655241012573
29 0.8155752420425415 8.3623159943403 3.582685947418213 2.3105664253234863 0.0 3.7761793309714724 1.528300404548645 1.255721926689148
30 0.8155752420425415 8.3623159943403 3.582685947418213 2.3105664253234863 0.0 3.7761793309714724 1.528300404548645 1.255721926689148
31 0.8155752420425415 8.383598004366739 3.582685947418213 2.3105664253234863 0.0 3.7569992504210084 1.5239269733428955 1.255721926689148
32 0.8155752420425415 8.383598004366739 3.582685947418213 2.3105664253234863 0.0 3.7569992504210084 1.5334961414337158 1.255721926689148
33 0.8155752420425415 8.383598004366739 3.582685947418213 2.3105664253234863 0.0 3.7569992504210084 1.5334961414337158 1.255721926689148
34 0.8155752420425415 8.383598004366739 3.5820422172546387 2.3105664253234863 0.0 3.7569992504210084 1.5351836681365967 1.255721926689148
35 0.8155752420425415 8.383598004366739 3.578627586364746 2.3105664253234863 0.0 3.7569992504210084 1.489006757736206 1.255721926689148
36 0.8155752420425415 8.383598004366739 3.5784430503845215 2.3105664253234863 0.0 3.7569992504210084 1.4877969026565552 1.255721926689148
37 0.8155752420425415 8.383598004366739 3.578925848007202 2.3105664253234863 0.0 3.7569992504210084 1.4921622276306152 1.255721926689148
38 0.8155752420425415 8.383993593554116 3.5977914333343506 2.3105664253234863 0.0 3.754704684902478 1.4724467992782593 1.255721926689148
39 0.8155752420425415 8.383993593554116 3.5977914333343506 2.3105664253234863 0.0 3.754704684902478 1.4724467992782593 1.255721926689148
40 0.8155752420425415 8.383985414207274 3.5941362380981445 2.3105664253234863 0.0 3.7547735163776457 1.468225121498108 1.255721926689148
41 0.8155752420425415 8.383985414207274 3.5941362380981445 2.3105664253234863 0.0 3.7547735163776457 1.468225121498108 1.255721926689148
42 0.8155752420425415 8.383985414207274 3.590205430984497 2.3123347759246826 0.0 3.7547735163776457 1.4553720951080322 1.2567400932312012
43 0.8155752420425415 8.383985414207274 3.589354991912842 2.2996222972869873 0.0 3.7547735163776457 1.4558900594711304 1.261420726776123
44 0.8155752420425415 8.383985414207274 3.5891683101654053 2.2982659339904785 0.0 3.7547735163776457 1.4559227228164673 1.2612544298171997
45 0.8155752420425415 8.38360897089871 3.5891683101654053 2.2982659339904785 0.0 3.7569630087088584 1.4564142227172852 1.2612544298171997
46 0.8155752420425415 8.38360897089871 3.6003549098968506 2.2982659339904785 0.0 3.7569630087088584 1.4720587730407715 1.2612544298171997
47 0.8155752420425415 8.384242144841386 3.6003549098968506 2.2982659339904785 0.0 3.7532561685533135 1.4712358713150024 1.2612544298171997
48 0.8155752420425415 8.384242144841386 3.6004638671875 2.2982659339904785 0.0 3.7532561685533135 1.4714761972427368 1.2612544298171997
49 0.8155752420425415 8.384242144841386 3.602695941925049 2.2982659339904785 0.0 3.7532561685533135 1.4701156616210938 1.2612544298171997
50 0.8155752420425415 8.384242144841386 3.5870378017425537 2.2982659339904785 0.0 3.7532561685533135 1.4650834798812866 1.2612544298171997
51 0.8155752420425415 8.383988140169256 3.587573289871216 2.2982659339904785 0.0 3.754757410469347 1.465410590171814 1.2612544298171997
52 0.8155752420425415 8.383988140169256 3.587573289871216 2.2982659339904785 0.0 3.754757410469347 1.4552953243255615 1.2612544298171997
53 0.8155752420425415 8.311569616043597 3.5880000591278076 2.275541305541992 0.0 3.5775109850643743 1.4242435693740845 1.2902159690856934
54 0.8155752420425415 8.34437666200224 3.5880000591278076 2.275541305541992 0.0 3.6588900260489874 1.4425710439682007 1.2902159690856934
55 0.8155752420425415 8.34437666200224 3.5880000591278076 2.275541305541992 0.0 3.6588900260489874 1.4425026178359985 1.2902159690856934
56 0.8155752420425415 8.344576473356264 3.5884804725646973 2.2839698791503906 0.0 3.6576866558818857 1.4427083730697632 1.295964241027832
57 0.8155752420425415 8.345349274956542 3.5884804725646973 2.2839698791503906 0.0 3.652916823823498 1.441657304763794 1.295964241027832
58 0.8155752420425415 8.345349274956542 3.5850133895874023 2.2694761753082275 0.0 3.652916823823498 1.4151502847671509 1.2286053895950317
59 0.8155752420425415 8.345349274956542 3.588701009750366 2.2694761753082275 0.0 3.652916823823498 1.4231184720993042 1.2286053895950317
60 0.8155752420425415 8.345792800869003 3.5883307456970215 2.2694761753082275 0.0 3.653586375054161 1.4473949670791626 1.2286053895950317
61 0.8155752420425415 8.345792800869003 3.57173490524292 2.2694761753082275 0.0 3.653586375054161 1.4285837411880493 1.2286053895950317
62 0.8155752420425415 8.345792800869003 3.5716006755828857 2.2711968421936035 0.0 3.653586375054161 1.4190151691436768 1.2302827835083008
63 0.8155752420425415 8.334944788511226 3.568891763687134 2.2711968421936035 0.0 3.6411471511256694 1.404707670211792 1.2302827835083008
64 0.8155752420425415 8.334944788511226 3.568891763687134 2.2711968421936035 0.0 3.6411471511256694 1.404707670211792 1.2302827835083008
65 0.8155752420425415 8.334944788511226 3.5649607181549072 2.2711968421936035 0.0 3.6411471511256694 1.4257166385650635 1.2302827835083008
66 0.8155752420425415 8.334944788511226 3.5649607181549072 2.2711968421936035 0.0 3.6411471511256694 1.4257166385650635 1.2302827835083008
67 0.8155752420425415 8.334944788511226 3.5649771690368652 2.2711968421936035 0.0 3.6411471511256694 1.4174600839614868 1.2302827835083008
68 0.8155752420425415 8.334944788511226 3.565140724182129 2.2711968421936035 0.0 3.6411471511256694 1.4195643663406372 1.2302827835083008
69 0.8155752420425415 8.334105863510628 3.5641582012176514 2.2607152462005615 0.0 3.6394977264113244 1.4585466384887695 1.2405282258987427
70 0.8155752420425415 8.334105863510628 3.5641582012176514 2.2607152462005615 0.0 3.6394977264113244 1.4438039064407349 1.2405282258987427
71 0.8155752420425415 8.334105863510628 3.5641582012176514 2.2607152462005615 0.0 3.6394977264113244 1.4438039064407349 1.2405282258987427
72 0.8155752420425415 8.317113849468834 3.563681125640869 2.2607152462005615 0.0 3.647425829972167 1.4517159461975098 1.2405282258987427
73 0.8155752420425415 8.319684056280467 3.563681125640869 2.2607152462005615 0.0 3.654147679908643 1.452980875968933 1.2405282258987427
74 0.8155752420425415 8.319684056280467 3.5637078285217285 2.2611687183380127 0.0 3.654147679908643 1.452959418296814 1.240391731262207
75 0.8155752420425415 8.319684056280467 3.5637078285217285 2.2611687183380127 0.0 3.654147679908643 1.452959418296814 1.240391731262207
76 0.8155752420425415 8.319684056280467 3.565019130706787 2.2760283946990967 0.0 3.654147679908643 1.4739623069763184 1.30718195438385
77 0.8155752420425415 8.319684056280467 3.5654938220977783 2.3001363277435303 0.0 3.654147679908643 1.4797277450561523 1.329641342163086
78 0.8155752420425415 8.317604087675887 3.56636381149292 2.3001363277435303 0.0 3.6498071795782154 1.502943754196167 1.329641342163086
79 0.8155752420425415 8.32049497483181 3.566373825073242 2.3001363277435303 0.0 3.6367658533864056 1.5003584623336792 1.329641342163086
80 0.8155752420425415 8.320748684179929 3.563509464263916 2.3001363277435303 0.0 3.6355780169837715 1.4756324291229248 1.329641342163086
81 0.8155752420425415 8.320748684179929 3.563509464263916 2.3001363277435303 0.0 3.6355780169837715 1.485436201095581 1.329641342163086
82 0.8155752420425415 8.319146319165435 3.5626163482666016 2.3002443313598633 0.0 3.632456371948422 1.486629843711853 1.3300930261611938
83 0.8155752420425415 8.318757490609611 3.56233811378479 2.2995221614837646 0.0 3.6342178513947845 1.4870216846466064 1.3278393745422363
84 0.8155752420425415 8.318757490609611 3.562507152557373 2.3001368045806885 0.0 3.6342178513947845 1.4697498083114624 1.3292492628097534
85 0.8155752420425415 8.31887594261626 3.5614047050476074 2.3001368045806885 0.0 3.6349763563484423 1.4710782766342163 1.3292492628097534
86 0.8155752420425415 8.317930094765963 3.5584921836853027 2.2956180572509766 0.0 3.639223511108365 1.4737250804901123 1.3363981246948242
87 0.8155752420425415 8.302735680228247 3.5584254264831543 2.2956180572509766 0.0 3.6228456514334106 1.4699854850769043 1.3363981246948242
88 0.8155752420425415 8.302735680228247 3.5592074394226074 2.2956180572509766 0.0 3.6228456514334106 1.4637267589569092 1.3363981246948242
89 0.8155752420425415 8.304306829751226 3.5592074394226074 2.2956180572509766 0.0 3.6260695028993895 1.4629837274551392 1.3363981246948242
90 0.8155752420425415 8.304306829751226 3.5592074394226074 2.2956180572509766 0.0 3.6260695028993895 1.4969850778579712 1.3363981246948242
91 0.8155752420425415 8.305211776930484 3.5592074394226074 2.2956180572509766 0.0 3.639472442872828 1.4995858669281006 1.3363981246948242
92 0.8155752420425415 8.361837569511893 3.559363603591919 2.304441213607788 0.0 3.7679143960307977 1.5280457735061646 1.3397454023361206
93 0.8155752420425415 8.365112939462419 3.559375286102295 2.304556131362915 0.0 3.7565545759387367 1.5265705585479736 1.3398189544677734
94 0.8155752420425415 8.369273891798137 3.559375286102295 2.304556131362915 0.0 3.753340675564037 1.5014426708221436 1.3398189544677734
95 0.8155752420425415 8.374882230639619 3.5596630573272705 2.304556131362915 0.0 3.7654167222795953 1.4953274726867676 1.3398189544677734
96 0.8155752420425415 8.374882230639619 3.5596630573272705 2.304556131362915 0.0 3.7654167222795953 1.4953274726867676 1.3398189544677734
97 0.8155752420425415 8.37328766469434 3.5596063137054443 2.304556131362915 0.0 3.7710513507873507 1.4839917421340942 1.3398189544677734
98 0.8155752420425415 8.37328766469434 3.5626654624938965 2.303624391555786 0.0 3.7710513507873507 1.4596203565597534 1.3397921323776245
99 0.8155752420425415 8.369103264546556 3.5626654624938965 2.303624391555786 0.0 3.7776023923724207 1.4735901355743408 1.3397921323776245
100 0.8155752420425415 8.369103264546556 3.5868639945983887 2.3019192218780518 0.0 3.7776023923724207 1.4954982995986938 1.3387699127197266
101 0.8155752420425415 8.369103264546556 3.588005781173706 2.3024942874908447 0.0 3.7776023923724207 1.4788352251052856 1.3372822999954224
102 0.8155752420425415 8.371892316244109 3.5870096683502197 2.3024942874908447 0.0 3.7678154818131686 1.4668524265289307 1.3372822999954224
103 0.8155752420425415 8.369024917319356 3.5721921920776367 2.305224895477295 0.0 3.7778737583359017 1.4929779767990112 1.3413723707199097
104 0.8155752420425415 8.371770286611365 3.5721347332000732 2.305224895477295 0.0 3.768249807527533 1.5000802278518677 1.3413723707199097
105 0.8155752420425415 8.371770286611365 3.5721969604492188 2.306816577911377 0.0 3.768249807527533 1.5519764423370361 1.3429534435272217
106 0.8155752420425415 8.37093799305122 3.5685579776763916 2.306816577911377 0.0 3.7711983156598907 1.5609065294265747 1.3429534435272217
107 0.8155752420425415 8.371056257489975 3.569566488265991 2.306816577911377 0.0 3.771630256329441 1.5702450275421143 1.3429534435272217
108 0.8155752420425415 8.371056257489975 3.5755808353424072 2.2731809616088867 0.0 3.771630256329441 1.5607253313064575 1.3145506381988525
109 0.8155752420425415 8.371056257489975 3.5755808353424072 2.2731809616088867 0.0 3.771630256329441 1.5607253313064575 1.3145506381988525
110 0.8155752420425415 8.371279431623295 3.5756499767303467 2.27597713470459 0.0 3.7736932353822046 1.5429922342300415 1.3153667449951172
111 0.8155752420425415 8.371279431623295 3.5753767490386963 2.27597713470459 0.0 3.7736932353822046 1.5404912233352661 1.3153667449951172
112 0.8155752420425415 8.371451143527151 3.5803487300872803 2.266608476638794 0.0 3.7730895989212434 1.5259556770324707 1.2526671886444092
113 0.8155752420425415 8.371726481520145 3.5803487300872803 2.266608476638794 0.0 3.7721183265676688 1.5257362127304077 1.2526671886444092
114 0.8155752420425415 8.371726481520145 3.5817723274230957 2.266608476638794 0.0 3.7721183265676688 1.5276110172271729 1.2526671886444092
115 0.8155752420425415 8.371726481520145 3.5817723274230957 2.266608476638794 0.0 3.7721183265676688 1.5276110172271729 1.2526671886444092
116 0.8155752420425415 8.371726481520145 3.5817360877990723 2.266608476638794 0.0 3.7721183265676688 1.5272334814071655 1.2526671886444092
117 0.8155752420425415 8.371726481520145 3.5817360877990723 2.266608476638794 0.0 3.7721183265676688 1.5181773900985718 1.2526671886444092
118 0.8155752420425415 8.371726481520145 3.5823583602905273 2.266608476638794 0.0 3.7721183265676688 1.509057641029358 1.2526671886444092
119 0.8155752420425415 8.371726481520145 3.5823774337768555 2.266608476638794 0.0 3.7721183265676688 1.5091298818588257 1.2526671886444092
120 0.8155752420425415 8.37210425430336 3.5823774337768555 2.266608476638794 0.0 3.771724762529969 1.4965202808380127 1.2526671886444092
121 0.8155752420425415 8.37210425430336 3.5823774337768555 2.266608476638794 0.0 3.771724762529969 1.4965202808380127 1.2526671886444092
122 0.8155752420425415 8.37210425430336 3.58716082572937 2.294271469116211 0.0 3.771724762529969 1.5019570589065552 1.2716991901397705
123 0.8155752420425415 8.374554996178437 3.58716082572937 2.294271469116211 0.0 3.763589106221752 1.500089168548584 1.2716991901397705
124 0.8155752420425415 8.38882435437397 3.5872066020965576 2.294271469116211 0.0 3.740637819978571 1.494810938835144 1.2716991901397705
125 0.8155752420425415 8.38882435437397 3.587015151977539 2.294271469116211 0.0 3.740637819978571 1.5060529708862305 1.2716991901397705
126 0.8155752420425415 8.38882435437397 3.5867927074432373 2.315136194229126 0.0 3.740637819978571 1.4975389242172241 1.2338452339172363
127 0.8155752420425415 8.389322076270851 3.5867369174957275 2.315833806991577 0.0 3.741512154754935 1.5165356397628784 1.2345671653747559
128 0.8155752420425415 8.389322076270851 3.5867369174957275 2.315833806991577 0.0 3.741512154754935 1.5165356397628784 1.2345671653747559
129 0.8155752420425415 8.382309409129746 3.586672067642212 2.3157434463500977 0.0 3.7256498493325103 1.511454701423645 1.234616756439209
130 0.8155752420425415 8.382309409129746 3.5866191387176514 2.3157434463500977 0.0 3.7256498493325103 1.5114076137542725 1.234616756439209
131 0.8155752420425415 8.382309409129746 3.586507797241211 2.3243308067321777 0.0 3.7256498493325103 1.5121711492538452 1.2447969913482666
132 0.8155752420425415 8.381033900618332 3.5867786407470703 2.3047728538513184 0.0 3.729869449111343 1.5221837759017944 1.2798885107040405
133 0.8155752420425415 8.371990223052364 3.585681915283203 2.3181979656219482 0.0 3.735905656449711 1.5149329900741577 1.2921473979949951
134 0.8155752420425415 8.371990223052364 3.585681915283203 2.3181979656219482 0.0 3.735905656449711 1.5149329900741577 1.2921473979949951
135 0.8155752420425415 8.371990223052364 3.585681915283203 2.3181979656219482 0.0 3.735905656449711 1.5149329900741577 1.2921473979949951
136 0.8155752420425415 8.371990223052364 3.585681915283203 2.3181979656219482 0.0 3.735905656449711 1.4993042945861816 1.2921473979949951
137 0.8155752420425415 8.371526868998975 3.5843071937561035 2.3181979656219482 0.0 3.7352006282551953 1.4820489883422852 1.2921473979949951
138 0.8155752420425415 8.371526868998975 3.584470510482788 2.3181979656219482 0.0 3.7352006282551953 1.480868935585022 1.2921473979949951
139 0.8155752420425415 8.371380571951612 3.5826873779296875 2.3178822994232178 0.0 3.734924367526594 1.480125069618225 1.2918251752853394
140 0.8155752420425415 8.374018467347263 3.5828702449798584 2.3179714679718018 0.0 3.731367794101439 1.5025488138198853 1.290952444076538
141 0.8155752420425415 8.372960146750497 3.5826921463012695 2.3343493938446045 0.0 3.7292461136064547 1.4927842617034912 1.2513257265090942
142 0.8155752420425415 8.372960146750497 3.5851457118988037 2.3343493938446045 0.0 3.7292461136064547 1.4946105480194092 1.2513257265090942
143 0.8155752420425415 8.372519213540196 3.5851457118988037 2.3343493938446045 0.0 3.7307058956953227 1.4949437379837036 1.2513257265090942
144 0.8155752420425415 8.372519213540196 3.5845348834991455 2.3303232192993164 0.0 3.7307058956953227 1.5043056011199951 1.2369176149368286
145 0.8155752420425415 8.372519213540196 3.5846848487854004 2.3303232192993164 0.0 3.7307058956953227 1.5040827989578247 1.2369176149368286
146 0.8155752420425415 8.372519213540196 3.584465742111206 2.3303232192993164 0.0 3.7307058956953227 1.4979177713394165 1.2369176149368286
147 0.8155752420425415 8.372519213540196 3.583665132522583 2.3303232192993164 0.0 3.7307058956953227 1.4955962896347046 1.2369176149368286
148 0.8155752420425415 8.372695049423408 3.583665132522583 2.3303232192993164 0.0 3.730125294324334 1.4954636096954346 1.2369176149368286
149 0.8155752420425415 8.372517976036377 3.583665132522583 2.3303232192993164 0.0 3.7307108427434157 1.4249794483184814 1.2369176149368286
150 0.8155752420425415 8.377841665233243 3.5837483406066895 2.3303232192993164 0.0 3.763414413278458 1.4334508180618286 1.2369176149368286
151 0.8155752420425415 8.377841665233243 3.5837483406066895 2.3303232192993164 0.0 3.763414413278458 1.4334508180618286 1.2369176149368286
152 0.8155752420425415 8.377841665233243 3.5823447704315186 2.3227171897888184 0.0 3.763414413278458 1.4131150245666504 1.2368550300598145
153 0.8155752420425415 8.377841665233243 3.5823447704315186 2.3227171897888184 0.0 3.763414413278458 1.4131150245666504 1.2368550300598145
154 0.8155752420425415 8.381894586241485 3.5823447704315186 2.3227171897888184 0.0 3.760706605784398 1.412455439567566 1.2368550300598145
155 0.8155752420425415 8.381894586241485 3.5826475620269775 2.315450668334961 0.0 3.760706605784398 1.4067142009735107 1.2108781337738037
156 0.8155752420425415 8.381894586241485 3.582444190979004 2.314141273498535 0.0 3.760706605784398 1.4071813821792603 1.2114185094833374
157 0.8155752420425415 8.385759842943289 3.5815513134002686 2.314141273498535 0.0 3.748322155923734 1.3999626636505127 1.2114185094833374
158 0.8155752420425415 8.385759842943289 3.582273006439209 2.314141273498535 0.0 3.748322155923734 1.3987905979156494 1.2114185094833374
159 0.8155752420425415 8.358586250631697 3.5824265480041504 2.314141273498535 0.0 3.765770373230686 1.4141196012496948 1.2114185094833374
160 0.8155752420425415 8.357368465504475 3.583343267440796 2.314141273498535 0.0 3.763136364916314 1.4238510131835938 1.2114185094833374
161 0.8155752420425415 8.357368465504475 3.5828356742858887 2.337679386138916 0.0 3.763136364916314 1.4312245845794678 1.3011953830718994
162 0.8155752420425415 8.357471311674566 3.5826914310455322 2.337679386138916 0.0 3.762803854190983 1.4319367408752441 1.3011953830718994
163 0.8155752420425415 8.358552493519628 3.582338809967041 2.337679386138916 0.0 3.7649304823922347 1.4312207698822021 1.3011953830718994
164 0.8155752420425415 8.358552493519628 3.582411527633667 2.339289903640747 0.0 3.7649304823922347 1.431338906288147 1.3024262189865112
165 0.8155752420425415 8.354738211076992 3.5824899673461914 2.339402198791504 0.0 3.7692846879995305 1.4323610067367554 1.3023812770843506
166 0.8155752420425415 8.354738211076992 3.5824177265167236 2.339402198791504 0.0 3.7692846879995305 1.4323667287826538 1.3023812770843506
167 0.8155752420425415 8.354738211076992 3.5724079608917236 2.339402198791504 0.0 3.7692846879995305 1.4301930665969849 1.3023812770843506
168 0.8155752420425415 8.353946309707549 3.57011342048645 2.339402198791504 0.0 3.767825613542982 1.4296656847000122 1.3023812770843506
169 0.8155752420425415 8.354609553216086 3.57039475440979 2.339237928390503 0.0 3.7695445745891156 1.5696629285812378 1.3023499250411987
170 0.8155752420425415 8.354609553216086 3.570675849914551 2.352482557296753 0.0 3.7695445745891156 1.5662769079208374 1.3127937316894531
171 0.8155752420425415 8.354609553216086 3.573298215866089 2.3518710136413574 0.0 3.7695445745891156 1.5685808658599854 1.3148868083953857
172 0.8155752420425415 8.354609553216086 3.573298215866089 2.3518710136413574 0.0 3.7695445745891156 1.5330208539962769 1.3148868083953857
173 0.8155752420425415 8.355548955240758 3.57120943069458 2.3518710136413574 0.0 3.759696737492733 1.5577751398086548 1.3148868083953857
174 0.8155752420425415 8.384760246002783 3.5674514770507813 2.3518710136413574 0.0 3.7560351919175425 1.5543031692504883 1.3148868083953857
175 0.8155752420425415 8.384760246002783 3.571498394012451 2.3518710136413574 0.0 3.7560351919175425 1.5285135507583618 1.3148868083953857
176 0.8155752420425415 8.384760246002783 3.571498394012451 2.3518710136413574 0.0 3.7560351919175425 1.5285135507583618 1.3148868083953857
177 0.8155752420425415 8.383884749022618 3.571545124053955 2.3518710136413574 0.0 3.759696076145986 1.5467902421951294 1.3148868083953857
178 0.8155752420425415 8.383884749022618 3.5759809017181396 2.499804735183716 0.0 3.759696076145986 1.5737143754959106 1.4380269050598145
179 0.8155752420425415 8.383972092307372 3.556136131286621 2.499804735183716 0.0 3.7598541115075763 1.5461746454238892 1.4380269050598145
180 0.8155752420425415 8.383972092307372 3.556136131286621 2.499804735183716 0.0 3.7598541115075763 1.5461746454238892 1.4380269050598145
181 0.8155752420425415 8.383972092307372 3.5545177459716797 2.499804735183716 0.0 3.7598541115075763 1.5457583665847778 1.4380269050598145
182 0.8155752420425415 8.382801316625926 3.5545177459716797 2.499804735183716 0.0 3.765656949407366 1.551169753074646 1.4380269050598145
183 0.8155752420425415 8.382801316625926 3.552426815032959 2.499804735183716 0.0 3.765656949407366 1.5564957857131958 1.4380269050598145
184 0.8155752420425415 8.382801379448848 3.552426815032959 2.499804735183716 0.0 3.7656583432421256 1.5564954280853271 1.4380269050598145
185 0.8155752420425415 8.382801379448848 3.5499792098999023 2.4870212078094482 0.0 3.7656583432421256 1.5528448820114136 1.4263482093811035
186 0.8155752420425415 8.382801379448848 3.5499792098999023 2.4870212078094482 0.0 3.7656583432421256 1.5616555213928223 1.4263482093811035
187 0.8155752420425415 8.382801379448848 3.5491366386413574 2.4870212078094482 0.0 3.7656583432421256 1.5541549921035767 1.4263482093811035
188 0.8155752420425415 8.382801379448848 3.549124002456665 2.4870212078094482 0.0 3.7656583432421256 1.554195761680603 1.4263482093811035
189 0.8155752420425415 8.382801379448848 3.54805850982666 2.4870212078094482 0.0 3.7656583432421256 1.5590887069702148 1.4263482093811035
190 0.8155752420425415 8.387476151967576 3.548539161682129 2.4870212078094482 0.0 3.7481986902400473 1.5563350915908813 1.4263482093811035
191 0.8155752420425415 8.38795405378289 3.546495199203491 2.4870212078094482 0.0 3.7568084368371824 1.6095138788223267 1.4263482093811035
192 0.8155752420425415 8.38795405378289 3.549342393875122 2.4870212078094482 0.0 3.7568084368371824 1.609310269355774 1.4263482093811035
193 0.8155752420425415 8.388325505015702 3.5499908924102783 2.4870212078094482 0.0 3.755398519068744 1.6092644929885864 1.4263482093811035
194 0.8155752420425415 8.388325505015702 3.5501608848571777 2.4847464561462402 0.0 3.755398519068744 1.6092604398727417 1.4266730546951294
195 0.8155752420425415 8.388325505015702 3.5501608848571777 2.4847464561462402 0.0 3.755398519068744 1.6139873266220093 1.4266730546951294
196 0.8155752420425415 8.402324626601462 3.5501608848571777 2.4847464561462402 0.0 3.7846450849474538 1.6202235221862793 1.4266730546951294
197 0.8155752420425415 8.402580789556904 3.5501608848571777 2.4847464561462402 0.0 3.7852229133229436 1.620347023010254 1.4266730546951294
198 0.8155752420425415 8.402580789556904 3.5501608848571777 2.4847464561462402 0.0 3.7852229133229436 1.6203442811965942 1.4266730546951294
199 0.8155752420425415 8.402580789556904 3.5501608848571777 2.4847464561462402 0.0 3.7852229133229436 1.5765550136566162 1.4266730546951294
200 0.8155752420425415 8.402580789556904 3.5501608848571777 2.4847464561462402 0.0 3.7852229133229436 1.5765550136566162 1.4266730546951294
201 0.8155752420425415 8.394254515914094 3.551298141479492 2.4847421646118164 0.0 3.789392412938216 1.577669620513916 1.4266724586486816
202 0.8155752420425415 8.394254515914094 3.5513532161712646 2.4847421646118164 0.0 3.789392412938216 1.578430414199829 1.4266724586486816
203 0.8155752420425415 8.394254515914094 3.5512125492095947 2.483619213104248 0.0 3.789392412938216 1.5703781843185425 1.42829430103302
204 0.8155752420425415 8.394254515914094 3.5512125492095947 2.483619213104248 0.0 3.789392412938216 1.5703781843185425 1.42829430103302
205 0.8155752420425415 8.394254515914094 3.549795389175415 2.483710765838623 0.0 3.789392412938216 1.569675087928772 1.428365707397461
206 0.8155752420425415 8.395016156504328 3.5504961013793945 2.473573684692383 0.0 3.7867956741699174 1.5795358419418335 1.490919828414917
207 0.8155752420425415 8.396595801820789 3.5504658222198486 2.4731404781341553 0.0 3.797865516495927 1.5887371301651 1.4911266565322876
208 0.8155752420425415 8.396452169326677 3.5506386756896973 2.4731404781341553 0.0 3.7984735942103685 1.574744701385498 1.4911266565322876
209 0.8155752420425415 8.396452169326677 3.553312301635742 2.475360631942749 0.0 3.7984735942103685 1.5959441661834717 1.4934260845184326
210 0.8155752420425415 8.396452169326677 3.55326509475708 2.475360631942749 0.0 3.7984735942103685 1.595168113708496 1.4934260845184326
211 0.8155752420425415 8.396452169326677 3.5534238815307617 2.475360631942749 0.0 3.7984735942103685 1.5952162742614746 1.4934260845184326
212 0.8155752420425415 8.397485874164175 3.5532588958740234 2.475360631942749 0.0 3.7990837828272155 1.611506462097168 1.4934260845184326
213 0.8155752420425415 8.396669663713013 3.5534560680389404 2.4604759216308594 0.0 3.7976046415031686 1.6070411205291748 1.4451045989990234
214 0.8155752420425415 8.396305743983083 3.5534560680389404 2.4604759216308594 0.0 3.7973777293703805 1.600721836090088 1.4451045989990234
215 0.8155752420425415 8.396305743983083 3.5557498931884766 2.4612412452697754 0.0 3.7973777293703805 1.6024169921875 1.4454189538955688
216 0.8155752420425415 8.420173163940486 3.5557498931884766 2.4612412452697754 0.0 3.775605864751304 1.5977046489715576 1.4454189538955688
217 0.8155752420425415 8.420173163940486 3.5557498931884766 2.4612412452697754 0.0 3.775605864751304 1.5977046489715576 1.4454189538955688
218 0.8155752420425415 8.420692588243435 3.5557498931884766 2.4612412452697754 0.0 3.776614460404281 1.5974823236465454 1.4454189538955688
219 0.8155752420425415 8.420692588243435 3.5557470321655273 2.4612412452697754 0.0 3.776614460404281 1.5974863767623901 1.4454189538955688
220 0.8155752420425415 8.410682524201416 3.5557470321655273 2.4612412452697754 0.0 3.7837825745847256 1.598264217376709 1.4454189538955688
221 0.8155752420425415 8.410682524201416 3.5557470321655273 2.4612412452697754 0.0 3.7837825745847256 1.598264217376709 1.4454189538955688
222 0.8155752420425415 8.410682524201416 3.5557470321655273 2.4612412452697754 0.0 3.7837825745847256 1.598264217376709 1.4454189538955688
223 0.8155752420425415 8.409892774050975 3.5541064739227295 2.4612412452697754 0.0 3.782555881552973 1.5876548290252686 1.4454189538955688
224 0.8155752420425415 8.408916555818752 3.5540897846221924 2.461204767227173 0.0 3.775736526292757 1.5861700773239136 1.4453916549682617
225 0.8155752420425415 8.418260701838456 3.5540897846221924 2.461204767227173 0.0 3.7845137111833282 1.5880820751190186 1.4453916549682617
226 0.8155752420425415 8.419128986298213 3.55411696434021 2.461204767227173 0.0 3.785872922935884 1.5972716808319092 1.4453916549682617
227 0.8155752420425415 8.401168513711452 3.55411696434021 2.461204767227173 0.0 3.7972722663546232 1.591314435005188 1.4453916549682617
228 0.8155752420425415 8.401168513711452 3.55411696434021 2.461204767227173 0.0 3.7972722663546232 1.591314435005188 1.4453916549682617
229 0.8155752420425415 8.40148112931114 3.55411696434021 2.461204767227173 0.0 3.7986504671473904 1.5912595987319946 1.4453916549682617
230 0.8155752420425415 8.40148112931114 3.55411696434021 2.461204767227173 0.0 3.7986504671473904 1.5912595987319946 1.4453916549682617
231 0.8155752420425415 8.40148112931114 3.55411696434021 2.461204767227173 0.0 3.7986504671473904 1.5912595987319946 1.4453916549682617
232 0.8155752420425415 8.404103106142127 3.5545506477355957 2.461204767227173 0.0 3.787400586667642 1.5964981317520142 1.4453916549682617
233 0.8155752420425415 8.404103106142127 3.5541043281555176 2.461204767227173 0.0 3.787400586667642 1.5998106002807617 1.4453916549682617
234 0.8155752420425415 8.404103106142127 3.5272324085235596 2.454305648803711 0.0 3.787400586667642 1.6204129457473755 1.4238258600234985
235 0.8155752420425415 8.404451961876713 3.524519681930542 2.454305648803711 0.0 3.7858501644319587 1.62410569190979 1.4238258600234985
236 0.8155752420425415 8.404451961876713 3.524519681930542 2.454305648803711 0.0 3.7858501644319587 1.62410569190979 1.4238258600234985
237 0.8155752420425415 8.404298133168748 3.5253419876098633 2.454305648803711 0.0 3.785801729983658 1.6111173629760742 1.4238258600234985
238 0.8155752420425415 8.404298133168748 3.5253419876098633 2.454305648803711 0.0 3.785801729983658 1.6111173629760742 1.4238258600234985
239 0.8155752420425415 8.404298133168748 3.5253419876098633 2.454305648803711 0.0 3.785801729983658 1.604565978050232 1.4238258600234985
240 0.8155752420425415 8.40362850284499 3.5247581005096436 2.454305648803711 0.0 3.7928511177937243 1.589360237121582 1.4238258600234985
241 0.8155752420425415 8.40362850284499 3.5247581005096436 2.454305648803711 0.0 3.7928511177937243 1.589360237121582 1.4238258600234985
242 0.8155752420425415 8.40362850284499 3.524808645248413 2.454305648803711 0.0 3.7928511177937243 1.584932804107666 1.4238258600234985
243 0.8155752420425415 8.402799557562677 3.5230162143707275 2.454305648803711 0.0 3.7915518190085007 1.6146763563156128 1.4238258600234985
244 0.8155752420425415 8.402799557562677 3.523017644882202 2.454305648803711 0.0 3.7915518190085007 1.6146537065505981 1.4238258600234985
245 0.8155752420425415 8.404966488780703 3.523017644882202 2.454305648803711 0.0 3.802811034670533 1.6089835166931152 1.4238258600234985
246 0.8155752420425415 8.403399464595749 3.5227749347686768 2.455350637435913 0.0 3.792366842623735 1.6097841262817383 1.4239952564239502
247 0.8155752420425415 8.403399464595749 3.522644281387329 2.4529032707214355 0.0 3.792366842623735 1.6138652563095093 1.4354901313781738
248 0.8155752420425415 8.405033064181625 3.5237576961517334 2.452855110168457 0.0 3.7942305727707772 1.6200697422027588 1.4357064962387085
249 0.8155752420425415 8.401631086272529 3.5228798389434814 2.452855110168457 0.0 3.7894715657272218 1.61257803440094 1.4357064962387085
250 0.8155752420425415 8.401631086272529 3.5237200260162354 2.452878952026367 0.0 3.7894715657272218 1.610252022743225 1.435587763786316
251 0.8155752420425415 8.401930879381029 3.523005247116089 2.4509646892547607 0.0 3.790157303411303 1.6125836372375488 1.4318201541900635
252 0.8155752420425415 8.40216079980169 3.523005247116089 2.4509646892547607 0.0 3.7899621345604873 1.6288375854492188 1.4318201541900635
253 0.8155752420425415 8.40216079980169 3.523005247116089 2.4509646892547607 0.0 3.7899621345604873 1.6269421577453613 1.4318201541900635
254 0.8155752420425415 8.400888250402383 3.523001194000244 2.4510552883148193 0.0 3.7953677149269724 1.628005862236023 1.4318733215332031
255 0.8155752420425415 8.402181421826807 3.523001194000244 2.4510552883148193 0.0 3.7898759750057693 1.6269372701644897 1.4318733215332031
256 0.8155752420425415 8.402181421826807 3.523001194000244 2.4510552883148193 0.0 3.7898759750057693 1.6497468948364258 1.4318733215332031
257 0.8155752420425415 8.402181421826807 3.523001194000244 2.4510552883148193 0.0 3.7898759750057693 1.6489629745483398 1.4318733215332031
258 0.8155752420425415 8.402181421826807 3.5229690074920654 2.4510552883148193 0.0 3.7898759750057693 1.6563462018966675 1.4318733215332031
259 0.8155752420425415 8.403628243986855 3.52030086517334 2.4510552883148193 0.0 3.783523861573469 1.6346594095230103 1.4318733215332031
260 0.8155752420425415 8.403628243986855 3.52030086517334 2.4510552883148193 0.0 3.783523861573469 1.6325647830963135 1.4318733215332031
261 0.8155752420425415 8.403526484295408 3.517465829849243 2.451263189315796 0.0 3.783323719573572 1.631424069404602 1.4318987131118774
262 0.8155752420425415 8.40520602703555 3.517465829849243 2.451263189315796 0.0 3.7858826505846666 1.6319669485092163 1.4318987131118774
263 0.8155752420425415 8.405545500619143 3.517465829849243 2.451263189315796 0.0 3.788413509837836 1.6161209344863892 1.4318987131118774
264 0.8155752420425415 8.405545500619143 3.517465829849243 2.451263189315796 0.0 3.788413509837836 1.6161209344863892 1.4318987131118774
265 0.8155752420425415 8.405545500619143 3.5177736282348633 2.4361984729766846 0.0 3.788413509837836 1.6176173686981201 1.4706944227218628
266 0.8155752420425415 8.405705244613298 3.517843723297119 2.4361984729766846 0.0 3.7880864391791005 1.632023811340332 1.4706944227218628
267 0.8155752420425415 8.404643338354889 3.5178635120391846 2.436089515686035 0.0 3.7865920227042924 1.6317052841186523 1.4704818725585938
268 0.8155752420425415 8.405893773293004 3.5226688385009766 2.436089515686035 0.0 3.786941969183616 1.6295883655548096 1.4704818725585938
269 0.8155752420425415 8.405893773293004 3.5212090015411377 2.425234079360962 0.0 3.786941969183616 1.615160346031189 1.4239509105682373
270 0.8155752420425415 8.403724591094905 3.5212090015411377 2.425234079360962 0.0 3.783551714838624 1.6210792064666748 1.4239509105682373
271 0.8155752420425415 8.403342799337812 3.5204148292541504 2.42360520362854 0.0 3.7830089385726158 1.6062932014465332 1.426125168800354
272 0.8155752420425415 8.403797440444807 3.5204148292541504 2.42360520362854 0.0 3.78435813062709 1.6221562623977661 1.426125168800354
273 0.8155752420425415 8.403797440444807 3.520395040512085 2.423572063446045 0.0 3.78435813062709 1.623048186302185 1.4260249137878418
274 0.8155752420425415 8.405830345748788 3.524264097213745 2.444498062133789 0.0 3.7859387038158014 1.632036805152893 1.4306700229644775
275 0.8155752420425415 8.405830345748788 3.5220465660095215 2.2941439151763916 0.0 3.7859387038158014 1.5889219045639038 1.30740225315094
276 0.8155752420425415 8.405830345748788 3.520111322402954 2.3106226921081543 0.0 3.7859387038158014 1.5796157121658325 1.2642884254455566
277 0.8155752420425415 8.405248314325537 3.520111322402954 2.3106226921081543 0.0 3.7853653652354966 1.5719852447509766 1.2642884254455566
278 0.8155752420425415 8.424287142170026 3.5201869010925293 2.3106226921081543 0.0 3.773370924203239 1.569022536277771 1.2642884254455566
279 0.8155752420425415 8.450761214799124 3.52017879486084 2.3106226921081543 0.0 3.828108115598322 1.5808663368225098 1.2642884254455566
280 0.8155752420425415 8.449552195414588 3.561155080795288 2.3106226921081543 0.0 3.8258799651536832 1.5494316816329956 1.2642884254455566
281 0.8155752420425415 8.440015392825652 3.561652183532715 2.3106226921081543 0.0 3.8231945567906385 1.5439715385437012 1.2642884254455566
282 0.8155752420425415 8.440015392825652 3.561631679534912 2.3106226921081543 0.0 3.8231945567906385 1.5529099702835083 1.2642884254455566
283 0.8155752420425415 8.440015392825652 3.5595526695251465 2.3106226921081543 0.0 3.8231945567906385 1.5521072149276733 1.2642884254455566
284 0.8155752420425415 8.441576941099298 3.5595526695251465 2.3106226921081543 0.0 3.843042852302162 1.5556867122650146 1.2642884254455566
285 0.8155752420425415 8.441576941099298 3.558605194091797 2.3106226921081543 0.0 3.843042852302162 1.556676983833313 1.2642884254455566
286 0.8155752420425415 8.4217126185089 3.558859348297119 2.3106226921081543 0.0 3.8394448852981844 1.5569777488708496 1.2642884254455566
287 0.8155752420425415 8.4217126185089 3.5590407848358154 2.3106226921081543 0.0 3.8394448852981844 1.562079668045044 1.2642884254455566
288 0.8155752420425415 8.4217126185089 3.5590407848358154 2.3106226921081543 0.0 3.8394448852981844 1.562079668045044 1.2642884254455566
289 0.8155752420425415 8.422141640664863 3.558468818664551 2.3106226921081543 0.0 3.839945424240168 1.5752524137496948 1.2642884254455566
290 0.8155752420425415 8.421111466229288 3.5585405826568604 2.3106226921081543 0.0 3.838282096791721 1.5622543096542358 1.2642884254455566
291 0.8155752420425415 8.421111466229288 3.558572769165039 2.307603120803833 0.0 3.838282096791721 1.5664582252502441 1.270046353340149
292 0.8155752420425415 8.418642033122737 3.558593988418579 2.30656099319458 0.0 3.849562416299913 1.5684750080108643 1.2663991451263428
293 0.8155752420425415 8.411936014525425 3.5586886405944824 2.305802345275879 0.0 3.859946049393933 1.5709526538848877 1.2656418085098267
294 0.8155752420425415 8.411936014525425 3.554887294769287 2.2838292121887207 0.0 3.859946049393933 1.5634838342666626 1.260824203491211
295 0.8155752420425415 8.413475163149855 3.5547738075256348 2.284311294555664 0.0 3.853109940978544 1.5622847080230713 1.2609097957611084
296 0.8155752420425415 8.413475163149855 3.554835081100464 2.283066987991333 0.0 3.853109940978544 1.5621600151062012 1.2606843709945679
297 0.8155752420425415 8.413952588744214 3.5548324584960938 2.283066987991333 0.0 3.853725656130001 1.5661507844924927 1.2606843709945679
298 0.8155752420425415 8.413952588744214 3.5548691749572754 2.284024477005005 0.0 3.853725656130001 1.5662459135055542 1.2616972923278809
299 0.8155752420425415 8.413025467307468 3.5549113750457764 2.284024477005005 0.0 3.85787657604948 1.5667754411697388 1.2616972923278809
300 0.8155752420425415 8.413658621485371 3.5549933910369873 2.267824411392212 0.0 3.855053676876988 1.5754772424697876 1.3051648139953613
301 0.8155752420425415 8.413658621485371 3.5530903339385986 2.267824411392212 0.0 3.855053676876988 1.5751230716705322 1.3051648139953613
302 0.8155752420425415 8.367387155404778 3.5530428886413574 2.267824411392212 0.0 3.770044035452257 1.554802417755127 1.3051648139953613
303 0.8155752420425415 8.36983803193054 3.5530428886413574 2.267824411392212 0.0 3.758711932913498 1.552538275718689 1.3051648139953613
304 0.8155752420425415 8.36983803193054 3.5530428886413574 2.267824411392212 0.0 3.758711932913498 1.552538275718689 1.3051648139953613
305 0.8155752420425415 8.36983803193054 3.5531435012817383 2.2477948665618896 0.0 3.758711932913498 1.5515263080596924 1.2919392585754395
306 0.8155752420425415 8.3709261473706 3.5532572269439697 2.248154640197754 0.0 3.7703271141123293 1.5457561016082764 1.2919102907180786
307 0.8155752420425415 8.3709261473706 3.5532572269439697 2.248154640197754 0.0 3.7703271141123293 1.5461785793304443 1.2919102907180786
308 0.8155752420425415 8.370486732620407 3.5532572269439697 2.248154640197754 0.0 3.7723138931290383 1.5465797185897827 1.2919102907180786
309 0.8155752420425415 8.370461246696385 3.5531890392303467 2.2641983032226563 0.0 3.7722800063260107 1.546291470527649 1.2480387687683105
310 0.8155752420425415 8.369648601961014 3.5520427227020264 2.267199754714966 0.0 3.775899965683291 1.5390937328338623 1.2508418560028076
311 0.8155752420425415 8.370729026611098 3.5516481399536133 2.267199754714966 0.0 3.7752634786723145 1.5393446683883667 1.2508418560028076
312 0.8155752420425415 8.370729026611098 3.5516481399536133 2.267199754714966 0.0 3.7752634786723145 1.5390617847442627 1.2508418560028076
313 0.8155752420425415 8.370729026611098 3.5516767501831055 2.267199754714966 0.0 3.7752634786723145 1.539565086364746 1.2508418560028076
314 0.8155752420425415 8.368478816035164 3.5516767501831055 2.267199754714966 0.0 3.77893039373666 1.5245635509490967 1.2508418560028076
315 0.8155752420425415 8.368222037040594 3.5485494136810303 2.272602081298828 0.0 3.780599960707711 1.5253005027770996 1.2693629264831543
316 0.8155752420425415 8.368123762912036 3.5485453605651855 2.275040626525879 0.0 3.780224223547104 1.5252861976623535 1.272335171699524
317 0.8155752420425415 8.368123762912036 3.548552989959717 2.275040626525879 0.0 3.780224223547104 1.5244941711425781 1.272335171699524
318 0.8155752420425415 8.368123762912036 3.5485715866088867 2.275146722793579 0.0 3.780224223547104 1.5154224634170532 1.272325873374939
319 0.8155752420425415 8.36917792971919 3.5485715866088867 2.275146722793579 0.0 3.7757486641618394 1.5144016742706299 1.272325873374939
320 0.8155752420425415 8.36917792971919 3.5485520362854004 2.266702651977539 0.0 3.7757486641618394 1.5137364864349365 1.2636417150497437
321 0.8155752420425415 8.370819929273159 3.548736810684204 2.269287586212158 0.0 3.7788699102083796 1.513311505317688 1.2486562728881836
322 0.8155752420425415 8.370669506595188 3.5491511821746826 2.269287586212158 0.0 3.7794947740605043 1.514028549194336 1.2486562728881836
323 0.8155752420425415 8.370669506595188 3.5491511821746826 2.269287586212158 0.0 3.7794947740605043 1.5164270401000977 1.2486562728881836
324 0.8155752420425415 8.375034871356213 3.549182176589966 2.269287586212158 0.0 3.7634474092683408 1.521252155303955 1.2486562728881836
325 0.8155752420425415 8.376000716402705 3.5491671562194824 2.267744302749634 0.0 3.764711948153928 1.5131545066833496 1.248206615447998
326 0.8155752420425415 8.36360790382669 3.5482518672943115 2.2700769901275635 0.0 3.791087057880197 1.5188974142074585 1.2513766288757324
327 0.8155752420425415 8.36266872691517 3.5482518672943115 2.2700769901275635 0.0 3.7936168374772556 1.519474983215332 1.2513766288757324
328 0.8155752420425415 8.36266872691517 3.54825496673584 2.270146131515503 0.0 3.7936168374772556 1.5194505453109741 1.251051902770996
329 0.8155752420425415 8.362693427172532 3.547193765640259 2.259852647781372 0.0 3.7934476333622755 1.5284770727157593 1.2514034509658813
330 0.8155752420425415 8.362693427172532 3.547193765640259 2.259852647781372 0.0 3.7934476333622755 1.5365033149719238 1.2514034509658813
331 0.8155752420425415 8.363412023284956 3.547193765640259 2.259852647781372 0.0 3.7863512202546192 1.53490149974823 1.2514034509658813
332 0.8155752420425415 8.363412023284956 3.5489091873168945 2.259852647781372 0.0 3.7863512202546192 1.5424436330795288 1.2514034509658813
333 0.8155752420425415 8.363819044889736 3.5484447479248047 2.259852647781372 0.0 3.7871674981021584 1.5358837842941284 1.2514034509658813
334 0.8155752420425415 8.363969971197454 3.547485113143921 2.259852647781372 0.0 3.7885967475740916 1.5426158905029297 1.2514034509658813
335 0.8155752420425415 8.363969971197454 3.547485113143921 2.259852647781372 0.0 3.7885967475740916 1.5426158905029297 1.2514034509658813
336 0.8155752420425415 8.364425323460722 3.5485196113586426 2.259852647781372 0.0 3.7862563195144032 1.5352376699447632 1.2514034509658813
337 0.8155752420425415 8.367910538211618 3.5485196113586426 2.259852647781372 0.0 3.7924082579457434 1.536625862121582 1.2514034509658813
338 0.8155752420425415 8.367910538211618 3.5475544929504395 2.259852647781372 0.0 3.7924082579457434 1.5373361110687256 1.2514034509658813
339 0.8155752420425415 8.367910538211618 3.549624443054199 2.259852647781372 0.0 3.7924082579457434 1.538877010345459 1.2514034509658813
340 0.8155752420425415 8.367910538211618 3.5495712757110596 2.259852647781372 0.0 3.7924082579457434 1.539525032043457 1.2514034509658813
341 0.8155752420425415 8.367881105402159 3.5495712757110596 2.259852647781372 0.0 3.792557391734732 1.5395586490631104 1.2514034509658813
342 0.8155752420425415 8.367710943777535 3.549237012863159 2.259852647781372 0.0 3.792328743658486 1.5397852659225464 1.2514034509658813
343 0.8155752420425415 8.368292281390948 3.5508315563201904 2.290726661682129 0.0 3.792939057534682 1.562251091003418 1.3046640157699585
344 0.8155752420425415 8.368292281390948 3.5508315563201904 2.290726661682129 0.0 3.792939057534682 1.562251091003418 1.3046640157699585
345 0.8155752420425415 8.37001138926177 3.5508315563201904 2.290726661682129 0.0 3.7945658469296557 1.554539680480957 1.3046640157699585
346 0.8155752420425415 8.369267018575496 3.551414728164673 2.290726661682129 0.0 3.7983781001927235 1.5490796566009521 1.3046640157699585
347 0.8155752420425415 8.369267018575496 3.551414728164673 2.290726661682129 0.0 3.7983781001927235 1.5489928722381592 1.3046640157699585
348 0.8155752420425415 8.369267018575496 3.551414728164673 2.290726661682129 0.0 3.7983781001927235 1.5489928722381592 1.3046640157699585
349 0.8155752420425415 8.36588467942932 3.5509250164031982 2.2900569438934326 0.0 3.796674024405078 1.556119680404663 1.307855248451233
350 0.8155752420425415 8.367202165885747 3.550889730453491 2.2900569438934326 0.0 3.7980943295450893 1.5638291835784912 1.307855248451233
351 0.8155752420425415 8.367151264116849 3.550889730453491 2.2900569438934326 0.0 3.79818945126835 1.5569517612457275 1.307855248451233
352 0.8155752420425415 8.366090148382826 3.5503339767456055 2.2900569438934326 0.0 3.796937105932861 1.557807445526123 1.307855248451233
353 0.8155752420425415 8.366090148382826 3.5502817630767822 2.289262056350708 0.0 3.796937105932861 1.5581337213516235 1.3120975494384766
354 0.8155752420425415 8.366090148382826 3.550105333328247 2.2889323234558105 0.0 3.796937105932861 1.5508408546447754 1.3143709897994995
355 0.8155752420425415 8.366090148382826 3.550100803375244 2.2889323234558105 0.0 3.796937105932861 1.5592738389968872 1.3143709897994995
356 0.8155752420425415 8.366090148382826 3.551431655883789 2.2889323234558105 0.0 3.796937105932861 1.5584485530853271 1.3143709897994995
357 0.8155752420425415 8.366090148382826 3.551431655883789 2.2889323234558105 0.0 3.796937105932861 1.5584485530853271 1.3143709897994995
358 0.8155752420425415 8.366090148382826 3.5508174896240234 2.2889323234558105 0.0 3.796937105932861 1.5574712753295898 1.3143709897994995
359 0.8155752420425415 8.366090148382826 3.5508174896240234 2.2889323234558105 0.0 3.796937105932861 1.5574712753295898 1.3143709897994995
360 0.8155752420425415 8.366503303259915 3.5508174896240234 2.2889323234558105 0.0 3.7948321283228883 1.5570019483566284 1.3143709897994995
361 0.8155752420425415 8.36914551970856 3.5514767169952393 2.2889323234558105 0.0 3.793191881943985 1.5554289817810059 1.3143709897994995
362 0.8155752420425415 8.36914551970856 3.549713373184204 2.2889323234558105 0.0 3.793191881943985 1.5482971668243408 1.3143709897994995
363 0.8155752420425415 8.36914551970856 3.549713373184204 2.2889323234558105 0.0 3.793191881943985 1.5482971668243408 1.3143709897994995
364 0.8155752420425415 8.36914551970856 3.549765110015869 2.2882609367370605 0.0 3.793191881943985 1.5484355688095093 1.3144522905349731
365 0.8155752420425415 8.36859515245373 3.549765110015869 2.2882609367370605 0.0 3.7922747624366426 1.5569180250167847 1.3144522905349731
366 0.8155752420425415 8.36859515245373 3.549765110015869 2.2882609367370605 0.0 3.7922747624366426 1.5569180250167847 1.3144522905349731
367 0.8155752420425415 8.369557187431337 3.549853563308716 2.2882609367370605 0.0 3.793708157507512 1.5485279560089111 1.3144522905349731
368 0.8155752420425415 8.369557187431337 3.5500776767730713 2.2882609367370605 0.0 3.793708157507512 1.5488008260726929 1.3144522905349731
369 0.8155752420425415 8.36980035985026 3.5500776767730713 2.2882609367370605 0.0 3.792453820064406 1.548815369606018 1.3144522905349731
370 0.8155752420425415 8.36980035985026 3.5506598949432373 2.2871148586273193 0.0 3.792453820064406 1.5371198654174805 1.3128442764282227
371 0.8155752420425415 8.36980035985026 3.5502758026123047 2.2871148586273193 0.0 3.792453820064406 1.5464149713516235 1.3128442764282227
372 0.8155752420425415 8.36980035985026 3.5507009029388428 2.2871148586273193 0.0 3.792453820064406 1.546353816986084 1.3128442764282227
373 0.8155752420425415 8.36980035985026 3.5507524013519287 2.29228138923645 0.0 3.792453820064406 1.5465996265411377 1.3160067796707153
374 0.8155752420425415 8.369216233826306 3.5507524013519287 2.29228138923645 0.0 3.7914538536660327 1.5548349618911743 1.3160067796707153
375 0.8155752420425415 8.368575059485728 3.5496554374694824 2.29228138923645 0.0 3.790080440550645 1.556766152381897 1.3160067796707153
376 0.8155752420425415 8.375833521571355 3.5496554374694824 2.29228138923645 0.0 3.786056421889278 1.5568684339523315 1.3160067796707153
377 0.8155752420425415 8.37898146914428 3.5496420860290527 2.275707244873047 0.0 3.784021659139372 1.565759539604187 1.3551939725875854
378 0.8155752420425415 8.37898146914428 3.549701452255249 2.275707244873047 0.0 3.784021659139372 1.5653271675109863 1.3551939725875854
379 0.8155752420425415 8.37898146914428 3.5499117374420166 2.275707244873047 0.0 3.784021659139372 1.5657144784927368 1.3551939725875854
380 0.8155752420425415 8.37905749022703 3.5499117374420166 2.275707244873047 0.0 3.7832641433074286 1.5550014972686768 1.3551939725875854
381 0.8155752420425415 8.380612672479726 3.5499117374420166 2.275707244873047 0.0 3.7858905509596195 1.5543986558914185 1.3551939725875854
382 0.8155752420425415 8.380612672479726 3.551212787628174 2.283625364303589 0.0 3.7858905509596195 1.5504498481750488 1.3716999292373657
383 0.8155752420425415 8.380612672479726 3.551212787628174 2.283625364303589 0.0 3.7858905509596195 1.5504498481750488 1.3716999292373657
384 0.8155752420425415 8.380612672479726 3.5512185096740723 2.2838282585144043 0.0 3.7858905509596195 1.550546646118164 1.3718996047973633
385 0.8155752420425415 8.379480611195543 3.5512185096740723 2.2838282585144043 0.0 3.791626293078831 1.5517170429229736 1.3718996047973633
386 0.8155752420425415 8.379480611195543 3.5512032508850098 2.2841796875 0.0 3.791626293078831 1.5604029893875122 1.3718016147613525
387 0.8155752420425415 8.416386370561574 3.55198073387146 2.2841796875 0.0 3.7564642741966785 1.533521056175232 1.3718016147613525
388 0.8155752420425415 8.417334391064765 3.552159547805786 2.2841796875 0.0 3.7593065577185003 1.5508325099945068 1.3718016147613525
389 0.8155752420425415 8.416635444547369 3.551276922225952 2.2841796875 0.0 3.752136326732234 1.551557183265686 1.3718016147613525
390 0.8155752420425415 8.405486423001419 3.551276922225952 2.2841796875 0.0 3.758964374141373 1.5523587465286255 1.3718016147613525
391 0.8155752420425415 8.405486423001419 3.551281452178955 2.284156084060669 0.0 3.758964374141373 1.5522814989089966 1.371287226676941
392 0.8155752420425415 8.405486423001419 3.551652669906616 2.290001153945923 0.0 3.758964374141373 1.5455130338668823 1.3710120916366577
393 0.8155752420425415 8.405293268255969 3.5526723861694336 2.290001153945923 0.0 3.758738212027078 1.5447176694869995 1.3710120916366577
394 0.8155752420425415 8.405293268255969 3.5526723861694336 2.290001153945923 0.0 3.758738212027078 1.5447176694869995 1.3710120916366577
395 0.8155752420425415 8.405293268255969 3.5526723861694336 2.290001153945923 0.0 3.758738212027078 1.5447176694869995 1.3710120916366577
396 0.8155752420425415 8.405293268255969 3.5526723861694336 2.290001153945923 0.0 3.758738212027078 1.5531995296478271 1.3710120916366577
397 0.8155752420425415 8.404778976570295 3.5526723861694336 2.290001153945923 0.0 3.761382825554868 1.55373215675354 1.3710120916366577
398 0.8155752420425415 8.404778976570295 3.5526723861694336 2.290001153945923 0.0 3.761382825554868 1.55373215675354 1.3710120916366577
399 0.8155752420425415 8.404778976570295 3.5520873069763184 2.2942137718200684 0.0 3.761382825554868 1.5531222820281982 1.3730313777923584
400 0.8155752420425415 8.404428235947867 3.5520873069763184 2.2942137718200684 0.0 3.7610962946923148 1.5447885990142822 1.3730313777923584
