init 1.1026134490966797 5.302762429751668 3.3468868732452393 2.047734022140503 0.0 0.0 0.0 0.0
1 1.1026134490966797 5.607106824172648 3.3468868732452393 2.047734022140503 0.0 0.6295041614835569 0.20145080983638763 0.0
2 1.1026134490966797 5.655949626697662 3.3468868732452393 2.047734022140503 0.0 0.8732235355124899 0.2794446647167206 0.0
3 1.1026134490966797 5.635698759575864 3.3468868732452393 2.047734022140503 0.0 0.8374906682814427 0.26800960302352905 0.0
4 1.1026134490966797 5.635698759575864 3.3468868732452393 2.047734022140503 0.0 0.8374906682814427 0.26800960302352905 0.0
5 1.1026134490966797 5.635698759575864 3.3468868732452393 2.047734022140503 0.0 0.8374906682814427 0.26800960302352905 0.0
6 1.1026134490966797 5.6354743638646445 3.3468868732452393 2.047734022140503 0.0 0.8392914345510202 0.26858586072921753 0.0
7 1.1026134490966797 5.975852116865417 3.3468868732452393 2.047734022140503 0.0 1.367847198999618 0.43773165345191956 0.0
8 1.1026134490966797 5.975852116865417 3.3468868732452393 2.047734022140503 0.0 1.367847198999618 0.43773165345191956 0.0
9 1.1026134490966797 3.361936348166051 3.3468868732452393 2.047734022140503 0.0 4.239946394122764 1.356846809387207 0.0
10 1.1026134490966797 3.2054334958046753 3.3468868732452393 2.047734022140503 0.0 4.481407772259678 1.4341180324554443 0.0
11 1.1026134490966797 3.5475321548547996 3.3468868732452393 2.047734022140503 0.0 4.382951335971035 1.4085999727249146 0.0
12 1.1026134490966797 3.5846495944452945 3.3468868732452393 2.047734022140503 0.0 4.514868113421187 1.4454022645950317 0.0
13 1.1026134490966797 3.0720348004510556 3.3468868732452393 2.047734022140503 0.0 4.409044878139667 1.445510983467102 0.0
14 1.1026134490966797 3.065882964607293 3.3468868732452393 2.047734022140503 0.0 4.406434218099902 1.446314811706543 0.0
15 1.1026134490966797 3.065882964607293 3.3468868732452393 2.047734022140503 0.0 4.406434218099902 1.446314811706543 0.0
16 1.1026134490966797 3.065882964607293 3.3468868732452393 2.047734022140503 0.0 4.406434218099902 1.446314811706543 0.0
17 1.1026134490966797 3.065882964607293 3.3468868732452393 2.047734022140503 0.0 4.406434218099902 1.446314811706543 0.0
18 1.1026134490966797 3.507717536815903 3.3468868732452393 2.047734022140503 0.0 4.21701349025719 1.3894819021224976 0.0
19 1.1026134490966797 3.1950300299228096 3.3468868732452393 2.047734022140503 0.0 4.372602662483195 1.43607759475708 0.0
20 1.1026134490966797 3.5140230523231337 3.3468868732452393 2.047734022140503 0.0 4.209025776150514 1.3918142318725586 0.0
21 1.1026134490966797 3.4545180535385396 3.3468868732452393 2.047734022140503 0.0 4.244159423134355 1.402198076248169 0.0
22 1.1026134490966797 3.4144579875544285 3.3468868732452393 2.047734022140503 0.0 4.273877771445898 1.4110956192016602 0.0
23 1.1026134490966797 3.282696552070122 3.3468868732452393 2.047734022140503 0.0 4.281618814816366 1.405534029006958 0.0
24 1.1026134490966797 3.282696552070122 3.3468868732452393 2.047734022140503 0.0 4.281618814816366 1.405534029006958 0.0
25 1.1026134490966797 3.209628543494992 3.3468868732452393 2.047734022140503 0.0 4.3761491302066915 1.4370143413543701 0.0
26 1.1026134490966797 3.179416953980458 3.3468868732452393 2.047734022140503 0.0 4.345560392225371 1.4235944747924805 0.0
27 1.1026134490966797 3.210923337046003 3.3468868732452393 2.047734022140503 0.0 4.314467896367544 1.4129748344421387 0.0
28 1.1026134490966797 3.3932511093503805 3.3468868732452393 2.047734022140503 0.0 4.207464502848532 1.3804234266281128 0.0
29 1.1026134490966797 3.4025707522913096 3.3468868732452393 2.047734022140503 0.0 4.196920782125733 1.376941442489624 0.0
30 1.1026134490966797 3.400583505719964 3.3468868732452393 2.047734022140503 0.0 4.195324097973801 1.3774360418319702 0.0
31 1.1026134490966797 3.276840118521669 3.3468868732452393 2.047734022140503 0.0 4.2859424912704815 1.4088468551635742 0.0
32 1.1026134490966797 3.2753067533034526 3.3468868732452393 2.047734022140503 0.0 4.2847744610996665 1.4092079401016235 0.0
33 1.1026134490966797 3.4014726704168567 3.3468868732452393 2.047734022140503 0.0 4.224834577746031 1.3924882411956787 0.0
34 1.1026134490966797 3.159964040139345 3.3468868732452393 2.047734022140503 0.0 4.342026307699119 1.4191758632659912 0.0
35 1.1026134490966797 3.23011698722 3.3468868732452393 2.047734022140503 0.0 4.291828260041638 1.403252124786377 0.0
36 1.1026134490966797 3.4182420598810705 3.3468868732452393 2.047734022140503 0.0 4.190194672591472 1.3808233737945557 0.0
37 1.1026134490966797 3.444715544566102 3.3468868732452393 2.047734022140503 0.0 4.174325799621255 1.363762378692627 0.0
38 1.1026134490966797 3.444715544566102 3.3468868732452393 2.047734022140503 0.0 4.174325799621255 1.363762378692627 0.0
39 1.1026134490966797 3.444715544566102 3.3468868732452393 2.047734022140503 0.0 4.174325799621255 1.363762378692627 0.0
40 1.1026134490966797 3.444715544566102 3.3468868732452393 2.047734022140503 0.0 4.174325799621255 1.363762378692627 0.0
41 1.1026134490966797 3.444715544566102 3.3468868732452393 2.047734022140503 0.0 4.174325799621255 1.363762378692627 0.0
42 1.1026134490966797 3.4521152657194785 3.3468868732452393 2.047734022140503 0.0 4.209598367431735 1.3918458223342896 0.0
43 1.1026134490966797 3.1183193085047147 3.3468868732452393 2.047734022140503 0.0 4.324518046828103 1.4161080121994019 0.0
44 1.1026134490966797 3.1183193085047147 3.3468868732452393 2.047734022140503 0.0 4.324518046828103 1.4161080121994019 0.0
45 1.1026134490966797 3.1183193085047147 3.3468868732452393 2.047734022140503 0.0 4.324518046828103 1.4161080121994019 0.0
46 1.1026134490966797 3.1025359321709596 3.3468868732452393 2.047734022140503 0.0 4.331070113282699 1.4170465469360352 0.0
47 1.1026134490966797 3.2485554922810898 3.3468868732452393 2.047734022140503 0.0 4.244371136118133 1.3882379531860352 0.0
48 1.1026134490966797 3.3823254829484726 3.3468868732452393 2.047734022140503 0.0 4.216781894486391 1.3862340450286865 0.0
49 1.1026134490966797 3.3823254829484726 3.3468868732452393 2.047734022140503 0.0 4.216781894486391 1.3862340450286865 0.0
50 1.1026134490966797 3.2960438681585726 3.3468868732452393 2.047734022140503 0.0 4.318955978215638 1.4198403358459473 0.0
51 1.1026134490966797 3.320314722531659 3.3468868732452393 2.047734022140503 0.0 4.2889455562252135 1.406212329864502 0.0
52 1.1026134490966797 3.320314722531659 3.3468868732452393 2.047734022140503 0.0 4.2889455562252135 1.406212329864502 0.0
53 1.1026134490966797 3.244817460037857 3.3468868732452393 2.047734022140503 0.0 4.343073093164324 1.4216855764389038 0.0
54 1.1026134490966797 3.104192898056779 3.3468868732452393 2.047734022140503 0.0 4.415047776570985 1.4346718788146973 0.0
55 1.1026134490966797 3.104192898056779 3.3468868732452393 2.047734022140503 0.0 4.415047776570985 1.4346718788146973 0.0
56 1.1026134490966797 3.104192898056779 3.3468868732452393 2.047734022140503 0.0 4.415047776570985 1.4346718788146973 0.0
57 1.1026134490966797 3.104192898056779 3.3468868732452393 2.047734022140503 0.0 4.415047776570985 1.4346718788146973 0.0
58 1.1026134490966797 3.104192898056779 3.3468868732452393 2.047734022140503 0.0 4.415047776570985 1.4346718788146973 0.0
59 1.1026134490966797 3.104192898056779 3.3468868732452393 2.047734022140503 0.0 4.415047776570985 1.4346718788146973 0.0
60 1.1026134490966797 3.104192898056779 3.3468868732452393 2.047734022140503 0.0 4.415047776570985 1.4346718788146973 0.0
61 1.1026134490966797 3.104192898056779 3.3468868732452393 2.047734022140503 0.0 4.415047776570985 1.4346718788146973 0.0
62 1.1026134490966797 3.104192898056779 3.3468868732452393 2.047734022140503 0.0 4.415047776570985 1.4346718788146973 0.0
63 1.1026134490966797 3.104192898056779 3.3468868732452393 2.047734022140503 0.0 4.415047776570985 1.4346718788146973 0.0
64 1.1026134490966797 3.104192898056779 3.3468868732452393 2.047734022140503 0.0 4.415047776570985 1.4346718788146973 0.0
65 1.1026134490966797 3.104192898056779 3.3468868732452393 2.047734022140503 0.0 4.415047776570985 1.4346718788146973 0.0
66 1.1026134490966797 3.104192898056779 3.3468868732452393 2.047734022140503 0.0 4.415047776570985 1.4346718788146973 0.0
67 1.1026134490966797 3.104192898056779 3.3468868732452393 2.047734022140503 0.0 4.415047776570985 1.4346718788146973 0.0
68 1.1026134490966797 3.083738135436526 3.3468868732452393 2.047734022140503 0.0 4.379081096135079 1.4233380556106567 0.0
69 1.1026134490966797 3.083738135436526 3.3468868732452393 2.047734022140503 0.0 4.379081096135079 1.4233380556106567 0.0
70 1.1026134490966797 3.083738135436526 3.3468868732452393 2.047734022140503 0.0 4.379081096135079 1.4233380556106567 0.0
71 1.1026134490966797 3.083738135436526 3.3468868732452393 2.047734022140503 0.0 4.379081096135079 1.4233380556106567 0.0
72 1.1026134490966797 3.1003035911882244 3.3468868732452393 2.047734022140503 0.0 4.378546266550606 1.4257240295410156 0.0
73 1.1026134490966797 3.0603478657647196 3.3468868732452393 2.047734022140503 0.0 4.407325612847736 1.4357609748840332 0.0
74 1.1026134490966797 3.0603478657647196 3.3468868732452393 2.047734022140503 0.0 4.407325612847736 1.4357609748840332 0.0
75 1.1026134490966797 3.0682794279311407 3.3468868732452393 2.047734022140503 0.0 4.412753468938871 1.4374674558639526 0.0
76 1.1026134490966797 3.112987231312394 3.3468868732452393 2.047734022140503 0.0 4.345196514362939 1.4173825979232788 0.0
77 1.1026134490966797 3.112987231312394 3.3468868732452393 2.047734022140503 0.0 4.345196514362939 1.4173825979232788 0.0
78 1.1026134490966797 3.094272410147967 3.3468868732452393 2.047734022140503 0.0 4.364780812117203 1.425285816192627 0.0
79 1.1026134490966797 3.094272410147967 3.3468868732452393 2.047734022140503 0.0 4.364780812117203 1.425285816192627 0.0
80 1.1026134490966797 3.094272410147967 3.3468868732452393 2.047734022140503 0.0 4.364780812117203 1.425285816192627 0.0
81 1.1026134490966797 3.094272410147967 3.3468868732452393 2.047734022140503 0.0 4.364780812117203 1.425285816192627 0.0
82 1.1026134490966797 3.094272410147967 3.3468868732452393 2.047734022140503 0.0 4.364780812117203 1.425285816192627 0.0
83 1.1026134490966797 3.094272410147967 3.3468868732452393 2.047734022140503 0.0 4.364780812117203 1.425285816192627 0.0
84 1.1026134490966797 3.2284601284900565 3.3468868732452393 2.047734022140503 0.0 4.298117310246334 1.4096249341964722 0.0
85 1.1026134490966797 3.43570282816086 3.3468868732452393 2.047734022140503 0.0 4.222848006345203 1.3928636312484741 0.0
86 1.1026134490966797 3.43570282816086 3.3468868732452393 2.047734022140503 0.0 4.222848006345203 1.3928636312484741 0.0
87 1.1026134490966797 3.454444185360893 3.3468868732452393 2.047734022140503 0.0 4.217948309955518 1.3916369676589966 0.0
88 1.1026134490966797 3.3890187113568984 3.3468868732452393 2.047734022140503 0.0 4.2177912071775046 1.3874826431274414 0.0
89 1.1026134490966797 3.949774682277624 3.3468868732452393 2.047734022140503 0.0 3.8791661980845 1.2667694091796875 0.0
90 1.1026134490966797 3.949774682277624 3.3468868732452393 2.047734022140503 0.0 3.8791661980845 1.2667694091796875 0.0
91 1.1026134490966797 3.949774682277624 3.3468868732452393 2.047734022140503 0.0 3.8791661980845 1.2667694091796875 0.0
92 1.1026134490966797 3.949774682277624 3.3468868732452393 2.047734022140503 0.0 3.8791661980845 1.2667694091796875 0.0
93 1.1026134490966797 3.8099967698606503 3.3468868732452393 2.047734022140503 0.0 3.9806064443876235 1.3014166355133057 0.0
94 1.1026134490966797 3.6736297819642387 3.3468868732452393 2.047734022140503 0.0 4.065145030593817 1.3241546154022217 0.0
95 1.1026134490966797 3.0277357035773775 3.3468868732452393 2.047734022140503 0.0 4.291790874402111 1.4116789102554321 0.0
96 1.1026134490966797 3.0812115441844696 3.3468868732452393 2.047734022140503 0.0 4.29541448098461 1.4149178266525269 0.0
97 1.1026134490966797 3.49255819671032 3.3468868732452393 2.047734022140503 0.0 4.181123287737661 1.372778296470642 0.0
98 1.1026134490966797 3.0135003349209706 3.3468868732452393 2.047734022140503 0.0 4.288610826498416 1.4097580909729004 0.0
99 1.1026134490966797 3.0009268999305685 3.3468868732452393 2.047734022140503 0.0 4.3003624809654974 1.4122827053070068 0.0
100 1.1026134490966797 3.0009268999305685 3.3468868732452393 2.047734022140503 0.0 4.3003624809654974 1.4122827053070068 0.0
101 1.1026134490966797 3.0009268999305685 3.3468868732452393 2.047734022140503 0.0 4.3003624809654974 1.4122827053070068 0.0
102 1.1026134490966797 3.8053791317876215 3.3468868732452393 2.047734022140503 0.0 3.957229717411661 1.2785285711288452 0.0
103 1.1026134490966797 3.04126660862455 3.3468868732452393 2.047734022140503 0.0 4.309048587790962 1.4174089431762695 0.0
104 1.1026134490966797 3.031395055384888 3.3468868732452393 2.047734022140503 0.0 4.327115127483493 1.4230577945709229 0.0
105 1.1026134490966797 3.0266619212572428 3.3468868732452393 2.047734022140503 0.0 4.331311310063989 1.4240517616271973 0.0
106 1.1026134490966797 3.0266619212572428 3.3468868732452393 2.047734022140503 0.0 4.331311310063989 1.4240517616271973 0.0
107 1.1026134490966797 3.0266619212572428 3.3468868732452393 2.047734022140503 0.0 4.331311310063989 1.4240517616271973 0.0
108 1.1026134490966797 3.0266619212572428 3.3468868732452393 2.047734022140503 0.0 4.331311310063989 1.4240517616271973 0.0
109 1.1026134490966797 3.0266619212572428 3.3468868732452393 2.047734022140503 0.0 4.331311310063989 1.4240517616271973 0.0
110 1.1026134490966797 3.0266619212572428 3.3468868732452393 2.047734022140503 0.0 4.331311310063989 1.4240517616271973 0.0
111 1.1026134490966797 2.9992163562262206 3.3468868732452393 2.047734022140503 0.0 4.327304929432287 1.42112135887146 0.0
112 1.1026134490966797 2.9992163562262206 3.3468868732452393 2.047734022140503 0.0 4.327304929432287 1.42112135887146 0.0
113 1.1026134490966797 2.9992163562262206 3.3468868732452393 2.047734022140503 0.0 4.327304929432287 1.42112135887146 0.0
114 1.1026134490966797 2.9992163562262206 3.3468868732452393 2.047734022140503 0.0 4.327304929432287 1.42112135887146 0.0
115 1.1026134490966797 2.9947725220378594 3.3468868732452393 2.047734022140503 0.0 4.324310495324299 1.4201875925064087 0.0
116 1.1026134490966797 2.9947725220378594 3.3468868732452393 2.047734022140503 0.0 4.324310495324299 1.4201875925064087 0.0
117 1.1026134490966797 3.0590570657639686 3.3468868732452393 2.047734022140503 0.0 4.368500685652424 1.4329264163970947 0.0
118 1.1026134490966797 3.052670335020968 3.3468868732452393 2.047734022140503 0.0 4.37389758699815 1.4338936805725098 0.0
119 1.1026134490966797 3.052670335020968 3.3468868732452393 2.047734022140503 0.0 4.37389758699815 1.4338936805725098 0.0
120 1.1026134490966797 3.052670335020968 3.3468868732452393 2.047734022140503 0.0 4.37389758699815 1.4338936805725098 0.0
121 1.1026134490966797 3.047989176467812 3.3468868732452393 2.047734022140503 0.0 4.374413202579753 1.4337955713272095 0.0
122 1.1026134490966797 3.047989176467812 3.3468868732452393 2.047734022140503 0.0 4.374413202579753 1.4337955713272095 0.0
123 1.1026134490966797 3.047989176467812 3.3468868732452393 2.047734022140503 0.0 4.374413202579753 1.4337955713272095 0.0
124 1.1026134490966797 3.8695056968408497 3.3468868732452393 2.047734022140503 0.0 3.937317462438487 1.2874388694763184 0.0
125 1.1026134490966797 3.8741620660638976 3.3468868732452393 2.047734022140503 0.0 3.9319176518958407 1.2852747440338135 0.0
126 1.1026134490966797 2.7816798934577385 3.3468868732452393 2.047734022140503 0.0 5.8076011033663075 1.875037670135498 0.0
127 1.1026134490966797 2.726159260265513 3.3468868732452393 2.047734022140503 0.0 5.698398517883821 1.8318121433258057 0.0
128 1.1026134490966797 3.2693635041439144 3.3468868732452393 2.047734022140503 0.0 5.2368230257876 1.6758623123168945 0.0
129 1.1026134490966797 3.2283496416194315 3.3468868732452393 2.047734022140503 0.0 5.300233559235521 1.6961545944213867 0.0
130 1.1026134490966797 3.18460893527833 3.3468868732452393 2.047734022140503 0.0 5.042780418602616 1.6415823698043823 0.0
131 1.1026134490966797 3.188486098417926 3.3468868732452393 2.047734022140503 0.0 4.99329985616117 1.6257168054580688 0.0
132 1.1026134490966797 3.374123525787476 3.3468868732452393 2.047734022140503 0.0 4.887436419263724 1.5881166458129883 0.0
133 1.1026134490966797 3.374123525787476 3.3468868732452393 2.047734022140503 0.0 4.887436419263724 1.5881166458129883 0.0
134 1.1026134490966797 3.3539379432556444 3.3468868732452393 2.047734022140503 0.0 4.899382165178866 1.5929219722747803 0.0
135 1.1026134490966797 3.3539379432556444 3.3468868732452393 2.047734022140503 0.0 4.899382165178866 1.5929219722747803 0.0
136 1.1026134490966797 3.266585260023929 3.3468868732452393 2.047734022140503 0.0 4.948437193801796 1.6103079319000244 0.0
137 1.1026134490966797 3.266585260023929 3.3468868732452393 2.047734022140503 0.0 4.948437193801796 1.6103079319000244 0.0
138 1.1026134490966797 3.272569214148683 3.3468868732452393 2.047734022140503 0.0 4.932117213448848 1.6033849716186523 0.0
139 1.1026134490966797 3.3032298609980195 3.3468868732452393 2.047734022140503 0.0 4.890926945568655 1.5904110670089722 0.0
140 1.1026134490966797 3.2894801304725716 3.3468868732452393 2.047734022140503 0.0 4.899820775221397 1.5934758186340332 0.0
141 1.1026134490966797 3.2869646054556485 3.3468868732452393 2.047734022140503 0.0 4.901461485165413 1.5940393209457397 0.0
142 1.1026134490966797 3.2941622950857354 3.3468868732452393 2.047734022140503 0.0 4.895293362610523 1.5919244289398193 0.0
143 1.1026134490966797 3.3160519927061176 3.3468868732452393 2.047734022140503 0.0 4.8776718887793304 1.5856785774230957 0.0
144 1.1026134490966797 3.3160519927061176 3.3468868732452393 2.047734022140503 0.0 4.8776718887793304 1.5856785774230957 0.0
145 1.1026134490966797 3.3160519927061176 3.3468868732452393 2.047734022140503 0.0 4.8776718887793304 1.5856785774230957 0.0
146 1.1026134490966797 3.3110559548987495 3.3468868732452393 2.047734022140503 0.0 4.893679286180705 1.5923293828964233 0.0
147 1.1026134490966797 3.3304455755438336 3.3468868732452393 2.047734022140503 0.0 4.879420952335336 1.5868538618087769 0.0
148 1.1026134490966797 3.3304455755438336 3.3468868732452393 2.047734022140503 0.0 4.879420952335336 1.5868538618087769 0.0
149 1.1026134490966797 3.3174607753720307 3.3468868732452393 2.047734022140503 0.0 4.887299407459752 1.5897190570831299 0.0
150 1.1026134490966797 3.3174607753720307 3.3468868732452393 2.047734022140503 0.0 4.887299407459752 1.5897190570831299 0.0
151 1.1026134490966797 3.3174607753720307 3.3468868732452393 2.047734022140503 0.0 4.887299407459752 1.5897190570831299 0.0
152 1.1026134490966797 3.3174607753720307 3.3468868732452393 2.047734022140503 0.0 4.887299407459752 1.5897190570831299 0.0
153 1.1026134490966797 3.315462783862174 3.3468868732452393 2.047734022140503 0.0 4.892997512588436 1.592067003250122 0.0
154 1.1026134490966797 3.315462783862174 3.3468868732452393 2.047734022140503 0.0 4.892997512588436 1.592067003250122 0.0
155 1.1026134490966797 3.315462783862174 3.3468868732452393 2.047734022140503 0.0 4.892997512588436 1.592067003250122 0.0
156 1.1026134490966797 3.316045942924093 3.3468868732452393 2.047734022140503 0.0 4.893243606861872 1.602828025817871 0.0
157 1.1026134490966797 3.316045942924093 3.3468868732452393 2.047734022140503 0.0 4.893243606861872 1.602828025817871 0.0
158 1.1026134490966797 3.316045942924093 3.3468868732452393 2.047734022140503 0.0 4.893243606861872 1.602828025817871 0.0
159 1.1026134490966797 3.316045942924093 3.3468868732452393 2.047734022140503 0.0 4.893243606861872 1.602828025817871 0.0
160 1.1026134490966797 3.316045942924093 3.3468868732452393 2.047734022140503 0.0 4.893243606861872 1.602828025817871 0.0
161 1.1026134490966797 3.316045942924093 3.3468868732452393 2.047734022140503 0.0 4.893243606861872 1.602828025817871 0.0
162 1.1026134490966797 3.316045942924093 3.3468868732452393 2.047734022140503 0.0 4.893243606861872 1.602828025817871 0.0
163 1.1026134490966797 3.323654810313592 3.3468868732452393 2.047734022140503 0.0 4.887953688299331 1.600724220275879 0.0
164 1.1026134490966797 3.323654810313592 3.3468868732452393 2.047734022140503 0.0 4.887953688299331 1.600724220275879 0.0
165 1.1026134490966797 3.323654810313592 3.3468868732452393 2.047734022140503 0.0 4.887953688299331 1.600724220275879 0.0
166 1.1026134490966797 3.323654810313592 3.3468868732452393 2.047734022140503 0.0 4.887953688299331 1.600724220275879 0.0
167 1.1026134490966797 3.323654810313592 3.3468868732452393 2.047734022140503 0.0 4.887953688299331 1.600724220275879 0.0
168 1.1026134490966797 3.3265156783666714 3.3468868732452393 2.047734022140503 0.0 4.889010245445191 1.6004008054733276 0.0
169 1.1026134490966797 3.3265156783666714 3.3468868732452393 2.047734022140503 0.0 4.889010245445191 1.6004008054733276 0.0
170 1.1026134490966797 3.32203069033736 3.3468868732452393 2.047734022140503 0.0 4.883410854458324 1.6005724668502808 0.0
171 1.1026134490966797 3.3737613448194783 3.3468868732452393 2.047734022140503 0.0 4.856229093754974 1.5874278545379639 0.0
172 1.1026134490966797 3.3432006502758607 3.3468868732452393 2.047734022140503 0.0 4.869735676046257 1.5947891473770142 0.0
173 1.1026134490966797 3.3432006502758607 3.3468868732452393 2.047734022140503 0.0 4.869735676046257 1.5947891473770142 0.0
174 1.1026134490966797 3.3432006502758607 3.3468868732452393 2.047734022140503 0.0 4.869735676046257 1.5947891473770142 0.0
175 1.1026134490966797 3.340647840621514 3.3468868732452393 2.047734022140503 0.0 4.876438734878733 1.597320795059204 0.0
176 1.1026134490966797 3.371034030304529 3.3468868732452393 2.047734022140503 0.0 4.8622063060268035 1.5897266864776611 0.0
177 1.1026134490966797 3.4063890119459055 3.3468868732452393 2.047734022140503 0.0 4.89263344166489 1.6001752614974976 0.0
178 1.1026134490966797 3.4063890119459055 3.3468868732452393 2.047734022140503 0.0 4.89263344166489 1.6001752614974976 0.0
179 1.1026134490966797 3.440956462044193 3.3468868732452393 2.047734022140503 0.0 4.889153215202523 1.5936199426651 0.0
180 1.1026134490966797 3.4599144391408547 3.3468868732452393 2.047734022140503 0.0 4.902968843133135 1.581547498703003 0.0
181 1.1026134490966797 3.4599144391408547 3.3468868732452393 2.047734022140503 0.0 4.902968843133135 1.581547498703003 0.0
182 1.1026134490966797 3.4599144391408547 3.3468868732452393 2.047734022140503 0.0 4.902968843133135 1.581547498703003 0.0
183 1.1026134490966797 3.3916647094102395 3.3468868732452393 2.047734022140503 0.0 5.098861793325446 1.6381986141204834 0.0
184 1.1026134490966797 3.3705022660627426 3.3468868732452393 2.047734022140503 0.0 5.158221570396606 1.6560521125793457 0.0
185 1.1026134490966797 3.3705022660627426 3.3468868732452393 2.047734022140503 0.0 5.158221570396606 1.6560521125793457 0.0
186 1.1026134490966797 3.3689067168767686 3.3468868732452393 2.047734022140503 0.0 5.165549739212098 1.657463550567627 0.0
187 1.1026134490966797 3.3166726468054164 3.3468868732452393 2.047734022140503 0.0 5.10806442840761 1.6346575021743774 0.0
188 1.1026134490966797 3.3192854669461624 3.3468868732452393 2.047734022140503 0.0 5.10894978536266 1.6451808214187622 0.0
189 1.1026134490966797 3.3192854669461624 3.3468868732452393 2.047734022140503 0.0 5.10894978536266 1.6451808214187622 0.0
190 1.1026134490966797 3.2636749634474396 3.3468868732452393 2.047734022140503 0.0 5.107523799676233 1.6447272300720215 0.0
191 1.1026134490966797 3.2500734082468705 3.3468868732452393 2.047734022140503 0.0 5.080903577899206 1.6362617015838623 0.0
192 1.1026134490966797 3.3508996499125554 3.3468868732452393 2.047734022140503 0.0 5.1475317710418675 1.6649353504180908 0.0
193 1.1026134490966797 3.3508996499125554 3.3468868732452393 2.047734022140503 0.0 5.1475317710418675 1.6649353504180908 0.0
194 1.1026134490966797 3.362198989304717 3.3468868732452393 2.047734022140503 0.0 5.203386945728175 1.6751046180725098 0.0
195 1.1026134490966797 3.362198989304717 3.3468868732452393 2.047734022140503 0.0 5.203386945728175 1.6751046180725098 0.0
196 1.1026134490966797 3.362198989304717 3.3468868732452393 2.047734022140503 0.0 5.203386945728175 1.6751046180725098 0.0
197 1.1026134490966797 3.362198989304717 3.3468868732452393 2.047734022140503 0.0 5.203386945728175 1.6751046180725098 0.0
198 1.1026134490966797 3.3594846664889264 3.3468868732452393 2.047734022140503 0.0 5.183400373527351 1.6705212593078613 0.0
199 1.1026134490966797 3.3594846664889264 3.3468868732452393 2.047734022140503 0.0 5.183400373527351 1.6705212593078613 0.0
200 1.1026134490966797 3.3595048314208844 3.3468868732452393 2.047734022140503 0.0 5.183526035190881 1.6705420017242432 0.0
201 1.1026134490966797 3.3139349934858426 3.3468868732452393 2.047734022140503 0.0 5.125889758069407 1.6673357486724854 0.0
202 1.1026134490966797 3.335831977238579 3.3468868732452393 2.047734022140503 0.0 5.079089774160087 1.6522945165634155 0.0
203 1.1026134490966797 3.335831977238579 3.3468868732452393 2.047734022140503 0.0 5.079089774160087 1.6522945165634155 0.0
204 1.1026134490966797 3.180515368781955 3.3468868732452393 2.047734022140503 0.0 5.178798375467631 1.6753414869308472 0.0
205 1.1026134490966797 3.30115782262045 3.3468868732452393 2.047734022140503 0.0 5.127460214952022 1.6697590351104736 0.0
206 1.1026134490966797 3.367586721561458 3.3468868732452393 2.047734022140503 0.0 5.09611386265859 1.65251886844635 0.0
207 1.1026134490966797 3.367586721561458 3.3468868732452393 2.047734022140503 0.0 5.09611386265859 1.65251886844635 0.0
208 1.1026134490966797 3.3715283991591503 3.3468868732452393 2.047734022140503 0.0 5.097441477307699 1.6521093845367432 0.0
209 1.1026134490966797 3.2823225613836806 3.3468868732452393 2.047734022140503 0.0 5.09057824980708 1.6391830444335938 0.0
210 1.1026134490966797 3.2838080494870012 3.3468868732452393 2.047734022140503 0.0 5.091087309776044 1.6390247344970703 0.0
211 1.1026134490966797 3.2838080494870012 3.3468868732452393 2.047734022140503 0.0 5.091087309776044 1.6390247344970703 0.0
212 1.1026134490966797 3.2748311860272916 3.3468868732452393 2.047734022140503 0.0 5.117859234994385 1.6475411653518677 0.0
213 1.1026134490966797 3.357897098138376 3.3468868732452393 2.047734022140503 0.0 4.996221645735039 1.6088511943817139 0.0
214 1.1026134490966797 3.357897098138376 3.3468868732452393 2.047734022140503 0.0 4.996221645735039 1.6088511943817139 0.0
215 1.1026134490966797 3.357897098138376 3.3468868732452393 2.047734022140503 0.0 4.996221645735039 1.6088511943817139 0.0
216 1.1026134490966797 3.3584423798853513 3.3468868732452393 2.047734022140503 0.0 4.996419224877032 1.6087896823883057 0.0
217 1.1026134490966797 3.3584423798853513 3.3468868732452393 2.047734022140503 0.0 4.996419224877032 1.6087896823883057 0.0
218 1.1026134490966797 3.314508970071881 3.3468868732452393 2.047734022140503 0.0 5.129578051509393 1.6511479616165161 0.0
219 1.1026134490966797 3.314508970071881 3.3468868732452393 2.047734022140503 0.0 5.129578051509393 1.6511479616165161 0.0
220 1.1026134490966797 3.314508970071881 3.3468868732452393 2.047734022140503 0.0 5.129578051509393 1.6511479616165161 0.0
221 1.1026134490966797 3.308390318912242 3.3468868732452393 2.047734022140503 0.0 5.112280317403938 1.6455354690551758 0.0
222 1.1026134490966797 3.3292773852857054 3.3468868732452393 2.047734022140503 0.0 5.20071171120493 1.6762841939926147 0.0
223 1.1026134490966797 3.3292773852857054 3.3468868732452393 2.047734022140503 0.0 5.20071171120493 1.6762841939926147 0.0
224 1.1026134490966797 3.3292773852857054 3.3468868732452393 2.047734022140503 0.0 5.20071171120493 1.6762841939926147 0.0
225 1.1026134490966797 3.352298527482903 3.3468868732452393 2.047734022140503 0.0 4.988738301657877 1.6066035032272339 0.0
226 1.1026134490966797 3.352298527482903 3.3468868732452393 2.047734022140503 0.0 4.988738301657877 1.6066035032272339 0.0
227 1.1026134490966797 3.352298527482903 3.3468868732452393 2.047734022140503 0.0 4.988738301657877 1.6066035032272339 0.0
228 1.1026134490966797 3.3180039985608434 3.3468868732452393 2.047734022140503 0.0 5.0930452445578815 1.6397770643234253 0.0
229 1.1026134490966797 3.361188298402986 3.3468868732452393 2.047734022140503 0.0 4.961528611210588 1.5979511737823486 0.0
230 1.1026134490966797 3.361188298402986 3.3468868732452393 2.047734022140503 0.0 4.961528611210588 1.5979511737823486 0.0
231 1.1026134490966797 3.361188298402986 3.3468868732452393 2.047734022140503 0.0 4.961528611210588 1.5979511737823486 0.0
232 1.1026134490966797 3.361188298402986 3.3468868732452393 2.047734022140503 0.0 4.961528611210588 1.5979511737823486 0.0
233 1.1026134490966797 3.361188298402986 3.3468868732452393 2.047734022140503 0.0 4.961528611210588 1.5979511737823486 0.0
234 1.1026134490966797 3.2637078819249155 3.3468868732452393 2.047734022140503 0.0 5.0183350279503 1.6170730590820313 0.0
235 1.1026134490966797 3.2637078819249155 3.3468868732452393 2.047734022140503 0.0 5.0183350279503 1.6170730590820313 0.0
236 1.1026134490966797 3.2637078819249155 3.3468868732452393 2.047734022140503 0.0 5.0183350279503 1.6170730590820313 0.0
237 1.1026134490966797 3.2624859192677422 3.3468868732452393 2.047734022140503 0.0 5.017910325329465 1.617205023765564 0.0
238 1.1026134490966797 3.2624859192677422 3.3468868732452393 2.047734022140503 0.0 5.017910325329465 1.617205023765564 0.0
239 1.1026134490966797 3.2624859192677422 3.3468868732452393 2.047734022140503 0.0 5.017910325329465 1.617205023765564 0.0
240 1.1026134490966797 3.1756340016599838 3.3468868732452393 2.047734022140503 0.0 5.066854572791877 1.6395668983459473 0.0
241 1.1026134490966797 3.1756340016599838 3.3468868732452393 2.047734022140503 0.0 5.066854572791877 1.6395668983459473 0.0
242 1.1026134490966797 3.1756340016599838 3.3468868732452393 2.047734022140503 0.0 5.066854572791877 1.6395668983459473 0.0
243 1.1026134490966797 3.1756340016599838 3.3468868732452393 2.047734022140503 0.0 5.066854572791877 1.6395668983459473 0.0
244 1.1026134490966797 3.3114950674226455 3.3468868732452393 2.047734022140503 0.0 4.988122270489599 1.6102641820907593 0.0
245 1.1026134490966797 3.3114950674226455 3.3468868732452393 2.047734022140503 0.0 4.988122270489599 1.6102641820907593 0.0
246 1.1026134490966797 3.3114950674226455 3.3468868732452393 2.047734022140503 0.0 4.988122270489599 1.6102641820907593 0.0
247 1.1026134490966797 3.4320997653960865 3.3468868732452393 2.047734022140503 0.0 4.9529859990542136 1.607823371887207 0.0
248 1.1026134490966797 3.4299351928057904 3.3468868732452393 2.047734022140503 0.0 4.952169045664342 1.5971695184707642 0.0
249 1.1026134490966797 3.43128298717436 3.3468868732452393 2.047734022140503 0.0 4.943379673051973 1.5941693782806396 0.0
250 1.1026134490966797 3.428002943501312 3.3468868732452393 2.047734022140503 0.0 4.936078723047848 1.5937217473983765 0.0
251 1.1026134490966797 3.330387254489164 3.3468868732452393 2.047734022140503 0.0 4.978859569604143 1.6138715744018555 0.0
252 1.1026134490966797 3.36883109228866 3.3468868732452393 2.047734022140503 0.0 4.825220105850288 1.567895770072937 0.0
253 1.1026134490966797 3.36883109228866 3.3468868732452393 2.047734022140503 0.0 4.825220105850288 1.567895770072937 0.0
254 1.1026134490966797 3.36883109228866 3.3468868732452393 2.047734022140503 0.0 4.825220105850288 1.567895770072937 0.0
255 1.1026134490966797 3.366808699037386 3.3468868732452393 2.047734022140503 0.0 4.8321766770915255 1.5706983804702759 0.0
256 1.1026134490966797 3.371756137789558 3.3468868732452393 2.047734022140503 0.0 4.833993550303543 1.5712732076644897 0.0
257 1.1026134490966797 3.371756137789558 3.3468868732452393 2.047734022140503 0.0 4.833993550303543 1.5712732076644897 0.0
258 1.1026134490966797 3.3082668680879417 3.3468868732452393 2.047734022140503 0.0 5.05592722878053 1.6388142108917236 0.0
259 1.1026134490966797 3.3409690648932124 3.3468868732452393 2.047734022140503 0.0 4.9319968213792045 1.6022279262542725 0.0
260 1.1026134490966797 3.3409690648932124 3.3468868732452393 2.047734022140503 0.0 4.9319968213792045 1.6022279262542725 0.0
261 1.1026134490966797 3.270729023993964 3.3468868732452393 2.047734022140503 0.0 5.210924665610282 1.6852627992630005 0.0
262 1.1026134490966797 3.3524718450534374 3.3468868732452393 2.047734022140503 0.0 4.8917348819881505 1.5905014276504517 0.0
263 1.1026134490966797 3.354638916348156 3.3468868732452393 2.047734022140503 0.0 4.886741451671393 1.5887446403503418 0.0
264 1.1026134490966797 3.354638916348156 3.3468868732452393 2.047734022140503 0.0 4.886741451671393 1.5887446403503418 0.0
265 1.1026134490966797 3.3347196660653653 3.3468868732452393 2.047734022140503 0.0 4.968734472141474 1.612166166305542 0.0
266 1.1026134490966797 3.2589292769426517 3.3468868732452393 2.047734022140503 0.0 5.248545564197245 1.6992826461791992 0.0
267 1.1026134490966797 3.2696239394810664 3.3468868732452393 2.047734022140503 0.0 5.19742683132668 1.6835589408874512 0.0
268 1.1026134490966797 3.2664853546453263 3.3468868732452393 2.047734022140503 0.0 5.196433580283187 1.6931711435317993 0.0
269 1.1026134490966797 3.333426976811232 3.3468868732452393 2.047734022140503 0.0 5.091036363182198 1.6561387777328491 0.0
270 1.1026134490966797 3.328243464904224 3.3468868732452393 2.047734022140503 0.0 5.1017898110220505 1.6592832803726196 0.0
271 1.1026134490966797 3.357355467368103 3.3468868732452393 2.047734022140503 0.0 5.179835550176477 1.6576251983642578 0.0
272 1.1026134490966797 3.3583168376328136 3.3468868732452393 2.047734022140503 0.0 5.174050868515398 1.6557741165161133 0.0
273 1.1026134490966797 3.3583168376328136 3.3468868732452393 2.047734022140503 0.0 5.174050868515398 1.6557741165161133 0.0
274 1.1026134490966797 3.360576476263518 3.3468868732452393 2.047734022140503 0.0 5.154742408419308 1.651383876800537 0.0
275 1.1026134490966797 3.360576476263518 3.3468868732452393 2.047734022140503 0.0 5.154742408419308 1.651383876800537 0.0
276 1.1026134490966797 3.3724316122743563 3.3468868732452393 2.047734022140503 0.0 5.16548628026684 1.6619458198547363 0.0
277 1.1026134490966797 3.3733553399427643 3.3468868732452393 2.047734022140503 0.0 5.165826565992099 1.6620540618896484 0.0
278 1.1026134490966797 3.378758760832356 3.3468868732452393 2.047734022140503 0.0 5.145355456326387 1.6565611362457275 0.0
279 1.1026134490966797 3.3232674193740293 3.3468868732452393 2.047734022140503 0.0 5.160452713423747 1.6514225006103516 0.0
280 1.1026134490966797 3.3232674193740293 3.3468868732452393 2.047734022140503 0.0 5.160452713423747 1.6514225006103516 0.0
281 1.1026134490966797 3.28966487588374 3.3468868732452393 2.047734022140503 0.0 5.186252056748159 1.6596786975860596 0.0
282 1.1026134490966797 3.28966487588374 3.3468868732452393 2.047734022140503 0.0 5.186252056748159 1.6596786975860596 0.0
283 1.1026134490966797 3.28966487588374 3.3468868732452393 2.047734022140503 0.0 5.186252056748159 1.6596786975860596 0.0
284 1.1026134490966797 3.4317257774198824 3.3468868732452393 2.047734022140503 0.0 5.082416622986211 1.6264499425888062 0.0
285 1.1026134490966797 3.439807005513997 3.3468868732452393 2.047734022140503 0.0 5.07784629429016 1.6249873638153076 0.0
286 1.1026134490966797 3.4351562696444278 3.3468868732452393 2.047734022140503 0.0 5.043883564524461 1.6141186952590942 0.0
287 1.1026134490966797 3.434916699319841 3.3468868732452393 2.047734022140503 0.0 5.043790969434029 1.6140891313552856 0.0
288 1.1026134490966797 3.3957317484632563 3.3468868732452393 2.047734022140503 0.0 5.1628550335214625 1.6521915197372437 0.0
289 1.1026134490966797 3.4176407868059386 3.3468868732452393 2.047734022140503 0.0 5.123004105104027 1.6456458568572998 0.0
290 1.1026134490966797 3.4146154256061423 3.3468868732452393 2.047734022140503 0.0 5.123996807675332 1.6465497016906738 0.0
291 1.1026134490966797 3.363610827009425 3.3468868732452393 2.047734022140503 0.0 5.1461262933479945 1.6619048118591309 0.0
292 1.1026134490966797 3.281262319822316 3.3468868732452393 2.047734022140503 0.0 5.198819546558134 1.6669622659683228 0.0
293 1.1026134490966797 3.369981096877662 3.3468868732452393 2.047734022140503 0.0 5.12917533747564 1.6568478345870972 0.0
294 1.1026134490966797 3.372157809925289 3.3468868732452393 2.047734022140503 0.0 5.124640966576172 1.655432105064392 0.0
295 1.1026134490966797 3.362856539125807 3.3468868732452393 2.047734022140503 0.0 5.121409040298368 1.6544075012207031 0.0
296 1.1026134490966797 3.3728095042221846 3.3468868732452393 2.047734022140503 0.0 5.090222827259826 1.6443915367126465 0.0
297 1.1026134490966797 3.3800514709395855 3.3468868732452393 2.047734022140503 0.0 5.092722108849023 1.6451836824417114 0.0
298 1.1026134490966797 3.040897578135418 3.3468868732452393 2.047734022140503 0.0 5.400754818809168 1.7521783113479614 0.0
299 1.1026134490966797 3.040897578135418 3.3468868732452393 2.047734022140503 0.0 5.400754818809168 1.7521783113479614 0.0
300 1.1026134490966797 3.040897578135418 3.3468868732452393 2.047734022140503 0.0 5.400754818809168 1.7521783113479614 0.0
301 1.1026134490966797 3.040897578135418 3.3468868732452393 2.047734022140503 0.0 5.400754818809168 1.7521783113479614 0.0
302 1.1026134490966797 3.3578314666689084 3.3468868732452393 2.047734022140503 0.0 5.116545880880119 1.6554232835769653 0.0
303 1.1026134490966797 3.3578603726727314 3.3468868732452393 2.047734022140503 0.0 5.116556545558589 1.6554266214370728 0.0
304 1.1026134490966797 3.3488000980889248 3.3468868732452393 2.047734022140503 0.0 5.141774240292351 1.663736343383789 0.0
305 1.1026134490966797 3.3488000980889248 3.3468868732452393 2.047734022140503 0.0 5.141774240292351 1.663736343383789 0.0
306 1.1026134490966797 3.3488000980889248 3.3468868732452393 2.047734022140503 0.0 5.141774240292351 1.663736343383789 0.0
307 1.1026134490966797 3.3638611785784787 3.3468868732452393 2.047734022140503 0.0 5.15473242352687 1.6631070375442505 0.0
308 1.1026134490966797 3.3638611785784787 3.3468868732452393 2.047734022140503 0.0 5.15473242352687 1.6631070375442505 0.0
309 1.1026134490966797 3.3638611785784787 3.3468868732452393 2.047734022140503 0.0 5.15473242352687 1.6631070375442505 0.0
310 1.1026134490966797 3.358537315570879 3.3468868732452393 2.047734022140503 0.0 5.169794055314825 1.6675161123275757 0.0
311 1.1026134490966797 3.358537315570879 3.3468868732452393 2.047734022140503 0.0 5.169794055314825 1.6675161123275757 0.0
312 1.1026134490966797 3.3476900497033326 3.3468868732452393 2.047734022140503 0.0 5.165711897150285 1.6776350736618042 0.0
313 1.1026134490966797 3.3476900497033326 3.3468868732452393 2.047734022140503 0.0 5.165711897150285 1.6776350736618042 0.0
314 1.1026134490966797 3.435125454108057 3.3468868732452393 2.047734022140503 0.0 5.004646798903289 1.620632290840149 0.0
315 1.1026134490966797 3.455903779125246 3.3468868732452393 2.047734022140503 0.0 5.002898836032519 1.621486783027649 0.0
316 1.1026134490966797 3.455903779125246 3.3468868732452393 2.047734022140503 0.0 5.002898836032519 1.621486783027649 0.0
317 1.1026134490966797 3.337631380939466 3.3468868732452393 2.047734022140503 0.0 5.0699929220912825 1.6464622020721436 0.0
318 1.1026134490966797 3.3215064232808786 3.3468868732452393 2.047734022140503 0.0 5.102715714105604 1.6558328866958618 0.0
319 1.1026134490966797 3.395796373957428 3.3468868732452393 2.047734022140503 0.0 5.021035217869581 1.6078976392745972 0.0
320 1.1026134490966797 3.3806255389751274 3.3468868732452393 2.047734022140503 0.0 5.029182205090157 1.6120916604995728 0.0
321 1.1026134490966797 3.3498620883891057 3.3468868732452393 2.047734022140503 0.0 5.090508511304651 1.6290394067764282 0.0
322 1.1026134490966797 3.319089612840374 3.3468868732452393 2.047734022140503 0.0 5.145218373640481 1.646547555923462 0.0
323 1.1026134490966797 3.376168800082982 3.3468868732452393 2.047734022140503 0.0 5.135359733965919 1.6539465188980103 0.0
324 1.1026134490966797 3.377777416885573 3.3468868732452393 2.047734022140503 0.0 5.128869033580519 1.6521282196044922 0.0
325 1.1026134490966797 3.3814057598574023 3.3468868732452393 2.047734022140503 0.0 5.130094753056514 1.6525177955627441 0.0
326 1.1026134490966797 3.3814057598574023 3.3468868732452393 2.047734022140503 0.0 5.130094753056514 1.6525177955627441 0.0
327 1.1026134490966797 3.3814057598574023 3.3468868732452393 2.047734022140503 0.0 5.130094753056514 1.6525177955627441 0.0
328 1.1026134490966797 3.3814057598574023 3.3468868732452393 2.047734022140503 0.0 5.130094753056514 1.6525177955627441 0.0
329 1.1026134490966797 3.3814057598574023 3.3468868732452393 2.047734022140503 0.0 5.130094753056514 1.6525177955627441 0.0
330 1.1026134490966797 3.35052990973607 3.3468868732452393 2.047734022140503 0.0 5.143054659467872 1.662236213684082 0.0
331 1.1026134490966797 3.35052990973607 3.3468868732452393 2.047734022140503 0.0 5.143054659467872 1.662236213684082 0.0
332 1.1026134490966797 3.3506344481996635 3.3468868732452393 2.047734022140503 0.0 5.143090462477883 1.6622475385665894 0.0
333 1.1026134490966797 3.3541395430111924 3.3468868732452393 2.047734022140503 0.0 5.134785913054761 1.6596639156341553 0.0
334 1.1026134490966797 3.3544955037598276 3.3468868732452393 2.047734022140503 0.0 4.897271003791905 1.591946005821228 0.0
335 1.1026134490966797 3.3544955037598276 3.3468868732452393 2.047734022140503 0.0 4.897271003791905 1.591946005821228 0.0
336 1.1026134490966797 3.376840908384985 3.3468868732452393 2.047734022140503 0.0 4.88864851040996 1.5872142314910889 0.0
337 1.1026134490966797 3.376840908384985 3.3468868732452393 2.047734022140503 0.0 4.88864851040996 1.5872142314910889 0.0
338 1.1026134490966797 3.416910234871751 3.3468868732452393 2.047734022140503 0.0 4.899865582830012 1.590134859085083 0.0
339 1.1026134490966797 3.276593222320573 3.3468868732452393 2.047734022140503 0.0 5.373336458312733 1.7292213439941406 0.0
340 1.1026134490966797 3.2824177610213976 3.3468868732452393 2.047734022140503 0.0 5.375280297457102 1.7282748222351074 0.0
341 1.1026134490966797 3.2937025298467373 3.3468868732452393 2.047734022140503 0.0 5.338120751051874 1.7170796394348145 0.0
342 1.1026134490966797 3.2937025298467373 3.3468868732452393 2.047734022140503 0.0 5.338120751051874 1.7170796394348145 0.0
343 1.1026134490966797 3.4229620873087225 3.3468868732452393 2.047734022140503 0.0 5.097944753786149 1.637271761894226 0.0
344 1.1026134490966797 3.4229620873087225 3.3468868732452393 2.047734022140503 0.0 5.097944753786149 1.637271761894226 0.0
345 1.1026134490966797 3.400907939327278 3.3468868732452393 2.047734022140503 0.0 5.071882408892466 1.6402333974838257 0.0
346 1.1026134490966797 3.416605293440058 3.3468868732452393 2.047734022140503 0.0 5.043364474846726 1.6316248178482056 0.0
347 1.1026134490966797 3.4526555037802433 3.3468868732452393 2.047734022140503 0.0 5.0298796275086906 1.6096373796463013 0.0
348 1.1026134490966797 3.4526555037802433 3.3468868732452393 2.047734022140503 0.0 5.0298796275086906 1.6096373796463013 0.0
349 1.1026134490966797 3.108936252485036 3.3468868732452393 2.047734022140503 0.0 5.531032578299331 1.7700138092041016 0.0
350 1.1026134490966797 3.108936252485036 3.3468868732452393 2.047734022140503 0.0 5.531032578299331 1.7700138092041016 0.0
351 1.1026134490966797 3.1513738557668334 3.3468868732452393 2.047734022140503 0.0 5.527182342673476 1.7687816619873047 0.0
352 1.1026134490966797 3.1513738557668334 3.3468868732452393 2.047734022140503 0.0 5.527182342673476 1.7687816619873047 0.0
353 1.1026134490966797 3.1513738557668334 3.3468868732452393 2.047734022140503 0.0 5.527182342673476 1.7687816619873047 0.0
354 1.1026134490966797 3.1516603321367764 3.3468868732452393 2.047734022140503 0.0 5.527333295464584 1.7778148651123047 0.0
355 1.1026134490966797 3.1516603321367764 3.3468868732452393 2.047734022140503 0.0 5.527333295464584 1.7778148651123047 0.0
356 1.1026134490966797 3.1516603321367764 3.3468868732452393 2.047734022140503 0.0 5.527333295464584 1.7778148651123047 0.0
357 1.1026134490966797 3.1485759609302804 3.3468868732452393 2.047734022140503 0.0 5.526350908035326 1.7685155868530273 0.0
358 1.1026134490966797 3.1603569204871844 3.3468868732452393 2.047734022140503 0.0 5.513177515415154 1.764299988746643 0.0
359 1.1026134490966797 3.1603569204871844 3.3468868732452393 2.047734022140503 0.0 5.513177515415154 1.764299988746643 0.0
360 1.1026134490966797 3.1603569204871844 3.3468868732452393 2.047734022140503 0.0 5.513177515415154 1.764299988746643 0.0
361 1.1026134490966797 3.1603569204871844 3.3468868732452393 2.047734022140503 0.0 5.513177515415154 1.764299988746643 0.0
362 1.1026134490966797 3.1603569204871844 3.3468868732452393 2.047734022140503 0.0 5.513177515415154 1.764299988746643 0.0
363 1.1026134490966797 3.169566944606529 3.3468868732452393 2.047734022140503 0.0 5.491186576025293 1.7572624683380127 0.0
364 1.1026134490966797 3.169566944606529 3.3468868732452393 2.047734022140503 0.0 5.491186576025293 1.7572624683380127 0.0
365 1.1026134490966797 3.17275668421923 3.3468868732452393 2.047734022140503 0.0 5.492149878837074 1.757570743560791 0.0
366 1.1026134490966797 3.1772349360849774 3.3468868732452393 2.047734022140503 0.0 5.491608727025943 1.7573975324630737 0.0
367 1.1026134490966797 3.2987461913774916 3.3468868732452393 2.047734022140503 0.0 5.085099145614004 1.635389804840088 0.0
368 1.1026134490966797 3.306612985232644 3.3468868732452393 2.047734022140503 0.0 5.028914730548758 1.6209006309509277 0.0
369 1.1026134490966797 3.311204309883306 3.3468868732452393 2.047734022140503 0.0 5.162566061447521 1.6593964099884033 0.0
370 1.1026134490966797 3.2042484975276584 3.3468868732452393 2.047734022140503 0.0 5.226847785814469 1.6865068674087524 0.0
371 1.1026134490966797 3.2240886338904144 3.3468868732452393 2.047734022140503 0.0 5.181260572514869 1.675522804260254 0.0
372 1.1026134490966797 3.1842104571111074 3.3468868732452393 2.047734022140503 0.0 5.191444420638206 1.675704836845398 0.0
373 1.1026134490966797 3.2273620673422374 3.3468868732452393 2.047734022140503 0.0 5.172293080197618 1.6679056882858276 0.0
374 1.1026134490966797 3.2273620673422374 3.3468868732452393 2.047734022140503 0.0 5.172293080197618 1.6679056882858276 0.0
375 1.1026134490966797 3.2273620673422374 3.3468868732452393 2.047734022140503 0.0 5.172293080197618 1.6679056882858276 0.0
376 1.1026134490966797 3.365549889516788 3.3468868732452393 2.047734022140503 0.0 5.132461634578852 1.6518511772155762 0.0
377 1.1026134490966797 3.253297295464479 3.3468868732452393 2.047734022140503 0.0 5.512568056597526 1.7641048431396484 0.0
378 1.1026134490966797 3.253297295464479 3.3468868732452393 2.047734022140503 0.0 5.512568056597526 1.7641048431396484 0.0
379 1.1026134490966797 3.253297295464479 3.3468868732452393 2.047734022140503 0.0 5.512568056597526 1.7641048431396484 0.0
380 1.1026134490966797 3.271605331561534 3.3468868732452393 2.047734022140503 0.0 5.493791078957682 1.7580959796905518 0.0
381 1.1026134490966797 3.271605331561534 3.3468868732452393 2.047734022140503 0.0 5.493791078957682 1.7580959796905518 0.0
382 1.1026134490966797 3.271605331561534 3.3468868732452393 2.047734022140503 0.0 5.493791078957682 1.7580959796905518 0.0
383 1.1026134490966797 3.2785697157564466 3.3468868732452393 2.047734022140503 0.0 5.477242660697715 1.7528002262115479 0.0
384 1.1026134490966797 3.2785697157564466 3.3468868732452393 2.047734022140503 0.0 5.477242660697715 1.7528002262115479 0.0
385 1.1026134490966797 3.2785697157564466 3.3468868732452393 2.047734022140503 0.0 5.477242660697715 1.7528002262115479 0.0
386 1.1026134490966797 3.2785697157564466 3.3468868732452393 2.047734022140503 0.0 5.477242660697715 1.7528002262115479 0.0
387 1.1026134490966797 3.279868192683767 3.3468868732452393 2.047734022140503 0.0 5.477666157776983 1.752935767173767 0.0
388 1.1026134490966797 3.279868192683767 3.3468868732452393 2.047734022140503 0.0 5.477666157776983 1.752935767173767 0.0
389 1.1026134490966797 3.279868192683767 3.3468868732452393 2.047734022140503 0.0 5.477666157776983 1.752935767173767 0.0
390 1.1026134490966797 3.279868192683767 3.3468868732452393 2.047734022140503 0.0 5.477666157776983 1.752935767173767 0.0
391 1.1026134490966797 3.2915293825362855 3.3468868732452393 2.047734022140503 0.0 5.499920240509401 1.7681443691253662 0.0
392 1.1026134490966797 3.2915293825362855 3.3468868732452393 2.047734022140503 0.0 5.499920240509401 1.7681443691253662 0.0
393 1.1026134490966797 3.2915293825362855 3.3468868732452393 2.047734022140503 0.0 5.499920240509401 1.7681443691253662 0.0
394 1.1026134490966797 3.2915293825362855 3.3468868732452393 2.047734022140503 0.0 5.499920240509401 1.7681443691253662 0.0
395 1.1026134490966797 3.2915293825362855 3.3468868732452393 2.047734022140503 0.0 5.499920240509401 1.7681443691253662 0.0
396 1.1026134490966797 3.273619627892915 3.3468868732452393 2.047734022140503 0.0 5.533349254384053 1.7787935733795166 0.0
397 1.1026134490966797 3.273619627892915 3.3468868732452393 2.047734022140503 0.0 5.533349254384053 1.7787935733795166 0.0
398 1.1026134490966797 3.273619627892915 3.3468868732452393 2.047734022140503 0.0 5.533349254384053 1.7787935733795166 0.0
399 1.1026134490966797 3.273619627892915 3.3468868732452393 2.047734022140503 0.0 5.533349254384053 1.7787935733795166 0.0
400 1.1026134490966797 3.273619627892915 3.3468868732452393 2.047734022140503 0.0 5.533349254384053 1.7787935733795166 0.0
