init 1.1026134490966797 5.663816908053352 3.3443474769592285 2.047734022140503 0.0 0.0 0.0 0.0
1 1.1614819765090942 5.318597456919285 3.3608920574188232 2.0907130241394043 0.3405119478702545 1.5768838666445257 0.816745400428772 0.2964424192905426
2 1.1678014993667603 5.038010634146726 3.376664161682129 2.309525966644287 0.3475559949874878 1.5449122587724138 0.9621642827987671 1.0429562330245972
3 1.1731693744659424 5.038677353599924 3.389310121536255 2.302854061126709 0.34029412269592285 1.538732236243015 1.0297889709472656 1.0464072227478027
4 1.2001829147338867 5.09459022847298 3.376694440841675 2.352663993835449 0.41208207607269287 1.4342421863871346 1.0489652156829834 1.1738888025283813
5 1.246807336807251 5.116917277773544 3.383063316345215 2.3653712272644043 0.5349244475364685 1.4616350823510094 1.1328213214874268 1.280422329902649
6 1.255589485168457 5.099488193694569 3.3870768547058105 2.372617244720459 0.5414711236953735 1.4695467635017092 1.1273903846740723 1.286185622215271
7 1.2532317638397217 5.135273087405734 3.386294364929199 2.377715587615967 0.541410505771637 1.4699956257303821 1.1324607133865356 1.2913048267364502
8 1.258859395980835 5.0343347496247155 3.3946166038513184 2.383406400680542 0.5578165054321289 1.4071239857725653 1.2056530714035034 1.3498164415359497
9 1.291159749031067 5.023053924051873 3.386331796646118 2.41685152053833 0.570147693157196 1.206373833059958 1.1017603874206543 1.3159934282302856
10 1.2951297760009766 4.965061192752573 3.398742198944092 2.5306665897369385 0.5487270355224609 1.4465215243746743 1.1421382427215576 1.479151964187622
11 1.3329710960388184 5.040582829781699 3.4330623149871826 2.5520927906036377 0.687819242477417 1.3603016521269335 1.2308604717254639 1.6244627237319946
12 1.3360621929168701 4.966571879741131 3.4292197227478027 2.578702926635742 0.6722301840782166 1.450207038475897 1.1918610334396362 1.6446635723114014
13 1.4517568349838257 5.2544329768759255 3.4736452102661133 2.6309587955474854 0.7675713896751404 1.4778781498248346 1.2390474081039429 1.6320322751998901
14 1.4690805673599243 5.110162636773952 3.47759747505188 2.564342975616455 0.8081213235855103 1.5549795966557463 1.2513351440429688 1.5633355379104614
15 1.6287996768951416 5.1852635106414535 3.5293025970458984 2.7809064388275146 1.0348403453826904 2.3151634065714712 1.5127966403961182 1.890944242477417
16 1.6280156373977661 5.143927919494517 3.517462730407715 2.828517198562622 1.0510671138763428 2.2959462043345242 1.5472514629364014 1.9803142547607422
17 1.6468615531921387 5.152470913963341 3.525919198989868 2.8285741806030273 1.0813910961151123 2.304747952543476 1.5672945976257324 1.9811384677886963
18 1.6458613872528076 5.1294158033733215 3.517421007156372 2.7133524417877197 1.0719369649887085 2.152957323962032 1.5173373222351074 1.791252851486206
19 1.5438027381896973 5.126650824973503 3.4990408420562744 2.5630991458892822 0.9714312553405762 2.2327150615487024 1.5592316389083862 1.5751980543136597
20 1.5594538450241089 5.077648309172018 3.5148398876190186 2.5846683979034424 1.0051993131637573 3.196046344560246 1.7424190044403076 1.6132025718688965
21 1.4846423864364624 5.013174317081853 3.4895572662353516 2.5184152126312256 0.9094743132591248 3.2529995223218657 1.7033075094223022 1.512528896331787
22 1.5237914323806763 5.215133449529148 3.526052951812744 2.5063982009887695 1.0150315761566162 3.5898373131479384 1.817409873008728 1.5969223976135254
23 1.5630244016647339 5.121959223985281 3.5254836082458496 2.5440852642059326 1.0405821800231934 3.5633616719291856 1.770604133605957 1.6078397035598755
24 1.5510544776916504 5.169640849292085 3.5388262271881104 2.634382486343384 1.0365763902664185 3.4646212627604447 1.8002345561981201 1.743872046470642
25 1.551689863204956 5.172828222835961 3.5395758152008057 2.6355679035186768 1.0361145734786987 3.466300366850278 1.8005964756011963 1.7426272630691528
26 1.5799957513809204 5.194906202376935 3.5562965869903564 2.6522815227508545 1.071836233139038 3.473236939548926 1.8336094617843628 1.7538838386535645
27 1.5989594459533691 5.171574020757469 3.5699961185455322 2.6737430095672607 1.1023154258728027 3.467283020492662 1.855631709098816 1.8086382150650024
28 1.610306978225708 5.572135751478902 3.578726291656494 2.6942384243011475 1.1059153079986572 3.5934365145808562 1.8971692323684692 1.8341712951660156
29 1.6200058460235596 5.761795243883295 3.6546285152435303 2.677919387817383 1.1568653583526611 3.719748975474991 2.055830955505371 1.8726115226745605
30 1.591631293296814 5.8914738424850395 3.6477153301239014 2.624340295791626 1.1434859037399292 3.842526328171491 2.073103904724121 1.8396259546279907
31 1.5497032403945923 5.846513014450819 3.6393885612487793 2.585592269897461 1.084836721420288 3.8363790029613734 2.055417776107788 1.7793529033660889
32 1.5476018190383911 5.847033613884147 3.633490562438965 2.5830862522125244 1.0827186107635498 3.8363049182491302 2.0610008239746094 1.7737483978271484
33 1.5372560024261475 5.974684927975317 3.618926525115967 2.582199811935425 1.0527373552322388 3.9754532010936257 2.0620033740997314 1.7479630708694458
34 1.5411875247955322 5.978813319076028 3.623032808303833 2.5894241333007813 1.0569642782211304 3.9824614920729657 2.069697618484497 1.7588255405426025
35 1.5365079641342163 5.6582726198105195 3.6241042613983154 2.5853323936462402 1.0698614120483398 3.7304299501807896 2.03316593170166 1.7844791412353516
36 1.4518687725067139 5.687080925633715 3.6133763790130615 2.548739433288574 0.9555777907371521 3.713486295901043 2.035188913345337 1.7265971899032593
37 1.456009030342102 5.6301465477960315 3.621885061264038 2.5566093921661377 0.9633238315582275 3.7827870984104135 2.062220811843872 1.7356181144714355
38 1.4708240032196045 5.624229749345361 3.6045093536376953 2.572329521179199 0.9737994074821472 3.7927801698286827 2.0533034801483154 1.740484356880188
39 1.5030502080917358 5.677830209259832 3.6223561763763428 2.5986757278442383 1.0200412273406982 3.86113167288114 2.098118782043457 1.7872464656829834
40 1.497477650642395 5.676068325714553 3.6207292079925537 2.6010630130767822 1.010067343711853 3.8607342477615845 2.0951061248779297 1.7877652645111084
41 1.4930627346038818 5.6980535190332535 3.612910032272339 2.599994421005249 1.0019673109054565 3.8676341595208106 2.074627637863159 1.7842353582382202
42 1.4929593801498413 5.697925198794322 3.6144356727600098 2.5999770164489746 1.0017963647842407 3.8674294960566113 2.0818474292755127 1.7841365337371826
43 1.4926382303237915 5.680414132844407 3.6149404048919678 2.594438314437866 0.9990180730819702 3.953092278578814 2.1090786457061768 1.7744008302688599
44 1.492645502090454 5.5678983080428495 3.6147074699401855 2.594351053237915 0.9988427758216858 3.874391386858104 2.0962295532226563 1.774250864982605
45 1.4841047525405884 5.561938023235195 3.6088807582855225 2.5859031677246094 0.9896253943443298 3.8755051210253 2.091864585876465 1.7663507461547852
46 1.4736286401748657 5.577121882457825 3.596501588821411 2.581717014312744 0.9705608487129211 3.908666793446735 2.078660011291504 1.7509042024612427
47 1.4804750680923462 5.557781885861423 3.6182000637054443 2.565645217895508 0.9788802266120911 3.9230271045883556 2.1138787269592285 1.7249304056167603
48 1.483934998512268 5.564361042972407 3.6157820224761963 2.5718462467193604 0.9855889081954956 3.92597716286149 2.1108498573303223 1.7290043830871582
49 1.4803849458694458 5.566348418230021 3.6246187686920166 2.481854200363159 0.9844821691513062 3.933741935008762 2.1217660903930664 1.6552982330322266
50 1.4803848266601563 5.566348589519675 3.6150288581848145 2.4816677570343018 0.9844822883605957 3.9337413348118093 2.119100570678711 1.6542702913284302
51 1.4807684421539307 5.602671946711325 3.6178138256073 2.4791297912597656 0.9869996309280396 3.9278678977066592 2.128722906112671 1.6532458066940308
52 1.4689592123031616 5.592085400351353 3.614027738571167 2.425812244415283 0.9696401357650757 3.932459421294512 2.1119914054870605 1.5831985473632813
53 1.4751718044281006 5.595801036519467 3.6202638149261475 2.4316773414611816 0.9753686785697937 3.9321520473951694 2.121541738510132 1.592918038368225
54 1.4744799137115479 5.5989096595484815 3.6200528144836426 2.4318628311157227 0.9743080735206604 3.921752403095713 2.1192567348480225 1.593002438545227
55 1.4726814031600952 5.597112512943833 3.603175163269043 2.4159677028656006 0.9720005393028259 3.924317979566892 2.07212233543396 1.5346474647521973
56 1.483625888824463 5.59823974285535 3.6068131923675537 2.4243898391723633 0.9903755784034729 3.924700194264793 2.076270818710327 1.5309481620788574
57 1.479382872581482 5.592028534311011 3.606060028076172 2.420301675796509 0.9914531111717224 3.9222593015846847 2.0759694576263428 1.5344774723052979
58 1.4693613052368164 5.60580069508962 3.6107003688812256 2.427915334701538 0.9578758478164673 3.9777682203856277 2.072824239730835 1.4776016473770142
59 1.4607717990875244 5.6352933986593055 3.625610828399658 2.4432501792907715 0.9313929677009583 4.059922460739265 2.095158338546753 1.4893991947174072
60 1.463024377822876 5.640441470503162 3.629202365875244 2.4540135860443115 0.9323199987411499 4.056563067773123 2.100698471069336 1.5261785984039307
61 1.4687460660934448 5.429463252008309 3.6278319358825684 2.452183246612549 0.9410713911056519 3.7926654677142335 2.0481910705566406 1.526991605758667
62 1.467719316482544 5.51078020017868 3.646829605102539 2.4779107570648193 0.9455857872962952 3.9549889540512777 2.1084773540496826 1.565966248512268
63 1.4801539182662964 5.516787279006506 3.6575286388397217 2.5115227699279785 0.9622048735618591 3.95924998110396 2.133988618850708 1.615246057510376
64 1.4813529253005981 5.517463441910093 3.685689687728882 2.5051910877227783 0.9634534120559692 3.959651938329269 2.182325601577759 1.6050199270248413
65 1.4756430387496948 5.481209152886711 3.695028305053711 2.4973790645599365 0.9778954386711121 3.8989450304093225 2.1933000087738037 1.6276522874832153
66 1.462350606918335 5.465628443427276 3.6759743690490723 2.496293544769287 0.9569289684295654 3.857817546103644 2.152700185775757 1.6187137365341187
67 1.4434723854064941 5.472431512600738 3.6755385398864746 2.502439260482788 0.9247136116027832 3.8549078007293174 2.1477200984954834 1.615907907485962
68 1.4464383125305176 5.46672143411468 3.6660966873168945 2.5172524452209473 0.9345547556877136 3.856141977171557 2.12971568107605 1.6409227848052979
69 1.4606620073318481 5.472262441536429 3.656003952026367 2.5328173637390137 0.955361545085907 3.8716462177817514 2.1196439266204834 1.665339469909668
70 1.4408729076385498 5.5111823649009954 3.659166097640991 2.4940648078918457 0.9451460838317871 3.864391531325622 2.1264290809631348 1.6076526641845703
71 1.4445130825042725 5.5308252929944635 3.6611993312835693 2.513413906097412 0.9421695470809937 3.877674923834883 2.135474681854248 1.6302638053894043
72 1.4150375127792358 5.5090579935432205 3.608551263809204 2.4941048622131348 0.8800855278968811 3.8834949137727692 2.055417060852051 1.5666056871414185
73 1.3998266458511353 5.488187719425636 3.6551506519317627 2.487149953842163 0.8711790442466736 3.86855229516502 2.1197285652160645 1.5910122394561768
74 1.384509801864624 5.494222729784242 3.644973039627075 2.476536512374878 0.8489770889282227 3.8613324045443127 2.097844123840332 1.5730949640274048
75 1.3913254737854004 5.4811500103036925 3.6470184326171875 2.4799740314483643 0.8565497398376465 3.849983614423554 2.090973377227783 1.574655294418335
76 1.3875975608825684 5.475581091969997 3.653120994567871 2.4740512371063232 0.8513002991676331 3.849619341417652 2.112136125564575 1.56392240524292
77 1.3898179531097412 5.484952517424257 3.6591362953186035 2.466658353805542 0.8593615293502808 3.8546715690203657 2.1236984729766846 1.5496163368225098
78 1.3779109716415405 5.409774574504618 3.6582744121551514 2.3797402381896973 0.871042013168335 3.756150805319635 2.0680806636810303 1.419304370880127
79 1.3592575788497925 5.4227753146040945 3.5893492698669434 2.3941304683685303 0.8431348204612732 3.7604731557662245 1.9384005069732666 1.4283621311187744
80 1.390102505683899 5.422888331123758 3.586663246154785 2.413357973098755 0.883558452129364 3.7654839978842345 1.9486945867538452 1.4617252349853516
81 1.439339280128479 5.4069294498413845 3.608865976333618 2.4653265476226807 0.9407517910003662 3.710026853802919 1.9600498676300049 1.5298970937728882
82 1.441419243812561 5.405136418910815 3.6156091690063477 2.454380989074707 0.958072304725647 3.7047091015533993 1.972981333732605 1.5223326683044434
83 1.4509079456329346 5.424399136356406 3.6128880977630615 2.4676082134246826 0.9590724110603333 3.722721798418626 1.9722900390625 1.5273771286010742
84 1.450386881828308 5.444608590849215 3.609989881515503 2.467752456665039 0.9577050805091858 3.7435810926666298 1.9662023782730103 1.5263645648956299
85 1.4659953117370605 5.432526561860632 3.5746898651123047 2.533116340637207 0.9784155488014221 3.752974480215609 2.0113959312438965 1.6822059154510498
86 1.4665035009384155 5.453978110729418 3.575929880142212 2.5321884155273438 0.9790818691253662 3.780303568783122 2.019199848175049 1.6802778244018555
87 1.4795291423797607 5.460896793516905 3.5756800174713135 2.5412659645080566 0.995095431804657 3.7393524084471403 2.0106656551361084 1.6949529647827148
88 1.4657161235809326 5.54134456032621 3.5555737018585205 2.514920711517334 0.9693589210510254 3.7801250414265875 1.9916189908981323 1.6520652770996094
89 1.464891791343689 5.5705351997573045 3.5541162490844727 2.542858839035034 0.9748743772506714 3.846566948802243 2.001206398010254 1.72774076461792
90 1.4287567138671875 5.619256236868903 3.548412322998047 2.5410258769989014 0.9180137515068054 3.8731167262525648 1.990121841430664 1.7016208171844482
91 1.4283194541931152 5.619081653657628 3.558058500289917 2.538623571395874 0.9170846343040466 3.8742892745785573 1.992530345916748 1.7024595737457275
92 1.4462456703186035 5.633716958812199 3.5780160427093506 2.5803933143615723 0.9463962912559509 3.8689687697912647 2.0236332416534424 1.7640554904937744
93 1.4368517398834229 5.619296826051687 3.58601975440979 2.5637879371643066 0.9348891973495483 3.8714216596367375 2.0249524116516113 1.7573919296264648
94 1.4370455741882324 5.607555103613209 3.587585687637329 2.5679078102111816 0.9370911121368408 3.920523959299003 2.038424491882324 1.7633652687072754
95 1.452267050743103 5.578755843344486 3.5940566062927246 2.595970630645752 0.9455174207687378 3.8999859659433755 2.0461947917938232 1.7792237997055054
96 1.4534509181976318 5.62634746468087 3.566357374191284 2.594719886779785 0.9471343755722046 3.8528185443946446 2.033961057662964 1.7748908996582031
97 1.451596736907959 5.6376854261123395 3.5627496242523193 2.5948712825775146 0.9372734427452087 3.8668970970419196 2.0302700996398926 1.7641372680664063
98 1.4491063356399536 5.626459164229999 3.5809051990509033 2.5865979194641113 0.9435439705848694 3.8654965054435957 2.04001522064209 1.76986563205719
99 1.4426668882369995 5.630595672326526 3.576442241668701 2.579890727996826 0.9310242533683777 3.875479262634588 2.0309371948242188 1.7498446702957153
100 1.4423072338104248 5.6346490016473405 3.577159881591797 2.575333595275879 0.9313004612922668 3.8712606294459646 2.034101963043213 1.7452127933502197
101 1.4384045600891113 5.607396520479198 3.563383102416992 2.559307336807251 0.9209816455841064 3.8818609008226734 2.0153963565826416 1.7185392379760742
102 1.4280076026916504 5.617779705814574 3.564279556274414 2.5492794513702393 0.9063516855239868 3.966556851457377 2.0339736938476563 1.7029410600662231
103 1.426784873008728 5.625939586379797 3.564520835876465 2.549774169921875 0.9054329991340637 3.9741554581327203 2.0358941555023193 1.705346941947937
104 1.432490587234497 5.621450859852655 3.5648715496063232 2.5941176414489746 0.9109238386154175 3.9715502580900384 2.042011022567749 1.7650338411331177
105 1.4322395324707031 5.622786850987615 3.563115119934082 2.594554901123047 0.909198522567749 3.9718552200755255 2.0447797775268555 1.7637583017349243
106 1.4363031387329102 5.614830896022651 3.557217597961426 2.5978164672851563 0.9127514958381653 3.9773011993505043 2.0216712951660156 1.7673176527023315
107 1.4340019226074219 5.615319850969853 3.55481219291687 2.5969929695129395 0.9084253311157227 3.985333021956949 2.018122673034668 1.7665369510650635
108 1.4198691844940186 5.60200109859732 3.549877166748047 2.5895845890045166 0.8825658559799194 3.9646621206875756 2.0014657974243164 1.74929678440094
109 1.420449137687683 5.602024728052203 3.552757501602173 2.5921497344970703 0.8834877014160156 3.9648241445282837 2.0063796043395996 1.755044937133789
110 1.4128150939941406 5.605554542987545 3.547240972518921 2.58469295501709 0.8709834218025208 3.966210954944732 1.999634027481079 1.7447705268859863
111 1.4134156703948975 5.559170362012268 3.546527147293091 2.575528860092163 0.8718136548995972 3.9068004388888498 1.9861550331115723 1.730487585067749
112 1.4134156703948975 5.559170362012268 3.546527147293091 2.575528860092163 0.8718136548995972 3.9068004388888498 1.9861550331115723 1.730487585067749
113 1.4114753007888794 5.550751050370351 3.6109418869018555 2.5748231410980225 0.8717439770698547 3.898482069592512 1.9782949686050415 1.734785795211792
114 1.40896737575531 5.615468791471855 3.615020513534546 2.5683493614196777 0.8761842846870422 3.8674548041556327 1.9789093732833862 1.732632040977478
115 1.40896737575531 5.615468791471855 3.615020513534546 2.5683493614196777 0.8761842846870422 3.8674548041556327 1.9789093732833862 1.732632040977478
116 1.4087395668029785 5.64269379642602 3.6150050163269043 2.568070411682129 0.8753527402877808 3.9024859859290104 1.9856845140457153 1.7315702438354492
117 1.408858299255371 5.580098053124784 3.614809274673462 2.5679030418395996 0.875347912311554 3.9468337295748763 1.9944826364517212 1.731504201889038
118 1.4086600542068481 5.569111708242184 3.617154836654663 2.568000078201294 0.8752099871635437 3.9269770781294935 1.9882259368896484 1.7315375804901123
119 1.4080106019973755 5.5754168131640585 3.6157336235046387 2.557582139968872 0.8728600740432739 3.9359522520057952 1.9849132299423218 1.7041326761245728
120 1.4061936140060425 5.574800835949745 3.615433931350708 2.5574772357940674 0.8700879216194153 3.9325206885119064 1.9822595119476318 1.6993350982666016
121 1.4061208963394165 5.574811142359073 3.615447759628296 2.554994821548462 0.8699666261672974 3.932546501314943 1.9805803298950195 1.6946005821228027
122 1.410911202430725 5.579665346157644 3.619605541229248 2.5565388202667236 0.8788362741470337 3.9378017948941477 1.9867852926254272 1.697116732597351
123 1.4117118120193481 5.575898349028831 3.6198325157165527 2.557497262954712 0.8807295560836792 3.9542700869536325 1.9902845621109009 1.69804048538208
124 1.4079530239105225 5.573901925066062 3.6123454570770264 2.502352714538574 0.8748887777328491 3.947975862313829 1.9653583765029907 1.5650017261505127
125 1.4127168655395508 5.57784967060697 3.6155288219451904 2.508552074432373 0.881754457950592 3.9522060060808872 1.971583604812622 1.5737351179122925
126 1.4083791971206665 5.568437379045922 3.628275156021118 2.500347375869751 0.8876861333847046 3.9520396759721095 1.985405683517456 1.5820633172988892
127 1.4129358530044556 5.933523304995949 3.6441850662231445 2.5011420249938965 0.8919102549552917 4.229337879554175 2.0627923011779785 1.5815401077270508
128 1.4138106107711792 5.932324610679527 3.6427159309387207 2.501220226287842 0.8925688862800598 4.227622249128196 2.0608627796173096 1.5807839632034302
129 1.3989289999008179 5.868331910688698 3.634107828140259 2.487393617630005 0.87003493309021 4.199825852661982 2.038792610168457 1.557424545288086
130 1.3916593790054321 5.851385406947185 3.623208999633789 2.4927563667297363 0.8564531207084656 4.199082241861597 2.0181374549865723 1.5647107362747192
131 1.3929797410964966 5.916124592160217 3.6236629486083984 2.492006778717041 0.8502159118652344 4.26635504938986 2.0303750038146973 1.5640727281570435
132 1.3908138275146484 5.915542039566356 3.620079278945923 2.4916727542877197 0.8467953205108643 4.265913839969188 2.0087764263153076 1.5638641119003296
133 1.394853115081787 5.916219838590586 3.6261377334594727 2.571990966796875 0.8533756732940674 4.269163406863683 2.0300285816192627 1.6437901258468628
134 1.3926948308944702 5.912921522549277 3.6487722396850586 2.571383476257324 0.8502983450889587 4.262823056996011 2.068025588989258 1.64211106300354
135 1.4065622091293335 5.911581215706273 3.650568723678589 2.584279775619507 0.8681563138961792 4.271661239231686 2.0749566555023193 1.6597672700881958
136 1.4048230648040771 5.898220441373402 3.6543402671813965 2.5785677433013916 0.8676131367683411 4.244565677000086 2.072490692138672 1.6519306898117065
137 1.3967511653900146 5.90566206854832 3.6434364318847656 2.5602340698242188 0.8471519947052002 4.253047255767386 2.055569887161255 1.6273674964904785
138 1.3903192281723022 5.90534192060891 3.639763832092285 2.542602062225342 0.8368456959724426 4.248084772812894 2.0449047088623047 1.6028621196746826
139 1.3926628828048706 5.805343681241017 3.6364023685455322 2.473196268081665 0.8411365747451782 4.0854244539942215 1.9977571964263916 1.5400197505950928
140 1.403928518295288 5.799922086530465 3.6489951610565186 2.498467206954956 0.8626083731651306 4.07896424927182 2.017321825027466 1.5810357332229614
141 1.4127277135849 5.823375447899268 3.6621336936950684 2.5100016593933105 0.8847493529319763 4.099852250949509 2.045448064804077 1.6133085489273071
142 1.4132016897201538 6.039178879936403 3.661184072494507 2.5068440437316895 0.8859771490097046 4.168852814133726 2.0590407848358154 1.611802101135254
143 1.4042696952819824 6.029015745850786 3.658827543258667 2.4951295852661133 0.8797901272773743 4.137715189012175 2.056597948074341 1.5991982221603394
144 1.4042696952819824 6.029015745850786 3.659085750579834 2.442875385284424 0.8797901272773743 4.137715189012175 2.049875259399414 1.5263265371322632
145 1.393481731414795 5.965346841920801 3.656057596206665 2.5124921798706055 0.8611968755722046 4.123579585034883 2.050978899002075 1.5716158151626587
146 1.3960340023040771 5.97133078349044 3.6495139598846436 2.5186076164245605 0.8621964454650879 4.127487512718901 2.0512607097625732 1.5789824724197388
147 1.3850538730621338 5.995765357102344 3.6517221927642822 2.5277814865112305 0.8393823504447937 4.144817003106421 2.094956874847412 1.5821609497070313
148 1.388027310371399 6.004853978212621 3.65263032913208 2.530402898788452 0.843911349773407 4.1539819497751065 2.0987801551818848 1.5860182046890259
149 1.387962818145752 6.004774392784363 3.6509883403778076 2.577756643295288 0.8438168168067932 4.153871052831067 2.1061978340148926 1.6621147394180298
150 1.3890048265457153 6.010128824594333 3.6502599716186523 2.575840950012207 0.8448543548583984 4.141056744187747 2.10185170173645 1.658231258392334
151 1.394025444984436 5.990491501425237 3.6559736728668213 2.584867477416992 0.8481202721595764 4.1542068380843995 2.1107544898986816 1.666215181350708
152 1.3885846138000488 5.992876398492056 3.647860288619995 2.528956174850464 0.8373912572860718 4.157096644011257 2.0912139415740967 1.5827643871307373
153 1.3887982368469238 5.953716670645762 3.6481943130493164 2.52909255027771 0.8377872109413147 4.140798073423049 2.0884413719177246 1.5829428434371948
154 1.3884762525558472 5.954337837036599 3.647371768951416 2.529757022857666 0.8367635011672974 4.138522604286234 2.099776268005371 1.5831387042999268
155 1.389579176902771 5.955324244994339 3.6496195793151855 2.530128002166748 0.8381726741790771 4.138501170756817 2.1064555644989014 1.5833684206008911
156 1.3827898502349854 5.952504741455974 3.6533570289611816 2.52058482170105 0.8363671898841858 4.121222776523217 2.1102614402770996 1.577984094619751
157 1.3965208530426025 5.952549060948443 3.6405210494995117 2.519205331802368 0.8471147418022156 4.137557615779043 2.0985398292541504 1.5692293643951416
158 1.3973817825317383 5.957302391218791 3.6486289501190186 2.5189132690429688 0.8411189317703247 4.172220061953454 2.1140472888946533 1.5715820789337158
159 1.3973767757415771 5.957300791434343 3.6492321491241455 2.520043134689331 0.8411290049552917 4.172225013735715 2.116269111633301 1.5725263357162476
160 1.3954252004623413 5.944987810377852 3.652557611465454 2.510056734085083 0.8343019485473633 4.167643098540449 2.1050186157226563 1.5611542463302612
161 1.3986374139785767 5.960118552605154 3.6548051834106445 2.517477512359619 0.8422616124153137 4.180334976461995 2.1115591526031494 1.5749226808547974
162 1.3981304168701172 5.965027120134432 3.661271333694458 2.518244504928589 0.8409647941589355 4.188601229433467 2.1152923107147217 1.5769692659378052
163 1.3968238830566406 5.947355390768909 3.6615095138549805 2.5159716606140137 0.838295042514801 4.167566600423738 2.1111841201782227 1.5730910301208496
164 1.3997610807418823 5.962664249482567 3.6406192779541016 2.522221565246582 0.8369085192680359 4.1908439064348455 2.0647928714752197 1.5778353214263916
165 1.3997610807418823 5.9738549458623265 3.641765832901001 2.5332889556884766 0.8369085192680359 4.201937224388916 2.072263717651367 1.5943012237548828
166 1.4030888080596924 5.972487899222327 3.6424505710601807 2.5320205688476563 0.8411594033241272 4.200530198339229 2.072916030883789 1.593200922012329
167 1.403023362159729 5.970765665562791 3.6428327560424805 2.522831678390503 0.8411450982093811 4.203141501309282 2.0736918449401855 1.5834729671478271
168 1.4020644426345825 5.971209751112966 3.643115997314453 2.5227885246276855 0.8403205871582031 4.203787860070967 2.074582099914551 1.5837005376815796
169 1.4033476114273071 6.003393370650972 3.6531429290771484 2.52287220954895 0.8415791392326355 4.222078489964257 2.10736083984375 1.5837544202804565
170 1.4194101095199585 6.104227601079053 3.6671524047851563 2.539550542831421 0.8634049296379089 4.346417593840873 2.154006242752075 1.6141972541809082
171 1.4175059795379639 6.105214098854033 3.6661620140075684 2.5406172275543213 0.860853910446167 4.352132470026969 2.155970811843872 1.6141812801361084
172 1.4191118478775024 6.1069088459724945 3.6689705848693848 2.5523149967193604 0.8638128042221069 4.365420043924149 2.1642794609069824 1.637706995010376
173 1.4230862855911255 6.101401293722997 3.674651622772217 2.5499467849731445 0.8769477009773254 4.355660865433522 2.1654984951019287 1.6519153118133545
174 1.4236772060394287 6.07640712234667 3.672929286956787 2.5500917434692383 0.8776355981826782 4.330637421104177 2.157108783721924 1.652165412902832
175 1.4236772060394287 6.07640712234667 3.6753792762756348 2.539827823638916 0.8776355981826782 4.330637421104177 2.1636481285095215 1.6413291692733765
176 1.4174672365188599 6.080577321417334 3.674198865890503 2.53175950050354 0.8700323700904846 4.33170977782544 2.1603095531463623 1.6193498373031616
177 1.4182543754577637 6.081869881021305 3.674708604812622 2.5312037467956543 0.8721616864204407 4.332027197941992 2.162156343460083 1.618216633796692
178 1.4100728034973145 6.071096731961689 3.704763889312744 2.5170936584472656 0.8579638004302979 4.223623498042223 2.183326244354248 1.586327075958252
179 1.4113011360168457 6.071080709770771 3.7029037475585938 2.5198559761047363 0.8585663437843323 4.226054083227582 2.1781089305877686 1.5933551788330078
180 1.4150384664535522 6.070473623945175 3.690420150756836 2.5277504920959473 0.8668898344039917 4.203053468327185 2.161823272705078 1.6022337675094604
181 1.403302788734436 6.065343476127663 3.696155309677124 2.520977735519409 0.8601020574569702 4.248381093866705 2.1797051429748535 1.6041971445083618
182 1.4042366743087769 6.066437538208296 3.697178363800049 2.521048069000244 0.8614673614501953 4.248945775990464 2.1811797618865967 1.604241967201233
183 1.404906153678894 6.017421787766128 3.6974401473999023 2.520613193511963 0.8633238077163696 4.319065339381136 2.1929566860198975 1.6032007932662964
184 1.4080815315246582 6.017891187347585 3.698136329650879 2.5443201065063477 0.8625446557998657 4.317653637784448 2.1911041736602783 1.6252459287643433
185 1.4072331190109253 6.01942585846765 3.698751926422119 2.557554006576538 0.8575143814086914 4.324316563852089 2.1925253868103027 1.6384516954421997
186 1.4071840047836304 5.981581930973429 3.6981348991394043 2.6015379428863525 0.8575928807258606 4.284846533226532 2.188448667526245 1.695046067237854
187 1.4071180820465088 5.981629011954801 3.695697069168091 2.604475736618042 0.8574399352073669 4.285010216822064 2.182770252227783 1.6972260475158691
188 1.4071180820465088 5.981629011954801 3.695530891418457 2.6044669151306152 0.8574399352073669 4.285010216822064 2.1825714111328125 1.6972200870513916
189 1.4072762727737427 5.9819380466697645 3.697863817214966 2.6048831939697266 0.8578705191612244 4.285223694533112 2.1878652572631836 1.6983530521392822
190 1.4269919395446777 5.946442920099833 3.7104532718658447 2.63564395904541 0.8682988286018372 4.297869428026444 2.193524122238159 1.7178813219070435
191 1.4398282766342163 5.9937031496743405 3.722357988357544 2.659287214279175 0.8889617323875427 4.342630824242727 2.220243453979492 1.75409996509552
192 1.4290554523468018 5.98930962117826 3.71484375 2.635019540786743 0.8730208873748779 4.335856789676212 2.2062230110168457 1.7171849012374878
193 1.447094202041626 5.974356771287952 3.725248098373413 2.6487436294555664 0.9111294150352478 4.32648832944626 2.2228221893310547 1.7500355243682861
194 1.448513388633728 5.884259390392023 3.721771478652954 2.6485066413879395 0.9113606214523315 4.174945278838052 2.1863908767700195 1.7456176280975342
195 1.4483938217163086 5.883547239964515 3.7216570377349854 2.6486198902130127 0.9112006425857544 4.175199654813816 2.186570644378662 1.745673656463623
196 1.4455846548080444 5.891367810747978 3.7221481800079346 2.645707607269287 0.906907320022583 4.177359465469882 2.1887753009796143 1.744381308555603
197 1.4455846548080444 5.891367810747978 3.722109794616699 2.6445229053497314 0.906907320022583 4.177359465469882 2.1885862350463867 1.7426297664642334
198 1.4436745643615723 5.864095056809402 3.7201905250549316 2.642313241958618 0.9049602150917053 4.180512924918286 2.1867051124572754 1.742131233215332
199 1.4465397596359253 5.861302262069178 3.7203633785247803 2.6430604457855225 0.9096768498420715 4.181367302250114 2.187471389770508 1.7459336519241333
200 1.4417972564697266 5.857063259623675 3.724517583847046 2.6353609561920166 0.9051358103752136 4.187998217734865 2.1942968368530273 1.741746187210083
201 1.4390668869018555 5.855463416611024 3.730665445327759 2.6337060928344727 0.902094841003418 4.1856850384444515 2.2024669647216797 1.7394455671310425
202 1.4341025352478027 5.8508856024631 3.72399640083313 2.6294593811035156 0.89542555809021 4.176346596964913 2.1999335289001465 1.7320482730865479
203 1.4325064420700073 5.851578401293552 3.722996950149536 2.6303093433380127 0.8930004239082336 4.175474937683792 2.1967833042144775 1.7335631847381592
204 1.432694435119629 5.852353383208928 3.7238245010375977 2.6164591312408447 0.8932529091835022 4.175683774890319 2.2033941745758057 1.7190942764282227
205 1.4354774951934814 5.851660777734559 3.730431079864502 2.6156983375549316 0.8980863690376282 4.173419500874852 2.206073045730591 1.7224088907241821
206 1.4370322227478027 5.830908524534283 3.7424583435058594 2.608598232269287 0.9022411704063416 4.164783484452641 2.231916666030884 1.713929295539856
207 1.4276432991027832 5.788256686297896 3.7251827716827393 2.610243320465088 0.8744959831237793 4.173514672013387 2.2054615020751953 1.702321171760559
208 1.4203732013702393 5.852852294897323 3.722477436065674 2.576007604598999 0.8674002289772034 4.206432676270146 2.2026407718658447 1.638163685798645
209 1.42039155960083 5.852834974283095 3.7200536727905273 2.5760257244110107 0.8674206733703613 4.206538675322145 2.215158700942993 1.638195514678955
210 1.4192018508911133 5.834816052963742 3.7051308155059814 2.576772451400757 0.8648173809051514 4.211293628616615 2.1793415546417236 1.638613224029541
211 1.4183722734451294 5.836640988757427 3.708700656890869 2.5324814319610596 0.8647819757461548 4.216566577401598 2.2062108516693115 1.5776219367980957
212 1.4126347303390503 5.831294590994477 3.708256959915161 2.53206467628479 0.8609120845794678 4.21087710982119 2.204960346221924 1.5759613513946533
213 1.4126347303390503 5.831294590994477 3.7087299823760986 2.53206467628479 0.8609837889671326 4.210834947374389 2.205793619155884 1.5759520530700684
214 1.412903070449829 5.8316074900427415 3.7102110385894775 2.5321967601776123 0.8612393140792847 4.211465629193418 2.207242250442505 1.5761997699737549
215 1.4106297492980957 5.837516443453285 3.7068638801574707 2.5287435054779053 0.8541594743728638 4.21058748497887 2.2004568576812744 1.5658870935440063
216 1.4231855869293213 5.859601795843054 3.710968017578125 2.543220281600952 0.8678810596466064 4.224369770839441 2.209434747695923 1.5839214324951172
217 1.4210206270217896 5.915611599001725 3.7097432613372803 2.5446178913116455 0.8638997673988342 4.281495872197209 2.2194266319274902 1.5833992958068848
218 1.4544986486434937 5.91079714918308 3.7158758640289307 2.591481924057007 0.8727701306343079 4.266029645095911 2.218677043914795 1.6092122793197632
219 1.4496482610702515 5.899878282107481 3.7049012184143066 2.581264019012451 0.8709937930107117 4.25058242096765 2.17362904548645 1.6023918390274048
220 1.4491604566574097 5.9759775839618925 3.705418586730957 2.5814077854156494 0.8710852861404419 4.32332630990814 2.188897132873535 1.6028708219528198
221 1.4452730417251587 5.9774681503138645 3.7025485038757324 2.573430061340332 0.8664634227752686 4.325812854447628 2.18644380569458 1.587060570716858
222 1.4438695907592773 5.908013822684549 3.7020764350891113 2.635504722595215 0.8651521801948547 4.301073772144396 2.1871140003204346 1.6703550815582275
223 1.4606941938400269 5.906001017151117 3.7071564197540283 2.6557884216308594 0.8793516755104065 4.294728137456438 2.1893672943115234 1.6979074478149414
224 1.4638853073120117 5.905953288136227 3.7079107761383057 2.6550915241241455 0.8850114345550537 4.298526994320921 2.192373752593994 1.6985419988632202
225 1.4626471996307373 5.906890190558615 3.703327178955078 2.6578001976013184 0.8826325535774231 4.299990216310938 2.1839184761047363 1.701438546180725
226 1.4576833248138428 5.861952306983764 3.7169227600097656 2.6468005180358887 0.8899899125099182 4.28281299306803 2.1830928325653076 1.7035363912582397
227 1.466285228729248 5.852636266963145 3.7349276542663574 2.652571201324463 0.9018182158470154 4.280100090869016 2.207878589630127 1.7056652307510376
228 1.4574881792068481 5.831014617694499 3.756091833114624 2.634929895401001 0.9286733865737915 4.293326092582455 2.2496819496154785 1.7246874570846558
229 1.4479914903640747 5.793919124595049 3.7322709560394287 2.642875909805298 0.9092844128608704 4.311602654089955 2.2197134494781494 1.7190403938293457
230 1.434684157371521 5.801048147169365 3.703594207763672 2.629528045654297 0.8778532147407532 4.2993790111480195 2.1473984718322754 1.6757733821868896
231 1.434983253479004 5.7971814664811925 3.705256938934326 2.6277146339416504 0.8771780133247375 4.294446220042448 2.139251947402954 1.6739037036895752
232 1.4358813762664795 5.854234663162353 3.7072079181671143 2.6280224323272705 0.8788241744041443 4.314967543633691 2.1471312046051025 1.6740742921829224
233 1.4369176626205444 5.869628775644264 3.7045528888702393 2.6330676078796387 0.8835812211036682 4.324184785150748 2.1602821350097656 1.6825205087661743
234 1.403863787651062 5.859222488488002 3.656222343444824 2.609006404876709 0.8259702324867249 4.240957222507281 2.071157455444336 1.622202754020691
235 1.403863787651062 5.859222488488002 3.6585471630096436 2.609006404876709 0.8259702324867249 4.240957222507281 2.073596954345703 1.622202754020691
236 1.4023246765136719 5.569754192447088 3.6536753177642822 2.6083314418792725 0.8240000605583191 3.9701434999620338 2.0089399814605713 1.6222777366638184
237 1.4027988910675049 5.832713328441152 3.653275489807129 2.608245849609375 0.8247519731521606 4.219201841534662 2.059704065322876 1.6220563650131226
238 1.403302550315857 5.832974688791256 3.6540651321411133 2.608182191848755 0.8258776664733887 4.219736509012161 2.061004638671875 1.622511386871338
239 1.4034546613693237 5.834189688011154 3.65216326713562 2.610396146774292 0.8216231465339661 4.222803080516048 2.0590693950653076 1.6154823303222656
240 1.4011825323104858 5.835545584145606 3.6526124477386475 2.5859549045562744 0.8199763894081116 4.22454360758485 2.055901288986206 1.578588604927063
241 1.4014168977737427 6.082155082422448 3.652507781982422 2.5858404636383057 0.8206660151481628 4.3268231292310855 2.0774900913238525 1.5786539316177368
242 1.3965104818344116 5.777610755516441 3.646925210952759 2.57324481010437 0.8107797503471375 4.1425937668310215 2.029290199279785 1.5588773488998413
243 1.3970246315002441 5.615521161736894 3.660414934158325 2.5688769817352295 0.8153873085975647 4.039368199976753 2.0400383472442627 1.5595403909683228
244 1.3945798873901367 5.659193099412558 3.6576485633850098 2.5653929710388184 0.8185237050056458 4.061293900627509 2.034968376159668 1.5557000637054443
245 1.3985579013824463 5.658287739789818 3.6618547439575195 2.5774383544921875 0.8256947994232178 4.062573855854151 2.0437021255493164 1.5751157999038696
246 1.40080988407135 5.655763183647095 3.6611745357513428 2.5822677612304688 0.8302932381629944 4.062872492534268 2.043264389038086 1.5836985111236572
247 1.4023432731628418 5.651809712355609 3.667356014251709 2.5742321014404297 0.8324031829833984 4.057983992948644 2.0603866577148438 1.575506567955017
248 1.4013758897781372 5.648371809801638 3.678088426589966 2.7506771087646484 0.8297695517539978 4.053995993598481 2.0961220264434814 1.8196208477020264
249 1.4031802415847778 5.649554915306203 3.682142496109009 2.7515690326690674 0.8318631649017334 4.058736812904798 2.1054515838623047 1.821470022201538
250 1.4045010805130005 5.650855558886209 3.6831724643707275 2.7579286098480225 0.8329967260360718 4.061087887095093 2.108375310897827 1.8293726444244385
251 1.3915965557098389 5.601707147356083 3.6882052421569824 2.7425222396850586 0.8368556499481201 4.000819429640969 2.1227641105651855 1.833255648612976
252 1.3868235349655151 5.504285940508073 3.6503336429595947 2.740238666534424 0.8257081508636475 3.9655996435376406 2.1225693225860596 1.82313072681427
253 1.3927662372589111 5.518355793611536 3.6576199531555176 2.7585177421569824 0.8259459733963013 3.97926939485569 2.134336471557617 1.8574994802474976
254 1.3778400421142578 5.521317281549465 3.643738269805908 2.7491374015808105 0.793896496295929 4.0022936508738765 2.116361379623413 1.8347629308700562
255 1.3909416198730469 5.53027422614452 3.6568307876586914 2.773745536804199 0.8140564560890198 4.027176269679135 2.1235220432281494 1.8496865034103394
256 1.3909416198730469 5.53027422614452 3.666116237640381 2.8219306468963623 0.8140564560890198 4.027176269679135 2.1342549324035645 1.9815884828567505
257 1.392148494720459 5.536868521560739 3.666142702102661 2.7964894771575928 0.8217955827713013 4.01607709927531 2.130098581314087 1.9561033248901367
258 1.3915653228759766 5.530257436828689 3.662130117416382 2.786088466644287 0.8230307698249817 4.019606483930998 2.125391721725464 1.951109766960144
259 1.3771600723266602 5.525987668643672 3.6568894386291504 2.767887830734253 0.803462564945221 4.0039341669747275 2.1091175079345703 1.9247229099273682
260 1.3771629333496094 5.52707676320193 3.658487319946289 2.7564468383789063 0.8085848093032837 4.020397111833599 2.1179440021514893 1.903691053390503
261 1.3767876625061035 5.484433240725731 3.661809206008911 2.7575526237487793 0.8216219544410706 3.993676972512231 2.1202166080474854 1.9174487590789795
262 1.3989425897598267 5.614514872904964 3.682156562805176 2.8193001747131348 0.8575190901756287 4.06772885879275 2.1734180450439453 2.0035836696624756
263 1.3985146284103394 5.648938831276586 3.681353807449341 2.819498062133789 0.8565481901168823 4.122453789000282 2.1830384731292725 2.003851890563965
264 1.4184589385986328 5.633757225680319 3.6979448795318604 2.850071430206299 0.8888857960700989 4.163936362483582 2.2199676036834717 2.04972505569458
265 1.4284089803695679 5.6128527717250725 3.7072064876556396 2.842334032058716 0.9018462300300598 4.1873194683106005 2.238176107406616 2.04514217376709
266 1.423593282699585 5.61893934574004 3.7112176418304443 2.829749584197998 0.8993690013885498 4.202597271918554 2.245161771774292 2.0231852531433105
267 1.426392674446106 5.652899411965964 3.7037274837493896 2.8312792778015137 0.9055342674255371 4.221424020328144 2.2370805740356445 2.0264410972595215
268 1.4153995513916016 5.566257046183144 3.6708478927612305 2.892390727996826 0.8647259473800659 4.044515685268203 2.1913459300994873 2.312702178955078
269 1.424584150314331 5.5933134432703655 3.68095064163208 2.851855754852295 0.8775399923324585 4.068455974449241 2.2079808712005615 2.2667837142944336
270 1.429415225982666 5.581413746158414 3.683692216873169 2.8631296157836914 0.8755390644073486 4.059567526098727 2.2103898525238037 2.276646375656128
271 1.4281482696533203 5.611860152187838 3.6901745796203613 2.8609232902526855 0.873838484287262 4.107465529857481 2.2294623851776123 2.273425817489624
272 1.4273121356964111 5.632765894411363 3.685192823410034 2.855822801589966 0.8631704449653625 4.1237531824806934 2.2022171020507813 2.2563540935516357
273 1.4398069381713867 5.624411830700271 3.6847057342529297 2.8536181449890137 0.87944096326828 4.117855852404977 2.197251558303833 2.2502102851867676
274 1.4374973773956299 5.582717195705079 3.684453010559082 2.8528716564178467 0.8742979168891907 4.08317359799645 2.190302610397339 2.2494633197784424
275 1.4342224597930908 5.458563653723471 3.6868743896484375 2.8566789627075195 0.8702871799468994 3.9630145903625897 2.1701741218566895 2.2576849460601807
276 1.4209173917770386 5.413762051617566 3.708037853240967 2.8329648971557617 0.8763106465339661 3.920512937361759 2.1938459873199463 2.2494919300079346
277 1.4237768650054932 5.791208056738594 3.7126975059509277 2.838820695877075 0.881395697593689 4.2261859403362525 2.259075403213501 2.2573976516723633
278 1.4245537519454956 5.7998457085131205 3.7083749771118164 2.839864492416382 0.8789680004119873 4.2291271520283376 2.2516226768493652 2.2575504779815674
279 1.4225717782974243 5.924317874998621 3.7264652252197266 2.8232409954071045 0.887956440448761 4.382079270546452 2.2901103496551514 2.2597572803497314
280 1.419898509979248 5.9018788744760835 3.731647253036499 2.827369451522827 0.8934892416000366 4.361797525351313 2.2985124588012695 2.2741763591766357
281 1.417824625968933 5.930558452206911 3.7055180072784424 2.8370351791381836 0.8787311315536499 4.378468658450415 2.2735486030578613 2.266444206237793
282 1.4184304475784302 5.918510914125192 3.7025749683380127 2.836958646774292 0.8829823732376099 4.356540089788552 2.266780376434326 2.2679030895233154
283 1.4189856052398682 5.604047870038643 3.714573621749878 2.8376660346984863 0.8829365372657776 4.150915701130627 2.245811939239502 2.268099784851074
284 1.4219756126403809 5.604471800726511 3.719010591506958 2.841376781463623 0.8867035508155823 4.15445411763507 2.252890110015869 2.2731690406799316
285 1.4190256595611572 5.603687683568152 3.720226526260376 2.8332226276397705 0.8873120546340942 4.156082489744045 2.2548816204071045 2.264622211456299
286 1.4267168045043945 5.815543175156226 3.7257471084594727 2.8423569202423096 0.8979730010032654 4.233277394615805 2.2741317749023438 2.2787132263183594
287 1.4270820617675781 5.812672919141122 3.7321319580078125 2.8382339477539063 0.9037209153175354 4.229592445258082 2.2823121547698975 2.2777397632598877
288 1.4270738363265991 5.810207388242734 3.73213529586792 2.838233470916748 0.9037129878997803 4.233441863323314 2.2721736431121826 2.277737617492676
289 1.4274734258651733 5.807372030507487 3.730607032775879 2.840515613555908 0.9052143692970276 4.230034827542839 2.271198034286499 2.280168294906616
290 1.428234577178955 6.021215590344399 3.7320005893707275 2.842177152633667 0.9050895571708679 4.285413315001993 2.277242422103882 2.2808141708374023
291 1.4262738227844238 6.017533105666162 3.72371768951416 2.8439743518829346 0.896589457988739 4.283458923258648 2.2654049396514893 2.2782790660858154
292 1.42485773563385 6.013634809688765 3.72287917137146 2.8468093872070313 0.894042432308197 4.2819881282783 2.2655789852142334 2.2823402881622314
293 1.416222333908081 6.027421596403301 3.7166073322296143 2.8339486122131348 0.8928777575492859 4.300873691178907 2.264949083328247 2.279055118560791
294 1.4159650802612305 5.9299310293919945 3.7165114879608154 2.834031581878662 0.8928123116493225 4.298315461235958 2.264244794845581 2.279040575027466
295 1.4155606031417847 5.944276919237619 3.700164556503296 2.840876817703247 0.8770361542701721 4.252731727765098 2.2407782077789307 2.2763826847076416
296 1.407159686088562 5.925484570384562 3.6969962120056152 2.8268589973449707 0.8744730949401855 4.229563082036997 2.2388904094696045 2.2702159881591797
297 1.4082893133163452 5.925397395982185 3.700932025909424 2.8337175846099854 0.8758388161659241 4.228810478894455 2.2460391521453857 2.279790163040161
298 1.4100788831710815 5.910138353620561 3.7076456546783447 2.8345158100128174 0.8788377046585083 4.239138165860589 2.2571513652801514 2.280614137649536
299 1.4094396829605103 5.886413571160143 3.7296254634857178 2.831190347671509 0.8925160765647888 4.23122727015705 2.2865428924560547 2.3037056922912598
300 1.4094191789627075 5.89076363123827 3.7273287773132324 2.84535551071167 0.8896812796592712 4.235913104002355 2.2858216762542725 2.315416097640991
301 1.4105256795883179 5.888896934102101 3.7268025875091553 2.845198154449463 0.8902496099472046 4.233532661848852 2.284290075302124 2.3148159980773926
302 1.4078000783920288 5.79977940473389 3.7245876789093018 2.8421640396118164 0.8868271112442017 4.173176699837626 2.2699246406555176 2.315438985824585
303 1.4185833930969238 5.7960451472748815 3.7390670776367188 2.89103627204895 0.9039352536201477 4.173720131099496 2.292391538619995 2.3728384971618652
304 1.412697672843933 5.812603307180035 3.7347819805145264 2.8949356079101563 0.8946024179458618 4.212973421313676 2.2969205379486084 2.3785457611083984
305 1.411109447479248 5.813054924423628 3.7332541942596436 2.898233652114868 0.8892282247543335 4.21558874785984 2.293804168701172 2.379293918609619
306 1.4142866134643555 5.823419980392567 3.735548734664917 2.902456521987915 0.893664538860321 4.185013861607509 2.2924060821533203 2.3854119777679443
307 1.4127013683319092 5.816507129180014 3.731259822845459 2.957956075668335 0.8897491097450256 4.175816050939426 2.2915596961975098 2.4433562755584717
308 1.4128098487854004 5.854070366707512 3.730252981185913 2.9594364166259766 0.8875477313995361 4.193743614606358 2.2924180030822754 2.443448305130005
309 1.41042959690094 5.85259429639887 3.7297275066375732 2.958078384399414 0.8843271732330322 4.194444888164936 2.290682315826416 2.4423201084136963
310 1.4125347137451172 5.85376586039012 3.731693983078003 2.900712251663208 0.8874689936637878 4.194734957874846 2.2867445945739746 2.378244638442993
311 1.4123958349227905 6.255259583340854 3.731801748275757 2.9006741046905518 0.8872978687286377 4.44925475115335 2.3357203006744385 2.378192663192749
312 1.4151461124420166 6.397583096098629 3.7351486682891846 2.894815444946289 0.8906221389770508 4.666233703367497 2.3844752311706543 2.3156464099884033
313 1.4111508131027222 6.316467348420503 3.736440658569336 2.8974955081939697 0.8856279850006104 4.547227376981092 2.3644096851348877 2.320563793182373
314 1.4121803045272827 6.165760052690475 3.7395312786102295 2.8973615169525146 0.8867239356040955 4.4422067958303755 2.3483338356018066 2.3205840587615967
315 1.419173002243042 6.179238553376594 3.7325937747955322 2.9004523754119873 0.8855167627334595 4.44805714907346 2.3346965312957764 2.314969062805176
316 1.434212565422058 5.847638881186617 3.7577905654907227 2.9285225868225098 0.9043000340461731 4.3267470469268146 2.3495030403137207 2.350801706314087
317 1.4204763174057007 5.839038852057517 3.744239091873169 2.916745901107788 0.8897868394851685 4.315389404133004 2.3276925086975098 2.3369359970092773
318 1.4222344160079956 5.79331106649902 3.745124340057373 2.858457088470459 0.8915680646896362 4.236855923384297 2.3111042976379395 2.3237266540527344
319 1.4237498044967651 5.84258318252873 3.7490079402923584 2.8580052852630615 0.8927448391914368 4.271402184424321 2.318248748779297 2.324815511703491
320 1.4260271787643433 6.016432863395401 3.751004457473755 2.851090669631958 0.903795063495636 4.36447051140894 2.341144323348999 2.323476552963257
321 1.426611304283142 6.014957273558271 3.752927303314209 2.851008653640747 0.9054301381111145 4.36580505255006 2.342841625213623 2.3250319957733154
322 1.4302153587341309 6.037435519557607 3.7493488788604736 2.8551278114318848 0.8977513313293457 4.385299823962149 2.3404715061187744 2.3226606845855713
323 1.42976975440979 6.0390729512974275 3.748751640319824 2.8540291786193848 0.8970780968666077 4.38448949945984 2.329932689666748 2.321143627166748
324 1.4268074035644531 6.03619244940815 3.7471113204956055 2.8537633419036865 0.8932744264602661 4.383307574642831 2.329836130142212 2.3215925693511963
325 1.4241434335708618 6.034831064450294 3.753527879714966 2.8937671184539795 0.8923612236976624 4.382078487602674 2.33828067779541 2.3759310245513916
326 1.4275364875793457 6.035251315854139 3.7639658451080322 2.8955442905426025 0.896629810333252 4.382145046333723 2.354137420654297 2.3775315284729004
327 1.4271025657653809 6.035159103340938 3.731689929962158 2.8956828117370605 0.8963577151298523 4.382052707750757 2.345747232437134 2.3776397705078125
328 1.4226629734039307 6.041428786411816 3.723693609237671 2.8944482803344727 0.8842618465423584 4.379602487236098 2.333505392074585 2.3686976432800293
329 1.4300403594970703 6.055538092609917 3.7108609676361084 2.909827470779419 0.8793965578079224 4.404177480960237 2.321122884750366 2.376220464706421
330 1.429917335510254 5.999754427113737 3.712303876876831 2.9099538326263428 0.8791442513465881 4.351277778983617 2.3120710849761963 2.3762922286987305
331 1.4150378704071045 6.11565980956565 3.7084696292877197 2.9004204273223877 0.8593944907188416 4.3875161563702605 2.3076696395874023 2.3577234745025635
332 1.4165157079696655 6.119903617691618 3.7103734016418457 2.902825355529785 0.862127959728241 4.385704383044188 2.309610366821289 2.35746693611145
333 1.4167152643203735 6.088099393269137 3.7103357315063477 2.914074182510376 0.8626934289932251 4.364655502451972 2.300163984298706 2.3687191009521484
334 1.4133614301681519 6.136074955692668 3.6743714809417725 2.9126710891723633 0.8578523397445679 4.401675132182481 2.323904037475586 2.3684170246124268
335 1.4119144678115845 6.136532483872134 3.672276496887207 2.977219581604004 0.8557093143463135 4.4019886461846545 2.3286187648773193 2.4405109882354736
336 1.4113632440567017 6.180855998151802 3.6702115535736084 2.9768471717834473 0.8554428815841675 4.480853995244684 2.3449602127075195 2.441232919692993
337 1.4125442504882813 6.1768429402736365 3.664219379425049 2.971191644668579 0.8502399325370789 4.478534143329757 2.333888292312622 2.430567502975464
338 1.4124164581298828 6.116565618523462 3.6673624515533447 2.9719088077545166 0.8645198345184326 4.467982593157645 2.34100341796875 2.4416372776031494
339 1.4264330863952637 6.161067529929724 3.673090696334839 2.990880012512207 0.8851103782653809 4.497930770481603 2.3557605743408203 2.4663429260253906
340 1.4101883172988892 6.165804156965719 3.665717840194702 2.96881103515625 0.8621193766593933 4.480930660778713 2.348210573196411 2.437302350997925
341 1.410322666168213 6.166156880665802 3.665604829788208 2.9680492877960205 0.8616161942481995 4.480797004250523 2.348008394241333 2.435840368270874
342 1.4137266874313354 6.120257499410802 3.6667017936706543 2.972980499267578 0.8638569116592407 4.462309920334474 2.34555721282959 2.4398186206817627
343 1.4136226177215576 6.118783026741011 3.663640260696411 2.8889834880828857 0.8637970089912415 4.460893843531422 2.330347776412964 2.376168727874756
344 1.4122049808502197 6.173749394158355 3.662773847579956 2.886718988418579 0.8606120944023132 4.511153104577005 2.342890739440918 2.3722732067108154
345 1.3790243864059448 6.104384173397939 3.646507501602173 2.836808443069458 0.8370190858840942 4.501781072213446 2.3320553302764893 2.321512460708618
346 1.3789888620376587 6.1044159830771365 3.6452136039733887 2.8368091583251953 0.8369544744491577 4.501832623165852 2.3457133769989014 2.3215291500091553
347 1.3651390075683594 6.039952966284014 3.661506414413452 2.8304779529571533 0.8527056574821472 4.4863580518598285 2.371431589126587 2.3460850715637207
348 1.3662797212600708 6.038542950587895 3.6623661518096924 2.8352928161621094 0.855135440826416 4.486437654558754 2.3729584217071533 2.352539539337158
349 1.3673796653747559 6.062601564549227 3.664793014526367 2.8410682678222656 0.8570718169212341 4.512183489334874 2.38051176071167 2.3600988388061523
350 1.3673796653747559 6.135852482503178 3.664680242538452 2.8410682678222656 0.8570718169212341 4.542648835790406 2.3858094215393066 2.3600988388061523
351 1.367889642715454 6.133227785569857 3.6394312381744385 2.7973804473876953 0.8437884449958801 4.556876675968134 2.3333613872528076 2.295788049697876
352 1.3648518323898315 6.097391326973062 3.6235551834106445 2.8049964904785156 0.8333473801612854 4.541401404323715 2.3047447204589844 2.2975053787231445
353 1.3700408935546875 6.108542820631893 3.6249184608459473 2.81354022026062 0.842778742313385 4.5436682256009435 2.3066189289093018 2.3071706295013428
354 1.3697749376296997 6.108654719238105 3.628934860229492 2.8831214904785156 0.842431902885437 4.544313404204847 2.3202946186065674 2.3538904190063477
355 1.3631187677383423 6.112444547534297 3.6212499141693115 2.860518455505371 0.8309462666511536 4.541197745991486 2.311155080795288 2.326032876968384
356 1.361070156097412 6.1136230743712 3.618769884109497 2.8555991649627686 0.8269447088241577 4.540948368238956 2.3072667121887207 2.319403648376465
357 1.3634840250015259 6.127261801787139 3.6230640411376953 2.86114764213562 0.8325747847557068 4.557751946177197 2.317887306213379 2.3270933628082275
358 1.388102412223816 6.14226898413679 3.625852108001709 2.9050405025482178 0.8641717433929443 4.5930749032804234 2.3343288898468018 2.3824641704559326
359 1.3885111808776855 6.139010633059507 3.6273574829101563 2.9073266983032227 0.8613439202308655 4.588376993742469 2.3360953330993652 2.383223295211792
360 1.3718688488006592 6.1371312240302105 3.6333043575286865 2.9235217571258545 0.8365904688835144 4.5676056053308525 2.328731060028076 2.3959832191467285
361 1.378222107887268 6.137227703120011 3.6346375942230225 2.9237613677978516 0.8436903953552246 4.567046288082238 2.329840898513794 2.395275831222534
362 1.378222107887268 6.164371964701009 3.6347413063049316 2.924877882003784 0.8436903953552246 4.555461219277808 2.3276970386505127 2.3965654373168945
363 1.3773468732833862 6.167137365491377 3.631037473678589 2.915699005126953 0.8470150232315063 4.555395577262408 2.32409405708313 2.391246795654297
364 1.3769667148590088 6.167174008304983 3.6311991214752197 2.915705442428589 0.8472186326980591 4.555350257486696 2.324047803878784 2.3912787437438965
365 1.3769667148590088 6.167174008304983 3.6312615871429443 2.915705442428589 0.8472186326980591 4.555350257486696 2.324052572250366 2.3912787437438965
366 1.3781580924987793 6.16730944216756 3.631722927093506 2.916778087615967 0.8485318422317505 4.555374083529684 2.325253486633301 2.392612934112549
367 1.363525629043579 6.172420909188083 3.6221609115600586 2.894566535949707 0.8311747908592224 4.5587960031257 2.312394142150879 2.3639655113220215
368 1.3555395603179932 6.1646876284315235 3.614058017730713 2.866725206375122 0.8180239200592041 4.556657292498995 2.3016111850738525 2.3307347297668457
369 1.3574306964874268 6.050341728498642 3.6134228706359863 2.863168954849243 0.8220686316490173 4.513564150034353 2.292837619781494 2.3282759189605713
370 1.3627383708953857 6.047403751655317 3.61432147026062 2.8622143268585205 0.8295144438743591 4.510890065598612 2.293837070465088 2.3269503116607666
371 1.3634783029556274 6.049100588322508 3.6139535903930664 2.862581968307495 0.8307880163192749 4.513032612985313 2.292292594909668 2.3272032737731934
372 1.3667775392532349 6.037953847245923 3.622577667236328 2.8176629543304443 0.8386711478233337 4.50533276315077 2.295933246612549 2.280176877975464
373 1.3681179285049438 6.017322529465822 3.6069657802581787 2.7136824131011963 0.8393524289131165 4.349405428911794 2.2392749786376953 2.167937755584717
374 1.3680579662322998 6.010774920204393 3.6075148582458496 2.7136831283569336 0.8395780920982361 4.343083327324361 2.237891674041748 2.1679601669311523
375 1.370359182357788 5.991980730334951 3.6083743572235107 2.7115318775177 0.8411906361579895 4.336188488313401 2.2349753379821777 2.1671574115753174
376 1.3578228950500488 6.081494571185186 3.607414960861206 2.705030679702759 0.8417965769767761 4.463758370482974 2.2630233764648438 2.170214891433716
377 1.3574074506759644 6.091241350167226 3.603456974029541 2.7025563716888428 0.8383653163909912 4.468788489194611 2.258256196975708 2.1633591651916504
378 1.3561279773712158 6.096681960396858 3.6063804626464844 2.7046468257904053 0.8361411690711975 4.472958265306676 2.2636733055114746 2.1666691303253174
379 1.3597790002822876 6.103177391172217 3.6116161346435547 2.708836317062378 0.8426892757415771 4.486344510441024 2.28413462638855 2.1731181144714355
380 1.359744668006897 6.103139400276089 3.6069252490997314 2.641749143600464 0.8426339030265808 4.486327837276562 2.26889705657959 2.1281135082244873
381 1.3584316968917847 6.029489354556257 3.6186156272888184 2.6243417263031006 0.8422877192497253 4.473734002147504 2.2777445316314697 2.102419137954712
382 1.359174132347107 6.032149662623643 3.6345760822296143 2.6250667572021484 0.8425813913345337 4.483467635446168 2.3219096660614014 2.102598190307617
383 1.3560078144073486 6.032798409708905 3.6309854984283447 2.632122755050659 0.8401144742965698 4.480925440514178 2.324235439300537 2.111699342727661
384 1.354688048362732 6.031487798538038 3.642298698425293 2.65712308883667 0.8377267718315125 4.481669779665264 2.3395426273345947 2.1398181915283203
385 1.3554754257202148 6.028140505054359 3.643198013305664 2.659264087677002 0.8404954075813293 4.479819734823566 2.337797164916992 2.1406028270721436
386 1.3581767082214355 6.040453981333833 3.6436970233917236 2.681657552719116 0.836510181427002 4.498866830389788 2.3461263179779053 2.157414674758911
387 1.3598579168319702 6.038954616466759 3.6203856468200684 2.6808674335479736 0.8378937840461731 4.497583719679875 2.2892279624938965 2.1565489768981934
388 1.359605073928833 6.047898000342119 3.6190359592437744 2.6810994148254395 0.8382102251052856 4.476755331713059 2.2899460792541504 2.157240867614746
389 1.3541306257247925 6.01629667607663 3.6324710845947266 2.67525315284729 0.847302258014679 4.448323961699109 2.304147243499756 2.1651864051818848
390 1.3701372146606445 6.190605230951652 3.6394240856170654 2.6802852153778076 0.851296067237854 4.565821444243117 2.3286139965057373 2.155803918838501
391 1.3701372146606445 6.2091442916903326 3.6367087364196777 2.6262130737304688 0.851296067237854 4.583180028993856 2.3296186923980713 2.0369961261749268
392 1.3649837970733643 6.200212728276273 3.6353254318237305 2.6215872764587402 0.8464213013648987 4.5635905695272 2.3209424018859863 2.0308704376220703
393 1.3631030321121216 6.1864053451435455 3.633195400238037 2.628645420074463 0.8424283266067505 4.561559405184666 2.309495449066162 2.037525177001953
394 1.3636157512664795 6.186624216375978 3.635772943496704 2.628714084625244 0.8434147834777832 4.561951735340631 2.3130578994750977 2.037660837173462
395 1.3636205196380615 6.1866268999901415 3.6368463039398193 2.6287150382995605 0.8434252738952637 4.561961669888652 2.314168691635132 2.0376620292663574
396 1.3673925399780273 6.12138930274513 3.638914108276367 2.6393489837646484 0.8519638180732727 4.398112306011893 2.2879180908203125 2.0549299716949463
397 1.3745691776275635 6.116994064388865 3.6450774669647217 2.6580703258514404 0.8574160933494568 4.386243131001671 2.293513298034668 2.081094741821289
398 1.3840590715408325 5.814370759111345 3.6793997287750244 2.693230390548706 0.8743725419044495 4.256046791046521 2.3360486030578613 2.1243977546691895
399 1.3836759328842163 5.802051244831635 3.6821773052215576 2.6800925731658936 0.880401611328125 4.242570061125834 2.3325634002685547 2.1190595626831055
400 1.379435420036316 6.05286527713581 3.6822736263275146 2.680584192276001 0.8760585784912109 4.265008097577479 2.342031478881836 2.1237521171569824
