init 1.231244444847107 2.247308342397368 3.444244146347046 2.441901922225952 0.0 0.0 0.0 0.0
1 1.231244444847107 2.4875289727033043 3.444244146347046 2.441901922225952 0.0 1.2992739588795899 0.3547140657901764 0.0
2 1.231244444847107 2.490846632866788 3.444244146347046 2.441901922225952 0.0 1.3029762292641514 0.35572484135627747 0.0
3 1.231244444847107 2.499254036167409 3.444244146347046 2.441901922225952 0.0 1.2583168126715096 0.37553879618644714 0.0
4 1.231244444847107 2.501425109410484 3.444244146347046 2.441901922225952 0.0 1.259410453607078 0.37581196427345276 0.0
5 1.231244444847107 2.501425109410484 3.444244146347046 2.441901922225952 0.0 1.259410453607078 0.37581196427345276 0.0
6 1.231244444847107 2.501425109410484 3.444244146347046 2.441901922225952 0.0 1.259410453607078 0.37581196427345276 0.0
7 1.231244444847107 2.501425109410484 3.444244146347046 2.441901922225952 0.0 1.259410453607078 0.37581196427345276 0.0
8 1.231244444847107 2.501425109410484 3.444244146347046 2.441901922225952 0.0 1.259410453607078 0.37581196427345276 0.0
9 1.231244444847107 2.4456998503345164 3.444244146347046 2.441901922225952 0.0 1.294726633836599 0.38465288281440735 0.0
10 1.231244444847107 2.4456998503345164 3.444244146347046 2.441901922225952 0.0 1.294726633836599 0.38465288281440735 0.0
11 1.231244444847107 2.4456998503345164 3.444244146347046 2.441901922225952 0.0 1.294726633836599 0.38465288281440735 0.0
12 1.231244444847107 2.42556071853971 3.444244146347046 2.441901922225952 0.0 1.2754943820745581 0.37983354926109314 0.0
13 1.231244444847107 2.0409748607512257 3.444244146347046 2.441901922225952 0.0 1.5478925884835668 0.4611780047416687 0.0
14 1.231244444847107 1.8952630953069116 3.444244146347046 2.441901922225952 0.0 1.4398732823047529 0.43431583046913147 0.0
15 1.231244444847107 1.8957068352779218 3.444244146347046 2.441901922225952 0.0 1.4405477375102025 0.43448248505592346 0.0
16 1.231244444847107 1.8959694703317078 3.444244146347046 2.441901922225952 0.0 1.4411092183219332 0.43462124466896057 0.0
17 1.231244444847107 1.8959694703317078 3.444244146347046 2.441901922225952 0.0 1.4411092183219332 0.43462124466896057 0.0
18 1.231244444847107 1.8959694703317078 3.444244146347046 2.441901922225952 0.0 1.4411092183219332 0.43462124466896057 0.0
19 1.231244444847107 1.8959694703317078 3.444244146347046 2.441901922225952 0.0 1.4411092183219332 0.43462124466896057 0.0
20 1.231244444847107 1.8815921913215836 3.444244146347046 2.441901922225952 0.0 1.4341777293042963 0.43290892243385315 0.0
21 1.231244444847107 1.8103806713929311 3.444244146347046 2.441901922225952 0.0 1.3750238003360555 0.41835924983024597 0.0
22 1.231244444847107 1.8126410378088036 3.444244146347046 2.441901922225952 0.0 1.3760716623729912 0.4186159372329712 0.0
23 1.231244444847107 1.8126410378088036 3.444244146347046 2.441901922225952 0.0 1.3760716623729912 0.4186159372329712 0.0
24 1.231244444847107 1.8126410378088036 3.444244146347046 2.441901922225952 0.0 1.3760716623729912 0.4186159372329712 0.0
25 1.231244444847107 1.8091477457741385 3.444244146347046 2.441901922225952 0.0 1.3715794504709597 0.41751566529273987 0.0
26 1.231244444847107 1.8091477457741385 3.444244146347046 2.441901922225952 0.0 1.3715794504709597 0.41751566529273987 0.0
27 1.231244444847107 1.8091477457741385 3.444244146347046 2.441901922225952 0.0 1.3715794504709597 0.41751566529273987 0.0
28 1.231244444847107 1.7895797397121282 3.444244146347046 2.441901922225952 0.0 1.3626627079933853 0.4153337776660919 0.0
29 1.231244444847107 1.7895797397121282 3.444244146347046 2.441901922225952 0.0 1.3626627079933853 0.4153337776660919 0.0
30 1.231244444847107 1.7895797397121282 3.444244146347046 2.441901922225952 0.0 1.3626627079933853 0.4153337776660919 0.0
31 1.231244444847107 1.7895797397121282 3.444244146347046 2.441901922225952 0.0 1.3626627079933853 0.4153337776660919 0.0
32 1.231244444847107 1.7895797397121282 3.444244146347046 2.441901922225952 0.0 1.3626627079933853 0.4153337776660919 0.0
33 1.231244444847107 1.7895797397121282 3.444244146347046 2.441901922225952 0.0 1.3626627079933853 0.4153337776660919 0.0
34 1.231244444847107 1.8687076284331945 3.444244146347046 2.441901922225952 0.0 1.406018614478834 0.4259684979915619 0.0
35 1.231244444847107 1.8687076284331945 3.444244146347046 2.441901922225952 0.0 1.406018614478834 0.4259684979915619 0.0
36 1.231244444847107 1.8687076284331945 3.444244146347046 2.441901922225952 0.0 1.406018614478834 0.4259684979915619 0.0
37 1.231244444847107 1.8687076284331945 3.444244146347046 2.441901922225952 0.0 1.406018614478834 0.4259684979915619 0.0
38 1.231244444847107 1.8687076284331945 3.444244146347046 2.441901922225952 0.0 1.406018614478834 0.4259684979915619 0.0
39 1.231244444847107 1.8687076284331945 3.444244146347046 2.441901922225952 0.0 1.406018614478834 0.4259684979915619 0.0
40 1.231244444847107 1.8687076284331945 3.444244146347046 2.441901922225952 0.0 1.406018614478834 0.4259684979915619 0.0
41 1.231244444847107 1.8687076284331945 3.444244146347046 2.441901922225952 0.0 1.406018614478834 0.4259684979915619 0.0
42 1.231244444847107 1.8687076284331945 3.444244146347046 2.441901922225952 0.0 1.406018614478834 0.4259684979915619 0.0
43 1.231244444847107 1.8687076284331945 3.444244146347046 2.441901922225952 0.0 1.406018614478834 0.4259684979915619 0.0
44 1.231244444847107 1.8687076284331945 3.444244146347046 2.441901922225952 0.0 1.406018614478834 0.4259684979915619 0.0
45 1.231244444847107 1.8708153568793136 3.444244146347046 2.441901922225952 0.0 1.4070519784043178 0.42622271180152893 0.0
46 1.231244444847107 1.8708153568793136 3.444244146347046 2.441901922225952 0.0 1.4070519784043178 0.42622271180152893 0.0
47 1.231244444847107 1.8708153568793136 3.444244146347046 2.441901922225952 0.0 1.4070519784043178 0.42622271180152893 0.0
48 1.231244444847107 1.8699468699612944 3.444244146347046 2.441901922225952 0.0 1.4064096476567243 0.42606469988822937 0.0
49 1.231244444847107 1.8699468699612944 3.444244146347046 2.441901922225952 0.0 1.4064096476567243 0.42606469988822937 0.0
50 1.231244444847107 1.8699468699612944 3.444244146347046 2.441901922225952 0.0 1.4064096476567243 0.42606469988822937 0.0
51 1.231244444847107 1.8699468699612944 3.444244146347046 2.441901922225952 0.0 1.4064096476567243 0.42606469988822937 0.0
52 1.231244444847107 1.8699468699612944 3.444244146347046 2.441901922225952 0.0 1.4064096476567243 0.42606469988822937 0.0
53 1.231244444847107 1.8699468699612944 3.444244146347046 2.441901922225952 0.0 1.4064096476567243 0.42606469988822937 0.0
54 1.231244444847107 1.8699468699612944 3.444244146347046 2.441901922225952 0.0 1.4064096476567243 0.42606469988822937 0.0
55 1.231244444847107 1.8681637402834705 3.444244146347046 2.441901922225952 0.0 1.4052335184757987 0.42577534914016724 0.0
56 1.231244444847107 1.8681637402834705 3.444244146347046 2.441901922225952 0.0 1.4052335184757987 0.42577534914016724 0.0
57 1.231244444847107 1.8681637402834705 3.444244146347046 2.441901922225952 0.0 1.4052335184757987 0.42577534914016724 0.0
58 1.231244444847107 1.8681637402834705 3.444244146347046 2.441901922225952 0.0 1.4052335184757987 0.42577534914016724 0.0
59 1.231244444847107 1.8681637402834705 3.444244146347046 2.441901922225952 0.0 1.4052335184757987 0.42577534914016724 0.0
60 1.231244444847107 1.8681637402834705 3.444244146347046 2.441901922225952 0.0 1.4052335184757987 0.42577534914016724 0.0
61 1.231244444847107 1.8681637402834705 3.444244146347046 2.441901922225952 0.0 1.4052335184757987 0.42577534914016724 0.0
62 1.231244444847107 1.8681637402834705 3.444244146347046 2.441901922225952 0.0 1.4052335184757987 0.42577534914016724 0.0
63 1.231244444847107 1.8681637402834705 3.444244146347046 2.441901922225952 0.0 1.4052335184757987 0.42577534914016724 0.0
64 1.231244444847107 1.8681637402834705 3.444244146347046 2.441901922225952 0.0 1.4052335184757987 0.42577534914016724 0.0
65 1.231244444847107 1.8681637402834705 3.444244146347046 2.441901922225952 0.0 1.4052335184757987 0.42577534914016724 0.0
66 1.231244444847107 1.8681637402834705 3.444244146347046 2.441901922225952 0.0 1.4052335184757987 0.42577534914016724 0.0
67 1.231244444847107 1.8681637402834705 3.444244146347046 2.441901922225952 0.0 1.4052335184757987 0.42577534914016724 0.0
68 1.231244444847107 1.8681637402834705 3.444244146347046 2.441901922225952 0.0 1.4052335184757987 0.42577534914016724 0.0
69 1.231244444847107 1.823613510523668 3.444244146347046 2.441901922225952 0.0 1.3319358834484363 0.4078369736671448 0.0
70 1.231244444847107 1.823613510523668 3.444244146347046 2.441901922225952 0.0 1.3319358834484363 0.4078369736671448 0.0
71 1.231244444847107 1.823613510523668 3.444244146347046 2.441901922225952 0.0 1.3319358834484363 0.4078369736671448 0.0
72 1.231244444847107 1.823613510523668 3.444244146347046 2.441901922225952 0.0 1.3319358834484363 0.4078369736671448 0.0
73 1.231244444847107 1.823613510523668 3.444244146347046 2.441901922225952 0.0 1.3319358834484363 0.4078369736671448 0.0
74 1.231244444847107 1.823613510523668 3.444244146347046 2.441901922225952 0.0 1.3319358834484363 0.4078369736671448 0.0
75 1.231244444847107 1.826037065183265 3.444244146347046 2.441901922225952 0.0 1.3276872913424829 0.4088681638240814 0.0
76 1.231244444847107 1.826037065183265 3.444244146347046 2.441901922225952 0.0 1.3276872913424829 0.4088681638240814 0.0
77 1.231244444847107 1.826037065183265 3.444244146347046 2.441901922225952 0.0 1.3276872913424829 0.4088681638240814 0.0
78 1.231244444847107 1.826037065183265 3.444244146347046 2.441901922225952 0.0 1.3276872913424829 0.4088681638240814 0.0
79 1.231244444847107 1.827688556187291 3.444244146347046 2.441901922225952 0.0 1.3288136827262098 0.40914079546928406 0.0
80 1.231244444847107 1.8282682197292328 3.444244146347046 2.441901922225952 0.0 1.3292452488302655 0.4092452824115753 0.0
81 1.231244444847107 1.827970757545772 3.444244146347046 2.441901922225952 0.0 1.3290207225101902 0.40919092297554016 0.0
82 1.231244444847107 1.827970757545772 3.444244146347046 2.441901922225952 0.0 1.3290207225101902 0.40919092297554016 0.0
83 1.231244444847107 1.827970757545772 3.444244146347046 2.441901922225952 0.0 1.3290207225101902 0.40919092297554016 0.0
84 1.231244444847107 1.827970757545772 3.444244146347046 2.441901922225952 0.0 1.3290207225101902 0.40919092297554016 0.0
85 1.231244444847107 1.827970757545772 3.444244146347046 2.441901922225952 0.0 1.3290207225101902 0.40919092297554016 0.0
86 1.231244444847107 1.827970757545772 3.444244146347046 2.441901922225952 0.0 1.3290207225101902 0.40919092297554016 0.0
87 1.231244444847107 1.827970757545772 3.444244146347046 2.441901922225952 0.0 1.3290207225101902 0.40919092297554016 0.0
88 1.231244444847107 1.827970757545772 3.444244146347046 2.441901922225952 0.0 1.3290207225101902 0.40919092297554016 0.0
89 1.231244444847107 1.827970757545772 3.444244146347046 2.441901922225952 0.0 1.3290207225101902 0.40919092297554016 0.0
90 1.231244444847107 1.827970757545772 3.444244146347046 2.441901922225952 0.0 1.3290207225101902 0.40919092297554016 0.0
91 1.231244444847107 1.827970757545772 3.444244146347046 2.441901922225952 0.0 1.3290207225101902 0.40919092297554016 0.0
92 1.231244444847107 1.8254273185989571 3.444244146347046 2.441901922225952 0.0 1.3272984245643311 0.4087740480899811 0.0
93 1.231244444847107 1.8254273185989571 3.444244146347046 2.441901922225952 0.0 1.3272984245643311 0.4087740480899811 0.0
94 1.231244444847107 1.8254273185989571 3.444244146347046 2.441901922225952 0.0 1.3272984245643311 0.4087740480899811 0.0
95 1.231244444847107 1.8254273185989571 3.444244146347046 2.441901922225952 0.0 1.3272984245643311 0.4087740480899811 0.0
96 1.231244444847107 1.8195030973247608 3.444244146347046 2.441901922225952 0.0 1.3243987550833143 0.40807244181632996 0.0
97 1.231244444847107 1.8195030973247608 3.444244146347046 2.441901922225952 0.0 1.3243987550833143 0.40807244181632996 0.0
98 1.231244444847107 1.8195030973247608 3.444244146347046 2.441901922225952 0.0 1.3243987550833143 0.40807244181632996 0.0
99 1.231244444847107 1.8195030973247608 3.444244146347046 2.441901922225952 0.0 1.3243987550833143 0.40807244181632996 0.0
100 1.231244444847107 1.8195030973247608 3.444244146347046 2.441901922225952 0.0 1.3243987550833143 0.40807244181632996 0.0
101 1.231244444847107 1.8195030973247608 3.444244146347046 2.441901922225952 0.0 1.3243987550833143 0.40807244181632996 0.0
102 1.231244444847107 1.8195030973247608 3.444244146347046 2.441901922225952 0.0 1.3243987550833143 0.40807244181632996 0.0
103 1.231244444847107 1.8195030973247608 3.444244146347046 2.441901922225952 0.0 1.3243987550833143 0.40807244181632996 0.0
104 1.231244444847107 1.8195030973247608 3.444244146347046 2.441901922225952 0.0 1.3243987550833143 0.40807244181632996 0.0
105 1.231244444847107 1.8195030973247608 3.444244146347046 2.441901922225952 0.0 1.3243987550833143 0.40807244181632996 0.0
106 1.231244444847107 1.8192041113561994 3.444244146347046 2.441901922225952 0.0 1.3249135184178635 0.40794792771339417 0.0
107 1.231244444847107 1.8192041113561994 3.444244146347046 2.441901922225952 0.0 1.3249135184178635 0.40794792771339417 0.0
108 1.231244444847107 1.8192041113561994 3.444244146347046 2.441901922225952 0.0 1.3249135184178635 0.40794792771339417 0.0
109 1.231244444847107 1.8192041113561994 3.444244146347046 2.441901922225952 0.0 1.3249135184178635 0.40794792771339417 0.0
110 1.231244444847107 1.8192041113561994 3.444244146347046 2.441901922225952 0.0 1.3249135184178635 0.40794792771339417 0.0
111 1.231244444847107 1.8192041113561994 3.444244146347046 2.441901922225952 0.0 1.3249135184178635 0.40794792771339417 0.0
112 1.231244444847107 1.8192041113561994 3.444244146347046 2.441901922225952 0.0 1.3249135184178635 0.40794792771339417 0.0
113 1.231244444847107 1.8192041113561994 3.444244146347046 2.441901922225952 0.0 1.3249135184178635 0.40794792771339417 0.0
114 1.231244444847107 1.8192041113561994 3.444244146347046 2.441901922225952 0.0 1.3249135184178635 0.40794792771339417 0.0
115 1.231244444847107 1.8192041113561994 3.444244146347046 2.441901922225952 0.0 1.3249135184178635 0.40794792771339417 0.0
116 1.231244444847107 1.8192041113561994 3.444244146347046 2.441901922225952 0.0 1.3249135184178635 0.40794792771339417 0.0
117 1.231244444847107 1.8192041113561994 3.444244146347046 2.441901922225952 0.0 1.3249135184178635 0.40794792771339417 0.0
118 1.231244444847107 1.8192041113561994 3.444244146347046 2.441901922225952 0.0 1.3249135184178635 0.40794792771339417 0.0
119 1.231244444847107 1.8192041113561994 3.444244146347046 2.441901922225952 0.0 1.3249135184178635 0.40794792771339417 0.0
120 1.231244444847107 1.8192041113561994 3.444244146347046 2.441901922225952 0.0 1.3249135184178635 0.40794792771339417 0.0
121 1.231244444847107 1.8192041113561994 3.444244146347046 2.441901922225952 0.0 1.3249135184178635 0.40794792771339417 0.0
122 1.231244444847107 1.8196197087775936 3.444244146347046 2.441901922225952 0.0 1.3251745041206862 0.4080110788345337 0.0
123 1.231244444847107 1.8204121945047045 3.444244146347046 2.441901922225952 0.0 1.325562318839943 0.4081049859523773 0.0
124 1.231244444847107 1.8204121945047045 3.444244146347046 2.441901922225952 0.0 1.325562318839943 0.4081049859523773 0.0
125 1.231244444847107 1.8204121945047045 3.444244146347046 2.441901922225952 0.0 1.325562318839943 0.4081049859523773 0.0
126 1.231244444847107 1.8204121945047045 3.444244146347046 2.441901922225952 0.0 1.325562318839943 0.4081049859523773 0.0
127 1.231244444847107 1.8204121945047045 3.444244146347046 2.441901922225952 0.0 1.325562318839943 0.4081049859523773 0.0
128 1.231244444847107 1.8185618594791892 3.444244146347046 2.441901922225952 0.0 1.3244900351704856 0.4078454077243805 0.0
129 1.231244444847107 1.8190115509757026 3.444244146347046 2.441901922225952 0.0 1.3247089695983332 0.4078984260559082 0.0
130 1.231244444847107 1.8190115509757026 3.444244146347046 2.441901922225952 0.0 1.3247089695983332 0.4078984260559082 0.0
131 1.231244444847107 1.821390368352889 3.444244146347046 2.441901922225952 0.0 1.3262154059462092 0.40826308727264404 0.0
132 1.231244444847107 1.821390368352889 3.444244146347046 2.441901922225952 0.0 1.3262154059462092 0.40826308727264404 0.0
133 1.231244444847107 1.821390368352889 3.444244146347046 2.441901922225952 0.0 1.3262154059462092 0.40826308727264404 0.0
134 1.231244444847107 1.821390368352889 3.444244146347046 2.441901922225952 0.0 1.3262154059462092 0.40826308727264404 0.0
135 1.231244444847107 1.821390368352889 3.444244146347046 2.441901922225952 0.0 1.3262154059462092 0.40826308727264404 0.0
136 1.231244444847107 1.821390368352889 3.444244146347046 2.441901922225952 0.0 1.3262154059462092 0.40826308727264404 0.0
137 1.231244444847107 1.821390368352889 3.444244146347046 2.441901922225952 0.0 1.3262154059462092 0.40826308727264404 0.0
138 1.231244444847107 1.821390368352889 3.444244146347046 2.441901922225952 0.0 1.3262154059462092 0.40826308727264404 0.0
139 1.231244444847107 1.821390368352889 3.444244146347046 2.441901922225952 0.0 1.3262154059462092 0.40826308727264404 0.0
140 1.231244444847107 1.821390368352889 3.444244146347046 2.441901922225952 0.0 1.3262154059462092 0.40826308727264404 0.0
141 1.231244444847107 1.8212154227506343 3.444244146347046 2.441901922225952 0.0 1.326097226352876 0.40823447704315186 0.0
142 1.231244444847107 1.8212154227506343 3.444244146347046 2.441901922225952 0.0 1.326097226352876 0.40823447704315186 0.0
143 1.231244444847107 1.8212154227506343 3.444244146347046 2.441901922225952 0.0 1.326097226352876 0.40823447704315186 0.0
144 1.231244444847107 1.8212154227506343 3.444244146347046 2.441901922225952 0.0 1.326097226352876 0.40823447704315186 0.0
145 1.231244444847107 1.8212154227506343 3.444244146347046 2.441901922225952 0.0 1.326097226352876 0.40823447704315186 0.0
146 1.231244444847107 1.8212154227506343 3.444244146347046 2.441901922225952 0.0 1.326097226352876 0.40823447704315186 0.0
147 1.231244444847107 1.8212154227506343 3.444244146347046 2.441901922225952 0.0 1.326097226352876 0.40823447704315186 0.0
148 1.231244444847107 1.8212154227506343 3.444244146347046 2.441901922225952 0.0 1.326097226352876 0.40823447704315186 0.0
149 1.231244444847107 1.822528114898906 3.444244146347046 2.441901922225952 0.0 1.3238553183539556 0.4087764322757721 0.0
150 1.231244444847107 1.822528114898906 3.444244146347046 2.441901922225952 0.0 1.3238553183539556 0.4087764322757721 0.0
151 1.231244444847107 1.822528114898906 3.444244146347046 2.441901922225952 0.0 1.3238553183539556 0.4087764322757721 0.0
152 1.231244444847107 1.822528114898906 3.444244146347046 2.441901922225952 0.0 1.3238553183539556 0.4087764322757721 0.0
153 1.231244444847107 1.822528114898906 3.444244146347046 2.441901922225952 0.0 1.3238553183539556 0.4087764322757721 0.0
154 1.231244444847107 1.822528114898906 3.444244146347046 2.441901922225952 0.0 1.3238553183539556 0.4087764322757721 0.0
155 1.231244444847107 1.822528114898906 3.444244146347046 2.441901922225952 0.0 1.3238553183539556 0.4087764322757721 0.0
156 1.231244444847107 1.822528114898906 3.444244146347046 2.441901922225952 0.0 1.3238553183539556 0.4087764322757721 0.0
157 1.231244444847107 1.822528114898906 3.444244146347046 2.441901922225952 0.0 1.3238553183539556 0.4087764322757721 0.0
158 1.231244444847107 1.81888779355626 3.444244146347046 2.441901922225952 0.0 1.3220639689935034 0.4083440899848938 0.0
159 1.231244444847107 1.8248642983434242 3.444244146347046 2.441901922225952 0.0 1.3250064554628616 0.40905430912971497 0.0
160 1.231244444847107 1.8248642983434242 3.444244146347046 2.441901922225952 0.0 1.3250064554628616 0.40905430912971497 0.0
161 1.231244444847107 1.8248642983434242 3.444244146347046 2.441901922225952 0.0 1.3250064554628616 0.40905430912971497 0.0
162 1.231244444847107 1.8248642983434242 3.444244146347046 2.441901922225952 0.0 1.3250064554628616 0.40905430912971497 0.0
163 1.231244444847107 1.8248642983434242 3.444244146347046 2.441901922225952 0.0 1.3250064554628616 0.40905430912971497 0.0
164 1.231244444847107 1.8248642983434242 3.444244146347046 2.441901922225952 0.0 1.3250064554628616 0.40905430912971497 0.0
165 1.231244444847107 1.8248642983434242 3.444244146347046 2.441901922225952 0.0 1.3250064554628616 0.40905430912971497 0.0
166 1.231244444847107 1.8248642983434242 3.444244146347046 2.441901922225952 0.0 1.3250064554628616 0.40905430912971497 0.0
167 1.231244444847107 1.8248642983434242 3.444244146347046 2.441901922225952 0.0 1.3250064554628616 0.40905430912971497 0.0
168 1.231244444847107 1.8241766701151887 3.444244146347046 2.441901922225952 0.0 1.324552602349876 0.4089447557926178 0.0
169 1.231244444847107 1.8241766701151887 3.444244146347046 2.441901922225952 0.0 1.324552602349876 0.4089447557926178 0.0
170 1.231244444847107 1.8241766701151887 3.444244146347046 2.441901922225952 0.0 1.324552602349876 0.4089447557926178 0.0
171 1.231244444847107 1.8241766701151887 3.444244146347046 2.441901922225952 0.0 1.324552602349876 0.4089447557926178 0.0
172 1.231244444847107 1.8241766701151887 3.444244146347046 2.441901922225952 0.0 1.324552602349876 0.4089447557926178 0.0
173 1.231244444847107 1.8241766701151887 3.444244146347046 2.441901922225952 0.0 1.324552602349876 0.4089447557926178 0.0
174 1.231244444847107 1.8240944298467971 3.444244146347046 2.441901922225952 0.0 1.3246915814429894 0.4089111089706421 0.0
175 1.231244444847107 1.8240944298467971 3.444244146347046 2.441901922225952 0.0 1.3246915814429894 0.4089111089706421 0.0
176 1.231244444847107 1.8248185493545168 3.444244146347046 2.441901922225952 0.0 1.325170010399638 0.4090266227722168 0.0
177 1.231244444847107 1.8248185493545168 3.444244146347046 2.441901922225952 0.0 1.325170010399638 0.4090266227722168 0.0
178 1.231244444847107 1.8248185493545168 3.444244146347046 2.441901922225952 0.0 1.325170010399638 0.4090266227722168 0.0
179 1.231244444847107 1.8248185493545168 3.444244146347046 2.441901922225952 0.0 1.325170010399638 0.4090266227722168 0.0
180 1.231244444847107 1.8248185493545168 3.444244146347046 2.441901922225952 0.0 1.325170010399638 0.4090266227722168 0.0
181 1.231244444847107 1.8245117510203304 3.444244146347046 2.441901922225952 0.0 1.3249646793010343 0.40897706151008606 0.0
182 1.231244444847107 1.8245117510203304 3.444244146347046 2.441901922225952 0.0 1.3249646793010343 0.40897706151008606 0.0
183 1.231244444847107 1.8277733610996925 3.444244146347046 2.441901922225952 0.0 1.3195802145412137 0.4102723300457001 0.0
184 1.231244444847107 1.8277733610996925 3.444244146347046 2.441901922225952 0.0 1.3195802145412137 0.4102723300457001 0.0
185 1.231244444847107 1.8277733610996925 3.444244146347046 2.441901922225952 0.0 1.3195802145412137 0.4102723300457001 0.0
186 1.231244444847107 1.8277733610996925 3.444244146347046 2.441901922225952 0.0 1.3195802145412137 0.4102723300457001 0.0
187 1.231244444847107 1.8238543634053586 3.444244146347046 2.441901922225952 0.0 1.3260836805488143 0.40870678424835205 0.0
188 1.231244444847107 1.8238543634053586 3.444244146347046 2.441901922225952 0.0 1.3260836805488143 0.40870678424835205 0.0
189 1.231244444847107 1.8238543634053586 3.444244146347046 2.441901922225952 0.0 1.3260836805488143 0.40870678424835205 0.0
190 1.231244444847107 1.8238543634053586 3.444244146347046 2.441901922225952 0.0 1.3260836805488143 0.40870678424835205 0.0
191 1.231244444847107 1.8238543634053586 3.444244146347046 2.441901922225952 0.0 1.3260836805488143 0.40870678424835205 0.0
192 1.231244444847107 1.8238543634053586 3.444244146347046 2.441901922225952 0.0 1.3260836805488143 0.40870678424835205 0.0
193 1.231244444847107 1.8232931768024183 3.444244146347046 2.441901922225952 0.0 1.3270480275161156 0.4084734320640564 0.0
194 1.231244444847107 1.8232931768024183 3.444244146347046 2.441901922225952 0.0 1.3270480275161156 0.4084734320640564 0.0
195 1.231244444847107 1.8232931768024183 3.444244146347046 2.441901922225952 0.0 1.3270480275161156 0.4084734320640564 0.0
196 1.231244444847107 1.8232931768024183 3.444244146347046 2.441901922225952 0.0 1.3270480275161156 0.4084734320640564 0.0
197 1.231244444847107 1.8232931768024183 3.444244146347046 2.441901922225952 0.0 1.3270480275161156 0.4084734320640564 0.0
198 1.231244444847107 1.8232931768024183 3.444244146347046 2.441901922225952 0.0 1.3270480275161156 0.4084734320640564 0.0
199 1.231244444847107 1.8232931768024183 3.444244146347046 2.441901922225952 0.0 1.3270480275161156 0.4084734320640564 0.0
200 1.231244444847107 1.8232931768024183 3.444244146347046 2.441901922225952 0.0 1.3270480275161156 0.4084734320640564 0.0
201 1.231244444847107 1.8219853841909284 3.444244146347046 2.441901922225952 0.0 1.3293290157724325 0.40792009234428406 0.0
202 1.231244444847107 1.8257442956498993 3.444244146347046 2.441901922225952 0.0 1.3311730122353476 0.4083680510520935 0.0
203 1.231244444847107 1.8246662879835591 3.444244146347046 2.441901922225952 0.0 1.3304786918531073 0.40819936990737915 0.0
204 1.231244444847107 1.8246662879835591 3.444244146347046 2.441901922225952 0.0 1.3304786918531073 0.40819936990737915 0.0
205 1.231244444847107 1.8246662879835591 3.444244146347046 2.441901922225952 0.0 1.3304786918531073 0.40819936990737915 0.0
206 1.231244444847107 1.8246662879835591 3.444244146347046 2.441901922225952 0.0 1.3304786918531073 0.40819936990737915 0.0
207 1.231244444847107 1.8246662879835591 3.444244146347046 2.441901922225952 0.0 1.3304786918531073 0.40819936990737915 0.0
208 1.231244444847107 1.8246662879835591 3.444244146347046 2.441901922225952 0.0 1.3304786918531073 0.40819936990737915 0.0
209 1.231244444847107 1.8246662879835591 3.444244146347046 2.441901922225952 0.0 1.3304786918531073 0.40819936990737915 0.0
210 1.231244444847107 1.8246662879835591 3.444244146347046 2.441901922225952 0.0 1.3304786918531073 0.40819936990737915 0.0
211 1.231244444847107 1.8246662879835591 3.444244146347046 2.441901922225952 0.0 1.3304786918531073 0.40819936990737915 0.0
212 1.231244444847107 1.8192403046875933 3.444244146347046 2.441901922225952 0.0 1.3279839427925515 0.40759342908859253 0.0
213 1.231244444847107 1.8192403046875933 3.444244146347046 2.441901922225952 0.0 1.3279839427925515 0.40759342908859253 0.0
214 1.231244444847107 1.8192403046875933 3.444244146347046 2.441901922225952 0.0 1.3279839427925515 0.40759342908859253 0.0
215 1.231244444847107 1.8192403046875933 3.444244146347046 2.441901922225952 0.0 1.3279839427925515 0.40759342908859253 0.0
216 1.231244444847107 1.8192403046875933 3.444244146347046 2.441901922225952 0.0 1.3279839427925515 0.40759342908859253 0.0
217 1.231244444847107 1.8192403046875933 3.444244146347046 2.441901922225952 0.0 1.3279839427925515 0.40759342908859253 0.0
218 1.231244444847107 1.8192403046875933 3.444244146347046 2.441901922225952 0.0 1.3279839427925515 0.40759342908859253 0.0
219 1.231244444847107 1.8192403046875933 3.444244146347046 2.441901922225952 0.0 1.3279839427925515 0.40759342908859253 0.0
220 1.231244444847107 1.8192403046875933 3.444244146347046 2.441901922225952 0.0 1.3279839427925515 0.40759342908859253 0.0
221 1.231244444847107 1.8192403046875933 3.444244146347046 2.441901922225952 0.0 1.3279839427925515 0.40759342908859253 0.0
222 1.231244444847107 1.8192403046875933 3.444244146347046 2.441901922225952 0.0 1.3279839427925515 0.40759342908859253 0.0
223 1.231244444847107 1.8192403046875933 3.444244146347046 2.441901922225952 0.0 1.3279839427925515 0.40759342908859253 0.0
224 1.231244444847107 1.8192403046875933 3.444244146347046 2.441901922225952 0.0 1.3279839427925515 0.40759342908859253 0.0
225 1.231244444847107 1.8192120687750617 3.444244146347046 2.441901922225952 0.0 1.3279654312127878 0.4075889587402344 0.0
226 1.231244444847107 1.8192120687750617 3.444244146347046 2.441901922225952 0.0 1.3279654312127878 0.4075889587402344 0.0
227 1.231244444847107 1.8192120687750617 3.444244146347046 2.441901922225952 0.0 1.3279654312127878 0.4075889587402344 0.0
228 1.231244444847107 1.8192120687750617 3.444244146347046 2.441901922225952 0.0 1.3279654312127878 0.4075889587402344 0.0
229 1.231244444847107 1.8192120687750617 3.444244146347046 2.441901922225952 0.0 1.3279654312127878 0.4075889587402344 0.0
230 1.231244444847107 1.8192120687750617 3.444244146347046 2.441901922225952 0.0 1.3279654312127878 0.4075889587402344 0.0
231 1.231244444847107 1.8192120687750617 3.444244146347046 2.441901922225952 0.0 1.3279654312127878 0.4075889587402344 0.0
232 1.231244444847107 1.8192120687750617 3.444244146347046 2.441901922225952 0.0 1.3279654312127878 0.4075889587402344 0.0
233 1.231244444847107 1.8192120687750617 3.444244146347046 2.441901922225952 0.0 1.3279654312127878 0.4075889587402344 0.0
234 1.231244444847107 1.8192120687750617 3.444244146347046 2.441901922225952 0.0 1.3279654312127878 0.4075889587402344 0.0
235 1.231244444847107 1.8192120687750617 3.444244146347046 2.441901922225952 0.0 1.3279654312127878 0.4075889587402344 0.0
236 1.231244444847107 1.8192120687750617 3.444244146347046 2.441901922225952 0.0 1.3279654312127878 0.4075889587402344 0.0
237 1.231244444847107 1.8192120687750617 3.444244146347046 2.441901922225952 0.0 1.3279654312127878 0.4075889587402344 0.0
238 1.231244444847107 1.8192120687750617 3.444244146347046 2.441901922225952 0.0 1.3279654312127878 0.4075889587402344 0.0
239 1.231244444847107 1.8192120687750617 3.444244146347046 2.441901922225952 0.0 1.3279654312127878 0.4075889587402344 0.0
240 1.231244444847107 1.8192120687750617 3.444244146347046 2.441901922225952 0.0 1.3279654312127878 0.4075889587402344 0.0
241 1.231244444847107 1.8192120687750617 3.444244146347046 2.441901922225952 0.0 1.3279654312127878 0.4075889587402344 0.0
242 1.231244444847107 1.8192120687750617 3.444244146347046 2.441901922225952 0.0 1.3279654312127878 0.4075889587402344 0.0
243 1.231244444847107 1.82004059360411 3.444244146347046 2.441901922225952 0.0 1.3265152886036402 0.4079407751560211 0.0
244 1.231244444847107 1.82004059360411 3.444244146347046 2.441901922225952 0.0 1.3265152886036402 0.4079407751560211 0.0
245 1.231244444847107 1.8207113291629093 3.444244146347046 2.441901922225952 0.0 1.3269663950052646 0.4080501198768616 0.0
246 1.231244444847107 1.8207113291629093 3.444244146347046 2.441901922225952 0.0 1.3269663950052646 0.4080501198768616 0.0
247 1.231244444847107 1.8207113291629093 3.444244146347046 2.441901922225952 0.0 1.3269663950052646 0.4080501198768616 0.0
248 1.231244444847107 1.8207113291629093 3.444244146347046 2.441901922225952 0.0 1.3269663950052646 0.4080501198768616 0.0
249 1.231244444847107 1.8242182114833663 3.444244146347046 2.441901922225952 0.0 1.3210357526617436 0.40948179364204407 0.0
250 1.231244444847107 1.8242182114833663 3.444244146347046 2.441901922225952 0.0 1.3210357526617436 0.40948179364204407 0.0
251 1.231244444847107 1.8242182114833663 3.444244146347046 2.441901922225952 0.0 1.3210357526617436 0.40948179364204407 0.0
252 1.231244444847107 1.8242182114833663 3.444244146347046 2.441901922225952 0.0 1.3210357526617436 0.40948179364204407 0.0
253 1.231244444847107 1.8220396580676632 3.444244146347046 2.441901922225952 0.0 1.3199586366803062 0.409222811460495 0.0
254 1.231244444847107 1.8220396580676632 3.444244146347046 2.441901922225952 0.0 1.3199586366803062 0.409222811460495 0.0
255 1.231244444847107 1.8224340070421223 3.444244146347046 2.441901922225952 0.0 1.3202367202748628 0.4092896580696106 0.0
256 1.231244444847107 1.8224340070421223 3.444244146347046 2.441901922225952 0.0 1.3202367202748628 0.4092896580696106 0.0
257 1.231244444847107 1.8224340070421223 3.444244146347046 2.441901922225952 0.0 1.3202367202748628 0.4092896580696106 0.0
258 1.231244444847107 1.8224340070421223 3.444244146347046 2.441901922225952 0.0 1.3202367202748628 0.4092896580696106 0.0
259 1.231244444847107 1.6395520553364085 3.444244146347046 2.441901922225952 0.0 1.2601519668690089 0.39492037892341614 0.0
260 1.231244444847107 1.6227868133180383 3.444244146347046 2.441901922225952 0.0 1.2896594802955514 0.3877559006214142 0.0
261 1.231244444847107 1.619966241371697 3.444244146347046 2.441901922225952 0.0 1.2892000332139175 0.3876420259475708 0.0
262 1.231244444847107 1.6292626599661528 3.444244146347046 2.441901922225952 0.0 1.271920397123726 0.3918732702732086 0.0
263 1.231244444847107 1.6274693708715917 3.444244146347046 2.441901922225952 0.0 1.2717466936857158 0.3918312191963196 0.0
264 1.231244444847107 1.6274693708715917 3.444244146347046 2.441901922225952 0.0 1.2717466936857158 0.3918312191963196 0.0
265 1.231244444847107 1.6274693708715917 3.444244146347046 2.441901922225952 0.0 1.2717466936857158 0.3918312191963196 0.0
266 1.231244444847107 1.6016704822205687 3.444244146347046 2.441901922225952 0.0 1.2836093002091502 0.3876405358314514 0.0
267 1.231244444847107 1.6044427374303645 3.444244146347046 2.441901922225952 0.0 1.278353801768993 0.3889327347278595 0.0
268 1.231244444847107 1.6044427374303645 3.444244146347046 2.441901922225952 0.0 1.278353801768993 0.3889327347278595 0.0
269 1.231244444847107 1.6044427374303645 3.444244146347046 2.441901922225952 0.0 1.278353801768993 0.3889327347278595 0.0
270 1.231244444847107 1.6099134956961385 3.444244146347046 2.441901922225952 0.0 1.2791021298552925 0.3891160488128662 0.0
271 1.231244444847107 1.6203808393510464 3.444244146347046 2.441901922225952 0.0 1.2397896995608033 0.3795137405395508 0.0
272 1.231244444847107 1.6203808393510464 3.444244146347046 2.441901922225952 0.0 1.2397896995608033 0.3795137405395508 0.0
273 1.231244444847107 1.6203808393510464 3.444244146347046 2.441901922225952 0.0 1.2397896995608033 0.3795137405395508 0.0
274 1.231244444847107 1.6203808393510464 3.444244146347046 2.441901922225952 0.0 1.2397896995608033 0.3795137405395508 0.0
275 1.231244444847107 1.6203808393510464 3.444244146347046 2.441901922225952 0.0 1.2397896995608033 0.3795137405395508 0.0
276 1.231244444847107 1.6203808393510464 3.444244146347046 2.441901922225952 0.0 1.2397896995608033 0.3795137405395508 0.0
277 1.231244444847107 1.6203808393510464 3.444244146347046 2.441901922225952 0.0 1.2397896995608033 0.3795137405395508 0.0
278 1.231244444847107 1.6203808393510464 3.444244146347046 2.441901922225952 0.0 1.2397896995608033 0.3795137405395508 0.0
279 1.231244444847107 1.6208344717682872 3.444244146347046 2.441901922225952 0.0 1.2398489832155692 0.3795281648635864 0.0
280 1.231244444847107 1.6208344717682872 3.444244146347046 2.441901922225952 0.0 1.2398489832155692 0.3795281648635864 0.0
281 1.231244444847107 1.6208344717682872 3.444244146347046 2.441901922225952 0.0 1.2398489832155692 0.3795281648635864 0.0
282 1.231244444847107 1.6208344717682872 3.444244146347046 2.441901922225952 0.0 1.2398489832155692 0.3795281648635864 0.0
283 1.231244444847107 1.6208344717682872 3.444244146347046 2.441901922225952 0.0 1.2398489832155692 0.3795281648635864 0.0
284 1.231244444847107 1.6245157980329485 3.444244146347046 2.441901922225952 0.0 1.232738452452858 0.381243497133255 0.0
285 1.231244444847107 1.6245157980329485 3.444244146347046 2.441901922225952 0.0 1.232738452452858 0.381243497133255 0.0
286 1.231244444847107 1.6245157980329485 3.444244146347046 2.441901922225952 0.0 1.232738452452858 0.381243497133255 0.0
287 1.231244444847107 1.6245157980329485 3.444244146347046 2.441901922225952 0.0 1.232738452452858 0.381243497133255 0.0
288 1.231244444847107 1.6245157980329485 3.444244146347046 2.441901922225952 0.0 1.232738452452858 0.381243497133255 0.0
289 1.231244444847107 1.6245157980329485 3.444244146347046 2.441901922225952 0.0 1.232738452452858 0.381243497133255 0.0
290 1.231244444847107 1.6245157980329485 3.444244146347046 2.441901922225952 0.0 1.232738452452858 0.381243497133255 0.0
291 1.231244444847107 1.6169650750915998 3.444244146347046 2.441901922225952 0.0 1.2473161040843253 0.37769266963005066 0.0
292 1.231244444847107 1.6175926515812962 3.444244146347046 2.441901922225952 0.0 1.2473996572919697 0.37771323323249817 0.0
293 1.231244444847107 1.6175926515812962 3.444244146347046 2.441901922225952 0.0 1.2473996572919697 0.37771323323249817 0.0
294 1.231244444847107 1.6192035036861117 3.444244146347046 2.441901922225952 0.0 1.2441296309907819 0.3785162568092346 0.0
295 1.231244444847107 1.6184398789135503 3.444244146347046 2.441901922225952 0.0 1.2440279934768337 0.3784913718700409 0.0
296 1.231244444847107 1.6184398789135503 3.444244146347046 2.441901922225952 0.0 1.2440279934768337 0.3784913718700409 0.0
297 1.231244444847107 1.6184398789135503 3.444244146347046 2.441901922225952 0.0 1.2440279934768337 0.3784913718700409 0.0
298 1.231244444847107 1.6184398789135503 3.444244146347046 2.441901922225952 0.0 1.2440279934768337 0.3784913718700409 0.0
299 1.231244444847107 1.619111115121926 3.444244146347046 2.441901922225952 0.0 1.2441171823804504 0.3785132169723511 0.0
300 1.231244444847107 1.619111115121926 3.444244146347046 2.441901922225952 0.0 1.2441171823804504 0.3785132169723511 0.0
301 1.231244444847107 1.619111115121926 3.444244146347046 2.441901922225952 0.0 1.2441171823804504 0.3785132169723511 0.0
302 1.231244444847107 1.619111115121926 3.444244146347046 2.441901922225952 0.0 1.2441171823804504 0.3785132169723511 0.0
303 1.231244444847107 1.619111115121926 3.444244146347046 2.441901922225952 0.0 1.2441171823804504 0.3785132169723511 0.0
304 1.231244444847107 1.6168563063286499 3.444244146347046 2.441901922225952 0.0 1.2438440923195873 0.3784463107585907 0.0
305 1.231244444847107 1.6156027795648558 3.444244146347046 2.441901922225952 0.0 1.246377610967926 0.377824604511261 0.0
306 1.231244444847107 1.6156027795648558 3.444244146347046 2.441901922225952 0.0 1.246377610967926 0.377824604511261 0.0
307 1.231244444847107 1.6156027795648558 3.444244146347046 2.441901922225952 0.0 1.246377610967926 0.377824604511261 0.0
308 1.231244444847107 1.6156027795648558 3.444244146347046 2.441901922225952 0.0 1.246377610967926 0.377824604511261 0.0
309 1.231244444847107 1.6156027795648558 3.444244146347046 2.441901922225952 0.0 1.246377610967926 0.377824604511261 0.0
310 1.231244444847107 1.6156027795648558 3.444244146347046 2.441901922225952 0.0 1.246377610967926 0.377824604511261 0.0
311 1.231244444847107 1.6156027795648558 3.444244146347046 2.441901922225952 0.0 1.246377610967926 0.377824604511261 0.0
312 1.231244444847107 1.6154221993408868 3.444244146347046 2.441901922225952 0.0 1.2463533356094296 0.37781864404678345 0.0
313 1.231244444847107 1.6123867165641683 3.444244146347046 2.441901922225952 0.0 1.2527352619350371 0.37624213099479675 0.0
314 1.231244444847107 1.6117587669165638 3.444244146347046 2.441901922225952 0.0 1.2526534014455817 0.37622180581092834 0.0
315 1.231244444847107 1.62893449854051 3.444244146347046 2.441901922225952 0.0 1.220477528176012 0.38402342796325684 0.0
316 1.231244444847107 1.62893449854051 3.444244146347046 2.441901922225952 0.0 1.220477528176012 0.38402342796325684 0.0
317 1.231244444847107 1.62893449854051 3.444244146347046 2.441901922225952 0.0 1.220477528176012 0.38402342796325684 0.0
318 1.231244444847107 1.62893449854051 3.444244146347046 2.441901922225952 0.0 1.220477528176012 0.38402342796325684 0.0
319 1.231244444847107 1.62893449854051 3.444244146347046 2.441901922225952 0.0 1.220477528176012 0.38402342796325684 0.0
320 1.231244444847107 1.62893449854051 3.444244146347046 2.441901922225952 0.0 1.220477528176012 0.38402342796325684 0.0
321 1.231244444847107 1.6222166600673569 3.444244146347046 2.441901922225952 0.0 1.2320311489549238 0.38126370310783386 0.0
322 1.231244444847107 1.6222166600673569 3.444244146347046 2.441901922225952 0.0 1.2320311489549238 0.38126370310783386 0.0
323 1.231244444847107 1.6222166600673569 3.444244146347046 2.441901922225952 0.0 1.2320311489549238 0.38126370310783386 0.0
324 1.231244444847107 1.6222166600673569 3.444244146347046 2.441901922225952 0.0 1.2320311489549238 0.38126370310783386 0.0
325 1.231244444847107 1.6227787589745732 3.444244146347046 2.441901922225952 0.0 1.2321060454579895 0.3812817633152008 0.0
326 1.231244444847107 1.6227787589745732 3.444244146347046 2.441901922225952 0.0 1.2321060454579895 0.3812817633152008 0.0
327 1.231244444847107 1.6227787589745732 3.444244146347046 2.441901922225952 0.0 1.2321060454579895 0.3812817633152008 0.0
328 1.231244444847107 1.6250901576999799 3.444244146347046 2.441901922225952 0.0 1.2324378916095142 0.3813616931438446 0.0
329 1.231244444847107 1.6228971499690907 3.444244146347046 2.441901922225952 0.0 1.2321220663127712 0.3812856078147888 0.0
330 1.231244444847107 1.6228971499690907 3.444244146347046 2.441901922225952 0.0 1.2321220663127712 0.3812856078147888 0.0
331 1.231244444847107 1.6228971499690907 3.444244146347046 2.441901922225952 0.0 1.2321220663127712 0.3812856078147888 0.0
332 1.231244444847107 1.6228971499690907 3.444244146347046 2.441901922225952 0.0 1.2321220663127712 0.3812856078147888 0.0
333 1.231244444847107 1.6235547971162396 3.444244146347046 2.441901922225952 0.0 1.2322133344304635 0.38130760192871094 0.0
334 1.231244444847107 1.6235547971162396 3.444244146347046 2.441901922225952 0.0 1.2322133344304635 0.38130760192871094 0.0
335 1.231244444847107 1.6235547971162396 3.444244146347046 2.441901922225952 0.0 1.2322133344304635 0.38130760192871094 0.0
336 1.231244444847107 1.6235547971162396 3.444244146347046 2.441901922225952 0.0 1.2322133344304635 0.38130760192871094 0.0
337 1.231244444847107 1.6235547971162396 3.444244146347046 2.441901922225952 0.0 1.2322133344304635 0.38130760192871094 0.0
338 1.231244444847107 1.6235547971162396 3.444244146347046 2.441901922225952 0.0 1.2322133344304635 0.38130760192871094 0.0
339 1.231244444847107 1.6235547971162396 3.444244146347046 2.441901922225952 0.0 1.2322133344304635 0.38130760192871094 0.0
340 1.231244444847107 1.6235547971162396 3.444244146347046 2.441901922225952 0.0 1.2322133344304635 0.38130760192871094 0.0
341 1.231244444847107 1.621378459221788 3.444244146347046 2.441901922225952 0.0 1.2319246246215627 0.38123807311058044 0.0
342 1.231244444847107 1.621378459221788 3.444244146347046 2.441901922225952 0.0 1.2319246246215627 0.38123807311058044 0.0
343 1.231244444847107 1.619061339210618 3.444244146347046 2.441901922225952 0.0 1.2361844102376753 0.38020890951156616 0.0
344 1.231244444847107 1.619061339210618 3.444244146347046 2.441901922225952 0.0 1.2361844102376753 0.38020890951156616 0.0
345 1.231244444847107 1.6280351230553152 3.444244146347046 2.441901922225952 0.0 1.2418214184684437 0.37955793738365173 0.0
346 1.231244444847107 1.6280351230553152 3.444244146347046 2.441901922225952 0.0 1.2418214184684437 0.37955793738365173 0.0
347 1.231244444847107 1.6280351230553152 3.444244146347046 2.441901922225952 0.0 1.2418214184684437 0.37955793738365173 0.0
348 1.231244444847107 1.6297312607967727 3.444244146347046 2.441901922225952 0.0 1.2420389197172081 0.37961098551750183 0.0
349 1.231244444847107 1.6297312607967727 3.444244146347046 2.441901922225952 0.0 1.2420389197172081 0.37961098551750183 0.0
350 1.231244444847107 1.6297312607967727 3.444244146347046 2.441901922225952 0.0 1.2420389197172081 0.37961098551750183 0.0
351 1.231244444847107 1.6261662016320653 3.444244146347046 2.441901922225952 0.0 1.2492233748036663 0.37784966826438904 0.0
352 1.231244444847107 1.6261662016320653 3.444244146347046 2.441901922225952 0.0 1.2492233748036663 0.37784966826438904 0.0
353 1.231244444847107 1.6261662016320653 3.444244146347046 2.441901922225952 0.0 1.2492233748036663 0.37784966826438904 0.0
354 1.231244444847107 1.6299567080407045 3.444244146347046 2.441901922225952 0.0 1.241599103176532 0.3797181248664856 0.0
355 1.231244444847107 1.6299567080407045 3.444244146347046 2.441901922225952 0.0 1.241599103176532 0.3797181248664856 0.0
356 1.231244444847107 1.622842070035368 3.444244146347046 2.441901922225952 0.0 1.2465414084015007 0.37821313738822937 0.0
357 1.231244444847107 1.622842070035368 3.444244146347046 2.441901922225952 0.0 1.2465414084015007 0.37821313738822937 0.0
358 1.231244444847107 1.631789107724587 3.444244146347046 2.441901922225952 0.0 1.2496549611351102 0.3789781332015991 0.0
359 1.231244444847107 1.631789107724587 3.444244146347046 2.441901922225952 0.0 1.2496549611351102 0.3789781332015991 0.0
360 1.231244444847107 1.631789107724587 3.444244146347046 2.441901922225952 0.0 1.2496549611351102 0.3789781332015991 0.0
361 1.231244444847107 1.631789107724587 3.444244146347046 2.441901922225952 0.0 1.2496549611351102 0.3789781332015991 0.0
362 1.231244444847107 1.631789107724587 3.444244146347046 2.441901922225952 0.0 1.2496549611351102 0.3789781332015991 0.0
363 1.231244444847107 1.631789107724587 3.444244146347046 2.441901922225952 0.0 1.2496549611351102 0.3789781332015991 0.0
364 1.231244444847107 1.631789107724587 3.444244146347046 2.441901922225952 0.0 1.2496549611351102 0.3789781332015991 0.0
365 1.231244444847107 1.631789107724587 3.444244146347046 2.441901922225952 0.0 1.2496549611351102 0.3789781332015991 0.0
366 1.231244444847107 1.6359713074090232 3.444244146347046 2.441901922225952 0.0 1.2414115261274299 0.38099220395088196 0.0
367 1.231244444847107 1.6359713074090232 3.444244146347046 2.441901922225952 0.0 1.2414115261274299 0.38099220395088196 0.0
368 1.231244444847107 1.634705312968365 3.444244146347046 2.441901922225952 0.0 1.2412281883385596 0.38094767928123474 0.0
369 1.231244444847107 1.634705312968365 3.444244146347046 2.441901922225952 0.0 1.2412281883385596 0.38094767928123474 0.0
370 1.231244444847107 1.634705312968365 3.444244146347046 2.441901922225952 0.0 1.2412281883385596 0.38094767928123474 0.0
371 1.231244444847107 1.634705312968365 3.444244146347046 2.441901922225952 0.0 1.2412281883385596 0.38094767928123474 0.0
372 1.231244444847107 1.634705312968365 3.444244146347046 2.441901922225952 0.0 1.2412281883385596 0.38094767928123474 0.0
373 1.231244444847107 1.634705312968365 3.444244146347046 2.441901922225952 0.0 1.2412281883385596 0.38094767928123474 0.0
374 1.231244444847107 1.634705312968365 3.444244146347046 2.441901922225952 0.0 1.2412281883385596 0.38094767928123474 0.0
375 1.231244444847107 1.634705312968365 3.444244146347046 2.441901922225952 0.0 1.2412281883385596 0.38094767928123474 0.0
376 1.231244444847107 1.634705312968365 3.444244146347046 2.441901922225952 0.0 1.2412281883385596 0.38094767928123474 0.0
377 1.231244444847107 1.634705312968365 3.444244146347046 2.441901922225952 0.0 1.2412281883385596 0.38094767928123474 0.0
378 1.231244444847107 1.634705312968365 3.444244146347046 2.441901922225952 0.0 1.2412281883385596 0.38094767928123474 0.0
379 1.231244444847107 1.634705312968365 3.444244146347046 2.441901922225952 0.0 1.2412281883385596 0.38094767928123474 0.0
380 1.231244444847107 1.6375538706998882 3.444244146347046 2.441901922225952 0.0 1.2359352002540855 0.38222816586494446 0.0
381 1.231244444847107 1.6375538706998882 3.444244146347046 2.441901922225952 0.0 1.2359352002540855 0.38222816586494446 0.0
382 1.231244444847107 1.6375538706998882 3.444244146347046 2.441901922225952 0.0 1.2359352002540855 0.38222816586494446 0.0
383 1.231244444847107 1.6375538706998882 3.444244146347046 2.441901922225952 0.0 1.2359352002540855 0.38222816586494446 0.0
384 1.231244444847107 1.6375538706998882 3.444244146347046 2.441901922225952 0.0 1.2359352002540855 0.38222816586494446 0.0
385 1.231244444847107 1.6285139308172585 3.444244146347046 2.441901922225952 0.0 1.2536476402993504 0.3779042363166809 0.0
386 1.231244444847107 1.6284929244940243 3.444244146347046 2.441901922225952 0.0 1.2536445601526367 0.37790346145629883 0.0
387 1.231244444847107 1.623149826970346 3.444244146347046 2.441901922225952 0.0 1.252922948321095 0.3777250647544861 0.0
388 1.231244444847107 1.623149826970346 3.444244146347046 2.441901922225952 0.0 1.252922948321095 0.3777250647544861 0.0
389 1.231244444847107 1.6331547217564462 3.444244146347046 2.441901922225952 0.0 1.23351749443089 0.3824559450149536 0.0
390 1.231244444847107 1.6331547217564462 3.444244146347046 2.441901922225952 0.0 1.23351749443089 0.3824559450149536 0.0
391 1.231244444847107 1.6331547217564462 3.444244146347046 2.441901922225952 0.0 1.23351749443089 0.3824559450149536 0.0
392 1.231244444847107 1.6331547217564462 3.444244146347046 2.441901922225952 0.0 1.23351749443089 0.3824559450149536 0.0
393 1.231244444847107 1.6331547217564462 3.444244146347046 2.441901922225952 0.0 1.23351749443089 0.3824559450149536 0.0
394 1.231244444847107 1.6262245356462353 3.444244146347046 2.441901922225952 0.0 1.2466020621280092 0.379280686378479 0.0
395 1.231244444847107 1.6262245356462353 3.444244146347046 2.441901922225952 0.0 1.2466020621280092 0.379280686378479 0.0
396 1.231244444847107 1.6262245356462353 3.444244146347046 2.441901922225952 0.0 1.2466020621280092 0.379280686378479 0.0
397 1.231244444847107 1.6262245356462353 3.444244146347046 2.441901922225952 0.0 1.2466020621280092 0.379280686378479 0.0
398 1.231244444847107 1.6262245356462353 3.444244146347046 2.441901922225952 0.0 1.2466020621280092 0.379280686378479 0.0
399 1.231244444847107 1.6262245356462353 3.444244146347046 2.441901922225952 0.0 1.2466020621280092 0.379280686378479 0.0
400 1.231244444847107 1.6262245356462353 3.444244146347046 2.441901922225952 0.0 1.2466020621280092 0.379280686378479 0.0
