init 0.6525496244430542 2.322901139755947 3.4484758377075195 1.7090167999267578 0.0 0.0 0.0 0.0
1 0.6686277985572815 2.1394635826583244 3.4438741207122803 1.7321194410324097 0.21808703243732452 0.681359162415762 0.3151686489582062 0.11537370085716248
2 0.6497067809104919 2.121544040474598 3.4501454830169678 1.7204694747924805 0.2192079722881317 1.5825532636123443 0.5078793168067932 0.16536597907543182
3 0.6732441782951355 2.354707280207982 3.4798150062561035 1.7579132318496704 0.29867738485336304 2.1074418699450987 0.6733155846595764 0.32270482182502747
4 0.75776606798172 2.5187491723638633 3.4627737998962402 1.8365452289581299 0.3731047213077545 2.525574713901395 0.7802883982658386 0.6511426568031311
5 0.7378465533256531 2.436099745688345 3.465808391571045 1.8297407627105713 0.3532629907131195 2.4191929159825656 0.7418111562728882 0.6298335790634155
6 0.6767073273658752 2.387804653417902 3.4383277893066406 1.8269283771514893 0.32403621077537537 2.4943232928296957 0.8758156299591064 0.6315457224845886
7 0.6776482462882996 2.2352739617975512 3.436899185180664 1.7125113010406494 0.3244933485984802 2.1915695224561507 0.8389416337013245 0.9356212019920349
8 0.7092913389205933 2.2127272024936793 3.4421637058258057 1.7261483669281006 0.3234855532646179 2.142620455724149 0.8959347605705261 0.9500656723976135
9 0.7085474133491516 2.2078554721787613 3.4429070949554443 1.6882128715515137 0.32019010186195374 2.1336072043621312 0.9070956707000732 1.0110788345336914
10 0.7069832682609558 2.2088152001577526 3.4445207118988037 1.6908671855926514 0.32450491189956665 2.1333728626910307 0.9121069312095642 1.015081763267517
11 0.7069832682609558 2.2065458346252265 3.4442965984344482 1.6908671855926514 0.32450491189956665 2.134169159537951 0.9138082265853882 1.015081763267517
12 0.7179262638092041 2.1771415052725382 3.4329559803009033 1.721555471420288 0.2597043216228485 2.084555923532507 0.912855327129364 0.9000436067581177
13 0.6881822347640991 2.25185983630674 3.4247171878814697 1.727431297302246 0.2219558209180832 2.2586629765018955 0.9226495027542114 0.8954981565475464
14 0.6972734332084656 2.296669466335143 3.440570831298828 1.7425940036773682 0.24922288954257965 2.308114267309671 0.9751148223876953 0.8965756893157959
15 0.6947425603866577 2.3012245561522304 3.4354004859924316 1.736372709274292 0.24361355602741241 2.3206636692475913 0.9715709686279297 0.8979653120040894
16 0.6949772834777832 2.2926014762893656 3.433915138244629 1.7388874292373657 0.24929983913898468 2.315481677157985 0.9764147400856018 0.9037249088287354
17 0.6941099762916565 2.2970936968960087 3.435105800628662 1.740346074104309 0.24611331522464752 2.3211794009931443 0.9611623287200928 0.9035722613334656
18 0.6933054327964783 2.3025728562942676 3.4334568977355957 1.7399721145629883 0.24386641383171082 2.318631174071466 0.9592520594596863 0.9029607772827148
19 0.6909053921699524 2.3048183114602936 3.4306206703186035 1.7405946254730225 0.24011172354221344 2.3143715281859167 0.9586976766586304 0.903769850730896
20 0.683333694934845 2.307107245869534 3.426612615585327 1.7446553707122803 0.23858751356601715 2.307261302158635 0.9780202507972717 0.9022129774093628
21 0.6930177807807922 2.269436096952774 3.4282641410827637 1.7294706106185913 0.23677706718444824 2.250543496648593 0.9687267541885376 0.882927417755127
22 0.6944917440414429 2.26955473645923 3.4290740489959717 1.7308279275894165 0.23854520916938782 2.2518451282546774 0.9786624908447266 0.8827822804450989
23 0.6968414187431335 2.2700188278752846 3.428739547729492 1.7309510707855225 0.24206025898456573 2.2534653383978225 0.9747036695480347 0.8819880485534668
24 0.693274199962616 2.270617088566407 3.4282991886138916 1.7305883169174194 0.23834270238876343 2.25529626653184 0.9828787446022034 0.88421630859375
25 0.693274199962616 2.270617088566407 3.4021425247192383 1.7305883169174194 0.23834270238876343 2.25529626653184 1.0134103298187256 0.88421630859375
26 0.6938372254371643 2.2667990702736165 3.3980185985565186 1.7292389869689941 0.1864551454782486 2.2274788258810765 0.9761776328086853 0.8862808346748352
27 0.7025889158248901 2.2709731402273694 3.4010839462280273 1.7292431592941284 0.19309423863887787 2.2346313977849612 0.9839671850204468 0.8885417580604553
28 0.6966449022293091 2.2626084602551244 3.406153440475464 1.7343522310256958 0.2056465744972229 2.2301508888751322 0.9899427890777588 0.8848248720169067
29 0.6935536861419678 2.2660878756091947 3.409550905227661 1.7294080257415771 0.21148079633712769 2.2486766940057255 0.9865058064460754 0.8791636228561401
30 0.693474292755127 2.2614165068815764 3.4103925228118896 1.7628625631332397 0.20975631475448608 2.2404636754263754 0.9747968316078186 0.8078705072402954
31 0.6933906078338623 2.261457542191653 3.4102649688720703 1.7627294063568115 0.20946449041366577 2.240422246842034 0.9746381640434265 0.8077762126922607
32 0.6908301115036011 2.24396636720617 3.449821710586548 1.7650871276855469 0.20732784271240234 2.247096683277438 0.8769392967224121 0.807719349861145
33 0.6907567977905273 2.246877161492162 3.4504482746124268 1.7687063217163086 0.21337567269802094 2.2537533047688267 0.8838428854942322 0.8078857660293579
34 0.6924186944961548 2.2601174858428688 3.4500813484191895 1.7680329084396362 0.2160125970840454 2.255919952182087 0.8845393657684326 0.8077039122581482
35 0.6924186944961548 2.2601174858428688 3.449854850769043 1.7680329084396362 0.2160125970840454 2.255919952182087 0.8924619555473328 0.8077039122581482
36 0.6927228569984436 2.254889039218023 3.449312925338745 1.758812427520752 0.21696481108665466 2.2569601097665126 0.9007757306098938 0.8187976479530334
37 0.6929261088371277 2.2444394466533955 3.449469566345215 1.7590914964675903 0.21792496740818024 2.1982874762292997 0.891034722328186 0.819459855556488
38 0.6956045031547546 2.2421433633081187 3.4508345127105713 1.7596226930618286 0.2191532552242279 2.1942172250930625 0.8908631205558777 0.820763885974884
39 0.6946481466293335 2.2431477243207993 3.4434900283813477 1.7596056461334229 0.21932198107242584 2.1969795202517632 0.9035905003547668 0.8207368850708008
40 0.6980710625648499 2.2481634870930485 3.4427947998046875 1.7599530220031738 0.21296024322509766 2.1984741720780057 0.9213804602622986 0.8246745467185974
41 0.6983838081359863 2.247731751148935 3.442784309387207 1.7443269491195679 0.21368040144443512 2.19766746974069 0.9257802367210388 0.8262760639190674
42 0.6981749534606934 2.2469170655981925 3.437566041946411 1.7442415952682495 0.21324966847896576 2.198035909969636 0.9407426118850708 0.8259690999984741
43 0.698127806186676 2.246084124951099 3.4379360675811768 1.744963526725769 0.21416495740413666 2.197058209415181 0.9391725063323975 0.8244487047195435
44 0.694919764995575 2.249389545937478 3.434009075164795 1.7341636419296265 0.21373513340950012 2.2029538839193874 0.9403336048126221 0.8282389044761658
45 0.6951509118080139 2.2494166976387855 3.433774948120117 1.744178295135498 0.21346315741539001 2.202884452408656 0.9382844567298889 0.796123206615448
46 0.6910765767097473 2.2416473719798327 3.422306776046753 1.7440943717956543 0.21232891082763672 2.2031903094355374 0.9591496586799622 0.7961196899414063
47 0.6876487731933594 2.2272775713660122 3.4219987392425537 1.743944764137268 0.21026496589183807 2.196534847514398 0.9558963775634766 0.7965735197067261
48 0.6878477931022644 2.2273369124029965 3.421868085861206 1.7435777187347412 0.21183465421199799 2.1965851111718337 0.9562451243400574 0.7966358065605164
49 0.6855994462966919 2.2256526392768627 3.422980546951294 1.7346880435943604 0.2098456472158432 2.195546582994215 0.9602707028388977 0.8262734413146973
50 0.6855994462966919 2.2255653396678667 3.448965311050415 1.7342092990875244 0.2098456472158432 2.195532503775699 0.9409447908401489 0.8211228847503662
51 0.6809587478637695 2.302009041006169 3.4491405487060547 1.7367106676101685 0.21652448177337646 2.32621575506189 0.9694942831993103 0.8249986171722412
52 0.6842695474624634 2.302330821024034 3.4486517906188965 1.7371995449066162 0.21565625071525574 2.325264680820725 0.9695581793785095 0.8275459408760071
53 0.7043352127075195 2.3024136881438975 3.4513332843780518 1.7324870824813843 0.23325394093990326 2.3125860966231633 0.9768871665000916 0.8278868794441223
54 0.7065710425376892 2.3217920150479676 3.4512877464294434 1.7312318086624146 0.2272479385137558 2.3547449370535647 0.9777917265892029 0.8245234489440918
55 0.7008460760116577 2.3219780416096336 3.45344877243042 1.7361983060836792 0.23378786444664001 2.3618753073070815 0.9710845947265625 0.8182879090309143
56 0.693497896194458 2.3265730171738577 3.453643321990967 1.7386411428451538 0.2310497760772705 2.3681618953718164 0.9740535020828247 0.8191288113594055
57 0.6947953701019287 2.3418454268524584 3.4575414657592773 1.742032527923584 0.22999568283557892 2.3988357990760463 0.9825087785720825 0.8245492577552795
58 0.6921667456626892 2.3367717584348613 3.4547855854034424 1.7411277294158936 0.22521649301052094 2.394434560671878 0.9794331789016724 0.8243772983551025
59 0.6893975734710693 2.3327854151853082 3.4557135105133057 1.7455724477767944 0.23185943067073822 2.386063908092801 0.9807367324829102 0.831679105758667
60 0.6941020488739014 2.330659684700422 3.45957612991333 1.744872808456421 0.24063701927661896 2.3766694634668633 0.9852461814880371 0.8275139331817627
61 0.6934551000595093 2.329536744660715 3.4597558975219727 1.7461884021759033 0.2492896318435669 2.3745227421318016 0.9847173690795898 0.8279857635498047
62 0.6931393146514893 2.3345543307603798 3.4568228721618652 1.7460471391677856 0.24855120480060577 2.381431185985713 0.9845917224884033 0.8278800845146179
63 0.6921206116676331 2.3373096177012758 3.45591139793396 1.7383978366851807 0.25465127825737 2.377109511999535 0.9871106743812561 0.8309181928634644
64 0.6921396255493164 2.337334588963644 3.3616342544555664 1.738222599029541 0.2542289197444916 2.3771496856158114 1.1090503931045532 0.830755889415741
65 0.6921699643135071 2.3374202667922552 3.3614866733551025 1.7388113737106323 0.25349488854408264 2.3774476992903395 1.109120488166809 0.830350935459137
66 0.692146360874176 2.3374276177742996 3.361398935317993 1.7388122081756592 0.2535104751586914 2.377461795272232 1.1091914176940918 0.8303544521331787
67 0.692146360874176 2.340574790941588 3.361398935317993 1.7388122081756592 0.2535104751586914 2.37645713543159 1.109049677848816 0.8303544521331787
68 0.6853793859481812 2.32976273304878 3.356384515762329 1.7360079288482666 0.24606412649154663 2.385621112867813 1.1132478713989258 0.8272260427474976
69 0.6853793859481812 2.32976273304878 3.356384515762329 1.7360079288482666 0.24606412649154663 2.385621112867813 1.1132478713989258 0.8272260427474976
70 0.6862227320671082 2.3306683683758034 3.4432833194732666 1.738434910774231 0.24626390635967255 2.3872284377752626 1.0244940519332886 0.8324459791183472
71 0.6862227320671082 2.3310504878638154 3.3541195392608643 1.7588379383087158 0.24626390635967255 2.3870596674571756 1.141857385635376 0.8290196657180786
72 0.6894779205322266 2.3281563911623553 3.35703182220459 1.7505940198898315 0.249587744474411 2.380809821127468 1.1424179077148438 0.8264880180358887
73 0.6937229037284851 2.3279825168008585 3.3555748462677 1.7528257369995117 0.26194795966148376 2.382114410552588 1.1599591970443726 0.8261801600456238
74 0.696320652961731 2.327041380175991 3.359435796737671 1.7696422338485718 0.26565688848495483 2.380607391130693 1.1635749340057373 0.79115891456604
75 0.698569655418396 2.326796565603816 3.3593266010284424 1.7687559127807617 0.26871606707572937 2.3802591647884124 1.1650477647781372 0.7898352742195129
76 0.6981071829795837 2.322971125776919 3.359501838684082 1.7835252285003662 0.2680281102657318 2.380726322675548 1.1662675142288208 0.8013920783996582
77 0.6990151405334473 2.3234109583612916 3.3598244190216064 1.7846665382385254 0.2718304395675659 2.38107187992519 1.1692314147949219 0.8020374774932861
78 0.6988515853881836 2.3246713565281114 3.3598227500915527 1.7845855951309204 0.2716778814792633 2.3812575024426956 1.169254183769226 0.8020102381706238
79 0.7017984986305237 2.3262220105749973 3.3600616455078125 1.7878810167312622 0.28052598237991333 2.3875625737087938 1.169873595237732 0.8006649017333984
80 0.6977156400680542 2.3190424234230194 3.36203670501709 1.7785184383392334 0.2529633939266205 2.36475560785467 1.1376619338989258 0.8426016569137573
81 0.6999234557151794 2.32042853709506 3.3558807373046875 1.7774739265441895 0.2568051517009735 2.366229216438388 1.180516004562378 0.8435325026512146
82 0.7057474255561829 2.30588147991356 3.360600471496582 1.7772146463394165 0.2611522376537323 2.3383782133243884 1.1770596504211426 0.8453032374382019
83 0.7006664276123047 2.3448026547497673 3.3596394062042236 1.7785896062850952 0.2641899883747101 2.4011452093534027 1.1843425035476685 0.8479046821594238
84 0.6992475986480713 2.3592770276652932 3.3610661029815674 1.7789323329925537 0.2630877196788788 2.402104428008929 1.184069275856018 0.8487928509712219
85 0.6995700597763062 2.3600486697022562 3.360304832458496 1.77936589717865 0.26160892844200134 2.403648247510528 1.1805431842803955 0.8488571047782898
86 0.7000415325164795 2.362363945421851 3.3554394245147705 1.7815461158752441 0.2620401680469513 2.409648109348773 1.1788108348846436 0.8491248488426208
87 0.7050604820251465 2.372230217563901 3.3617236614227295 1.784623622894287 0.2647327780723572 2.4281344810602894 1.1790047883987427 0.8490844964981079
88 0.7052889466285706 2.3724647036601367 3.362253427505493 1.784670352935791 0.2649173140525818 2.428628082136436 1.1715465784072876 0.8491358160972595
89 0.7041897177696228 2.373840267902123 3.362407684326172 1.8035132884979248 0.26409614086151123 2.430998423506379 1.16848623752594 0.816363513469696
90 0.7065811157226563 2.306726814623837 3.367777109146118 1.804205060005188 0.26864922046661377 2.3118644649440308 1.1550862789154053 0.8165916800498962
91 0.7066397070884705 2.2936956837874605 3.367713212966919 1.8041586875915527 0.26902082562446594 2.315866363078626 1.155715823173523 0.816469669342041
92 0.7073721885681152 2.2912320191347573 3.3681962490081787 1.8036565780639648 0.2682485580444336 2.311666030317318 1.153899908065796 0.8143888115882874
93 0.7076253890991211 2.2911917428978885 3.3682665824890137 1.8036938905715942 0.26858097314834595 2.312173777967352 1.154028058052063 0.814372181892395
94 0.70624840259552 2.295169403412724 3.37261700630188 1.8035675287246704 0.266620397567749 2.2957975755328746 1.1113201379776 0.8153811693191528
95 0.70624840259552 2.295169403412724 3.37261700630188 1.8035675287246704 0.266620397567749 2.2957975755328746 1.1113201379776 0.8153811693191528
96 0.7062954306602478 2.307633953959984 3.37275767326355 1.807675838470459 0.26667550206184387 2.3198757476257685 1.1145496368408203 0.8167660236358643
97 0.7061855792999268 2.3026740073559404 3.3657069206237793 1.7835501432418823 0.27292782068252563 2.3097094370600715 1.116597056388855 0.8663343191146851
98 0.704290509223938 2.302196451018957 3.3641507625579834 1.7771294116973877 0.2625008523464203 2.3061991151406094 1.1169885396957397 0.8680719137191772
99 0.7035598754882813 2.3029908828342047 3.364753007888794 1.776378870010376 0.26130908727645874 2.3079413716861406 1.1157746315002441 0.8680513501167297
100 0.7034604549407959 2.304651343026868 3.3646326065063477 1.7761834859848022 0.26339253783226013 2.3107552015516597 1.1170353889465332 0.8676111102104187
101 0.7033851742744446 2.3034886954440545 3.3651227951049805 1.776873230934143 0.2684940993785858 2.308913328588353 1.1177587509155273 0.8697779178619385
102 0.7036615610122681 2.3037681976686084 3.3654263019561768 1.77653968334198 0.27177920937538147 2.309677412117196 1.1181892156600952 0.8711134791374207
103 0.7012631893157959 2.2782476871670942 3.3667712211608887 1.7781258821487427 0.268466055393219 2.2508730241967014 1.1062965393066406 0.8706440329551697
104 0.7006120681762695 2.2733819699626343 3.3673226833343506 1.778352975845337 0.2711501717567444 2.2458871428189933 1.1070876121520996 0.8715771436691284
105 0.7006656527519226 2.273391632459609 3.3682541847229004 1.7784215211868286 0.2715221345424652 2.2458510410507735 1.1110944747924805 0.8716011643409729
106 0.6996287703514099 2.2719794312522335 3.369459867477417 1.7494657039642334 0.2725529968738556 2.243481535981128 1.1094650030136108 0.7797908782958984
107 0.6996638774871826 2.2721129249915135 3.3694539070129395 1.74945068359375 0.2725087106227875 2.2433449618461023 1.1094433069229126 0.7796682715415955
108 0.6985456347465515 2.2715248621086555 3.3690171241760254 1.7500641345977783 0.2746067941188812 2.242201914201572 1.1079214811325073 0.7805579900741577
109 0.7012248635292053 2.2863885236692636 3.3713326454162598 1.78078031539917 0.27448344230651855 2.2701359085898134 1.1120258569717407 0.7833470702171326
110 0.7012248635292053 2.2863885236692636 3.369739532470703 1.695374846458435 0.27448344230651855 2.2701359085898134 1.1041966676712036 0.580409049987793
111 0.7033834457397461 2.2899566548145036 3.3697943687438965 1.6923820972442627 0.2786943316459656 2.27691538171805 1.1066640615463257 0.5788305997848511
112 0.7034515738487244 2.289963283487748 3.369791269302368 1.6917452812194824 0.2787027359008789 2.2769492648757397 1.1070142984390259 0.5844942331314087
113 0.7080802321434021 2.2918063729866445 3.366791248321533 1.6889848709106445 0.28222039341926575 2.278402012185344 1.1083775758743286 0.5867541432380676
114 0.7059796452522278 2.288066709341686 3.369767904281616 1.7160730361938477 0.2873665690422058 2.2581274154929094 1.1028826236724854 0.5633960962295532
115 0.7063250541687012 2.3002758492576856 3.3692634105682373 1.7147177457809448 0.2860564589500427 2.286947039191068 1.107410192489624 0.5619443655014038
116 0.700517475605011 2.297759775605635 3.366737127304077 1.7139869928359985 0.28384849429130554 2.2754999879775446 1.1059519052505493 0.5641821622848511
117 0.6998562812805176 2.3007861769136926 3.3657827377319336 1.7134547233581543 0.28722310066223145 2.2815998382661937 1.108735203742981 0.5624054670333862
118 0.7011189460754395 2.3011259314529924 3.3653688430786133 1.7134053707122803 0.2912001311779022 2.2814924000679446 1.1070162057876587 0.5624622106552124
119 0.6958232522010803 2.286758447993013 3.365635871887207 1.7120944261550903 0.2826058566570282 2.2725741003626334 1.1050571203231812 0.5626245141029358
120 0.6931989789009094 2.287255104287176 3.3622071743011475 1.7089600563049316 0.27684593200683594 2.27506679714083 1.1022510528564453 0.5611301064491272
121 0.6909335851669312 2.2895848340179032 3.36324405670166 1.7008510828018188 0.27581533789634705 2.279279609455677 1.1044642925262451 0.5972691178321838
122 0.6926285624504089 2.2891526823420767 3.3631930351257324 1.7004339694976807 0.27804142236709595 2.2781044860832704 1.104520320892334 0.5974587798118591
123 0.6925997734069824 2.2876173114349045 3.363187074661255 1.7004302740097046 0.27794981002807617 2.278225152692581 1.1045429706573486 0.5974558591842651
124 0.6934452056884766 2.2961368133847215 3.3625333309173584 1.6993902921676636 0.26871100068092346 2.2915910378831588 1.1032319068908691 0.593867301940918
125 0.694011926651001 2.2961784569422923 3.368760108947754 1.7925060987472534 0.2694823741912842 2.2915592165417284 1.0963562726974487 0.7869040369987488
126 0.6940085887908936 2.29617462075203 3.3696250915527344 1.7925039529800415 0.2694814205169678 2.291557315136716 1.1059789657592773 0.7869037389755249
127 0.6986117362976074 2.298775775162152 3.3817331790924072 1.7973169088363647 0.27929943799972534 2.297754567923469 1.0939228534698486 0.7848615050315857
128 0.6959494948387146 2.2964220151231753 3.381316661834717 1.796879529953003 0.27246880531311035 2.2955692475810516 1.0820366144180298 0.7851207256317139
129 0.6945359706878662 2.268097261567671 3.3795549869537354 1.777722954750061 0.2606918215751648 2.2535150649515523 1.0706385374069214 0.7574101686477661
130 0.694577693939209 2.273990799414279 3.376249313354492 1.7776622772216797 0.26061370968818665 2.254128983372191 1.0875135660171509 0.7573341727256775
131 0.6935988068580627 2.2758665094226296 3.3757991790771484 1.7830700874328613 0.25932565331459045 2.25681778750285 1.0854233503341675 0.7604119181632996
132 0.6982206702232361 2.2799820287985746 3.3776934146881104 1.790024995803833 0.26632675528526306 2.2787312047906063 1.0867317914962769 0.7642350792884827
133 0.6861740946769714 2.3045377959985047 3.3753292560577393 1.7915087938308716 0.2686898410320282 2.3229817424794237 1.0965279340744019 0.7783395051956177
134 0.6736223101615906 2.2878045072325284 3.375007390975952 1.7985076904296875 0.2763994336128235 2.2998503220426088 1.0955027341842651 0.7998966574668884
135 0.6743835210800171 2.2885126178827835 3.374606132507324 1.8007005453109741 0.2770862579345703 2.301045917419189 1.0902971029281616 0.802264392375946
136 0.6743835210800171 2.2885126178827835 3.374800443649292 1.799717664718628 0.2770862579345703 2.301045917419189 1.0991487503051758 0.8065098524093628
137 0.6727634072303772 2.2936662470721845 3.3743093013763428 1.7993279695510864 0.2773037254810333 2.3091771122604423 1.099261999130249 0.8032410740852356
138 0.6761699914932251 2.279495995258985 3.393127679824829 1.799096703529358 0.29983171820640564 2.278678107382699 1.1043555736541748 0.8095389604568481
139 0.6862450838088989 2.2988414274259 3.3921377658843994 1.793911099433899 0.28591880202293396 2.3038056696355693 1.1045292615890503 0.7852033972740173
140 0.6898408532142639 2.305522952398439 3.3933229446411133 1.79574716091156 0.2873358428478241 2.3151168606969383 1.102557897567749 0.7837530970573425
141 0.689195454120636 2.30363236332898 3.393848419189453 1.7957127094268799 0.28688734769821167 2.3126540571263456 1.0966204404830933 0.7835919857025146
142 0.6844900250434875 2.2804483983405945 3.394970417022705 1.7944738864898682 0.28830572962760925 2.2931315081757173 1.0942586660385132 0.7869070172309875
143 0.6755204200744629 2.2961355910132193 3.3932790756225586 1.7951912879943848 0.2866595983505249 2.3057073740017686 1.101556420326233 0.7976871132850647
144 0.6788090467453003 2.2982645547060536 3.394157886505127 1.7933597564697266 0.28434517979621887 2.309265350306505 1.1038097143173218 0.7954089045524597
145 0.7055398225784302 2.2760672158638 3.4090733528137207 1.799680471420288 0.295142263174057 2.2754302101206343 1.1087045669555664 0.8079541325569153
146 0.705683171749115 2.276148772760342 3.4090816974639893 1.8018648624420166 0.29544976353645325 2.275539997792686 1.1088522672653198 0.8125374913215637
147 0.7016554474830627 2.309362407554405 3.414350986480713 1.8149900436401367 0.28722718358039856 2.3356405575331736 1.1133626699447632 0.8071771264076233
148 0.7042823433876038 2.309028473045899 3.4149887561798096 1.8153595924377441 0.2925519049167633 2.3362579667202974 1.113600730895996 0.8066854476928711
149 0.7047187685966492 2.3112498446533007 3.4143128395080566 1.8200489282608032 0.2931295931339264 2.332705659935008 1.1110609769821167 0.8106377124786377
150 0.7134337425231934 2.309161690702562 3.4133718013763428 1.8186818361282349 0.29667678475379944 2.3267665494696774 1.1124757528305054 0.8152078986167908
151 0.7064177989959717 2.2838588393261805 3.404071092605591 1.80961275100708 0.2810463011264801 2.2799679123020944 1.0858348608016968 0.8174108266830444
152 0.7055957913398743 2.305234663498218 3.4029181003570557 1.8105207681655884 0.2820380926132202 2.3174731531193395 1.0914942026138306 0.8178770542144775
153 0.7036676406860352 2.322567267408192 3.4104208946228027 1.7998785972595215 0.2817925810813904 2.3224049883311717 1.0510523319244385 0.804799497127533
154 0.7043999433517456 2.325102041483555 3.4120538234710693 1.8065294027328491 0.28292182087898254 2.3252934061923156 1.0610357522964478 0.8308914303779602
155 0.7194766998291016 2.3163915983031376 3.4206700325012207 1.8041868209838867 0.28476443886756897 2.3093211344341205 1.061299204826355 0.827064573764801
156 0.718176007270813 2.319775225738125 3.4215455055236816 1.8050377368927002 0.28044354915618896 2.314565259263812 1.0621652603149414 0.8253581523895264
157 0.718246340751648 2.3199715361624107 3.424884557723999 1.7968676090240479 0.27897799015045166 2.3162026737818997 1.0678077936172485 0.8076794147491455
158 0.717250645160675 2.320157492101273 3.424136161804199 1.7965147495269775 0.2814940810203552 2.315809391109766 1.06757652759552 0.8079912662506104
159 0.7084638476371765 2.3271481478749925 3.414241075515747 1.7946703433990479 0.2731320858001709 2.3223452390272934 1.0657039880752563 0.8125271201133728
160 0.7082574367523193 2.3278320330908926 3.4003965854644775 1.7087796926498413 0.27405989170074463 2.323844343445237 1.0588018894195557 0.6046648621559143
161 0.7066553831100464 2.331638887949777 3.400505304336548 1.6933003664016724 0.2734433114528656 2.324485129326351 1.0608924627304077 0.6439209580421448
162 0.703396737575531 2.389247963416739 3.3987576961517334 1.6894948482513428 0.2723594605922699 2.317447894334871 1.0776926279067993 0.6442339420318604
163 0.703830361366272 2.316195610800161 3.3977956771850586 1.710471510887146 0.2722855806350708 2.319292456901552 1.0825157165527344 0.7502645254135132
164 0.7026746273040771 2.316340099837138 3.3951001167297363 1.710243582725525 0.27015748620033264 2.3197506056997654 1.0710034370422363 0.7500523924827576
165 0.7047072052955627 2.31104514559478 3.395521640777588 1.7107168436050415 0.2719116508960724 2.3199324135632873 1.0716369152069092 0.7511942982673645
166 0.7047072052955627 2.31104514559478 3.389565944671631 1.7107168436050415 0.2719116508960724 2.3199324135632873 1.1034393310546875 0.7511942982673645
167 0.7045504450798035 2.3119887498035836 3.3896188735961914 1.710978627204895 0.27258729934692383 2.32155861902923 1.1039870977401733 0.7511612176895142
168 0.7044182419776917 2.306728153066913 3.387395143508911 1.711574912071228 0.27251026034355164 2.3205015609931943 1.100162386894226 0.7496103048324585
169 0.6998032331466675 2.3121257625276703 3.384493112564087 1.7124390602111816 0.2675423324108124 2.3288168921265116 1.1020081043243408 0.7537863254547119
170 0.7063522338867188 2.3113956241188287 3.3839805126190186 1.7099603414535522 0.280441552400589 2.3253547041024865 1.1033307313919067 0.7558596134185791
171 0.7035121321678162 2.305039632511762 3.385612964630127 1.7125097513198853 0.27314335107803345 2.3137551895239072 1.1012821197509766 0.7543317675590515
172 0.7034152150154114 2.3082887438773114 3.3888018131256104 1.7122548818588257 0.2849529981613159 2.343660223243337 1.10844087600708 0.7537945508956909
173 0.7043147087097168 2.2989644148449044 3.3879685401916504 1.7065880298614502 0.2862780690193176 2.3301505248342216 1.1064859628677368 0.7543331980705261
174 0.7018969058990479 2.2972825059792252 3.389122486114502 1.7070326805114746 0.2830915153026581 2.329036988299808 1.1048322916030884 0.7520908117294312
175 0.7144608497619629 2.3019979815872595 3.3876707553863525 1.70259690284729 0.28908154368400574 2.3382366457400825 1.1068211793899536 0.7518284320831299
176 0.7156011462211609 2.2992551938952834 3.389927625656128 1.7025599479675293 0.290070503950119 2.3342235807748057 1.1042472124099731 0.7523046731948853
177 0.717793345451355 2.2999373238237135 3.3908274173736572 1.7015124559402466 0.29276978969573975 2.3371611279597446 1.1064903736114502 0.7534857392311096
178 0.7169215679168701 2.3030584592553596 3.391491413116455 1.7021877765655518 0.29339683055877686 2.3358413918689975 1.1072427034378052 0.7538115978240967
179 0.7019362449645996 2.2955003955785416 3.3922717571258545 1.7019414901733398 0.27701348066329956 2.32605378882593 1.102612018585205 0.7477788329124451
180 0.7036122679710388 2.292268010956231 3.393911361694336 1.7017489671707153 0.27767321467399597 2.32211309660803 1.0994330644607544 0.7470905184745789
181 0.7015557289123535 2.291395988045355 3.3949172496795654 1.7016065120697021 0.2788340449333191 2.319060753547521 1.099753499031067 0.7475928068161011
182 0.7011892795562744 2.2916071841909225 3.395019054412842 1.7009755373001099 0.27665552496910095 2.319265216019615 1.1331603527069092 0.7477076053619385
183 0.7007413506507874 2.2917677866154276 3.3969686031341553 1.7021700143814087 0.27391692996025085 2.3197919973873584 1.1196259260177612 0.7475987076759338
184 0.7007413506507874 2.2917677866154276 3.3969686031341553 1.7021700143814087 0.27391692996025085 2.3197919973873584 1.1196259260177612 0.7475987076759338
185 0.7003942728042603 2.2911791818995897 3.3968586921691895 1.7155559062957764 0.2730447053909302 2.319307652591555 1.1178264617919922 0.7304024696350098
186 0.6997698545455933 2.2892690641410858 3.3978962898254395 1.7154136896133423 0.2691274881362915 2.321062584196689 1.1173125505447388 0.7323448657989502
187 0.6977906227111816 2.2897875060290365 3.4000442028045654 2.152494430541992 0.2664110064506531 2.322598491027974 1.1330653429031372 1.3323527574539185
188 0.7004182934761047 2.2832864563643462 3.4005939960479736 2.152693748474121 0.2687532305717468 2.3003155512355278 1.1303095817565918 1.332810878753662
189 0.7024091482162476 2.2820795117729222 3.39815092086792 2.1524696350097656 0.27150586247444153 2.2986311668461714 1.134211778640747 1.33184015750885
190 0.7024369835853577 2.2818074947271745 3.3983664512634277 2.152557134628296 0.2718803882598877 2.298123591926045 1.1348862648010254 1.3316603899002075
191 0.7051000595092773 2.2822397626256414 3.3984711170196533 2.150925397872925 0.2755860686302185 2.2968287705983013 1.139594554901123 1.3299342393875122
192 0.70541912317276 2.282251844168786 3.404806137084961 2.1508631706237793 0.27613022923469543 2.2968637299036043 1.1322588920593262 1.3297972679138184
193 0.7016387581825256 2.2806678821170276 3.403251886367798 2.1516551971435547 0.27388402819633484 2.2974808294789035 1.1306262016296387 1.3312355279922485
194 0.6989955902099609 2.1969712597790476 3.400712490081787 2.152033567428589 0.27831247448921204 2.1448291003842095 1.1082385778427124 1.3322679996490479
195 0.6987770199775696 2.191668294519178 3.396714687347412 2.1527490615844727 0.2912580370903015 2.1386223128188107 1.0777533054351807 1.3349835872650146
196 0.6903337836265564 2.1841489843236666 3.396348714828491 2.1590144634246826 0.294195294380188 2.1234927706112323 1.0786516666412354 1.3430638313293457
197 0.6904444694519043 2.1842666927194236 3.3963804244995117 2.1590704917907715 0.2949140965938568 2.1239599970738197 1.0789121389389038 1.3432021141052246
198 0.6808129549026489 2.1927503110439632 3.400343894958496 2.162181854248047 0.2742915451526642 2.143924621748375 1.0764201879501343 1.341156244277954
199 0.6815087199211121 2.197170309724669 3.4008569717407227 2.1609268188476563 0.2697104215621948 2.153052660420332 1.0750354528427124 1.3382800817489624
200 0.6850090026855469 2.208409167748835 3.4015653133392334 2.16011643409729 0.26279622316360474 2.175179197970685 1.0742154121398926 1.335815668106079
201 0.6847082376480103 2.2072538038389564 3.40108585357666 2.1596086025238037 0.26371192932128906 2.1724309534403576 1.0731664896011353 1.3355779647827148
202 0.6847082376480103 2.2072538038389564 3.40108585357666 2.1596086025238037 0.26371192932128906 2.1724309534403576 1.0731664896011353 1.3355779647827148
203 0.6853038668632507 2.212031323875118 3.4006693363189697 2.1651997566223145 0.26709023118019104 2.1799327807196898 1.0772607326507568 1.340624451637268
204 0.6853040456771851 2.2120318552898923 3.400669813156128 2.1651997566223145 0.2670905292034149 2.1799328125383544 1.0772606134414673 1.340624451637268
205 0.6841514110565186 2.2093351876135814 3.4011178016662598 2.1621251106262207 0.26880839467048645 2.173381589088769 1.0782681703567505 1.3376741409301758
206 0.6851247549057007 2.2286269171974857 3.40045428276062 2.163187265396118 0.2692039906978607 2.227580290523337 1.0849556922912598 1.3368202447891235
207 0.6877545714378357 2.225184698686947 3.402324676513672 2.162713050842285 0.27505144476890564 2.22267206192323 1.0855271816253662 1.3334271907806396
208 0.6856197118759155 2.2245327617415396 3.4023263454437256 2.159466505050659 0.2824271023273468 2.2191408833310238 1.08757746219635 1.3335520029067993
209 0.6890270113945007 2.2200507691745206 3.3963143825531006 2.1563656330108643 0.27234333753585815 2.210869463547306 1.1257908344268799 1.330674409866333
210 0.6803160905838013 2.2040427434604473 3.385019063949585 2.153862714767456 0.27146029472351074 2.177864691004256 1.133719563484192 1.3342602252960205
211 0.679999053478241 2.203729333935909 3.385050058364868 2.1538808345794678 0.27198782563209534 2.1768048468302252 1.1313682794570923 1.3342138528823853
212 0.6817330121994019 2.203891201170221 3.3848495483398438 2.1551566123962402 0.2691005766391754 2.1765489803140508 1.131394863128662 1.3334423303604126
213 0.6819858551025391 2.2036221518455155 3.384603500366211 2.155017137527466 0.2695939838886261 2.1758404732245142 1.1422199010849 1.3330408334732056
214 0.6826497912406921 2.203578439297088 3.3844456672668457 2.1543169021606445 0.2736249566078186 2.1754578597504883 1.142880916595459 1.3336460590362549
215 0.6830127239227295 2.208852820299569 3.3847758769989014 2.1547913551330566 0.2751767337322235 2.182801003155316 1.1475629806518555 1.3339319229125977
216 0.6820852160453796 2.211866702679904 3.3835606575012207 2.1532490253448486 0.2740726172924042 2.1805526447978307 1.143354058265686 1.3345792293548584
217 0.6820852160453796 2.211866702679904 3.3835127353668213 2.1532490253448486 0.2740726172924042 2.1805526447978307 1.1439169645309448 1.3345792293548584
218 0.6819661259651184 2.211955600108674 3.3837575912475586 2.153285503387451 0.2741883099079132 2.1806691105993408 1.143633484840393 1.334587574005127
219 0.6803235411643982 2.203233437738106 3.380744695663452 2.150381565093994 0.26762524247169495 2.1533692835192038 1.1335474252700806 1.333856225013733
220 0.6785763502120972 2.201491318841995 3.379028797149658 2.149829626083374 0.26420357823371887 2.1496387448715453 1.1312105655670166 1.3383266925811768
221 0.6722995638847351 2.20248638706467 3.372816324234009 2.1493916511535645 0.2633468210697174 2.1518945257245408 1.1253122091293335 1.3385391235351563
222 0.6724035739898682 2.202544001780597 3.3726072311401367 2.1494109630584717 0.2636634111404419 2.1522471024578445 1.1234124898910522 1.3386218547821045
223 0.6753290891647339 2.204498007628692 3.3747172355651855 2.152106523513794 0.26449280977249146 2.1607184176821397 1.1198076009750366 1.3370448350906372
224 0.6771534085273743 2.2141189905608214 3.3775014877319336 2.1573197841644287 0.27306753396987915 2.213843919492489 1.1263242959976196 1.3376072645187378
225 0.6771534085273743 2.2141189905608214 3.3769075870513916 2.1633517742156982 0.27306753396987915 2.213843919492489 1.1223307847976685 1.340226411819458
226 0.6770985126495361 2.214290250291097 3.3785789012908936 2.163445234298706 0.27305689454078674 2.214051088825548 1.1260660886764526 1.34035325050354
227 0.679837703704834 2.2174862174206065 3.376666784286499 2.165297508239746 0.277598112821579 2.2153553556514414 1.1233338117599487 1.3427329063415527
228 0.6796599626541138 2.2178218801497476 3.377009630203247 2.165412425994873 0.2782699763774872 2.2159439878722487 1.134337067604065 1.343025803565979
229 0.6789811849594116 2.216088849954626 3.3772330284118652 2.1701316833496094 0.2809739112854004 2.2075706346099104 1.1325733661651611 1.3436734676361084
230 0.679057776927948 2.2190147803619404 3.377100706100464 2.1700804233551025 0.2809937298297882 2.2059442703594447 1.120682954788208 1.343701720237732
231 0.6725964546203613 2.2247502152375773 3.3752782344818115 2.169126033782959 0.27938079833984375 2.2175556032632513 1.1230381727218628 1.344297170639038
232 0.6720123887062073 2.2242622106614207 3.375014066696167 2.169304370880127 0.2769433557987213 2.2174222510309187 1.1231242418289185 1.3444937467575073
233 0.6756951212882996 2.2002795604734455 3.3609962463378906 2.1694886684417725 0.28275325894355774 2.2198136491137617 1.1398130655288696 1.3408869504928589
234 0.6767032146453857 2.199315898117523 3.361403465270996 2.1697070598602295 0.2792015075683594 2.218539470611818 1.1373522281646729 1.3395971059799194
235 0.6774243116378784 2.2012584649903055 3.3622994422912598 2.171552896499634 0.27862125635147095 2.222726966154431 1.137726068496704 1.3399103879928589
236 0.6823182106018066 2.2005278220087843 3.365102529525757 2.169996976852417 0.27287834882736206 2.212079465421022 1.1376113891601563 1.34055757522583
237 0.6846473217010498 2.202729245957502 3.3666019439697266 2.169814348220825 0.2731119990348816 2.217507698319033 1.1392791271209717 1.3379755020141602
238 0.6860556602478027 2.1954049807639455 3.3632652759552 2.1711063385009766 0.2737145721912384 2.2000843914070853 1.137873888015747 1.3386131525039673
239 0.6943982243537903 2.1835819803235594 3.362616539001465 2.168745994567871 0.2510564923286438 2.177654855942997 1.1255661249160767 1.333478331565857
240 0.6943982243537903 2.1835819803235594 3.3729054927825928 2.168745994567871 0.2510564923286438 2.177654855942997 1.1088067293167114 1.333478331565857
241 0.6961618065834045 2.1836716581777855 3.372584581375122 2.168501853942871 0.25322332978248596 2.177035810999408 1.1095380783081055 1.333761215209961
242 0.6961618065834045 2.2198020666555967 3.379950523376465 2.168501853942871 0.25322332978248596 2.2517383025726825 1.0816069841384888 1.333761215209961
243 0.6949123740196228 2.232846566762817 3.3791892528533936 2.1702706813812256 0.25847360491752625 2.2741201323832514 1.0900788307189941 1.3344032764434814
244 0.6951877474784851 2.2328735051305197 3.379216194152832 2.1699507236480713 0.25787627696990967 2.2750434495415917 1.0895339250564575 1.3345730304718018
245 0.6994115114212036 2.231250616794919 3.378556966781616 2.170905590057373 0.26688674092292786 2.2698371863352342 1.0926966667175293 1.3382964134216309
246 0.7035554647445679 2.2240091887384614 3.3824658393859863 2.169853448867798 0.27063891291618347 2.259506500339642 1.1048264503479004 1.3369293212890625
247 0.7035554647445679 2.2240091887384614 3.382457971572876 2.169853448867798 0.27063891291618347 2.259506500339642 1.1048247814178467 1.3369293212890625
248 0.7019627094268799 2.2097639643218385 3.388456106185913 2.1613447666168213 0.26290732622146606 2.2369708310990486 1.0958060026168823 1.3326730728149414
249 0.7012308239936829 2.2112399750386045 3.3876500129699707 2.1619527339935303 0.2647271454334259 2.2387366862550238 1.0984294414520264 1.3343522548675537
250 0.7012308239936829 2.2112399750386045 3.3876500129699707 2.1619527339935303 0.2647271454334259 2.2387366862550238 1.0984294414520264 1.3343522548675537
251 0.7165439128875732 2.1855108989772174 3.4156081676483154 2.1684937477111816 0.3094770908355713 2.1895677551212516 1.0621429681777954 1.3495992422103882
252 0.7158719301223755 2.171373680019802 3.4155170917510986 2.169257640838623 0.3076063096523285 2.137310234006467 1.0549812316894531 1.3510245084762573
253 0.7173847556114197 2.169447676251222 3.415454149246216 2.167130708694458 0.31188932061195374 2.1326881400938404 1.0552408695220947 1.3484549522399902
254 0.7179393172264099 2.16692962157777 3.395272731781006 2.1606967449188232 0.310560017824173 2.109120375552705 1.0298668146133423 1.3503048419952393
255 0.7185786366462708 2.17184679229069 3.400132179260254 2.1630144119262695 0.31503817439079285 2.156690189784388 1.039631724357605 1.3499417304992676
256 0.7201606035232544 2.172660396641754 3.3896429538726807 2.1621837615966797 0.3179625868797302 2.1600364151179923 1.05307936668396 1.3493472337722778
257 0.7194536924362183 2.173419567009415 3.390623092651367 2.1595959663391113 0.3173624873161316 2.1641394664304436 1.0532249212265015 1.349671483039856
258 0.7075202465057373 2.174290362062699 3.3928730487823486 2.159471035003662 0.3047577738761902 2.1509219659111536 1.0656300783157349 1.3383903503417969
259 0.7067498564720154 2.1744971286030816 3.392660140991211 2.1590588092803955 0.3037705719470978 2.151033356191963 1.0657365322113037 1.3381054401397705
260 0.6964250802993774 2.183564034569691 3.398829221725464 2.165132999420166 0.2860110402107239 2.168468296187268 1.0780677795410156 1.3417775630950928
261 0.69044429063797 2.18555878810279 3.3960070610046387 2.167259454727173 0.28489166498184204 2.171240179322704 1.0783065557479858 1.3445018529891968
262 0.6934029459953308 2.1835799439552965 3.3958404064178467 2.1662912368774414 0.2899148464202881 2.166809389486389 1.076217770576477 1.3436726331710815
263 0.6934029459953308 2.1835799439552965 3.3958356380462646 2.1662912368774414 0.2899148464202881 2.166809389486389 1.0762310028076172 1.3436726331710815
264 0.6860988140106201 2.180086790345804 3.397824764251709 2.1650216579437256 0.2816372811794281 2.1644141985334864 1.0733217000961304 1.338723063468933
265 0.6874613761901855 2.178862104845346 3.383425712585449 2.164539337158203 0.2802365720272064 2.1622244660929453 1.0867100954055786 1.3372973203659058
266 0.6873307228088379 2.170395538417453 3.383474111557007 2.170912504196167 0.27964311838150024 2.160259658298025 1.0868104696273804 1.3398499488830566
267 0.6793787479400635 2.1857878129014185 3.3763463497161865 2.162489891052246 0.2844045162200928 2.19098599458238 1.0892659425735474 1.3423378467559814
268 0.669989824295044 2.1788665919330175 3.376199960708618 2.160710334777832 0.2761179506778717 2.178753420406113 1.0849878787994385 1.339105486869812
269 0.6702895164489746 2.1787567655274995 3.3768372535705566 2.1606814861297607 0.2760203778743744 2.1785455600569485 1.0842387676239014 1.339028239250183
270 0.6713399291038513 2.1886064541815067 3.379676342010498 2.181152820587158 0.27833080291748047 2.1978431720602862 1.0887041091918945 1.3501969575881958
271 0.671006441116333 2.1935312220935685 3.3699684143066406 2.183717727661133 0.26762959361076355 2.206349812252922 1.0771840810775757 1.3444007635116577
272 0.670389711856842 2.2039034244004343 3.3735201358795166 2.1789937019348145 0.2623122036457062 2.225376366343232 1.0790613889694214 1.3417030572891235
273 0.670389711856842 2.205958982697703 3.3735201358795166 2.1789937019348145 0.2623122036457062 2.225604912767678 1.079092264175415 1.3417030572891235
274 0.6714280247688293 2.204273502302277 3.3838627338409424 2.1791880130767822 0.261562317609787 2.2222975894676193 1.0634173154830933 1.342841386795044
275 0.6714280247688293 2.204273502302277 3.3838627338409424 2.1791880130767822 0.261562317609787 2.2222975894676193 1.0634173154830933 1.342841386795044
276 0.6742815971374512 2.2048880821941736 3.3829855918884277 2.1804325580596924 0.264884352684021 2.2226008074236425 1.0675288438796997 1.3460850715637207
277 0.6742815971374512 2.2048880821941736 3.3829855918884277 2.1804325580596924 0.264884352684021 2.2226008074236425 1.0675288438796997 1.3460850715637207
278 0.6747415065765381 2.2052247819654007 3.382920026779175 2.1806488037109375 0.2645159363746643 2.2233816943267524 1.067670464515686 1.3463863134384155
279 0.6744439601898193 2.1703272616619236 3.3821918964385986 2.1800756454467773 0.26302409172058105 2.1992550854713446 1.0641330480575562 1.3455859422683716
280 0.6666034460067749 2.166270724666569 3.3853235244750977 2.1775577068328857 0.2688676118850708 2.198132772085975 1.0635714530944824 1.3346500396728516
281 0.6659873723983765 2.1664117274690287 3.3850173950195313 2.177471876144409 0.26839447021484375 2.1982721959913123 1.063291072845459 1.3347660303115845
282 0.6608927845954895 2.1663844834689776 3.37947940826416 2.1761460304260254 0.26684093475341797 2.2008481943647342 1.060262680053711 1.3327245712280273
283 0.6603672504425049 2.167404238513461 3.3800208568573 2.1763787269592285 0.26595842838287354 2.2022264990338773 1.0604454278945923 1.3329834938049316
284 0.6625514030456543 2.1650400408605277 3.381556510925293 2.1758882999420166 0.258432537317276 2.2010994044963916 1.0580872297286987 1.3266973495483398
285 0.6621040105819702 2.163662972394786 3.3806214332580566 2.1293601989746094 0.2582842707633972 2.1990968272164917 1.0578283071517944 1.3341641426086426
286 0.6622087955474854 2.1638143700822723 3.3806498050689697 2.129408121109009 0.25829413533210754 2.199426776452057 1.0578973293304443 1.3342211246490479
287 0.6678406000137329 2.1540466331346346 3.3800792694091797 2.1079905033111572 0.263598769903183 2.1888992427159617 1.055537462234497 1.316328525543213
288 0.6659195423126221 2.2180454514832415 3.3835952281951904 2.116353988647461 0.26973387598991394 2.2968870443440177 1.0768589973449707 1.3232147693634033
289 0.6681875586509705 2.2191961967033382 3.3875303268432617 2.118028163909912 0.26922106742858887 2.301962871476514 1.079392910003662 1.3214921951293945
290 0.6671337485313416 2.224339568893627 3.3817367553710938 2.116563320159912 0.2809711694717407 2.2913040173579495 1.1258240938186646 1.3206948041915894
291 0.6673608422279358 2.246053064080749 3.380776882171631 2.1160080432891846 0.2806657552719116 2.3375534906885425 1.1325559616088867 1.3205275535583496
292 0.6711475849151611 2.244485440930112 3.3812451362609863 2.1146960258483887 0.27989819645881653 2.3359514545880855 1.1309795379638672 1.3197271823883057
293 0.6663060784339905 2.238012334556127 3.3821918964385986 2.109266757965088 0.29638588428497314 2.3322784994000494 1.1409350633621216 1.3367220163345337
294 0.6638342142105103 2.242919887697027 3.384586811065674 2.109607219696045 0.30180615186691284 2.336032325652974 1.145189642906189 1.3405580520629883
295 0.6638342142105103 2.242919887697027 3.384586811065674 2.109607219696045 0.30180615186691284 2.336032325652974 1.145189642906189 1.3405580520629883
296 0.6650139689445496 2.235840193032923 3.391535997390747 2.1170904636383057 0.3087208569049835 2.323956109496527 1.1404955387115479 1.3387629985809326
297 0.6740752458572388 2.238833215526739 3.4033377170562744 2.117680788040161 0.3113899230957031 2.3335189330092225 1.1342848539352417 1.3413074016571045
298 0.6723962426185608 2.2338548287773183 3.395561695098877 2.11361026763916 0.3233579993247986 2.33347275034721 1.1342157125473022 1.3426146507263184
299 0.6710794568061829 2.233372518940707 3.3937361240386963 2.114164113998413 0.31904110312461853 2.333039232320157 1.136457085609436 1.3403373956680298
300 0.6710794568061829 2.23142132086027 3.3960061073303223 2.1221816539764404 0.31904110312461853 2.3334991224236266 1.1587631702423096 1.333435297012329
301 0.6724210977554321 2.258339040069926 3.399590015411377 2.125943422317505 0.31985875964164734 2.3731975128411387 1.1689116954803467 1.3332500457763672
302 0.6559488773345947 2.2550991097145467 3.3894526958465576 2.125553846359253 0.3150172531604767 2.362279334379092 1.162534475326538 1.330115795135498
303 0.655862033367157 2.25514390117079 3.3891239166259766 2.125535011291504 0.31500381231307983 2.3623806339719033 1.1624641418457031 1.3301429748535156
304 0.6555445194244385 2.2551292888213634 3.3890910148620605 2.125460624694824 0.31453338265419006 2.3621962519169246 1.1624561548233032 1.3301135301589966
305 0.6524543762207031 2.2533638475110767 3.3891990184783936 2.1245663166046143 0.31143203377723694 2.3840943391308667 1.1768733263015747 1.325298547744751
306 0.6521557569503784 2.159872874551315 3.3919100761413574 2.1201062202453613 0.31011632084846497 2.1457802470566025 1.1437852382659912 1.3223819732666016
307 0.6556252241134644 2.156256691455494 3.391080856323242 2.121846914291382 0.31259313225746155 2.1379883045230774 1.1415951251983643 1.3205372095108032
308 0.6544879674911499 2.153180505878412 3.391411781311035 2.120374917984009 0.2978087365627289 2.142418847217972 1.1310248374938965 1.3126314878463745
309 0.654231607913971 2.1457860729224407 3.38771390914917 2.116992473602295 0.29860439896583557 2.137791959336275 1.128631830215454 1.3155308961868286
310 0.6528863310813904 2.1469562347568267 3.3879141807556152 2.1163601875305176 0.3023165762424469 2.1424837387788176 1.1285892724990845 1.3176867961883545
311 0.658109724521637 2.1425602563592787 3.3910417556762695 2.1202642917633057 0.31921836733818054 2.1440167429245656 1.1246777772903442 1.3103992938995361
312 0.6650660634040833 2.1368410550613586 3.397592067718506 2.124706983566284 0.31435081362724304 2.137413253936248 1.128938913345337 1.3159717321395874
313 0.668269157409668 2.146152879966353 3.3957908153533936 2.1126325130462646 0.3087815046310425 2.1496553401856175 1.1343921422958374 1.3230611085891724
314 0.668269157409668 2.1399454246865823 3.4223620891571045 2.1126325130462646 0.3087815046310425 2.149199291778552 1.087465524673462 1.3230611085891724
315 0.6690908670425415 2.148576164373636 3.424708366394043 2.1141974925994873 0.32642385363578796 2.168245066065791 1.0905014276504517 1.3222626447677612
316 0.6755474805831909 2.148226299107698 3.425513744354248 2.08058762550354 0.3228716254234314 2.171632119383072 1.0856045484542847 1.3594834804534912
317 0.6716268062591553 2.153791278648764 3.4148385524749756 2.07867169380188 0.3207882344722748 2.1831421676510905 1.0905731916427612 1.3656612634658813
318 0.6717307567596436 2.1247496895898927 3.4164156913757324 2.078974962234497 0.32384729385375977 2.115913775097875 1.0812537670135498 1.3637486696243286
319 0.6720607876777649 2.0784033917707645 3.4128546714782715 2.07729172706604 0.32191595435142517 1.9942935096309369 1.0702499151229858 1.3627233505249023
320 0.6720613241195679 2.078405022045398 3.4128549098968506 2.0772922039031982 0.321918785572052 1.994294124062363 1.0702499151229858 1.36272394657135
321 0.6721007227897644 2.118959588639195 3.4121875762939453 2.0783989429473877 0.31968650221824646 2.0787009751849523 1.0792797803878784 1.3621423244476318
322 0.6762149930000305 2.1174364093316376 3.398190498352051 2.0786235332489014 0.32272398471832275 2.073708545766822 1.083726406097412 1.3602659702301025
323 0.6714703440666199 2.1184353691858817 3.3885140419006348 2.0786614418029785 0.31731927394866943 2.0767069003782685 1.0717741250991821 1.361171841621399
324 0.672332763671875 2.117853044426504 3.3895092010498047 2.079962730407715 0.32187342643737793 2.0749289612881836 1.0840660333633423 1.3612383604049683
325 0.6689258813858032 2.124190220714107 3.388216972351074 2.0727453231811523 0.321760892868042 2.088183649489713 1.0831191539764404 1.3627352714538574
326 0.668735146522522 2.1243833999555775 3.391531467437744 2.077702522277832 0.3210888206958771 2.088100260441005 1.0852419137954712 1.3697214126586914
327 0.6694603562355042 2.1671051534541776 3.388857841491699 2.0777525901794434 0.3194265365600586 2.1211181395400565 1.0910762548446655 1.3729299306869507
328 0.6651601791381836 2.2513266653786306 3.38234543800354 2.077641487121582 0.32655322551727295 2.3368743581509905 1.1351432800292969 1.380594253540039
329 0.6654236912727356 2.254022260548368 3.3827061653137207 2.07779860496521 0.3267262279987335 2.3424264471246254 1.1360820531845093 1.3798491954803467
330 0.6654236912727356 2.254022260548368 3.3827061653137207 2.07779860496521 0.3267262279987335 2.3424264471246254 1.1360820531845093 1.3798491954803467
331 0.6609962582588196 2.2551602478305015 3.3760123252868652 2.0834250450134277 0.32615503668785095 2.35011774203098 1.1241275072097778 1.3864154815673828
332 0.6543632745742798 2.2722168757868 3.3729467391967773 2.0813400745391846 0.30873966217041016 2.3862737648646246 1.123125672340393 1.3863773345947266
333 0.6518074870109558 2.2660467853401314 3.371649980545044 2.082031011581421 0.31280460953712463 2.3913358495179895 1.123565912246704 1.3872933387756348
334 0.6541081666946411 2.2666192337995525 3.371946334838867 2.08556866645813 0.30759817361831665 2.3909528545828262 1.1229941844940186 1.3838804960250854
335 0.6531399488449097 2.264803045004325 3.371568441390991 2.0832788944244385 0.3086790144443512 2.3862442983344194 1.1228870153427124 1.3838189840316772
336 0.6542552709579468 2.264856289053984 3.3721277713775635 2.0833616256713867 0.30697715282440186 2.3858545242681863 1.122773289680481 1.3833173513412476
337 0.6542552709579468 2.2784190123894486 3.3881161212921143 2.0833616256713867 0.30697715282440186 2.3817266418309564 1.1189916133880615 1.3833173513412476
338 0.653382420539856 2.2791721298074843 3.387603759765625 2.0830094814300537 0.3026465177536011 2.383046951797526 1.1174232959747314 1.383801817893982
339 0.6521166563034058 2.2950126198705805 3.38340163230896 2.0798749923706055 0.3069838583469391 2.4085740645602915 1.121118187904358 1.381495475769043
340 0.6523953676223755 2.3086110642573336 3.3844425678253174 2.087559461593628 0.3093193471431732 2.4242737729687436 1.1277531385421753 1.392946481704712
341 0.6454562544822693 2.309212343400799 3.387056827545166 2.088824987411499 0.3057059645652771 2.428851032214223 1.1272265911102295 1.3945454359054565
342 0.6454535722732544 2.2887581433018855 3.3870389461517334 2.0888328552246094 0.30569541454315186 2.434930322184672 1.1283130645751953 1.394560694694519
343 0.6492735743522644 2.281897153087144 3.3837506771087646 2.0880868434906006 0.31016525626182556 2.42234374929539 1.1322505474090576 1.391714096069336
344 0.6478622555732727 2.1727920399265592 3.423260450363159 2.0887975692749023 0.30872842669487 2.216239209959759 1.124937891960144 1.3933178186416626
345 0.6535863280296326 2.170068460412499 3.4284911155700684 2.0875320434570313 0.31843701004981995 2.211070853134292 1.1272947788238525 1.3909507989883423
346 0.6536452770233154 2.1420320836190334 3.4241819381713867 2.0857138633728027 0.3123205304145813 2.166587195199142 1.1240355968475342 1.4065347909927368
347 0.6536994576454163 2.1496178553727194 3.4251275062561035 2.084933280944824 0.31334370374679565 2.167226980092987 1.1230754852294922 1.4046200513839722
348 0.6529475450515747 2.1854428272744775 3.4214768409729004 2.0849177837371826 0.31230154633522034 2.241813005008459 1.1294090747833252 1.4047694206237793
349 0.6531966328620911 2.1904474537737224 3.4233238697052 2.103909730911255 0.308779239654541 2.201266544165528 1.125351905822754 1.4094158411026
350 0.6572072505950928 2.1910763851247967 3.4238264560699463 2.1025805473327637 0.31017735600471497 2.202449624864953 1.1262893676757813 1.413077712059021
351 0.6565667390823364 2.1903373192440707 3.423116445541382 2.102221727371216 0.3100185990333557 2.2007257554149446 1.1656712293624878 1.4126867055892944
352 0.6565667390823364 2.1903373192440707 3.421016216278076 2.102221727371216 0.3100185990333557 2.2007257554149446 1.1443116664886475 1.4126867055892944
353 0.6541833281517029 2.2099681020786455 3.417794704437256 2.1009857654571533 0.3139684498310089 2.2157317604228504 1.145759105682373 1.4112730026245117
354 0.6528719067573547 2.208619376633055 3.4171242713928223 2.0982019901275635 0.313532292842865 2.2121640995095477 1.156589388847351 1.4142951965332031
355 0.6555876731872559 2.153915718873124 3.4169883728027344 2.099297285079956 0.31235459446907043 2.1221185398667504 1.1418280601501465 1.4121909141540527
356 0.660266101360321 2.1578186186687285 3.4183969497680664 2.1007144451141357 0.3186897337436676 2.1320304495173374 1.1455074548721313 1.413597583770752
357 0.661032497882843 2.1557341449710328 3.418003559112549 2.1000888347625732 0.31751808524131775 2.130053926999235 1.1446013450622559 1.4136905670166016
358 0.6601055264472961 2.155684495385435 3.4179301261901855 2.099583864212036 0.3157050609588623 2.129111942893347 1.145077109336853 1.4138641357421875
359 0.6606775522232056 2.1404445356105337 3.425899028778076 2.0959279537200928 0.322282612323761 2.1138189312650852 1.1473108530044556 1.4034087657928467
360 0.6444278955459595 2.1379628924070837 3.423325777053833 2.095738410949707 0.31349876523017883 2.1078207243176994 1.1431318521499634 1.4042896032333374
361 0.6433523893356323 2.1425159168301566 3.424931287765503 2.1001715660095215 0.3052177131175995 2.1188970760033623 1.1420177221298218 1.4061672687530518
362 0.6437263488769531 2.134342318030099 3.424729824066162 2.1000349521636963 0.3053898811340332 2.122077399356906 1.1459949016571045 1.405896782875061
363 0.6447269320487976 2.127305029171335 3.4261586666107178 2.0981333255767822 0.2899308204650879 2.1072724842187984 1.1380531787872314 1.4007116556167603
364 0.6460915803909302 2.1293307031028075 3.425292491912842 2.0993285179138184 0.2910741865634918 2.1110704215595013 1.1377997398376465 1.404410719871521
365 0.6463665962219238 2.1355290973517325 3.423860549926758 2.10041880607605 0.29113808274269104 2.1246038566207135 1.1293078660964966 1.4087717533111572
366 0.6468709111213684 2.1313651731656336 3.4234395027160645 2.0983338356018066 0.2802923619747162 2.107588205663233 1.1326829195022583 1.4125995635986328
367 0.6470175385475159 2.129415669201253 3.4233922958374023 2.0984816551208496 0.27905499935150146 2.1074926411098036 1.1329903602600098 1.4128512144088745
368 0.6446343064308167 2.1165481703188282 3.422513484954834 2.0938918590545654 0.24279800057411194 2.080724714141997 1.0995004177093506 1.408627986907959
369 0.6449174880981445 2.1507401359247216 3.4235777854919434 2.0989344120025635 0.29311588406562805 2.0946366260615155 1.1233580112457275 1.4150782823562622
370 0.6439911723136902 2.1324478268271205 3.424325704574585 2.0998032093048096 0.291323184967041 2.047490960623177 1.114732027053833 1.416002631187439
371 0.6480050086975098 2.1201252283212324 3.420799970626831 2.1012327671051025 0.29690805077552795 2.0604978806559524 1.1129058599472046 1.4175516366958618
372 0.6488602757453918 2.1191288322533777 3.4205281734466553 2.100486993789673 0.2981635630130768 2.0579912908536855 1.1112279891967773 1.4172667264938354
373 0.6492176651954651 2.1196070036320154 3.421778917312622 2.107191801071167 0.29654282331466675 2.0593843834957175 1.111851453781128 1.416161060333252
374 0.6438267827033997 2.1000976934667603 3.419041633605957 2.111837863922119 0.28844860196113586 2.065364127697062 1.1056689023971558 1.4258610010147095
375 0.6438336968421936 2.100106201653436 3.41904354095459 2.1118409633636475 0.28843823075294495 2.065375640275385 1.1056790351867676 1.4258766174316406
376 0.6415989995002747 2.089074528923928 3.419970989227295 2.1078073978424072 0.27735134959220886 2.042747936638842 1.0995453596115112 1.4291115999221802
377 0.6443124413490295 2.0862346070704882 3.4230713844299316 2.1111559867858887 0.27187615633010864 2.0401506309969637 1.0983407497406006 1.4272167682647705
378 0.6445422172546387 2.085868838498762 3.4254350662231445 2.092068672180176 0.27240172028541565 2.039426928287623 1.1018555164337158 1.4704010486602783
379 0.6448831558227539 2.0866805458872246 3.425625801086426 2.095593214035034 0.27410101890563965 2.0426507167618073 1.101661205291748 1.4740668535232544
380 0.6448831558227539 2.092050778181488 3.4256579875946045 2.095593214035034 0.27410101890563965 2.0399719299796524 1.1012228727340698 1.4740668535232544
381 0.6484434008598328 2.0910751252855997 3.4252469539642334 2.0951144695281982 0.2787516415119171 2.036431792998718 1.1017987728118896 1.4729975461959839
382 0.6493351459503174 2.087518704039526 3.4206745624542236 2.0943596363067627 0.269144207239151 2.0302899631023283 1.0960086584091187 1.4726505279541016
383 0.6622417569160461 2.0852177173954494 3.420854091644287 2.0909464359283447 0.28191515803337097 2.0188011501063747 1.1024819612503052 1.47267746925354
384 0.663807213306427 2.0923892332568177 3.419525384902954 2.0910186767578125 0.2841503322124481 2.01961208217732 1.103818416595459 1.4735223054885864
385 0.6574515700340271 2.1912829923681754 3.420325756072998 2.0937681198120117 0.28056100010871887 2.235790435127878 1.1305396556854248 1.4747692346572876
386 0.6560962796211243 2.1909202172066156 3.4200942516326904 2.093498468399048 0.2793712913990021 2.236870469588379 1.1319433450698853 1.4763941764831543
387 0.6527382135391235 2.1979063221425017 3.4189178943634033 2.0937891006469727 0.28229057788848877 2.233868303611731 1.1362040042877197 1.4766159057617188
388 0.6523796916007996 2.1973859114061667 3.419428586959839 2.093508243560791 0.28181222081184387 2.2334068892684504 1.1390780210494995 1.476547360420227
389 0.6546429991722107 2.1965832863425447 3.419809103012085 2.0927417278289795 0.2818261981010437 2.2310634851344853 1.1375470161437988 1.4767744541168213
390 0.6546429991722107 2.1965832863425447 3.4197638034820557 2.089857339859009 0.2818261981010437 2.2310634851344853 1.137656331062317 1.4775785207748413
391 0.656538188457489 2.195500271831248 3.420804977416992 2.0770370960235596 0.2803744971752167 2.229375585271164 1.1293227672576904 1.5262963771820068
392 0.656805157661438 2.1952564882044325 3.4207162857055664 2.0769031047821045 0.2809474468231201 2.2289196902351014 1.1292212009429932 1.52608323097229
393 0.663374125957489 2.2034238062740443 3.4235031604766846 2.0782947540283203 0.27936622500419617 2.244509148111639 1.1221487522125244 1.5089333057403564
394 0.6640989184379578 2.2023267332387317 3.432781457901001 2.077190637588501 0.279224693775177 2.2351227401946288 1.1075356006622314 1.5092439651489258
395 0.6640989184379578 2.2023267332387317 3.4320645332336426 2.020005464553833 0.279224693775177 2.2351227401946288 1.102664589881897 1.4512417316436768
396 0.6641795039176941 2.2022006716403704 3.4304046630859375 2.0199527740478516 0.27903345227241516 2.2348393481879105 1.0990021228790283 1.4511959552764893
397 0.6624900102615356 2.213121991692797 3.430238962173462 2.023219108581543 0.28000256419181824 2.2404684993047512 1.0943121910095215 1.4502981901168823
398 0.666558563709259 2.206851835423787 3.432051181793213 2.022538661956787 0.27985119819641113 2.2418162981442635 1.096104621887207 1.4501142501831055
399 0.666598379611969 2.208365885680651 3.4327938556671143 2.022963047027588 0.2768481969833374 2.2447055943020673 1.0957599878311157 1.450217843055725
400 0.6660707592964172 2.2083083779855897 3.4335997104644775 2.0243072509765625 0.27520400285720825 2.251461637403533 1.0952955484390259 1.4502562284469604
