init 0.6268985867500305 6.756438947988144 3.1117427349090576 2.4172539710998535 0.0 0.0 0.0 0.0
1 0.6268985867500305 6.820864273704396 3.110499858856201 2.4172539710998535 0.0 0.4858907925206164 0.208665668964386 0.0
2 0.6268985867500305 6.79757660860721 3.1104419231414795 2.4170687198638916 0.0 0.6006185584349374 0.4532977044582367 0.012607821263372898
3 0.6268985867500305 6.79757660860721 3.1100940704345703 2.4284379482269287 0.0 0.6006185584349374 0.5135422945022583 0.5725992918014526
4 0.6268985867500305 6.79757660860721 3.1138272285461426 2.4284379482269287 0.0 0.6006185584349374 0.569219708442688 0.5725992918014526
5 0.6268985867500305 6.79757660860721 3.1137020587921143 2.4289979934692383 0.0 0.6006185584349374 0.5474472045898438 0.5757864713668823
6 0.6268985867500305 6.79757660860721 3.1140360832214355 2.428790807723999 0.0 0.6006185584349374 0.5529270172119141 0.5865485668182373
7 0.6268985867500305 6.79757660860721 3.117067337036133 2.4299683570861816 0.0 0.6006185584349374 0.6627603769302368 0.5779379606246948
8 0.6268985867500305 6.79757660860721 3.1182007789611816 2.4299683570861816 0.0 0.6006185584349374 0.6647587418556213 0.5779379606246948
9 0.6268985867500305 6.79757660860721 3.1181297302246094 2.4299683570861816 0.0 0.6006185584349374 0.6666837334632874 0.5779379606246948
10 0.6268985867500305 6.772727722635154 3.118114471435547 2.43003511428833 0.0 0.8015221592953996 0.7203477025032043 0.5780097246170044
11 0.6268985867500305 6.772727722635154 3.1182916164398193 2.43003511428833 0.0 0.8015221592953996 0.7187950015068054 0.5780097246170044
12 0.6268985867500305 6.772727722635154 3.118332624435425 2.4308245182037354 0.0 0.8015221592953996 0.7190311551094055 0.5789987444877625
13 0.6268985867500305 6.792222967463043 3.118332624435425 2.4308245182037354 0.0 0.9591166545039425 0.7310652136802673 0.5789987444877625
14 0.6268985867500305 6.792222967463043 3.1197478771209717 2.4308245182037354 0.0 0.9591166545039425 0.7940981984138489 0.5789987444877625
15 0.6268985867500305 6.792222967463043 3.1197478771209717 2.4308245182037354 0.0 0.9591166545039425 0.7940981984138489 0.5789987444877625
16 0.6268985867500305 6.792222967463043 3.118823289871216 2.4308245182037354 0.0 0.9591166545039425 0.8072682023048401 0.5789987444877625
17 0.6268985867500305 6.792222967463043 3.118823289871216 2.4308245182037354 0.0 0.9591166545039425 0.8072682023048401 0.5789987444877625
18 0.6268985867500305 6.792222967463043 3.1171278953552246 2.4308245182037354 0.0 0.9591166545039425 0.8159348964691162 0.5789987444877625
19 0.6268985867500305 6.792222967463043 3.1174044609069824 2.4308245182037354 0.0 0.9591166545039425 0.8136681318283081 0.5789987444877625
20 0.6268985867500305 6.792222967463043 3.1199588775634766 2.4308245182037354 0.0 0.9591166545039425 0.8391255140304565 0.5789987444877625
21 0.6268985867500305 6.792222967463043 3.1199588775634766 2.4308245182037354 0.0 0.9591166545039425 0.8391255140304565 0.5789987444877625
22 0.6268985867500305 6.792222967463043 3.119835615158081 2.4308245182037354 0.0 0.9591166545039425 0.8422408699989319 0.5789987444877625
23 0.6268985867500305 6.792222967463043 3.119835615158081 2.4308245182037354 0.0 0.9591166545039425 0.8422408699989319 0.5789987444877625
24 0.6268985867500305 6.792222967463043 3.119940757751465 2.432375907897949 0.0 0.9591166545039425 0.8438012003898621 0.579581618309021
25 0.6268985867500305 6.792222967463043 3.1190478801727295 2.4479176998138428 0.0 0.9591166545039425 0.8263940811157227 0.5865340828895569
26 0.6268985867500305 6.792222967463043 3.121175527572632 2.4479176998138428 0.0 0.9591166545039425 0.8532769083976746 0.5865340828895569
27 0.6268985867500305 6.791591199070471 3.121175527572632 2.4479176998138428 0.0 0.9643818005643774 0.8536500334739685 0.5865340828895569
28 0.6268985867500305 6.791591199070471 3.1204025745391846 2.4479176998138428 0.0 0.9643818005643774 0.8739656209945679 0.5865340828895569
29 0.6268985867500305 6.791439121957003 3.1205894947052 2.4479176998138428 0.0 0.9656750910390915 0.8347398042678833 0.5865340828895569
30 0.6268985867500305 6.791439121957003 3.120922803878784 2.4086804389953613 0.0 0.9656750910390915 0.8381057381629944 0.6199257373809814
31 0.6268985867500305 6.793088405159363 3.121699094772339 2.4086804389953613 0.0 1.0576333286525499 0.8453366756439209 0.6199257373809814
32 0.6268985867500305 6.793088405159363 3.1215741634368896 2.4086804389953613 0.0 1.0576333286525499 0.8118691444396973 0.6199257373809814
33 0.6268985867500305 6.793088405159363 3.121133327484131 2.4086804389953613 0.0 1.0576333286525499 0.8083131909370422 0.6199257373809814
34 0.6268985867500305 6.793088405159363 3.121133327484131 2.4086804389953613 0.0 1.0576333286525499 0.8083131909370422 0.6199257373809814
35 0.6268985867500305 6.770515099306549 3.121154308319092 2.4086804389953613 0.0 1.0736386099362596 0.8020232319831848 0.6199257373809814
36 0.6268985867500305 6.770515099306549 3.119375705718994 2.4086804389953613 0.0 1.0736386099362596 0.7851991057395935 0.6199257373809814
37 0.6268985867500305 6.770515099306549 3.119375705718994 2.4086804389953613 0.0 1.0736386099362596 0.7851991057395935 0.6199257373809814
38 0.6268985867500305 6.770515099306549 3.1194136142730713 2.4086804389953613 0.0 1.0736386099362596 0.7855973839759827 0.6199257373809814
39 0.6268985867500305 6.770515099306549 3.1193389892578125 2.4086804389953613 0.0 1.0736386099362596 0.7834008932113647 0.6199257373809814
40 0.6268985867500305 6.768782480942424 3.1203901767730713 2.406280517578125 0.0 1.0873789439131147 0.7790254354476929 0.2511809170246124
41 0.6268985867500305 6.768782480942424 3.1213371753692627 2.406280517578125 0.0 1.0873789439131147 0.7665023803710938 0.2511809170246124
42 0.6268985867500305 6.768782480942424 3.123704671859741 2.406280517578125 0.0 1.0873789439131147 0.7818406224250793 0.2511809170246124
43 0.6268985867500305 6.768782480942424 3.1220853328704834 2.405825138092041 0.0 1.0873789439131147 0.7752737998962402 0.2539302408695221
44 0.6268985867500305 6.768782480942424 3.122129201889038 2.33125901222229 0.0 1.0873789439131147 0.8019484877586365 0.6550232768058777
45 0.6268985867500305 6.768782480942424 3.122063636779785 2.32882022857666 0.0 1.0873789439131147 0.8018423914909363 0.6534326076507568
46 0.6268985867500305 6.767548995531001 3.1192715167999268 2.32882022857666 0.0 1.0970117776630177 0.834502100944519 0.6534326076507568
47 0.6268985867500305 6.767548995531001 3.1165480613708496 2.3108954429626465 0.0 1.0970117776630177 0.8573974370956421 0.6536227464675903
48 0.6268985867500305 6.767548995531001 3.1165480613708496 2.3108954429626465 0.0 1.0970117776630177 0.8573974370956421 0.6536227464675903
49 0.6268985867500305 6.767548995531001 3.1166763305664063 2.3108954429626465 0.0 1.0970117776630177 0.8587284088134766 0.6536227464675903
50 0.6268985867500305 6.803610158853074 3.1166956424713135 2.310163974761963 0.0 0.9440593996399393 0.8490994572639465 0.6552790999412537
51 0.6268985867500305 6.803610158853074 3.11657977104187 2.310163974761963 0.0 0.9440593996399393 0.8478893637657166 0.6552790999412537
52 0.6268985867500305 6.803324613265574 3.11657977104187 2.310163974761963 0.0 0.9478294265241743 0.8309648036956787 0.6552790999412537
53 0.6268985867500305 6.803324613265574 3.1162376403808594 2.310523271560669 0.0 0.9478294265241743 0.8289310336112976 0.6545875668525696
54 0.6268985867500305 6.803324613265574 3.1162376403808594 2.310523271560669 0.0 0.9478294265241743 0.8289310336112976 0.6545875668525696
55 0.6268985867500305 6.803324613265574 3.1162376403808594 2.310523271560669 0.0 0.9478294265241743 0.8289310336112976 0.6545875668525696
56 0.6268985867500305 6.803324613265574 3.115544080734253 2.310523271560669 0.0 0.9478294265241743 0.8261865377426147 0.6545875668525696
57 0.6268985867500305 6.803324613265574 3.115330457687378 2.306023597717285 0.0 0.9478294265241743 0.8260837197303772 0.6526505351066589
58 0.6268985867500305 6.803324613265574 3.115330457687378 2.306023597717285 0.0 0.9478294265241743 0.8149468302726746 0.6526505351066589
59 0.6268985867500305 6.803324613265574 3.115330457687378 2.306023597717285 0.0 0.9478294265241743 0.8149468302726746 0.6526505351066589
60 0.6268985867500305 6.803324613265574 3.115330457687378 2.306023597717285 0.0 0.9478294265241743 0.8149468302726746 0.6526505351066589
61 0.6268985867500305 6.803324613265574 3.115330457687378 2.306023597717285 0.0 0.9478294265241743 0.8149468302726746 0.6526505351066589
62 0.6268985867500305 6.803324613265574 3.118866443634033 2.331066131591797 0.0 0.9478294265241743 0.8400065302848816 0.6258889436721802
63 0.6268985867500305 6.803324613265574 3.118866443634033 2.331066131591797 0.0 0.9478294265241743 0.8400065302848816 0.6258889436721802
64 0.6268985867500305 6.803324613265574 3.1198601722717285 2.405578851699829 0.0 0.9478294265241743 0.8218755722045898 0.1523343175649643
65 0.6268985867500305 6.803324613265574 3.1198601722717285 2.405578851699829 0.0 0.9478294265241743 0.8218755722045898 0.1523343175649643
66 0.6268985867500305 6.803324613265574 3.1198601722717285 2.405578851699829 0.0 0.9478294265241743 0.8218755722045898 0.1523343175649643
67 0.6268985867500305 6.803324613265574 3.1198601722717285 2.405578851699829 0.0 0.9478294265241743 0.8218755722045898 0.1523343175649643
68 0.6268985867500305 6.803324613265574 3.1197290420532227 2.405578851699829 0.0 0.9478294265241743 0.8225521445274353 0.1523343175649643
69 0.6268985867500305 6.803324613265574 3.119706153869629 2.395031213760376 0.0 0.9478294265241743 0.8228222727775574 0.19613684713840485
70 0.6268985867500305 6.803324613265574 3.114454507827759 2.395031213760376 0.0 0.9478294265241743 0.7772130966186523 0.19613684713840485
71 0.6268985867500305 6.803324613265574 3.1147983074188232 2.395031213760376 0.0 0.9478294265241743 0.7771183252334595 0.19613684713840485
72 0.6268985867500305 6.803324613265574 3.1148645877838135 2.39534854888916 0.0 0.9478294265241743 0.7750648856163025 0.22558580338954926
73 0.6268985867500305 6.803324613265574 3.116389751434326 2.39534854888916 0.0 0.9478294265241743 0.7586942315101624 0.22558580338954926
74 0.6268985867500305 6.803324613265574 3.116389751434326 2.39534854888916 0.0 0.9478294265241743 0.7586942315101624 0.22558580338954926
75 0.6268985867500305 6.7909061178413195 3.1164298057556152 2.39534854888916 0.0 1.003103291482467 0.7632633447647095 0.22558580338954926
76 0.6268985867500305 6.7909061178413195 3.1164298057556152 2.39534854888916 0.0 1.003103291482467 0.7632633447647095 0.22558580338954926
77 0.6268985867500305 6.7909061178413195 3.1164298057556152 2.39534854888916 0.0 1.003103291482467 0.7632633447647095 0.22558580338954926
78 0.6268985867500305 6.7909061178413195 3.1164298057556152 2.39534854888916 0.0 1.003103291482467 0.7632633447647095 0.22558580338954926
79 0.6268985867500305 6.7909061178413195 3.1159305572509766 2.39534854888916 0.0 1.003103291482467 0.7695052623748779 0.22558580338954926
80 0.6268985867500305 6.7909061178413195 3.116088390350342 2.39534854888916 0.0 1.003103291482467 0.7700049877166748 0.22558580338954926
81 0.6268985867500305 6.7909061178413195 3.1150712966918945 2.395040273666382 0.0 1.003103291482467 0.7827866673469543 0.19613930583000183
82 0.6268985867500305 6.7909061178413195 3.1150712966918945 2.395040273666382 0.0 1.003103291482467 0.7827866673469543 0.19613930583000183
83 0.6268985867500305 6.7909061178413195 3.115753650665283 2.395040273666382 0.0 1.003103291482467 0.7838707566261292 0.19613930583000183
84 0.6268985867500305 6.789816262203574 3.115753650665283 2.395040273666382 0.0 1.0130670734831821 0.8007155060768127 0.19613930583000183
85 0.6268985867500305 6.789816262203574 3.1144843101501465 2.395040273666382 0.0 1.0130670734831821 0.8003804683685303 0.19613930583000183
86 0.6268985867500305 6.789816262203574 3.1146655082702637 2.395040273666382 0.0 1.0130670734831821 0.8179460763931274 0.19613930583000183
87 0.6268985867500305 6.789816262203574 3.1147282123565674 2.391141653060913 0.0 1.0130670734831821 0.8185464143753052 0.224693164229393
88 0.6268985867500305 6.789816262203574 3.1154651641845703 2.391141653060913 0.0 1.0130670734831821 0.8284472227096558 0.224693164229393
89 0.6268985867500305 6.789816262203574 3.1154651641845703 2.391141653060913 0.0 1.0130670734831821 0.8284472227096558 0.224693164229393
90 0.6268985867500305 6.789816262203574 3.1152708530426025 2.3843119144439697 0.0 1.0130670734831821 0.828314483165741 0.21862676739692688
91 0.6268985867500305 6.789816262203574 3.1152708530426025 2.3843119144439697 0.0 1.0130670734831821 0.828314483165741 0.21862676739692688
92 0.6268985867500305 6.789816262203574 3.1152708530426025 2.3843119144439697 0.0 1.0130670734831821 0.828314483165741 0.21862676739692688
93 0.6268985867500305 6.789816262203574 3.113330841064453 2.3817572593688965 0.0 1.0130670734831821 0.8251460790634155 0.24833424389362335
94 0.6268985867500305 6.793504457736771 3.113330841064453 2.3817572593688965 0.0 0.9427369929996817 0.8198872804641724 0.24833424389362335
95 0.6268985867500305 6.793504457736771 3.114598274230957 2.3817572593688965 0.0 0.9427369929996817 0.8156517148017883 0.24833424389362335
96 0.6268985867500305 6.793504457736771 3.114598274230957 2.3817572593688965 0.0 0.9427369929996817 0.8156517148017883 0.24833424389362335
97 0.6268985867500305 6.793504457736771 3.114598274230957 2.3817572593688965 0.0 0.9427369929996817 0.8156517148017883 0.24833424389362335
98 0.6268985867500305 6.793504457736771 3.114720106124878 2.3817572593688965 0.0 0.9427369929996817 0.8308799862861633 0.24833424389362335
99 0.6268985867500305 6.793504457736771 3.1147642135620117 2.3817572593688965 0.0 0.9427369929996817 0.8305801153182983 0.24833424389362335
100 0.6268985867500305 6.793504457736771 3.1144886016845703 2.3817572593688965 0.0 0.9427369929996817 0.8243684768676758 0.24833424389362335
101 0.6268985867500305 6.793504457736771 3.1144886016845703 2.3817572593688965 0.0 0.9427369929996817 0.8243684768676758 0.24833424389362335
102 0.6268985867500305 6.793504457736771 3.1144886016845703 2.3817572593688965 0.0 0.9427369929996817 0.8243684768676758 0.24833424389362335
103 0.6268985867500305 6.793504457736771 3.114474058151245 2.3817572593688965 0.0 0.9427369929996817 0.8249697685241699 0.24833424389362335
104 0.6268985867500305 6.793504457736771 3.114474058151245 2.3817572593688965 0.0 0.9427369929996817 0.8249697685241699 0.24833424389362335
105 0.6268985867500305 6.793504457736771 3.113746404647827 2.3817572593688965 0.0 0.9427369929996817 0.8224541544914246 0.24833424389362335
106 0.6268985867500305 6.793504457736771 3.113337993621826 2.379337787628174 0.0 0.9427369929996817 0.8235554695129395 0.27298179268836975
107 0.6268985867500305 6.793504457736771 3.113337993621826 2.379337787628174 0.0 0.9427369929996817 0.8235554695129395 0.27298179268836975
108 0.6268985867500305 6.782269544857351 3.1133201122283936 2.379337787628174 0.0 0.8697521179862281 0.8185253143310547 0.27298179268836975
109 0.6268985867500305 6.782269544857351 3.1133201122283936 2.379337787628174 0.0 0.8697521179862281 0.8185253143310547 0.27298179268836975
110 0.6268985867500305 6.782269544857351 3.1133246421813965 2.379337787628174 0.0 0.8697521179862281 0.8198395371437073 0.27298179268836975
111 0.6268985867500305 6.782269544857351 3.1133246421813965 2.379337787628174 0.0 0.8697521179862281 0.8198395371437073 0.27298179268836975
112 0.6268985867500305 6.782269544857351 3.1134021282196045 2.3933475017547607 0.0 0.8697521179862281 0.8161883354187012 0.28727465867996216
113 0.6268985867500305 6.782269544857351 3.113232135772705 2.3933475017547607 0.0 0.8697521179862281 0.8160327076911926 0.28727465867996216
114 0.6268985867500305 6.782269544857351 3.113232135772705 2.3933475017547607 0.0 0.8697521179862281 0.8160327076911926 0.28727465867996216
115 0.6268985867500305 6.782269544857351 3.113232135772705 2.3933475017547607 0.0 0.8697521179862281 0.8160327076911926 0.28727465867996216
116 0.6268985867500305 6.782269544857351 3.1190755367279053 2.3933475017547607 0.0 0.8697521179862281 0.8593698143959045 0.28727465867996216
117 0.6268985867500305 6.782269544857351 3.118929147720337 2.3933475017547607 0.0 0.8697521179862281 0.8577331900596619 0.28727465867996216
118 0.6268985867500305 6.782269544857351 3.1188931465148926 2.3933475017547607 0.0 0.8697521179862281 0.855129063129425 0.28727465867996216
119 0.6268985867500305 6.782269544857351 3.1188931465148926 2.3933475017547607 0.0 0.8697521179862281 0.855129063129425 0.28727465867996216
120 0.6268985867500305 6.782269544857351 3.1188931465148926 2.3933475017547607 0.0 0.8697521179862281 0.855129063129425 0.28727465867996216
121 0.6268985867500305 6.782269544857351 3.1193606853485107 2.392540454864502 0.0 0.8697521179862281 0.8557332754135132 0.2976934313774109
122 0.6268985867500305 6.782269544857351 3.1193606853485107 2.392540454864502 0.0 0.8697521179862281 0.8557332754135132 0.2976934313774109
123 0.6268985867500305 6.781872743218098 3.1225039958953857 2.392540454864502 0.0 0.8745273305322979 0.8540631532669067 0.2976934313774109
124 0.6268985867500305 6.778160386316877 3.1224379539489746 2.392540454864502 0.0 0.9215749902668385 0.8571721911430359 0.2976934313774109
125 0.6268985867500305 6.778160386316877 3.1222951412200928 2.392540454864502 0.0 0.9215749902668385 0.8567374348640442 0.2976934313774109
126 0.6268985867500305 6.778160386316877 3.1214489936828613 2.392540454864502 0.0 0.9215749902668385 0.8587860465049744 0.2976934313774109
127 0.6268985867500305 6.778160386316877 3.1213104724884033 2.3926634788513184 0.0 0.9215749902668385 0.859567403793335 0.29664990305900574
128 0.6268985867500305 6.778160386316877 3.1213877201080322 2.3926634788513184 0.0 0.9215749902668385 0.8792361617088318 0.29664990305900574
129 0.6268985867500305 6.778160386316877 3.1214792728424072 2.3926634788513184 0.0 0.9215749902668385 0.8800299763679504 0.29664990305900574
130 0.6268985867500305 6.778160386316877 3.1214792728424072 2.3926634788513184 0.0 0.9215749902668385 0.8800299763679504 0.29664990305900574
131 0.6268985867500305 6.778160386316877 3.121654748916626 2.3926634788513184 0.0 0.9215749902668385 0.8819120526313782 0.29664990305900574
132 0.6268985867500305 6.778160386316877 3.1206893920898438 2.317471504211426 0.0 0.9215749902668385 0.8988074660301208 0.6752591133117676
133 0.6268985867500305 6.778160386316877 3.1206893920898438 2.317471504211426 0.0 0.9215749902668385 0.8988074660301208 0.6752591133117676
134 0.6268985867500305 6.778160386316877 3.120673656463623 2.317471504211426 0.0 0.9215749902668385 0.8995800614356995 0.6752591133117676
135 0.6268985867500305 6.778160386316877 3.120800018310547 2.3254570960998535 0.0 0.9215749902668385 0.8998861908912659 0.6790529489517212
136 0.6268985867500305 6.778160386316877 3.12079119682312 2.3254570960998535 0.0 0.9215749902668385 0.8998036980628967 0.6790529489517212
137 0.6268985867500305 6.778160386316877 3.1208953857421875 2.326458215713501 0.0 0.9215749902668385 0.9059216380119324 0.6798865795135498
138 0.6268985867500305 6.778160386316877 3.1215200424194336 2.326458215713501 0.0 0.9215749902668385 0.9103085398674011 0.6798865795135498
139 0.6268985867500305 6.778160386316877 3.120323896408081 2.326458215713501 0.0 0.9215749902668385 0.9104086756706238 0.6798865795135498
140 0.6268985867500305 6.778160386316877 3.120323896408081 2.326458215713501 0.0 0.9215749902668385 0.9104086756706238 0.6798865795135498
141 0.6268985867500305 6.778160386316877 3.120323896408081 2.326458215713501 0.0 0.9215749902668385 0.9104086756706238 0.6798865795135498
142 0.6268985867500305 6.778160386316877 3.118377685546875 2.326458215713501 0.0 0.9215749902668385 0.8838215470314026 0.6798865795135498
143 0.6268985867500305 6.778160386316877 3.12007474899292 2.326458215713501 0.0 0.9215749902668385 0.9226505160331726 0.6798865795135498
144 0.6268985867500305 6.7773223234952935 3.1203722953796387 2.326458215713501 0.0 0.9314746732262753 0.9244088530540466 0.6798865795135498
145 0.6268985867500305 6.7773223234952935 3.121795654296875 2.326458215713501 0.0 0.9314746732262753 0.9598113298416138 0.6798865795135498
146 0.6268985867500305 6.7773223234952935 3.1211721897125244 2.3260929584503174 0.0 0.9314746732262753 0.9589448571205139 0.6797116994857788
147 0.6268985867500305 6.7773223234952935 3.120304584503174 2.3260929584503174 0.0 0.9314746732262753 0.9617341756820679 0.6797116994857788
148 0.6268985867500305 6.7773223234952935 3.120238780975342 2.3289077281951904 0.0 0.9314746732262753 0.9614838361740112 0.6822388172149658
149 0.6268985867500305 6.7773223234952935 3.12018084526062 2.3289077281951904 0.0 0.9314746732262753 0.9636192917823792 0.6822388172149658
150 0.6268985867500305 6.7773223234952935 3.11997652053833 2.3289077281951904 0.0 0.9314746732262753 0.9625221490859985 0.6822388172149658
151 0.6268985867500305 6.7773223234952935 3.1182055473327637 2.3289077281951904 0.0 0.9314746732262753 0.9568799734115601 0.6822388172149658
152 0.6268985867500305 6.7773223234952935 3.115309000015259 2.3289077281951904 0.0 0.9314746732262753 0.9371480941772461 0.6822388172149658
153 0.6268985867500305 6.7773223234952935 3.1152889728546143 2.3289077281951904 0.0 0.9314746732262753 0.9377656579017639 0.6822388172149658
154 0.6268985867500305 6.7773223234952935 3.1151957511901855 2.3289077281951904 0.0 0.9314746732262753 0.9387465715408325 0.6822388172149658
155 0.6268985867500305 6.7773223234952935 3.1151957511901855 2.3289077281951904 0.0 0.9314746732262753 0.9387465715408325 0.6822388172149658
156 0.6268985867500305 6.7773223234952935 3.1151957511901855 2.3289077281951904 0.0 0.9314746732262753 0.9387465715408325 0.6822388172149658
157 0.6268985867500305 6.7773223234952935 3.1151957511901855 2.3289077281951904 0.0 0.9314746732262753 0.9584192037582397 0.6822388172149658
158 0.6268985867500305 6.801345736274237 3.1156156063079834 2.3289077281951904 0.0 0.9430512195082051 0.9578401446342468 0.6822388172149658
159 0.6268985867500305 6.801345736274237 3.1156156063079834 2.3289077281951904 0.0 0.9430512195082051 0.9578401446342468 0.6822388172149658
160 0.6268985867500305 6.801345736274237 3.1156156063079834 2.3289077281951904 0.0 0.9430512195082051 0.9578401446342468 0.6822388172149658
161 0.6268985867500305 6.801345736274237 3.1156156063079834 2.3289077281951904 0.0 0.9430512195082051 0.9578401446342468 0.6822388172149658
162 0.6268985867500305 6.801345736274237 3.1159493923187256 2.3287665843963623 0.0 0.9430512195082051 0.9575548768043518 0.6806382536888123
163 0.6268985867500305 6.801345736274237 3.1158363819122314 2.3287665843963623 0.0 0.9430512195082051 0.9576670527458191 0.6806382536888123
164 0.6268985867500305 6.801345736274237 3.115619659423828 2.3287665843963623 0.0 0.9430512195082051 0.9526519775390625 0.6806382536888123
165 0.6268985867500305 6.801345736274237 3.1154158115386963 2.330167293548584 0.0 0.9430512195082051 0.9434949159622192 0.6805822253227234
166 0.6268985867500305 6.801345736274237 3.1154158115386963 2.330167293548584 0.0 0.9430512195082051 0.9434949159622192 0.6805822253227234
167 0.6268985867500305 6.801345736274237 3.115417718887329 2.3252503871917725 0.0 0.9430512195082051 0.9432727694511414 0.6768052577972412
168 0.6268985867500305 6.801345736274237 3.1107003688812256 2.3265750408172607 0.0 0.9430512195082051 0.9058606624603271 0.6768816113471985
169 0.6268985867500305 6.801345736274237 3.1110289096832275 2.3265750408172607 0.0 0.9430512195082051 0.9067566990852356 0.6768816113471985
170 0.6268985867500305 6.801345736274237 3.1110289096832275 2.3265750408172607 0.0 0.9430512195082051 0.9067566990852356 0.6768816113471985
171 0.6268985867500305 6.801345736274237 3.1135380268096924 2.3265750408172607 0.0 0.9430512195082051 0.9172046780586243 0.6768816113471985
172 0.6268985867500305 6.801345736274237 3.1210741996765137 2.324260950088501 0.0 0.9430512195082051 0.9668461680412292 0.6775963306427002
173 0.6268985867500305 6.801345736274237 3.122807502746582 2.324260950088501 0.0 0.9430512195082051 0.9713852405548096 0.6775963306427002
174 0.6268985867500305 6.801345736274237 3.122807502746582 2.324260950088501 0.0 0.9430512195082051 0.9713852405548096 0.6775963306427002
175 0.6268985867500305 6.801345736274237 3.122807502746582 2.324260950088501 0.0 0.9430512195082051 0.9713852405548096 0.6775963306427002
176 0.6268985867500305 6.801345736274237 3.122807502746582 2.324260950088501 0.0 0.9430512195082051 0.9713852405548096 0.6775963306427002
177 0.6268985867500305 6.801345736274237 3.122936248779297 2.324260950088501 0.0 0.9430512195082051 0.9733338356018066 0.6775963306427002
178 0.6268985867500305 6.801345736274237 3.122936248779297 2.324260950088501 0.0 0.9430512195082051 0.9733338356018066 0.6775963306427002
179 0.6268985867500305 6.801345736274237 3.122936248779297 2.324260950088501 0.0 0.9430512195082051 0.9733338356018066 0.6775963306427002
180 0.6268985867500305 6.800933163743368 3.1235768795013428 2.324260950088501 0.0 0.9480718057452495 0.9722966551780701 0.6775963306427002
181 0.6268985867500305 6.800933163743368 3.1247684955596924 2.3250772953033447 0.0 0.9480718057452495 0.9574425220489502 0.6788364052772522
182 0.6268985867500305 6.800933163743368 3.1247684955596924 2.3250772953033447 0.0 0.9480718057452495 0.9574425220489502 0.6788364052772522
183 0.6268985867500305 6.801149019545168 3.122223138809204 2.325190544128418 0.0 0.9454234699092855 0.9593862891197205 0.6816909909248352
184 0.6268985867500305 6.801149019545168 3.121849536895752 2.325190544128418 0.0 0.9454234699092855 0.956901490688324 0.6816909909248352
185 0.6268985867500305 6.801149019545168 3.121849536895752 2.325190544128418 0.0 0.9454234699092855 0.956901490688324 0.6816909909248352
186 0.6268985867500305 6.801149019545168 3.1208841800689697 2.331690788269043 0.0 0.9454234699092855 0.9502058625221252 0.6674806475639343
187 0.6268985867500305 6.801149019545168 3.1208841800689697 2.331690788269043 0.0 0.9454234699092855 0.9502058625221252 0.6674806475639343
188 0.6268985867500305 6.801149019545168 3.121345281600952 2.331690788269043 0.0 0.9454234699092855 0.9500563740730286 0.6674806475639343
189 0.6268985867500305 6.801149019545168 3.1219289302825928 2.331690788269043 0.0 0.9454234699092855 0.9555977582931519 0.6674806475639343
190 0.6268985867500305 6.801149019545168 3.1219289302825928 2.331690788269043 0.0 0.9454234699092855 0.9555977582931519 0.6674806475639343
191 0.6268985867500305 6.801149019545168 3.1219289302825928 2.331690788269043 0.0 0.9454234699092855 0.9555977582931519 0.6674806475639343
192 0.6268985867500305 6.801149019545168 3.1245577335357666 2.330514907836914 0.0 0.9454234699092855 0.9360072612762451 0.6675813794136047
193 0.6268985867500305 6.801149019545168 3.124635696411133 2.3307387828826904 0.0 0.9454234699092855 0.9363269209861755 0.6703377962112427
194 0.6268985867500305 6.801149019545168 3.124635696411133 2.3307387828826904 0.0 0.9454234699092855 0.9308310747146606 0.6703377962112427
195 0.6268985867500305 6.801149019545168 3.124635696411133 2.3307387828826904 0.0 0.9454234699092855 0.9308310747146606 0.6703377962112427
196 0.6268985867500305 6.801149019545168 3.124635696411133 2.3307387828826904 0.0 0.9454234699092855 0.9308310747146606 0.6703377962112427
197 0.6268985867500305 6.801149019545168 3.1242244243621826 2.3199303150177 0.0 0.9454234699092855 0.9296510219573975 0.6652753353118896
198 0.6268985867500305 6.801149019545168 3.134805679321289 2.3199303150177 0.0 0.9454234699092855 0.9608364105224609 0.6652753353118896
199 0.6268985867500305 6.801149019545168 3.134805679321289 2.3199303150177 0.0 0.9454234699092855 0.9608364105224609 0.6652753353118896
200 0.6268985867500305 6.801149019545168 3.1267313957214355 2.3199303150177 0.0 0.9454234699092855 0.9268093705177307 0.6652753353118896
201 0.6268985867500305 6.801149019545168 3.1267313957214355 2.3199303150177 0.0 0.9454234699092855 0.9268093705177307 0.6652753353118896
202 0.6268985867500305 6.801149019545168 3.1265478134155273 2.3199303150177 0.0 0.9454234699092855 0.9260450005531311 0.6652753353118896
203 0.6268985867500305 6.801149019545168 3.1265478134155273 2.3199303150177 0.0 0.9454234699092855 0.9260450005531311 0.6652753353118896
204 0.6268985867500305 6.801149019545168 3.130000352859497 2.3199303150177 0.0 0.9454234699092855 0.922810971736908 0.6652753353118896
205 0.6268985867500305 6.801149019545168 3.1287291049957275 2.3199303150177 0.0 0.9454234699092855 0.9136075973510742 0.6652753353118896
206 0.6268985867500305 6.801149019545168 3.1295456886291504 2.317957639694214 0.0 0.9454234699092855 0.9114816784858704 0.6630446314811707
207 0.6268985867500305 6.801149019545168 3.131889820098877 2.3183882236480713 0.0 0.9454234699092855 0.9289001822471619 0.664999783039093
208 0.6268985867500305 6.801149019545168 3.131889820098877 2.3183882236480713 0.0 0.9454234699092855 0.9289001822471619 0.664999783039093
209 0.6268985867500305 6.801149019545168 3.1319472789764404 2.3183882236480713 0.0 0.9454234699092855 0.9281121492385864 0.664999783039093
210 0.6268985867500305 6.801149019545168 3.1319472789764404 2.3183882236480713 0.0 0.9454234699092855 0.9281121492385864 0.664999783039093
211 0.6268985867500305 6.801149019545168 3.120349884033203 2.3183882236480713 0.0 0.9454234699092855 0.8890902996063232 0.664999783039093
212 0.6268985867500305 6.801149019545168 3.1166393756866455 2.3183882236480713 0.0 0.9454234699092855 0.886984646320343 0.664999783039093
213 0.6268985867500305 6.801149019545168 3.1166393756866455 2.3183882236480713 0.0 0.9454234699092855 0.886984646320343 0.664999783039093
214 0.6268985867500305 6.801149019545168 3.116642951965332 2.3183882236480713 0.0 0.9454234699092855 0.8869456052780151 0.664999783039093
215 0.6268985867500305 6.801149019545168 3.1165101528167725 2.3183882236480713 0.0 0.9454234699092855 0.8856996893882751 0.664999783039093
216 0.6268985867500305 6.801149019545168 3.1165101528167725 2.3183882236480713 0.0 0.9454234699092855 0.8856996893882751 0.664999783039093
217 0.6268985867500305 6.801149019545168 3.116671085357666 2.3183882236480713 0.0 0.9454234699092855 0.8856688737869263 0.664999783039093
218 0.6268985867500305 6.801149019545168 3.117037773132324 2.3183882236480713 0.0 0.9454234699092855 0.8866183161735535 0.664999783039093
219 0.6268985867500305 6.801149019545168 3.1199936866760254 2.3145782947540283 0.0 0.9454234699092855 0.891952395439148 0.7353556752204895
220 0.6268985867500305 6.801169344313156 3.1201601028442383 2.3145782947540283 0.0 0.9451851623022137 0.881464958190918 0.7353556752204895
221 0.6268985867500305 6.801169344313156 3.119593858718872 2.314882278442383 0.0 0.9451851623022137 0.8956692218780518 0.7354336380958557
222 0.6268985867500305 6.801169344313156 3.11934232711792 2.314882278442383 0.0 0.9451851623022137 0.9020127654075623 0.7354336380958557
223 0.6268985867500305 6.801169344313156 3.118899345397949 2.314882278442383 0.0 0.9451851623022137 0.9045920968055725 0.7354336380958557
224 0.6268985867500305 6.801169344313156 3.118903160095215 2.314882278442383 0.0 0.9451851623022137 0.9045605659484863 0.7354336380958557
225 0.6268985867500305 6.801169344313156 3.1155331134796143 2.314882278442383 0.0 0.9451851623022137 0.9087380170822144 0.7354336380958557
226 0.6268985867500305 6.801169344313156 3.115133047103882 2.314882278442383 0.0 0.9451851623022137 0.908080518245697 0.7354336380958557
227 0.6268985867500305 6.801169344313156 3.1158368587493896 2.314882278442383 0.0 0.9451851623022137 0.9066638946533203 0.7354336380958557
228 0.6268985867500305 6.801169344313156 3.1158368587493896 2.314882278442383 0.0 0.9451851623022137 0.9066638946533203 0.7354336380958557
229 0.6268985867500305 6.801169344313156 3.114926338195801 2.314882278442383 0.0 0.9451851623022137 0.9059539437294006 0.7354336380958557
230 0.6268985867500305 6.801169344313156 3.114926338195801 2.314882278442383 0.0 0.9451851623022137 0.9059539437294006 0.7354336380958557
231 0.6268985867500305 6.801169344313156 3.114926338195801 2.314882278442383 0.0 0.9451851623022137 0.9059539437294006 0.7354336380958557
232 0.6268985867500305 6.801169344313156 3.1156184673309326 2.315180540084839 0.0 0.9451851623022137 0.9033039808273315 0.7351467609405518
233 0.6268985867500305 6.801169344313156 3.119781970977783 2.315180540084839 0.0 0.9451851623022137 0.8903651833534241 0.7351467609405518
234 0.6268985867500305 6.801169344313156 3.119946241378784 2.3151097297668457 0.0 0.9451851623022137 0.8833283185958862 0.7351402044296265
235 0.6268985867500305 6.80067441990232 3.1193342208862305 2.310330629348755 0.0 0.9512950041689837 0.8885101079940796 0.7342982888221741
236 0.6268985867500305 6.80067441990232 3.1225967407226563 2.3098766803741455 0.0 0.9512950041689837 0.9486179351806641 0.7487170696258545
237 0.6268985867500305 6.80067441990232 3.1225967407226563 2.3098766803741455 0.0 0.9512950041689837 0.9486179351806641 0.7487170696258545
238 0.6268985867500305 6.80067441990232 3.1233367919921875 2.3101131916046143 0.0 0.9512950041689837 0.9615603089332581 0.748751699924469
239 0.6268985867500305 6.80067441990232 3.1233367919921875 2.3101131916046143 0.0 0.9512950041689837 0.937113881111145 0.748751699924469
240 0.6268985867500305 6.80067441990232 3.1233367919921875 2.3101131916046143 0.0 0.9512950041689837 0.937113881111145 0.748751699924469
241 0.6268985867500305 6.80067441990232 3.1230173110961914 2.3101131916046143 0.0 0.9512950041689837 0.9321175813674927 0.748751699924469
242 0.6268985867500305 6.80067441990232 3.1230173110961914 2.3101131916046143 0.0 0.9512950041689837 0.9321175813674927 0.748751699924469
243 0.6268985867500305 6.80067441990232 3.123018741607666 2.3101131916046143 0.0 0.9512950041689837 0.9321274757385254 0.748751699924469
244 0.6268985867500305 6.80067441990232 3.123018741607666 2.3101131916046143 0.0 0.9512950041689837 0.9321274757385254 0.748751699924469
245 0.6268985867500305 6.80067441990232 3.1229498386383057 2.3101131916046143 0.0 0.9512950041689837 0.9366866946220398 0.748751699924469
246 0.6268985867500305 6.80067441990232 3.123628616333008 2.3338565826416016 0.0 0.9512950041689837 0.9374110698699951 0.759759247303009
247 0.6268985867500305 6.80067441990232 3.1235013008117676 2.3338565826416016 0.0 0.9512950041689837 0.9371844530105591 0.759759247303009
248 0.6268985867500305 6.80067441990232 3.1235013008117676 2.3338565826416016 0.0 0.9512950041689837 0.9371844530105591 0.759759247303009
249 0.6268985867500305 6.80067441990232 3.123504161834717 2.3338565826416016 0.0 0.9512950041689837 0.9384238719940186 0.759759247303009
250 0.6268985867500305 6.80067441990232 3.123551368713379 2.3338565826416016 0.0 0.9512950041689837 0.9382746815681458 0.759759247303009
251 0.6268985867500305 6.80067441990232 3.123551368713379 2.3338565826416016 0.0 0.9512950041689837 0.9382746815681458 0.759759247303009
252 0.6268985867500305 6.80067441990232 3.123551368713379 2.3338565826416016 0.0 0.9512950041689837 0.9382746815681458 0.759759247303009
253 0.6268985867500305 6.80067441990232 3.123551368713379 2.3338565826416016 0.0 0.9512950041689837 0.9382746815681458 0.759759247303009
254 0.6268985867500305 6.80067441990232 3.123551368713379 2.3338565826416016 0.0 0.9512950041689837 0.9382746815681458 0.759759247303009
255 0.6268985867500305 6.80067441990232 3.1260061264038086 2.3338565826416016 0.0 0.9512950041689837 0.9485147595405579 0.759759247303009
256 0.6268985867500305 6.80067441990232 3.126185417175293 2.3338565826416016 0.0 0.9512950041689837 0.9490122199058533 0.759759247303009
257 0.6268985867500305 6.80067441990232 3.126185417175293 2.3338565826416016 0.0 0.9512950041689837 0.9490122199058533 0.759759247303009
258 0.6268985867500305 6.800413675490598 3.126185417175293 2.3338565826416016 0.0 0.9546021578830233 0.9488027095794678 0.759759247303009
259 0.6268985867500305 6.800413675490598 3.126185417175293 2.3338565826416016 0.0 0.9546021578830233 0.9488027095794678 0.759759247303009
260 0.6268985867500305 6.800413675490598 3.125962018966675 2.33345627784729 0.0 0.9546021578830233 0.945820689201355 0.7542902827262878
261 0.6268985867500305 6.800413675490598 3.125962018966675 2.33345627784729 0.0 0.9546021578830233 0.945820689201355 0.7542902827262878
262 0.6268985867500305 6.800413675490598 3.1247284412384033 2.33345627784729 0.0 0.9546021578830233 0.947077751159668 0.7542902827262878
263 0.6268985867500305 6.800413675490598 3.128159284591675 2.33345627784729 0.0 0.9546021578830233 0.9340773224830627 0.7542902827262878
264 0.6268985867500305 6.800413675490598 3.1281728744506836 2.33345627784729 0.0 0.9546021578830233 0.9363919496536255 0.7542902827262878
265 0.6268985867500305 6.800413675490598 3.1285698413848877 2.33345627784729 0.0 0.9546021578830233 0.9432308673858643 0.7542902827262878
266 0.6268985867500305 6.800413675490598 3.135066509246826 2.33345627784729 0.0 0.9546021578830233 0.9645319581031799 0.7542902827262878
267 0.6268985867500305 6.800413675490598 3.1351377964019775 2.333112955093384 0.0 0.9546021578830233 0.9644153714179993 0.7524644732475281
268 0.6268985867500305 6.800413675490598 3.1351377964019775 2.333112955093384 0.0 0.9546021578830233 0.9644153714179993 0.7524644732475281
269 0.6268985867500305 6.800413675490598 3.1268343925476074 2.3350188732147217 0.0 0.9546021578830233 0.9512543678283691 0.7535699605941772
270 0.6268985867500305 6.800413675490598 3.1213693618774414 2.3350188732147217 0.0 0.9546021578830233 0.902266263961792 0.7535699605941772
271 0.6268985867500305 6.800413675490598 3.121295690536499 2.335341215133667 0.0 0.9546021578830233 0.9003561735153198 0.7582476735115051
272 0.6268985867500305 6.800413675490598 3.12131929397583 2.335341215133667 0.0 0.9546021578830233 0.9002520442008972 0.7582476735115051
273 0.6268985867500305 6.800413675490598 3.12131929397583 2.335341215133667 0.0 0.9546021578830233 0.9002520442008972 0.7582476735115051
274 0.6268985867500305 6.800413675490598 3.121732473373413 2.335341215133667 0.0 0.9546021578830233 0.9010873436927795 0.7582476735115051
275 0.6268985867500305 6.801204646826118 3.121699571609497 2.3352482318878174 0.0 0.9460404745288928 0.8895930051803589 0.7572309374809265
276 0.6268985867500305 6.801204646826118 3.121699571609497 2.3352482318878174 0.0 0.9460404745288928 0.8895930051803589 0.7572309374809265
277 0.6268985867500305 6.801204646826118 3.121699571609497 2.3352482318878174 0.0 0.9460404745288928 0.8895930051803589 0.7572309374809265
278 0.6268985867500305 6.801204646826118 3.122159242630005 2.337294101715088 0.0 0.9460404745288928 0.894129753112793 0.7575306296348572
279 0.6268985867500305 6.801204646826118 3.121934652328491 2.333512783050537 0.0 0.9460404745288928 0.8937400579452515 0.753409743309021
280 0.6268985867500305 6.801204646826118 3.1203224658966064 2.333512783050537 0.0 0.9460404745288928 0.8704327344894409 0.753409743309021
281 0.6268985867500305 6.801204646826118 3.1213150024414063 2.407681703567505 0.0 0.9460404745288928 0.8530083894729614 0.4475920796394348
282 0.6268985867500305 6.801204646826118 3.121201753616333 2.407681703567505 0.0 0.9460404745288928 0.8512150049209595 0.4475920796394348
283 0.6268985867500305 6.801204646826118 3.121201753616333 2.407681703567505 0.0 0.9460404745288928 0.8512150049209595 0.4475920796394348
284 0.6268985867500305 6.801204646826118 3.119887590408325 2.407681703567505 0.0 0.9460404745288928 0.8703606724739075 0.4475920796394348
285 0.6268985867500305 6.801204646826118 3.119887590408325 2.407681703567505 0.0 0.9460404745288928 0.8703606724739075 0.4475920796394348
286 0.6268985867500305 6.801204646826118 3.119887590408325 2.407681703567505 0.0 0.9460404745288928 0.8703606724739075 0.4475920796394348
287 0.6268985867500305 6.801204646826118 3.1190502643585205 2.407681703567505 0.0 0.9460404745288928 0.8700272440910339 0.4475920796394348
288 0.6268985867500305 6.801204646826118 3.1190502643585205 2.407681703567505 0.0 0.9460404745288928 0.8700272440910339 0.4475920796394348
289 0.6268985867500305 6.801204646826118 3.1196300983428955 2.407681703567505 0.0 0.9460404745288928 0.8636733293533325 0.4475920796394348
290 0.6268985867500305 6.801204646826118 3.1199989318847656 2.4103238582611084 0.0 0.9460404745288928 0.8560587167739868 0.32657167315483093
291 0.6268985867500305 6.801204646826118 3.1165428161621094 2.4103238582611084 0.0 0.9460404745288928 0.8711774945259094 0.32657167315483093
292 0.6268985867500305 6.801204646826118 3.1162099838256836 2.4135239124298096 0.0 0.9460404745288928 0.870992124080658 0.31819653511047363
293 0.6268985867500305 6.801204646826118 3.1162269115448 2.410435199737549 0.0 0.9460404745288928 0.8647404313087463 0.3257772922515869
294 0.6268985867500305 6.801204646826118 3.1198010444641113 2.410435199737549 0.0 0.9460404745288928 0.8561221957206726 0.3257772922515869
295 0.6268985867500305 6.801204646826118 3.1197893619537354 2.410435199737549 0.0 0.9460404745288928 0.8559941053390503 0.3257772922515869
296 0.6268985867500305 6.801204646826118 3.119453191757202 2.4146485328674316 0.0 0.9460404745288928 0.8557798862457275 0.3196505606174469
297 0.6268985867500305 6.801204646826118 3.119453191757202 2.4146485328674316 0.0 0.9460404745288928 0.8557798862457275 0.3196505606174469
298 0.6268985867500305 6.801204646826118 3.1171457767486572 2.4146485328674316 0.0 0.9460404745288928 0.853988766670227 0.3196505606174469
299 0.6268985867500305 6.801204646826118 3.117234945297241 2.4146485328674316 0.0 0.9460404745288928 0.8557021021842957 0.3196505606174469
300 0.6268985867500305 6.801204646826118 3.117234945297241 2.4146485328674316 0.0 0.9460404745288928 0.834377646446228 0.3196505606174469
301 0.6268985867500305 6.801204646826118 3.1172358989715576 2.4130754470825195 0.0 0.9460404745288928 0.8343504667282104 0.31878116726875305
302 0.6268985867500305 6.801204646826118 3.1174421310424805 2.4206576347351074 0.0 0.9460404745288928 0.8369799852371216 0.3168046176433563
303 0.6268985867500305 6.800256315059703 3.1174421310424805 2.4206576347351074 0.0 0.9580502529868835 0.8378387093544006 0.3168046176433563
304 0.6268985867500305 6.800256315059703 3.116401195526123 2.4206576347351074 0.0 0.9580502529868835 0.8209457397460938 0.3168046176433563
305 0.6268985867500305 6.800256315059703 3.1173183917999268 2.4206576347351074 0.0 0.9580502529868835 0.8200080990791321 0.3168046176433563
306 0.6268985867500305 6.800256315059703 3.11726975440979 2.4206080436706543 0.0 0.9580502529868835 0.8198275566101074 0.31419068574905396
307 0.6268985867500305 6.800256315059703 3.11726975440979 2.4206080436706543 0.0 0.9580502529868835 0.8452616930007935 0.31419068574905396
308 0.6268985867500305 6.780596170484107 3.11726975440979 2.4206080436706543 0.0 0.9397409764470713 0.8439679741859436 0.31419068574905396
309 0.6268985867500305 6.780596170484107 3.11726975440979 2.4206080436706543 0.0 0.9397409764470713 0.8439679741859436 0.31419068574905396
310 0.6268985867500305 6.780596170484107 3.11726975440979 2.4206080436706543 0.0 0.9397409764470713 0.8439679741859436 0.31419068574905396
311 0.6268985867500305 6.780596170484107 3.11726975440979 2.4206080436706543 0.0 0.9397409764470713 0.8439679741859436 0.31419068574905396
312 0.6268985867500305 6.780596170484107 3.11726975440979 2.4206080436706543 0.0 0.9397409764470713 0.873212993144989 0.31419068574905396
313 0.6268985867500305 6.780596170484107 3.1186788082122803 2.4206080436706543 0.0 0.9397409764470713 0.8570684194564819 0.31419068574905396
314 0.6268985867500305 6.780596170484107 3.118800401687622 2.4206080436706543 0.0 0.9397409764470713 0.8176693916320801 0.31419068574905396
315 0.6268985867500305 6.780596170484107 3.1246399879455566 2.4206080436706543 0.0 0.9397409764470713 0.8606195449829102 0.31419068574905396
316 0.6268985867500305 6.780596170484107 3.1239848136901855 2.420989513397217 0.0 0.9397409764470713 0.8462302684783936 0.3056393563747406
317 0.6268985867500305 6.780596170484107 3.123931646347046 2.4194493293762207 0.0 0.9397409764470713 0.8436340093612671 0.304583877325058
318 0.6268985867500305 6.780596170484107 3.123835325241089 2.418534755706787 0.0 0.9397409764470713 0.8456451296806335 0.3426191806793213
319 0.6268985867500305 6.780596170484107 3.123835325241089 2.418534755706787 0.0 0.9397409764470713 0.8456451296806335 0.3426191806793213
320 0.6268985867500305 6.780596170484107 3.1239027976989746 2.41772198677063 0.0 0.9397409764470713 0.8456867337226868 0.3439497649669647
321 0.6268985867500305 6.780596170484107 3.1239027976989746 2.41772198677063 0.0 0.9397409764470713 0.8456867337226868 0.3439497649669647
322 0.6268985867500305 6.780596170484107 3.123899221420288 2.4176926612854004 0.0 0.9397409764470713 0.8457602262496948 0.3452479839324951
323 0.6268985867500305 6.780596170484107 3.123899221420288 2.4176926612854004 0.0 0.9397409764470713 0.8457602262496948 0.3452479839324951
324 0.6268985867500305 6.782324885357878 3.123894691467285 2.4176926612854004 0.0 0.9180324836405277 0.8443846702575684 0.3452479839324951
325 0.6268985867500305 6.782324885357878 3.122004985809326 2.4176926612854004 0.0 0.9180324836405277 0.8582831025123596 0.3452479839324951
326 0.6268985867500305 6.782324885357878 3.122042655944824 2.4176926612854004 0.0 0.9180324836405277 0.8588551878929138 0.3452479839324951
327 0.6268985867500305 6.782324885357878 3.1222455501556396 2.4191977977752686 0.0 0.9180324836405277 0.8592234253883362 0.35627880692481995
328 0.6268985867500305 6.782324885357878 3.1222455501556396 2.4191977977752686 0.0 0.9180324836405277 0.8592234253883362 0.35627880692481995
329 0.6268985867500305 6.782324885357878 3.1287262439727783 2.4191977977752686 0.0 0.9180324836405277 0.8722877502441406 0.35627880692481995
330 0.6268985867500305 6.782324885357878 3.128599166870117 2.4191977977752686 0.0 0.9180324836405277 0.9126620888710022 0.35627880692481995
331 0.6268985867500305 6.782324885357878 3.128225088119507 2.399873733520508 0.0 0.9180324836405277 0.9130977988243103 0.3720042407512665
332 0.6268985867500305 6.782324885357878 3.128225088119507 2.399873733520508 0.0 0.9180324836405277 0.7991411089897156 0.3720042407512665
333 0.6268985867500305 6.782324885357878 3.1286871433258057 2.399873733520508 0.0 0.9180324836405277 0.8067347407341003 0.3720042407512665
334 0.6268985867500305 6.782324885357878 3.128575325012207 2.399873733520508 0.0 0.9180324836405277 0.8057155609130859 0.3720042407512665
335 0.6268985867500305 6.782324885357878 3.128709316253662 2.399873733520508 0.0 0.9180324836405277 0.8035411834716797 0.3720042407512665
336 0.6268985867500305 6.782324885357878 3.128709316253662 2.399873733520508 0.0 0.9180324836405277 0.8035411834716797 0.3720042407512665
337 0.6268985867500305 6.782324885357878 3.127500295639038 2.399873733520508 0.0 0.9180324836405277 0.9397668242454529 0.3720042407512665
338 0.6268985867500305 6.782324885357878 3.127500295639038 2.399873733520508 0.0 0.9180324836405277 0.9397668242454529 0.3720042407512665
339 0.6268985867500305 6.782324885357878 3.127500295639038 2.399873733520508 0.0 0.9180324836405277 0.9397668242454529 0.3720042407512665
340 0.6268985867500305 6.781001777507115 3.127500295639038 2.399873733520508 0.0 0.9327517390535476 0.9513034224510193 0.3720042407512665
341 0.6268985867500305 6.781001777507115 3.127500295639038 2.399873733520508 0.0 0.9327517390535476 0.9513034224510193 0.3720042407512665
342 0.6268985867500305 6.781001777507115 3.127500295639038 2.399873733520508 0.0 0.9327517390535476 0.9513034224510193 0.3720042407512665
343 0.6268985867500305 6.781001777507115 3.128281593322754 2.3998773097991943 0.0 0.9327517390535476 0.948159396648407 0.37223508954048157
344 0.6268985867500305 6.781001777507115 3.129033088684082 2.3998773097991943 0.0 0.9327517390535476 0.9504042267799377 0.37223508954048157
345 0.6268985867500305 6.781001777507115 3.1315653324127197 2.3998773097991943 0.0 0.9327517390535476 0.9484115839004517 0.37223508954048157
346 0.6268985867500305 6.781001777507115 3.132192373275757 2.3998773097991943 0.0 0.9327517390535476 0.9288172721862793 0.37223508954048157
347 0.6268985867500305 6.781001777507115 3.132192373275757 2.3998773097991943 0.0 0.9327517390535476 0.902197003364563 0.37223508954048157
348 0.6268985867500305 6.781001777507115 3.132192373275757 2.3998773097991943 0.0 0.9327517390535476 0.902197003364563 0.37223508954048157
349 0.6268985867500305 6.781001777507115 3.132138252258301 2.4020256996154785 0.0 0.9327517390535476 0.9019855856895447 0.36591532826423645
350 0.6268985867500305 6.781001777507115 3.132138252258301 2.4020256996154785 0.0 0.9327517390535476 0.9019855856895447 0.36591532826423645
351 0.6268985867500305 6.781001777507115 3.132138252258301 2.4020256996154785 0.0 0.9327517390535476 0.9019855856895447 0.36591532826423645
352 0.6268985867500305 6.781001777507115 3.1323320865631104 2.4020256996154785 0.0 0.9327517390535476 0.902058482170105 0.36591532826423645
353 0.6268985867500305 6.781001777507115 3.132493734359741 2.4020256996154785 0.0 0.9327517390535476 0.9008378386497498 0.36591532826423645
354 0.6268985867500305 6.781001777507115 3.132493734359741 2.4020256996154785 0.0 0.9327517390535476 0.9008378386497498 0.36591532826423645
355 0.6268985867500305 6.781001777507115 3.1308047771453857 2.4020256996154785 0.0 0.9327517390535476 0.927725076675415 0.36591532826423645
356 0.6268985867500305 6.781001777507115 3.130106210708618 2.4020256996154785 0.0 0.9327517390535476 0.9247632026672363 0.36591532826423645
357 0.6268985867500305 6.781001777507115 3.1302695274353027 2.3996779918670654 0.0 0.9327517390535476 0.924916684627533 0.3695865571498871
358 0.6268985867500305 6.781001777507115 3.1300182342529297 2.3996779918670654 0.0 0.9327517390535476 0.8914675116539001 0.3695865571498871
359 0.6268985867500305 6.781001777507115 3.1300182342529297 2.3996779918670654 0.0 0.9327517390535476 0.8914675116539001 0.3695865571498871
360 0.6268985867500305 6.781001777507115 3.130261182785034 2.3996779918670654 0.0 0.9327517390535476 0.8931079506874084 0.3695865571498871
361 0.6268985867500305 6.781001777507115 3.1302008628845215 2.3996779918670654 0.0 0.9327517390535476 0.8922746777534485 0.3695865571498871
362 0.6268985867500305 6.781001777507115 3.1302008628845215 2.3996779918670654 0.0 0.9327517390535476 0.8922746777534485 0.3695865571498871
363 0.6268985867500305 6.781001777507115 3.1300837993621826 2.395545721054077 0.0 0.9327517390535476 0.8960825800895691 0.43245309591293335
364 0.6268985867500305 6.781001777507115 3.1300837993621826 2.395545721054077 0.0 0.9327517390535476 0.8960825800895691 0.43245309591293335
365 0.6268985867500305 6.781001777507115 3.1304383277893066 2.3962836265563965 0.0 0.9327517390535476 0.8975757360458374 0.43720442056655884
366 0.6268985867500305 6.781001777507115 3.1304383277893066 2.3962836265563965 0.0 0.9327517390535476 0.8975757360458374 0.43720442056655884
367 0.6268985867500305 6.781001777507115 3.1304376125335693 2.3962836265563965 0.0 0.9327517390535476 0.8975745439529419 0.43720442056655884
368 0.6268985867500305 6.781001777507115 3.1304376125335693 2.3962836265563965 0.0 0.9327517390535476 0.8975745439529419 0.43720442056655884
369 0.6268985867500305 6.781001777507115 3.13043475151062 2.3962836265563965 0.0 0.9327517390535476 0.8975514769554138 0.43720442056655884
370 0.6268985867500305 6.7819652517850395 3.130242347717285 2.3962836265563965 0.0 0.9208264867500223 0.8931112289428711 0.43720442056655884
371 0.6268985867500305 6.7819652517850395 3.130242347717285 2.3962836265563965 0.0 0.9208264867500223 0.8931112289428711 0.43720442056655884
372 0.6268985867500305 6.7819652517850395 3.1302096843719482 2.400275707244873 0.0 0.9208264867500223 0.8975883722305298 0.5299481749534607
373 0.6268985867500305 6.7819652517850395 3.1301567554473877 2.4002625942230225 0.0 0.9208264867500223 0.8974652290344238 0.5286622047424316
374 0.6268985867500305 6.7819652517850395 3.1298611164093018 2.3967912197113037 0.0 0.9208264867500223 0.8969956636428833 0.5188238024711609
375 0.6268985867500305 6.7819652517850395 3.1298611164093018 2.39679217338562 0.0 0.9208264867500223 0.896996796131134 0.5188255906105042
376 0.6268985867500305 6.7819652517850395 3.130734920501709 2.39679217338562 0.0 0.9208264867500223 0.9101203083992004 0.5188255906105042
377 0.6268985867500305 6.7819652517850395 3.130842924118042 2.39679217338562 0.0 0.9208264867500223 0.9098655581474304 0.5188255906105042
378 0.6268985867500305 6.7819652517850395 3.1304893493652344 2.39679217338562 0.0 0.9208264867500223 0.9040449261665344 0.5188255906105042
379 0.6268985867500305 6.7819652517850395 3.1303768157958984 2.39679217338562 0.0 0.9208264867500223 0.915539026260376 0.5188255906105042
380 0.6268985867500305 6.7819652517850395 3.1244957447052 2.396665573120117 0.0 0.9208264867500223 0.8738794922828674 0.5198443531990051
381 0.6268985867500305 6.7819652517850395 3.1245596408843994 2.396665573120117 0.0 0.9208264867500223 0.8749268651008606 0.5198443531990051
382 0.6268985867500305 6.7819652517850395 3.1236798763275146 2.396665573120117 0.0 0.9208264867500223 0.8703429698944092 0.5198443531990051
383 0.6268985867500305 6.7819652517850395 3.123690128326416 2.396665573120117 0.0 0.9208264867500223 0.8702254891395569 0.5198443531990051
384 0.6268985867500305 6.7819652517850395 3.1236987113952637 2.395313262939453 0.0 0.9208264867500223 0.8702923655509949 0.5212119221687317
385 0.6268985867500305 6.7819652517850395 3.1236987113952637 2.395313262939453 0.0 0.9208264867500223 0.8743823766708374 0.5212119221687317
386 0.6268985867500305 6.7819652517850395 3.1243464946746826 2.406836986541748 0.0 0.9208264867500223 0.8756464123725891 0.5282853245735168
387 0.6268985867500305 6.7819652517850395 3.1243464946746826 2.406836986541748 0.0 0.9208264867500223 0.8756464123725891 0.5282853245735168
388 0.6268985867500305 6.7819652517850395 3.1243464946746826 2.406836986541748 0.0 0.9208264867500223 0.8756464123725891 0.5282853245735168
389 0.6268985867500305 6.7819652517850395 3.1243464946746826 2.406836986541748 0.0 0.9208264867500223 0.8756464123725891 0.5282853245735168
390 0.6268985867500305 6.779911729824057 3.1241674423217773 2.4057135581970215 0.0 0.9472090051697528 0.8702626824378967 0.5252898931503296
391 0.6268985867500305 6.779911729824057 3.1241674423217773 2.4057135581970215 0.0 0.9472090051697528 0.8702626824378967 0.5252898931503296
392 0.6268985867500305 6.779911729824057 3.124171257019043 2.4048569202423096 0.0 0.9472090051697528 0.868760347366333 0.49699583649635315
393 0.6268985867500305 6.779911729824057 3.1243584156036377 2.4048569202423096 0.0 0.9472090051697528 0.8663804531097412 0.49699583649635315
394 0.6268985867500305 6.779911729824057 3.123720645904541 2.4048569202423096 0.0 0.9472090051697528 0.8600664734840393 0.49699583649635315
395 0.6268985867500305 6.780260995643475 3.1237597465515137 2.404924154281616 0.0 0.9424565218115353 0.8597193360328674 0.4872303009033203
396 0.6268985867500305 6.780260995643475 3.122375249862671 2.332359552383423 0.0 0.9424565218115353 0.8851897716522217 0.765974760055542
397 0.6268985867500305 6.780260995643475 3.1216206550598145 2.332359552383423 0.0 0.9424565218115353 0.8851425051689148 0.765974760055542
398 0.6268985867500305 6.780260995643475 3.1226816177368164 2.3258023262023926 0.0 0.9424565218115353 0.8925315141677856 0.7639193534851074
399 0.6268985867500305 6.780260995643475 3.1226816177368164 2.3258023262023926 0.0 0.9424565218115353 0.8925315141677856 0.7639193534851074
400 0.6268985867500305 6.780260995643475 3.1226816177368164 2.3258023262023926 0.0 0.9424565218115353 0.8925315141677856 0.7639193534851074
