init 0.8155752420425415 5.975376863189426 3.5918679237365723 2.193779468536377 0.0 0.0 0.0 0.0
1 0.8155752420425415 6.765850104712716 3.5918679237365723 2.193779468536377 0.0 2.071287005067288 0.6684713959693909 0.0
2 0.8155752420425415 6.729426888894695 3.5918679237365723 2.193779468536377 0.0 2.0081114485971883 0.6506013870239258 0.0
3 0.8155752420425415 6.729426888894695 3.5918679237365723 2.193779468536377 0.0 2.0081114485971883 0.6506013870239258 0.0
4 0.8155752420425415 6.6975286121848745 3.5918679237365723 2.193779468536377 0.0 1.9580751571597772 0.6364989280700684 0.0
5 0.8155752420425415 6.6975286121848745 3.5918679237365723 2.193779468536377 0.0 1.9580751571597772 0.6364989280700684 0.0
6 0.8155752420425415 6.661093354347791 3.5918679237365723 2.193779468536377 0.0 2.0295364922918084 0.656653881072998 0.0
7 0.8155752420425415 6.3550419952328046 3.5918679237365723 2.193779468536377 0.0 1.7267834304762042 0.5724855065345764 0.0
8 0.8155752420425415 5.956623146519679 3.5918679237365723 2.193779468536377 0.0 1.268023882745878 0.4495313763618469 0.0
9 0.8155752420425415 5.6639445883053785 3.5918679237365723 2.193779468536377 0.0 1.225621687700915 0.37066376209259033 0.0
10 0.8155752420425415 5.662068030327369 3.5918679237365723 2.193779468536377 0.0 1.2375374032781052 0.3742673993110657 0.0
11 0.8155752420425415 5.585201273956266 3.5918679237365723 2.193779468536377 0.0 1.2672486108183902 0.38325297832489014 0.0
12 0.8155752420425415 5.577818869847656 3.5918679237365723 2.193779468536377 0.0 1.2309903109388474 0.37228742241859436 0.0
13 0.8155752420425415 5.320594916478125 3.5918679237365723 2.193779468536377 0.0 1.6512287488862025 0.49937981367111206 0.0
14 0.8155752420425415 5.521179976215052 3.5918679237365723 2.193779468536377 0.0 1.3259892782346638 0.4010178744792938 0.0
15 0.8155752420425415 5.521449037583978 3.5918679237365723 2.193779468536377 0.0 1.3259079378635217 0.47051113843917847 0.0
16 0.8155752420425415 5.418041959758554 3.5918679237365723 2.193779468536377 0.0 1.4741989101148234 0.4458407759666443 0.0
17 0.8155752420425415 5.421150716448977 3.5918679237365723 2.193779468536377 0.0 1.5114670450101373 0.45711177587509155 0.0
18 0.8155752420425415 5.4644835906986495 3.5918679237365723 2.193779468536377 0.0 1.5116628758679227 0.4571709632873535 0.0
19 0.8155752420425415 5.4702023136060225 3.5918679237365723 2.193779468536377 0.0 1.5655977404361456 0.4734824299812317 0.0
20 0.8155752420425415 5.4702023136060225 3.5918679237365723 2.193779468536377 0.0 1.5655977404361456 0.4734824299812317 0.0
21 0.8155752420425415 5.4660753858397175 3.5918679237365723 2.193779468536377 0.0 1.5772810919751319 0.47701582312583923 0.0
22 0.8155752420425415 5.46910181302023 3.5918679237365723 2.193779468536377 0.0 1.5845098384614416 0.479202002286911 0.0
23 0.8155752420425415 5.470728383911587 3.5918679237365723 2.193779468536377 0.0 1.5908571999730103 0.48112162947654724 0.0
24 0.8155752420425415 5.482084220389714 3.5918679237365723 2.193779468536377 0.0 1.5760469819256007 0.47664257884025574 0.0
25 0.8155752420425415 5.5278242410905385 3.5918679237365723 2.193779468536377 0.0 1.5729050531187594 0.47569242119789124 0.0
26 0.8155752420425415 5.537103716972189 3.5918679237365723 2.193779468536377 0.0 1.6297335958853763 0.4928790330886841 0.0
27 0.8155752420425415 5.537103716972189 3.5918679237365723 2.193779468536377 0.0 1.6297335958853763 0.4928790330886841 0.0
28 0.8155752420425415 5.537103716972189 3.5918679237365723 2.193779468536377 0.0 1.6297335958853763 0.4928790330886841 0.0
29 0.8155752420425415 5.537103716972189 3.5918679237365723 2.193779468536377 0.0 1.6297335958853763 0.4928790330886841 0.0
30 0.8155752420425415 5.537103716972189 3.5918679237365723 2.193779468536377 0.0 1.6297335958853763 0.4928790330886841 0.0
31 0.8155752420425415 5.537103716972189 3.5918679237365723 2.193779468536377 0.0 1.6297335958853763 0.4928790330886841 0.0
32 0.8155752420425415 5.537103716972189 3.5918679237365723 2.193779468536377 0.0 1.6297335958853763 0.4928790330886841 0.0
33 0.8155752420425415 5.537103716972189 3.5918679237365723 2.193779468536377 0.0 1.6297335958853763 0.4928790330886841 0.0
34 0.8155752420425415 5.537103716972189 3.5918679237365723 2.193779468536377 0.0 1.6297335958853763 0.4928790330886841 0.0
35 0.8155752420425415 5.537103716972189 3.5918679237365723 2.193779468536377 0.0 1.6297335958853763 0.4928790330886841 0.0
36 0.8155752420425415 5.536528637539426 3.5918679237365723 2.193779468536377 0.0 1.626600543772883 0.4919314980506897 0.0
37 0.8155752420425415 5.534784333069173 3.5918679237365723 2.193779468536377 0.0 1.6317367827212208 0.49348485469818115 0.0
38 0.8155752420425415 5.534784333069173 3.5918679237365723 2.193779468536377 0.0 1.6317367827212208 0.49348485469818115 0.0
39 0.8155752420425415 5.534784333069173 3.5918679237365723 2.193779468536377 0.0 1.6317367827212208 0.49348485469818115 0.0
40 0.8155752420425415 5.534784333069173 3.5918679237365723 2.193779468536377 0.0 1.6317367827212208 0.49348485469818115 0.0
41 0.8155752420425415 5.53481352435477 3.5918679237365723 2.193779468536377 0.0 1.6308630698435573 0.5271662473678589 0.0
42 0.8155752420425415 5.538742200855569 3.5918679237365723 2.193779468536377 0.0 1.6513729372254324 0.5325246453285217 0.0
43 0.8155752420425415 5.538742200855569 3.5918679237365723 2.193779468536377 0.0 1.6513729372254324 0.5325246453285217 0.0
44 0.8155752420425415 5.586445719109062 3.5918679237365723 2.193779468536377 0.0 1.5867530137004415 0.5142411589622498 0.0
45 0.8155752420425415 5.5847092620714065 3.5918679237365723 2.193779468536377 0.0 1.577428333102756 0.5118148922920227 0.0
46 0.8155752420425415 5.547700076734798 3.5918679237365723 2.193779468536377 0.0 1.5156623757971304 0.49478673934936523 0.0
47 0.8155752420425415 5.551932142293825 3.5918679237365723 2.193779468536377 0.0 1.5441614059774882 0.5022108554840088 0.0
48 0.8155752420425415 5.5504726868707985 3.5918679237365723 2.193779468536377 0.0 1.5348063308455053 0.49976933002471924 0.0
49 0.8155752420425415 5.5504726868707985 3.5918679237365723 2.193779468536377 0.0 1.5348063308455053 0.49976933002471924 0.0
50 0.8155752420425415 5.5504726868707985 3.5918679237365723 2.193779468536377 0.0 1.5348063308455053 0.49976933002471924 0.0
51 0.8155752420425415 5.550687723927018 3.5918679237365723 2.193779468536377 0.0 1.5339583136478456 0.4995311498641968 0.0
52 0.8155752420425415 5.54919334434776 3.5918679237365723 2.193779468536377 0.0 1.5238877797642179 0.49690794944763184 0.0
53 0.8155752420425415 5.54919334434776 3.5918679237365723 2.193779468536377 0.0 1.5238877797642179 0.49690794944763184 0.0
54 0.8155752420425415 5.548363000692765 3.5918679237365723 2.193779468536377 0.0 1.5251293401509984 0.49721354246139526 0.0
55 0.8155752420425415 5.548517807616625 3.5918679237365723 2.193779468536377 0.0 1.5261972597023994 0.4974914789199829 0.0
56 0.8155752420425415 5.550497629697678 3.5918679237365723 2.193779468536377 0.0 1.5393255472979095 0.5009120106697083 0.0
57 0.8155752420425415 5.550635867785517 3.5918679237365723 2.193779468536377 0.0 1.5402114294837264 0.501143217086792 0.0
58 0.8155752420425415 5.550635867785517 3.5918679237365723 2.193779468536377 0.0 1.5402114294837264 0.501143217086792 0.0
59 0.8155752420425415 5.550635867785517 3.5918679237365723 2.193779468536377 0.0 1.5402114294837264 0.501143217086792 0.0
60 0.8155752420425415 5.541662353334773 3.5918679237365723 2.193779468536377 0.0 1.5256353612714495 0.4972658157348633 0.0
61 0.8155752420425415 5.541662353334773 3.5918679237365723 2.193779468536377 0.0 1.5256353612714495 0.4972658157348633 0.0
62 0.8155752420425415 5.541662353334773 3.5918679237365723 2.193779468536377 0.0 1.5256353612714495 0.4972658157348633 0.0
63 0.8155752420425415 5.544509977986177 3.5918679237365723 2.193779468536377 0.0 1.544700543107252 0.5022271275520325 0.0
64 0.8155752420425415 5.544195260760583 3.5918679237365723 2.193779468536377 0.0 1.5426856224793746 0.5017019510269165 0.0
65 0.8155752420425415 5.544395750950562 3.5918679237365723 2.193779468536377 0.0 1.5439704786660768 0.5020368099212646 0.0
66 0.8155752420425415 5.530262163924499 3.5918679237365723 2.193779468536377 0.0 1.5474369590863915 0.5030120611190796 0.0
67 0.8155752420425415 5.530262163924499 3.5918679237365723 2.193779468536377 0.0 1.5474369590863915 0.5030120611190796 0.0
68 0.8155752420425415 5.530262163924499 3.5918679237365723 2.193779468536377 0.0 1.5474369590863915 0.5030120611190796 0.0
69 0.8155752420425415 5.530714411146316 3.5918679237365723 2.193779468536377 0.0 1.5502958068794495 0.5037577748298645 0.0
70 0.8155752420425415 5.5315788252713345 3.5918679237365723 2.193779468536377 0.0 1.5556549335470469 0.5051567554473877 0.0
71 0.8155752420425415 5.532192274404094 3.5918679237365723 2.193779468536377 0.0 1.5558735304369034 0.5052217841148376 0.0
72 0.8155752420425415 5.532192274404094 3.5918679237365723 2.193779468536377 0.0 1.5558735304369034 0.5052217841148376 0.0
73 0.8155752420425415 5.532192274404094 3.5918679237365723 2.193779468536377 0.0 1.5558735304369034 0.5052217841148376 0.0
74 0.8155752420425415 5.503465421146341 3.5918679237365723 2.193779468536377 0.0 1.5588910454021276 0.5060717463493347 0.0
75 0.8155752420425415 5.501503391094065 3.5918679237365723 2.193779468536377 0.0 1.546863325607999 0.5029271245002747 0.0
76 0.8155752420425415 5.502024487301751 3.5918679237365723 2.193779468536377 0.0 1.545757064385178 0.4674820899963379 0.0
77 0.8155752420425415 5.502024487301751 3.5918679237365723 2.193779468536377 0.0 1.545757064385178 0.4674820899963379 0.0
78 0.8155752420425415 5.503717349522705 3.5918679237365723 2.193779468536377 0.0 1.5408466478488076 0.49063822627067566 0.0
79 0.8155752420425415 5.500864345572791 3.5918679237365723 2.193779468536377 0.0 1.5219057405262424 0.4852009415626526 0.0
80 0.8155752420425415 5.502597821468634 3.5918679237365723 2.193779468536377 0.0 1.5162838969204913 0.48358839750289917 0.0
81 0.8155752420425415 5.502597821468634 3.5918679237365723 2.193779468536377 0.0 1.5162838969204913 0.48358839750289917 0.0
82 0.8155752420425415 5.4911253811455865 3.5918679237365723 2.193779468536377 0.0 1.5117280253293424 0.48228204250335693 0.0
83 0.8155752420425415 5.492709692747466 3.5918679237365723 2.193779468536377 0.0 1.5232651949324723 0.48559096455574036 0.0
84 0.8155752420425415 5.490578482510876 3.5918679237365723 2.193779468536377 0.0 1.5075444474917443 0.4810827970504761 0.0
85 0.8155752420425415 5.490578482510876 3.5918679237365723 2.193779468536377 0.0 1.5075444474917443 0.4810827970504761 0.0
86 0.8155752420425415 5.490578482510876 3.5918679237365723 2.193779468536377 0.0 1.5075444474917443 0.4810827970504761 0.0
87 0.8155752420425415 5.490578482510876 3.5918679237365723 2.193779468536377 0.0 1.5075444474917443 0.4810827970504761 0.0
88 0.8155752420425415 5.490578482510876 3.5918679237365723 2.193779468536377 0.0 1.5075444474917443 0.4810827970504761 0.0
89 0.8155752420425415 5.480991912219014 3.5918679237365723 2.193779468536377 0.0 1.5266446155670594 0.4865607023239136 0.0
90 0.8155752420425415 5.480991912219014 3.5918679237365723 2.193779468536377 0.0 1.5266446155670594 0.4865607023239136 0.0
91 0.8155752420425415 5.4784912926714195 3.5918679237365723 2.193779468536377 0.0 1.5085098070722618 0.48135948181152344 0.0
92 0.8155752420425415 5.478148324610521 3.5918679237365723 2.193779468536377 0.0 1.5096024115357976 0.4816726744174957 0.0
93 0.8155752420425415 5.478148324610521 3.5918679237365723 2.193779468536377 0.0 1.5096024115357976 0.4816726744174957 0.0
94 0.8155752420425415 5.478148324610521 3.5918679237365723 2.193779468536377 0.0 1.5096024115357976 0.4816726744174957 0.0
95 0.8155752420425415 5.478148324610521 3.5918679237365723 2.193779468536377 0.0 1.5096024115357976 0.4816726744174957 0.0
96 0.8155752420425415 5.478148324610521 3.5918679237365723 2.193779468536377 0.0 1.5096024115357976 0.4816726744174957 0.0
97 0.8155752420425415 5.478148324610521 3.5918679237365723 2.193779468536377 0.0 1.5096024115357976 0.4816726744174957 0.0
98 0.8155752420425415 5.473057755516107 3.5918679237365723 2.193779468536377 0.0 1.4930451294822877 0.4769291579723358 0.0
99 0.8155752420425415 5.473057755516107 3.5918679237365723 2.193779468536377 0.0 1.4930451294822877 0.4769291579723358 0.0
100 0.8155752420425415 5.473057755516107 3.5918679237365723 2.193779468536377 0.0 1.4930451294822877 0.4769291579723358 0.0
101 0.8155752420425415 5.473057755516107 3.5918679237365723 2.193779468536377 0.0 1.4930451294822877 0.4769291579723358 0.0
102 0.8155752420425415 5.473057755516107 3.5918679237365723 2.193779468536377 0.0 1.4930451294822877 0.4769291579723358 0.0
103 0.8155752420425415 5.475164783820904 3.5918679237365723 2.193779468536377 0.0 1.5101025826319667 0.4818160831928253 0.0
104 0.8155752420425415 5.475164783820904 3.5918679237365723 2.193779468536377 0.0 1.5101025826319667 0.4818160831928253 0.0
105 0.8155752420425415 5.475164783820904 3.5918679237365723 2.193779468536377 0.0 1.5101025826319667 0.4818160831928253 0.0
106 0.8155752420425415 5.47472747350616 3.5918679237365723 2.193779468536377 0.0 1.5067314774230645 0.4808498024940491 0.0
107 0.8155752420425415 5.47472747350616 3.5918679237365723 2.193779468536377 0.0 1.5067314774230645 0.4808498024940491 0.0
108 0.8155752420425415 5.4751086880832 3.5918679237365723 2.193779468536377 0.0 1.509676396683105 0.48169389367103577 0.0
109 0.8155752420425415 5.4751086880832 3.5918679237365723 2.193779468536377 0.0 1.509676396683105 0.48169389367103577 0.0
110 0.8155752420425415 5.4751086880832 3.5918679237365723 2.193779468536377 0.0 1.509676396683105 0.48169389367103577 0.0
111 0.8155752420425415 5.4751086880832 3.5918679237365723 2.193779468536377 0.0 1.509676396683105 0.48169389367103577 0.0
112 0.8155752420425415 5.4751086880832 3.5918679237365723 2.193779468536377 0.0 1.509676396683105 0.48169389367103577 0.0
113 0.8155752420425415 5.47449409835514 3.5918679237365723 2.193779468536377 0.0 1.5049014599136046 0.4803253412246704 0.0
114 0.8155752420425415 5.47449409835514 3.5918679237365723 2.193779468536377 0.0 1.5049014599136046 0.4803253412246704 0.0
115 0.8155752420425415 5.474473960440353 3.5918679237365723 2.193779468536377 0.0 1.5047427816109376 0.4802798926830292 0.0
116 0.8155752420425415 5.474473960440353 3.5918679237365723 2.193779468536377 0.0 1.5047427816109376 0.4802798926830292 0.0
117 0.8155752420425415 5.474473960440353 3.5918679237365723 2.193779468536377 0.0 1.5047427816109376 0.4802798926830292 0.0
118 0.8155752420425415 5.474888619538051 3.5918679237365723 2.193779468536377 0.0 1.5079837214456804 0.4812087118625641 0.0
119 0.8155752420425415 5.474910394154295 3.5918679237365723 2.193779468536377 0.0 1.504956754795867 0.4809543490409851 0.0
120 0.8155752420425415 5.474910394154295 3.5918679237365723 2.193779468536377 0.0 1.504956754795867 0.4809543490409851 0.0
121 0.8155752420425415 5.476010538764969 3.5918679237365723 2.193779468536377 0.0 1.5133457316208252 0.48335593938827515 0.0
122 0.8155752420425415 5.476010538764969 3.5918679237365723 2.193779468536377 0.0 1.5133457316208252 0.48335593938827515 0.0
123 0.8155752420425415 5.476010538764969 3.5918679237365723 2.193779468536377 0.0 1.5133457316208252 0.48335593938827515 0.0
124 0.8155752420425415 5.475400606453355 3.5918679237365723 2.193779468536377 0.0 1.5087521018199783 0.4820407032966614 0.0
125 0.8155752420425415 5.475400606453355 3.5918679237365723 2.193779468536377 0.0 1.5087521018199783 0.4820407032966614 0.0
126 0.8155752420425415 5.475400606453355 3.5918679237365723 2.193779468536377 0.0 1.5087521018199783 0.4820407032966614 0.0
127 0.8155752420425415 5.475400606453355 3.5918679237365723 2.193779468536377 0.0 1.5087521018199783 0.4820407032966614 0.0
128 0.8155752420425415 5.475357703470717 3.5918679237365723 2.193779468536377 0.0 1.5084234230731839 0.48194658756256104 0.0
129 0.8155752420425415 5.475357703470717 3.5918679237365723 2.193779468536377 0.0 1.5084234230731839 0.48194658756256104 0.0
130 0.8155752420425415 5.4736589675645035 3.5918679237365723 2.193779468536377 0.0 1.5102090803144765 0.47956305742263794 0.0
131 0.8155752420425415 5.4738444438253 3.5918679237365723 2.193779468536377 0.0 1.5116463334152173 0.4799770712852478 0.0
132 0.8155752420425415 5.487295630156129 3.5918679237365723 2.193779468536377 0.0 1.490644966099087 0.45081454515457153 0.0
133 0.8155752420425415 5.487300896630879 3.5918679237365723 2.193779468536377 0.0 1.490627458856791 0.4508092701435089 0.0
134 0.8155752420425415 5.487300896630879 3.5918679237365723 2.193779468536377 0.0 1.490627458856791 0.4508092701435089 0.0
135 0.8155752420425415 5.487300896630879 3.5918679237365723 2.193779468536377 0.0 1.490627458856791 0.4508092701435089 0.0
136 0.8155752420425415 5.48620788821952 3.5918679237365723 2.193779468536377 0.0 1.4816187500456244 0.4480847418308258 0.0
137 0.8155752420425415 5.478915767512036 3.5918679237365723 2.193779468536377 0.0 1.4662443298639787 0.44343507289886475 0.0
138 0.8155752420425415 5.480365121648144 3.5918679237365723 2.193779468536377 0.0 1.4795379446555397 0.4474554657936096 0.0
139 0.8155752420425415 5.480365121648144 3.5918679237365723 2.193779468536377 0.0 1.4795379446555397 0.4474554657936096 0.0
140 0.8155752420425415 5.480365121648144 3.5918679237365723 2.193779468536377 0.0 1.4795379446555397 0.4474554657936096 0.0
141 0.8155752420425415 5.4806684757378425 3.5918679237365723 2.193779468536377 0.0 1.47967900528252 0.4754312038421631 0.0
142 0.8155752420425415 5.4806684757378425 3.5918679237365723 2.193779468536377 0.0 1.47967900528252 0.4754312038421631 0.0
143 0.8155752420425415 5.4806684757378425 3.5918679237365723 2.193779468536377 0.0 1.47967900528252 0.4754312038421631 0.0
144 0.8155752420425415 5.4806684757378425 3.5918679237365723 2.193779468536377 0.0 1.47967900528252 0.4754312038421631 0.0
145 0.8155752420425415 5.481176166691155 3.5918679237365723 2.193779468536377 0.0 1.4839985316660846 0.4766610264778137 0.0
146 0.8155752420425415 5.481176166691155 3.5918679237365723 2.193779468536377 0.0 1.4839985316660846 0.4766610264778137 0.0
147 0.8155752420425415 5.481176166691155 3.5918679237365723 2.193779468536377 0.0 1.4839985316660846 0.4766610264778137 0.0
148 0.8155752420425415 5.481176166691155 3.5918679237365723 2.193779468536377 0.0 1.4839985316660846 0.4766610264778137 0.0
149 0.8155752420425415 5.479622262013438 3.5918679237365723 2.193779468536377 0.0 1.4702483889295175 0.47274768352508545 0.0
150 0.8155752420425415 5.479622262013438 3.5918679237365723 2.193779468536377 0.0 1.4702483889295175 0.47274768352508545 0.0
151 0.8155752420425415 5.479622262013438 3.5918679237365723 2.193779468536377 0.0 1.4702483889295175 0.47274768352508545 0.0
152 0.8155752420425415 5.484432661293075 3.5918679237365723 2.193779468536377 0.0 1.5089509658511948 0.48377305269241333 0.0
153 0.8155752420425415 5.481905852002468 3.5918679237365723 2.193779468536377 0.0 1.4914313492095417 0.4787781536579132 0.0
154 0.8155752420425415 5.481905852002468 3.5918679237365723 2.193779468536377 0.0 1.4914313492095417 0.4787781536579132 0.0
155 0.8155752420425415 5.481905852002468 3.5918679237365723 2.193779468536377 0.0 1.4914313492095417 0.4787781536579132 0.0
156 0.8155752420425415 5.484925094583277 3.5918679237365723 2.193779468536377 0.0 1.4874449429495613 0.4775240421295166 0.0
157 0.8155752420425415 5.484092338998316 3.5918679237365723 2.193779468536377 0.0 1.4806500580779947 0.47558867931365967 0.0
158 0.8155752420425415 5.484092338998316 3.5918679237365723 2.193779468536377 0.0 1.4806500580779947 0.47558867931365967 0.0
159 0.8155752420425415 5.484092338998316 3.5918679237365723 2.193779468536377 0.0 1.4806500580779947 0.47558867931365967 0.0
160 0.8155752420425415 5.484092338998316 3.5918679237365723 2.193779468536377 0.0 1.4806500580779947 0.47558867931365967 0.0
161 0.8155752420425415 5.484017671048516 3.5918679237365723 2.193779468536377 0.0 1.4809083398446747 0.4756622314453125 0.0
162 0.8155752420425415 5.4832194074218155 3.5918679237365723 2.193779468536377 0.0 1.4740483688165207 0.4737093150615692 0.0
163 0.8155752420425415 5.485278023912314 3.5918679237365723 2.193779468536377 0.0 1.4891149929224223 0.4783691465854645 0.0
164 0.8155752420425415 5.485278023912314 3.5918679237365723 2.193779468536377 0.0 1.4891149929224223 0.4783691465854645 0.0
165 0.8155752420425415 5.484891600364283 3.5918679237365723 2.193779468536377 0.0 1.4860513100199155 0.4774969518184662 0.0
166 0.8155752420425415 5.484891600364283 3.5918679237365723 2.193779468536377 0.0 1.4860513100199155 0.4774969518184662 0.0
167 0.8155752420425415 5.486013712395491 3.5918679237365723 2.193779468536377 0.0 1.494780546815169 0.47998255491256714 0.0
168 0.8155752420425415 5.486013712395491 3.5918679237365723 2.193779468536377 0.0 1.494780546815169 0.47998255491256714 0.0
169 0.8155752420425415 5.486013712395491 3.5918679237365723 2.193779468536377 0.0 1.494780546815169 0.47998255491256714 0.0
170 0.8155752420425415 5.486013712395491 3.5918679237365723 2.193779468536377 0.0 1.494780546815169 0.47998255491256714 0.0
171 0.8155752420425415 5.486013712395491 3.5918679237365723 2.193779468536377 0.0 1.494780546815169 0.47998255491256714 0.0
172 0.8155752420425415 5.486013712395491 3.5918679237365723 2.193779468536377 0.0 1.494780546815169 0.47998255491256714 0.0
173 0.8155752420425415 5.483322590883444 3.5918679237365723 2.193779468536377 0.0 1.4728320930908325 0.473736047744751 0.0
174 0.8155752420425415 5.483920253785514 3.5918679237365723 2.193779468536377 0.0 1.4780287278326374 0.47521406412124634 0.0
175 0.8155752420425415 5.483920253785514 3.5918679237365723 2.193779468536377 0.0 1.4780287278326374 0.47521406412124634 0.0
176 0.8155752420425415 5.484011881796707 3.5918679237365723 2.193779468536377 0.0 1.478806870390199 0.47543543577194214 0.0
177 0.8155752420425415 5.484011881796707 3.5918679237365723 2.193779468536377 0.0 1.478806870390199 0.47543543577194214 0.0
178 0.8155752420425415 5.484011881796707 3.5918679237365723 2.193779468536377 0.0 1.478806870390199 0.47543543577194214 0.0
179 0.8155752420425415 5.48293591161862 3.5918679237365723 2.193779468536377 0.0 1.4928970810964564 0.47519391775131226 0.0
180 0.8155752420425415 5.48293591161862 3.5918679237365723 2.193779468536377 0.0 1.4928970810964564 0.47519391775131226 0.0
181 0.8155752420425415 5.48293591161862 3.5918679237365723 2.193779468536377 0.0 1.4928970810964564 0.47519391775131226 0.0
182 0.8155752420425415 5.4826297914394155 3.5918679237365723 2.193779468536377 0.0 1.4904237792909283 0.47448328137397766 0.0
183 0.8155752420425415 5.483369533456825 3.5918679237365723 2.193779468536377 0.0 1.4874691830710045 0.4753335118293762 0.0
184 0.8155752420425415 5.483369533456825 3.5918679237365723 2.193779468536377 0.0 1.4874691830710045 0.4753335118293762 0.0
185 0.8155752420425415 5.483369533456825 3.5918679237365723 2.193779468536377 0.0 1.4874691830710045 0.4753335118293762 0.0
186 0.8155752420425415 5.483467417897728 3.5918679237365723 2.193779468536377 0.0 1.4882675172019642 0.4755620062351227 0.0
187 0.8155752420425415 5.483467417897728 3.5918679237365723 2.193779468536377 0.0 1.4882675172019642 0.4755620062351227 0.0
188 0.8155752420425415 5.4812233155403085 3.5918679237365723 2.193779468536377 0.0 1.4957541899023197 0.45235970616340637 0.0
189 0.8155752420425415 5.4812233155403085 3.5918679237365723 2.193779468536377 0.0 1.4957541899023197 0.45235970616340637 0.0
190 0.8155752420425415 5.482694959179937 3.5918679237365723 2.193779468536377 0.0 1.5071734328103792 0.4558132290840149 0.0
191 0.8155752420425415 5.4798436193501665 3.5918679237365723 2.193779468536377 0.0 1.4840924053790747 0.4488328993320465 0.0
192 0.8155752420425415 5.4798436193501665 3.5918679237365723 2.193779468536377 0.0 1.4840924053790747 0.4488328993320465 0.0
193 0.8155752420425415 5.4798436193501665 3.5918679237365723 2.193779468536377 0.0 1.4840924053790747 0.4488328993320465 0.0
194 0.8155752420425415 5.4798436193501665 3.5918679237365723 2.193779468536377 0.0 1.4840924053790747 0.4488328993320465 0.0
195 0.8155752420425415 5.483593299568122 3.5918679237365723 2.193779468536377 0.0 1.4775395458520386 0.44685107469558716 0.0
196 0.8155752420425415 5.48549856512031 3.5918679237365723 2.193779468536377 0.0 1.492895747988201 0.4514952600002289 0.0
197 0.8155752420425415 5.483344391021172 3.5918679237365723 2.193779468536377 0.0 1.4753956734146862 0.44620269536972046 0.0
198 0.8155752420425415 5.465664432832032 3.5918679237365723 2.193779468536377 0.0 1.4989982235630557 0.4533408284187317 0.0
199 0.8155752420425415 5.465664432832032 3.5918679237365723 2.193779468536377 0.0 1.4989982235630557 0.4533408284187317 0.0
200 0.8155752420425415 5.465993813022713 3.5918679237365723 2.193779468536377 0.0 1.5016672575748238 0.4541480243206024 0.0
201 0.8155752420425415 5.465993813022713 3.5918679237365723 2.193779468536377 0.0 1.5016672575748238 0.4541480243206024 0.0
202 0.8155752420425415 5.460148523487372 3.5918679237365723 2.193779468536377 0.0 1.4807229450766242 0.44781380891799927 0.0
203 0.8155752420425415 5.4645819736405015 3.5918679237365723 2.193779468536377 0.0 1.5170566101191665 0.458802193403244 0.0
204 0.8155752420425415 5.4645819736405015 3.5918679237365723 2.193779468536377 0.0 1.5170566101191665 0.458802193403244 0.0
205 0.8155752420425415 5.4645819736405015 3.5918679237365723 2.193779468536377 0.0 1.5170566101191665 0.458802193403244 0.0
206 0.8155752420425415 5.463343954278599 3.5918679237365723 2.193779468536377 0.0 1.507844616629081 0.4560162425041199 0.0
207 0.8155752420425415 5.462076895830858 3.5918679237365723 2.193779468536377 0.0 1.497776958170244 0.452971488237381 0.0
208 0.8155752420425415 5.462076895830858 3.5918679237365723 2.193779468536377 0.0 1.497776958170244 0.452971488237381 0.0
209 0.8155752420425415 5.462076895830858 3.5918679237365723 2.193779468536377 0.0 1.497776958170244 0.452971488237381 0.0
210 0.8155752420425415 5.462076895830858 3.5918679237365723 2.193779468536377 0.0 1.497776958170244 0.452971488237381 0.0
211 0.8155752420425415 5.462304831434772 3.5918679237365723 2.193779468536377 0.0 1.4996434612114626 0.4535359740257263 0.0
212 0.8155752420425415 5.462216554247043 3.5918679237365723 2.193779468536377 0.0 1.498923154014567 0.45331811904907227 0.0
213 0.8155752420425415 5.4618252033769545 3.5918679237365723 2.193779468536377 0.0 1.4956860258136702 0.45233914256095886 0.0
214 0.8155752420425415 5.4288161291221755 3.5918679237365723 2.193779468536377 0.0 1.5242240164704874 0.46096983551979065 0.0
215 0.8155752420425415 5.4288161291221755 3.5918679237365723 2.193779468536377 0.0 1.5242240164704874 0.46096983551979065 0.0
216 0.8155752420425415 5.4288161291221755 3.5918679237365723 2.193779468536377 0.0 1.5242240164704874 0.46096983551979065 0.0
217 0.8155752420425415 5.4288161291221755 3.5918679237365723 2.193779468536377 0.0 1.5242240164704874 0.46096983551979065 0.0
218 0.8155752420425415 5.4292935994321105 3.5918679237365723 2.193779468536377 0.0 1.5224693625000758 0.46043914556503296 0.0
219 0.8155752420425415 5.428693055331016 3.5918679237365723 2.193779468536377 0.0 1.517172262027741 0.4588371217250824 0.0
220 0.8155752420425415 5.424948273700398 3.5918679237365723 2.193779468536377 0.0 1.53135493380381 0.46312642097473145 0.0
221 0.8155752420425415 5.427137054026668 3.5918679237365723 2.193779468536377 0.0 1.5243239488226583 0.48541635274887085 0.0
222 0.8155752420425415 5.427137054026668 3.5918679237365723 2.193779468536377 0.0 1.5243239488226583 0.48541635274887085 0.0
223 0.8155752420425415 5.427137054026668 3.5918679237365723 2.193779468536377 0.0 1.5243239488226583 0.48541635274887085 0.0
224 0.8155752420425415 5.427626983912003 3.5918679237365723 2.193779468536377 0.0 1.528644014288484 0.4866573214530945 0.0
225 0.8155752420425415 5.429672951845592 3.5918679237365723 2.193779468536377 0.0 1.5450876794366437 0.49138399958610535 0.0
226 0.8155752420425415 5.429641266943752 3.5918679237365723 2.193779468536377 0.0 1.5448496720007665 0.4913155436515808 0.0
227 0.8155752420425415 5.429641266943752 3.5918679237365723 2.193779468536377 0.0 1.5448496720007665 0.4913155436515808 0.0
228 0.8155752420425415 5.429641266943752 3.5918679237365723 2.193779468536377 0.0 1.5448496720007665 0.4913155436515808 0.0
229 0.8155752420425415 5.429641266943752 3.5918679237365723 2.193779468536377 0.0 1.5448496720007665 0.4913155436515808 0.0
230 0.8155752420425415 5.429641266943752 3.5918679237365723 2.193779468536377 0.0 1.5448496720007665 0.4913155436515808 0.0
231 0.8155752420425415 5.429641266943752 3.5918679237365723 2.193779468536377 0.0 1.5448496720007665 0.4913155436515808 0.0
232 0.8155752420425415 5.429641266943752 3.5918679237365723 2.193779468536377 0.0 1.5448496720007665 0.4913155436515808 0.0
233 0.8155752420425415 5.429641266943752 3.5918679237365723 2.193779468536377 0.0 1.5448496720007665 0.4913155436515808 0.0
234 0.8155752420425415 5.429641266943752 3.5918679237365723 2.193779468536377 0.0 1.5448496720007665 0.4913155436515808 0.0
235 0.8155752420425415 5.429641266943752 3.5918679237365723 2.193779468536377 0.0 1.5448496720007665 0.4913155436515808 0.0
236 0.8155752420425415 5.43007119352847 3.5918679237365723 2.193779468536377 0.0 1.548055195533332 0.49223750829696655 0.0
237 0.8155752420425415 5.43007119352847 3.5918679237365723 2.193779468536377 0.0 1.548055195533332 0.49223750829696655 0.0
238 0.8155752420425415 5.43007119352847 3.5918679237365723 2.193779468536377 0.0 1.548055195533332 0.49223750829696655 0.0
239 0.8155752420425415 5.43007119352847 3.5918679237365723 2.193779468536377 0.0 1.548055195533332 0.49223750829696655 0.0
240 0.8155752420425415 5.4295032314579466 3.5918679237365723 2.193779468536377 0.0 1.5502200686303176 0.4916115999221802 0.0
241 0.8155752420425415 5.4295032314579466 3.5918679237365723 2.193779468536377 0.0 1.5502200686303176 0.4916115999221802 0.0
242 0.8155752420425415 5.429552665481383 3.5918679237365723 2.193779468536377 0.0 1.5505860791552617 0.4917171895503998 0.0
243 0.8155752420425415 5.429552665481383 3.5918679237365723 2.193779468536377 0.0 1.5505860791552617 0.4917171895503998 0.0
244 0.8155752420425415 5.428919926774527 3.5918679237365723 2.193779468536377 0.0 1.5458577652028371 0.49035364389419556 0.0
245 0.8155752420425415 5.428919926774527 3.5918679237365723 2.193779468536377 0.0 1.5458577652028371 0.49035364389419556 0.0
246 0.8155752420425415 5.428919926774527 3.5918679237365723 2.193779468536377 0.0 1.5458577652028371 0.49035364389419556 0.0
247 0.8155752420425415 5.4287496697504745 3.5918679237365723 2.193779468536377 0.0 1.5445562564908402 0.4899783730506897 0.0
248 0.8155752420425415 5.4287496697504745 3.5918679237365723 2.193779468536377 0.0 1.5445562564908402 0.4899783730506897 0.0
249 0.8155752420425415 5.4287496697504745 3.5918679237365723 2.193779468536377 0.0 1.5445562564908402 0.4899783730506897 0.0
250 0.8155752420425415 5.4287496697504745 3.5918679237365723 2.193779468536377 0.0 1.5445562564908402 0.4899783730506897 0.0
251 0.8155752420425415 5.4300349338409335 3.5918679237365723 2.193779468536377 0.0 1.554082130822071 0.4927256107330322 0.0
252 0.8155752420425415 5.427956570744278 3.5918679237365723 2.193779468536377 0.0 1.5471403703775493 0.49072346091270447 0.0
253 0.8155752420425415 5.42870223192431 3.5918679237365723 2.193779468536377 0.0 1.5447877776090513 0.49004513025283813 0.0
254 0.8155752420425415 5.42870223192431 3.5918679237365723 2.193779468536377 0.0 1.5447877776090513 0.49004513025283813 0.0
255 0.8155752420425415 5.42870223192431 3.5918679237365723 2.193779468536377 0.0 1.5447877776090513 0.49004513025283813 0.0
256 0.8155752420425415 5.428897675840958 3.5918679237365723 2.193779468536377 0.0 1.5425231076133226 0.4665040075778961 0.0
257 0.8155752420425415 5.428897675840958 3.5918679237365723 2.193779468536377 0.0 1.5425231076133226 0.4665040075778961 0.0
258 0.8155752420425415 5.428897675840958 3.5918679237365723 2.193779468536377 0.0 1.5425231076133226 0.4665040075778961 0.0
259 0.8155752420425415 5.4353076509452904 3.5918679237365723 2.193779468536377 0.0 1.513542578316104 0.4577394425868988 0.0
260 0.8155752420425415 5.435824827462885 3.5918679237365723 2.193779468536377 0.0 1.51804959663058 0.4591025114059448 0.0
261 0.8155752420425415 5.435824827462885 3.5918679237365723 2.193779468536377 0.0 1.51804959663058 0.4591025114059448 0.0
262 0.8155752420425415 5.435824827462885 3.5918679237365723 2.193779468536377 0.0 1.51804959663058 0.4591025114059448 0.0
263 0.8155752420425415 5.437273210088582 3.5918679237365723 2.193779468536377 0.0 1.5216926692882562 0.46020427346229553 0.0
264 0.8155752420425415 5.437273210088582 3.5918679237365723 2.193779468536377 0.0 1.5216926692882562 0.46020427346229553 0.0
265 0.8155752420425415 5.437273210088582 3.5918679237365723 2.193779468536377 0.0 1.5216926692882562 0.46020427346229553 0.0
266 0.8155752420425415 5.437273210088582 3.5918679237365723 2.193779468536377 0.0 1.5216926692882562 0.46020427346229553 0.0
267 0.8155752420425415 5.4392152407864245 3.5918679237365723 2.193779468536377 0.0 1.5371901938532473 0.4648911654949188 0.0
268 0.8155752420425415 5.4392152407864245 3.5918679237365723 2.193779468536377 0.0 1.5371901938532473 0.4648911654949188 0.0
269 0.8155752420425415 5.4392152407864245 3.5918679237365723 2.193779468536377 0.0 1.5371901938532473 0.4648911654949188 0.0
270 0.8155752420425415 5.439248853747042 3.5918679237365723 2.193779468536377 0.0 1.5374422377667776 0.46496737003326416 0.0
271 0.8155752420425415 5.438241878040763 3.5918679237365723 2.193779468536377 0.0 1.529662631576232 0.46261459589004517 0.0
272 0.8155752420425415 5.438241878040763 3.5918679237365723 2.193779468536377 0.0 1.529662631576232 0.46261459589004517 0.0
273 0.8155752420425415 5.438241878040763 3.5918679237365723 2.193779468536377 0.0 1.529662631576232 0.46261459589004517 0.0
274 0.8155752420425415 5.438241878040763 3.5918679237365723 2.193779468536377 0.0 1.529662631576232 0.46261459589004517 0.0
275 0.8155752420425415 5.438241878040763 3.5918679237365723 2.193779468536377 0.0 1.529662631576232 0.46261459589004517 0.0
276 0.8155752420425415 5.438241878040763 3.5918679237365723 2.193779468536377 0.0 1.529662631576232 0.46261459589004517 0.0
277 0.8155752420425415 5.438241878040763 3.5918679237365723 2.193779468536377 0.0 1.529662631576232 0.46261459589004517 0.0
278 0.8155752420425415 5.438241878040763 3.5918679237365723 2.193779468536377 0.0 1.529662631576232 0.46261459589004517 0.0
279 0.8155752420425415 5.438844315475193 3.5918679237365723 2.193779468536377 0.0 1.5343707224519747 0.4640384614467621 0.0
280 0.8155752420425415 5.439346245339586 3.5918679237365723 2.193779468536377 0.0 1.5381718037015888 0.46518802642822266 0.0
281 0.8155752420425415 5.439346245339586 3.5918679237365723 2.193779468536377 0.0 1.5381718037015888 0.46518802642822266 0.0
282 0.8155752420425415 5.43806879944164 3.5918679237365723 2.193779468536377 0.0 1.5282747584179552 0.46219485998153687 0.0
283 0.8155752420425415 5.43806879944164 3.5918679237365723 2.193779468536377 0.0 1.5282747584179552 0.46219485998153687 0.0
284 0.8155752420425415 5.43806879944164 3.5918679237365723 2.193779468536377 0.0 1.5282747584179552 0.46219485998153687 0.0
285 0.8155752420425415 5.43806879944164 3.5918679237365723 2.193779468536377 0.0 1.5282747584179552 0.46219485998153687 0.0
286 0.8155752420425415 5.43806879944164 3.5918679237365723 2.193779468536377 0.0 1.5282747584179552 0.46219485998153687 0.0
287 0.8155752420425415 5.43806879944164 3.5918679237365723 2.193779468536377 0.0 1.5282747584179552 0.46219485998153687 0.0
288 0.8155752420425415 5.43806879944164 3.5918679237365723 2.193779468536377 0.0 1.5282747584179552 0.46219485998153687 0.0
289 0.8155752420425415 5.43806879944164 3.5918679237365723 2.193779468536377 0.0 1.5282747584179552 0.46219485998153687 0.0
290 0.8155752420425415 5.43806879944164 3.5918679237365723 2.193779468536377 0.0 1.5282747584179552 0.46219485998153687 0.0
291 0.8155752420425415 5.43806879944164 3.5918679237365723 2.193779468536377 0.0 1.5282747584179552 0.46219485998153687 0.0
292 0.8155752420425415 5.43806879944164 3.5918679237365723 2.193779468536377 0.0 1.5282747584179552 0.46219485998153687 0.0
293 0.8155752420425415 5.43806879944164 3.5918679237365723 2.193779468536377 0.0 1.5282747584179552 0.46219485998153687 0.0
294 0.8155752420425415 5.43806879944164 3.5918679237365723 2.193779468536377 0.0 1.5282747584179552 0.46219485998153687 0.0
295 0.8155752420425415 5.43806879944164 3.5918679237365723 2.193779468536377 0.0 1.5282747584179552 0.46219485998153687 0.0
296 0.8155752420425415 5.43806879944164 3.5918679237365723 2.193779468536377 0.0 1.5282747584179552 0.46219485998153687 0.0
297 0.8155752420425415 5.4398898778959595 3.5918679237365723 2.193779468536377 0.0 1.5501679452724901 0.46881601214408875 0.0
298 0.8155752420425415 5.435008144166558 3.5918679237365723 2.193779468536377 0.0 1.533527427874488 0.4637834429740906 0.0
299 0.8155752420425415 5.4593972916134605 3.5918679237365723 2.193779468536377 0.0 1.5390971259107329 0.4654678702354431 0.0
300 0.8155752420425415 5.459334033905982 3.5918679237365723 2.193779468536377 0.0 1.539295205486699 0.4655277729034424 0.0
301 0.8155752420425415 5.457179359637981 3.5918679237365723 2.193779468536377 0.0 1.5235049883478746 0.46075236797332764 0.0
302 0.8155752420425415 5.457179359637981 3.5918679237365723 2.193779468536377 0.0 1.5235049883478746 0.46075236797332764 0.0
303 0.8155752420425415 5.457179359637981 3.5918679237365723 2.193779468536377 0.0 1.5235049883478746 0.46075236797332764 0.0
304 0.8155752420425415 5.457179359637981 3.5918679237365723 2.193779468536377 0.0 1.5235049883478746 0.46075236797332764 0.0
305 0.8155752420425415 5.457179359637981 3.5918679237365723 2.193779468536377 0.0 1.5235049883478746 0.46075236797332764 0.0
306 0.8155752420425415 5.457179359637981 3.5918679237365723 2.193779468536377 0.0 1.5235049883478746 0.46075236797332764 0.0
307 0.8155752420425415 5.457179359637981 3.5918679237365723 2.193779468536377 0.0 1.5235049883478746 0.46075236797332764 0.0
308 0.8155752420425415 5.457179359637981 3.5918679237365723 2.193779468536377 0.0 1.5235049883478746 0.46075236797332764 0.0
309 0.8155752420425415 5.457179359637981 3.5918679237365723 2.193779468536377 0.0 1.5235049883478746 0.46075236797332764 0.0
310 0.8155752420425415 5.476544886325066 3.5918679237365723 2.193779468536377 0.0 1.510411859433607 0.4567926526069641 0.0
311 0.8155752420425415 5.476544886325066 3.5918679237365723 2.193779468536377 0.0 1.510411859433607 0.4567926526069641 0.0
312 0.8155752420425415 5.476544886325066 3.5918679237365723 2.193779468536377 0.0 1.510411859433607 0.4567926526069641 0.0
313 0.8155752420425415 5.476014805334696 3.5918679237365723 2.193779468536377 0.0 1.5062089296738161 0.4555215835571289 0.0
314 0.8155752420425415 5.476085133060656 3.5918679237365723 2.193779468536377 0.0 1.512366859439667 0.4573839008808136 0.0
315 0.8155752420425415 5.476085133060656 3.5918679237365723 2.193779468536377 0.0 1.512366859439667 0.4573839008808136 0.0
316 0.8155752420425415 5.476070916728778 3.5918679237365723 2.193779468536377 0.0 1.512414670081331 0.45739835500717163 0.0
317 0.8155752420425415 5.476070916728778 3.5918679237365723 2.193779468536377 0.0 1.512414670081331 0.45739835500717163 0.0
318 0.8155752420425415 5.476070916728778 3.5918679237365723 2.193779468536377 0.0 1.512414670081331 0.45739835500717163 0.0
319 0.8155752420425415 5.4746026353204345 3.5918679237365723 2.193779468536377 0.0 1.5198367629139955 0.4780268371105194 0.0
320 0.8155752420425415 5.4746026353204345 3.5918679237365723 2.193779468536377 0.0 1.5198367629139955 0.4780268371105194 0.0
321 0.8155752420425415 5.4746026353204345 3.5918679237365723 2.193779468536377 0.0 1.5198367629139955 0.4780268371105194 0.0
322 0.8155752420425415 5.473768419190604 3.5918679237365723 2.193779468536377 0.0 1.5132464121055267 0.4761107265949249 0.0
323 0.8155752420425415 5.492525699197048 3.5918679237365723 2.193779468536377 0.0 1.4902655828086029 0.46863120794296265 0.0
324 0.8155752420425415 5.4829060901452245 3.5918679237365723 2.193779468536377 0.0 1.4990853871372587 0.4533671736717224 0.0
325 0.8155752420425415 5.4829060901452245 3.5918679237365723 2.193779468536377 0.0 1.4990853871372587 0.4533671736717224 0.0
326 0.8155752420425415 5.4829060901452245 3.5918679237365723 2.193779468536377 0.0 1.4990853871372587 0.4533671736717224 0.0
327 0.8155752420425415 5.4829060901452245 3.5918679237365723 2.193779468536377 0.0 1.4990853871372587 0.4533671736717224 0.0
328 0.8155752420425415 5.4829060901452245 3.5918679237365723 2.193779468536377 0.0 1.4990853871372587 0.4533671736717224 0.0
329 0.8155752420425415 5.481572355782653 3.5918679237365723 2.193779468536377 0.0 1.5059703190617408 0.47409844398498535 0.0
330 0.8155752420425415 5.481572355782653 3.5918679237365723 2.193779468536377 0.0 1.5059703190617408 0.47409844398498535 0.0
331 0.8155752420425415 5.4836794639468645 3.5918679237365723 2.193779468536377 0.0 1.5030916819708349 0.47326216101646423 0.0
332 0.8155752420425415 5.484203356091444 3.5918679237365723 2.193779468536377 0.0 1.507163887636453 0.4744452238082886 0.0
333 0.8155752420425415 5.48293657666532 3.5918679237365723 2.193779468536377 0.0 1.4971011009878956 0.4715222120285034 0.0
334 0.8155752420425415 5.48293657666532 3.5918679237365723 2.193779468536377 0.0 1.4971011009878956 0.4715222120285034 0.0
335 0.8155752420425415 5.482116050977285 3.5918679237365723 2.193779468536377 0.0 1.491685550600446 0.46994975209236145 0.0
336 0.8155752420425415 5.483921607024408 3.5918679237365723 2.193779468536377 0.0 1.5063957005785233 0.47422200441360474 0.0
337 0.8155752420425415 5.483921607024408 3.5918679237365723 2.193779468536377 0.0 1.5063957005785233 0.47422200441360474 0.0
338 0.8155752420425415 5.483921607024408 3.5918679237365723 2.193779468536377 0.0 1.5063957005785233 0.47422200441360474 0.0
339 0.8155752420425415 5.4732178145445 3.5918679237365723 2.193779468536377 0.0 1.5199318694122284 0.47860655188560486 0.0
340 0.8155752420425415 5.4732178145445 3.5918679237365723 2.193779468536377 0.0 1.5199318694122284 0.47860655188560486 0.0
341 0.8155752420425415 5.4732178145445 3.5918679237365723 2.193779468536377 0.0 1.5199318694122284 0.47860655188560486 0.0
342 0.8155752420425415 5.4732178145445 3.5918679237365723 2.193779468536377 0.0 1.5199318694122284 0.47860655188560486 0.0
343 0.8155752420425415 5.472944698360237 3.5918679237365723 2.193779468536377 0.0 1.5178411677498884 0.4779992997646332 0.0
344 0.8155752420425415 5.471447564884063 3.5918679237365723 2.193779468536377 0.0 1.505758073100937 0.47449105978012085 0.0
345 0.8155752420425415 5.472441072588303 3.5918679237365723 2.193779468536377 0.0 1.513900490392899 0.47685492038726807 0.0
346 0.8155752420425415 5.472601804187491 3.5918679237365723 2.193779468536377 0.0 1.5151719365182663 0.47722411155700684 0.0
347 0.8155752420425415 5.472501982602502 3.5918679237365723 2.193779468536377 0.0 1.515504847801653 0.4773207902908325 0.0
348 0.8155752420425415 5.473578138906429 3.5918679237365723 2.193779468536377 0.0 1.5237105061468177 0.47970420122146606 0.0
349 0.8155752420425415 5.473578138906429 3.5918679237365723 2.193779468536377 0.0 1.5237105061468177 0.47970420122146606 0.0
350 0.8155752420425415 5.4747538672971805 3.5918679237365723 2.193779468536377 0.0 1.5199991703960327 0.459692120552063 0.0
351 0.8155752420425415 5.4728084697115555 3.5918679237365723 2.193779468536377 0.0 1.5049088191774824 0.45512837171554565 0.0
352 0.8155752420425415 5.4728084697115555 3.5918679237365723 2.193779468536377 0.0 1.5049088191774824 0.45512837171554565 0.0
353 0.8155752420425415 5.473293545564399 3.5918679237365723 2.193779468536377 0.0 1.508830580348833 0.45631441473960876 0.0
354 0.8155752420425415 5.472632624885347 3.5918679237365723 2.193779468536377 0.0 1.5034560074859842 0.45468899607658386 0.0
355 0.8155752420425415 5.472632624885347 3.5918679237365723 2.193779468536377 0.0 1.5034560074859842 0.45468899607658386 0.0
356 0.8155752420425415 5.473911431738912 3.5918679237365723 2.193779468536377 0.0 1.5136634234822177 0.4577760398387909 0.0
357 0.8155752420425415 5.473911431738912 3.5918679237365723 2.193779468536377 0.0 1.5136634234822177 0.4577760398387909 0.0
358 0.8155752420425415 5.473911431738912 3.5918679237365723 2.193779468536377 0.0 1.5136634234822177 0.4577760398387909 0.0
359 0.8155752420425415 5.473911431738912 3.5918679237365723 2.193779468536377 0.0 1.5136634234822177 0.4577760398387909 0.0
360 0.8155752420425415 5.474168868749938 3.5918679237365723 2.193779468536377 0.0 1.5128083775369316 0.4575174152851105 0.0
361 0.8155752420425415 5.473041971064239 3.5918679237365723 2.193779468536377 0.0 1.5038346498987243 0.4548034965991974 0.0
362 0.8155752420425415 5.473041971064239 3.5918679237365723 2.193779468536377 0.0 1.5038346498987243 0.4548034965991974 0.0
363 0.8155752420425415 5.473041971064239 3.5918679237365723 2.193779468536377 0.0 1.5038346498987243 0.4548034965991974 0.0
364 0.8155752420425415 5.473041971064239 3.5918679237365723 2.193779468536377 0.0 1.5038346498987243 0.4548034965991974 0.0
365 0.8155752420425415 5.473041971064239 3.5918679237365723 2.193779468536377 0.0 1.5038346498987243 0.4548034965991974 0.0
366 0.8155752420425415 5.473041971064239 3.5918679237365723 2.193779468536377 0.0 1.5038346498987243 0.4548034965991974 0.0
367 0.8155752420425415 5.473041971064239 3.5918679237365723 2.193779468536377 0.0 1.5038346498987243 0.4548034965991974 0.0
368 0.8155752420425415 5.473041971064239 3.5918679237365723 2.193779468536377 0.0 1.5038346498987243 0.4548034965991974 0.0
369 0.8155752420425415 5.473041971064239 3.5918679237365723 2.193779468536377 0.0 1.5038346498987243 0.4548034965991974 0.0
370 0.8155752420425415 5.473316335677656 3.5918679237365723 2.193779468536377 0.0 1.504238944225611 0.47694313526153564 0.0
371 0.8155752420425415 5.473316335677656 3.5918679237365723 2.193779468536377 0.0 1.504238944225611 0.47694313526153564 0.0
372 0.8155752420425415 5.473316335677656 3.5918679237365723 2.193779468536377 0.0 1.504238944225611 0.47694313526153564 0.0
373 0.8155752420425415 5.473316335677656 3.5918679237365723 2.193779468536377 0.0 1.504238944225611 0.47694313526153564 0.0
374 0.8155752420425415 5.473316335677656 3.5918679237365723 2.193779468536377 0.0 1.504238944225611 0.47694313526153564 0.0
375 0.8155752420425415 5.473316335677656 3.5918679237365723 2.193779468536377 0.0 1.504238944225611 0.47694313526153564 0.0
376 0.8155752420425415 5.475102064912159 3.5918679237365723 2.193779468536377 0.0 1.5181990631395181 0.4809718728065491 0.0
377 0.8155752420425415 5.475102064912159 3.5918679237365723 2.193779468536377 0.0 1.5181990631395181 0.4809718728065491 0.0
378 0.8155752420425415 5.475143905966259 3.5918679237365723 2.193779468536377 0.0 1.5165687850671765 0.4586547017097473 0.0
379 0.8155752420425415 5.475143905966259 3.5918679237365723 2.193779468536377 0.0 1.5165687850671765 0.4586547017097473 0.0
380 0.8155752420425415 5.474108915817202 3.5918679237365723 2.193779468536377 0.0 1.5086417899376725 0.45625734329223633 0.0
381 0.8155752420425415 5.4730538047302915 3.5918679237365723 2.193779468536377 0.0 1.504704645652437 0.45506659150123596 0.0
382 0.8155752420425415 5.471694335087651 3.5918679237365723 2.193779468536377 0.0 1.493149856579212 0.45157212018966675 0.0
383 0.8155752420425415 5.469060925939471 3.5918679237365723 2.193779468536377 0.0 1.4960364330003046 0.4524450898170471 0.0
384 0.8155752420425415 5.469060925939471 3.5918679237365723 2.193779468536377 0.0 1.4960364330003046 0.4524450898170471 0.0
385 0.8155752420425415 5.469060925939471 3.5918679237365723 2.193779468536377 0.0 1.4960364330003046 0.4524450898170471 0.0
386 0.8155752420425415 5.469060925939471 3.5918679237365723 2.193779468536377 0.0 1.4960364330003046 0.4524450898170471 0.0
387 0.8155752420425415 5.4689519502010455 3.5918679237365723 2.193779468536377 0.0 1.4950615229024797 0.45215022563934326 0.0
388 0.8155752420425415 5.4689519502010455 3.5918679237365723 2.193779468536377 0.0 1.4950615229024797 0.45215022563934326 0.0
389 0.8155752420425415 5.4689519502010455 3.5918679237365723 2.193779468536377 0.0 1.4950615229024797 0.45215022563934326 0.0
390 0.8155752420425415 5.477166647984993 3.5918679237365723 2.193779468536377 0.0 1.5080108764781548 0.4560664892196655 0.0
391 0.8155752420425415 5.4766238706398855 3.5918679237365723 2.193779468536377 0.0 1.503780822945082 0.4547872245311737 0.0
392 0.8155752420425415 5.4766238706398855 3.5918679237365723 2.193779468536377 0.0 1.503780822945082 0.4547872245311737 0.0
393 0.8155752420425415 5.4766238706398855 3.5918679237365723 2.193779468536377 0.0 1.503780822945082 0.4547872245311737 0.0
394 0.8155752420425415 5.4766238706398855 3.5918679237365723 2.193779468536377 0.0 1.503780822945082 0.4547872245311737 0.0
395 0.8155752420425415 5.4766238706398855 3.5918679237365723 2.193779468536377 0.0 1.503780822945082 0.4547872245311737 0.0
396 0.8155752420425415 5.4766238706398855 3.5918679237365723 2.193779468536377 0.0 1.503780822945082 0.4547872245311737 0.0
397 0.8155752420425415 5.477489627995364 3.5918679237365723 2.193779468536377 0.0 1.510468353492696 0.45680972933769226 0.0
398 0.8155752420425415 5.477489627995364 3.5918679237365723 2.193779468536377 0.0 1.510468353492696 0.45680972933769226 0.0
399 0.8155752420425415 5.4769307766488 3.5918679237365723 2.193779468536377 0.0 1.5061877601404783 0.45551514625549316 0.0
400 0.8155752420425415 5.476468501912698 3.5918679237365723 2.193779468536377 0.0 1.5077441259757005 0.45598581433296204 0.0
