init 0.6324697136878967 7.015595560128425 3.3592166900634766 2.330040454864502 0.0 0.0 0.0 0.0
1 0.6324697136878967 6.818661426331423 3.3592166900634766 2.330040454864502 0.0 1.0273119432110183 0.28046587109565735 0.0
2 0.6324697136878967 6.790269793767024 3.3592166900634766 2.330040454864502 0.0 1.0473043332625867 0.28592395782470703 0.0
3 0.6324697136878967 6.789518837030602 3.3592166900634766 2.330040454864502 0.0 1.048732552176099 0.28631389141082764 0.0
4 0.6324697136878967 6.782783837306103 3.3592166900634766 2.330040454864502 0.0 1.062344476703417 0.2900300621986389 0.0
5 0.6324697136878967 6.794031612185631 3.3592166900634766 2.330040454864502 0.0 1.1165184465810756 0.30482009053230286 0.0
6 0.6324697136878967 6.789117220417985 3.3592166900634766 2.330040454864502 0.0 0.8995349591925661 0.24558153748512268 0.0
7 0.6324697136878967 6.806653152342436 3.3592166900634766 2.330040454864502 0.0 0.8704833531859332 0.23765017092227936 0.0
8 0.6324697136878967 6.800360216178197 3.3592166900634766 2.330040454864502 0.0 0.883601768876787 0.24123162031173706 0.0
9 0.6324697136878967 6.800088043485711 3.3592166900634766 2.330040454864502 0.0 0.8843091366956655 0.24142473936080933 0.0
10 0.6324697136878967 6.804651355980427 3.3592166900634766 2.330040454864502 0.0 0.8726974276704187 0.2382546365261078 0.0
11 0.6324697136878967 6.804651355980427 3.3592166900634766 2.330040454864502 0.0 0.8726974276704187 0.2382546365261078 0.0
12 0.6324697136878967 6.804559772129575 3.3592166900634766 2.330040454864502 0.0 0.8729257570986738 0.23831696808338165 0.0
13 0.6324697136878967 6.796297809646217 3.3592166900634766 2.330040454864502 0.0 0.888336910928829 0.24252435564994812 0.0
14 0.6324697136878967 6.796884029994832 3.3592166900634766 2.330040454864502 0.0 0.8868056611644546 0.24210630357265472 0.0
15 0.6324697136878967 6.7952955547205125 3.3592166900634766 2.330040454864502 0.0 0.8909779593024465 0.24324537813663483 0.0
16 0.6324697136878967 6.821673143423032 3.3592166900634766 2.330040454864502 0.0 0.847428736698962 0.23135605454444885 0.0
17 0.6324697136878967 6.807147123050054 3.3592166900634766 2.330040454864502 0.0 0.8621949029329156 0.23538735508918762 0.0
18 0.6324697136878967 6.806388567673966 3.3592166900634766 2.330040454864502 0.0 0.8642608919605211 0.23595137894153595 0.0
19 0.6324697136878967 6.812879409966817 3.3592166900634766 2.330040454864502 0.0 0.847201381305513 0.23129397630691528 0.0
20 0.6324697136878967 6.806850196581089 3.3592166900634766 2.330040454864502 0.0 0.8588660235284681 0.23447854816913605 0.0
21 0.6324697136878967 6.806519492150119 3.3592166900634766 2.330040454864502 0.0 0.8597070747882148 0.23470816016197205 0.0
22 0.6324697136878967 6.806519492150119 3.3592166900634766 2.330040454864502 0.0 0.8597070747882148 0.23470816016197205 0.0
23 0.6324697136878967 6.802898231871124 3.3592166900634766 2.330040454864502 0.0 0.8691703862910989 0.23729173839092255 0.0
24 0.6324697136878967 6.799427758278206 3.3592166900634766 2.330040454864502 0.0 0.8543427232827949 0.23324362933635712 0.0
25 0.6324697136878967 6.797712885390274 3.3592166900634766 2.330040454864502 0.0 0.8589584072413545 0.23450376093387604 0.0
26 0.6324697136878967 6.800816541044425 3.3592166900634766 2.330040454864502 0.0 0.8506928291658313 0.23224718868732452 0.0
27 0.6324697136878967 6.796938342254527 3.3592166900634766 2.330040454864502 0.0 0.8610826238343853 0.2350836992263794 0.0
28 0.6324697136878967 6.797737581941595 3.3592166900634766 2.330040454864502 0.0 0.8588902036924948 0.23448513448238373 0.0
29 0.6324697136878967 6.796938556601546 3.3592166900634766 2.330040454864502 0.0 0.861081965165786 0.23508350551128387 0.0
30 0.6324697136878967 6.798204075317788 3.3592166900634766 2.330040454864502 0.0 0.857623676175376 0.2341393679380417 0.0
31 0.6324697136878967 6.799105633636382 3.3592166900634766 2.330040454864502 0.0 0.8552009224121071 0.23347793519496918 0.0
32 0.6324697136878967 6.801510349277808 3.3592166900634766 2.330040454864502 0.0 0.8488974318611817 0.2317570298910141 0.0
33 0.6324697136878967 6.7981728980938305 3.3592166900634766 2.330040454864502 0.0 0.8577073219644759 0.23416219651699066 0.0
34 0.6324697136878967 6.798524243108613 3.3592166900634766 2.330040454864502 0.0 0.8567584923682198 0.233903169631958 0.0
35 0.6324697136878967 6.798372488587777 3.3592166900634766 2.330040454864502 0.0 0.85716808711414 0.23401498794555664 0.0
36 0.6324697136878967 6.797374103349794 3.3592166900634766 2.330040454864502 0.0 0.861843926792814 0.23529154062271118 0.0
37 0.6324697136878967 6.8028519010838915 3.3592166900634766 2.330040454864502 0.0 0.8492061648942493 0.2318413108587265 0.0
38 0.6324697136878967 6.7992762913448965 3.3592166900634766 2.330040454864502 0.0 0.8609553883747639 0.23504894971847534 0.0
39 0.6324697136878967 6.802574761869592 3.3592166900634766 2.330040454864502 0.0 0.8518767097845643 0.23257037997245789 0.0
40 0.6324697136878967 6.802131383564476 3.3592166900634766 2.330040454864502 0.0 0.8521750005193658 0.23265182971954346 0.0
41 0.6324697136878967 6.800084431287795 3.3592166900634766 2.330040454864502 0.0 0.857742461732317 0.2341717928647995 0.0
42 0.6324697136878967 6.801720926175252 3.3592166900634766 2.330040454864502 0.0 0.8532774823349634 0.2329528033733368 0.0
43 0.6324697136878967 6.801720926175252 3.3592166900634766 2.330040454864502 0.0 0.8532774823349634 0.2329528033733368 0.0
44 0.6324697136878967 6.8016910766293535 3.3592166900634766 2.330040454864502 0.0 0.8543236897487134 0.23323844373226166 0.0
45 0.6324697136878967 6.80197311171898 3.3592166900634766 2.330040454864502 0.0 0.8535579149352375 0.23302938044071198 0.0
46 0.6324697136878967 6.799233578125571 3.3592166900634766 2.330040454864502 0.0 0.8611406078837655 0.23509950935840607 0.0
47 0.6324697136878967 6.799233578125571 3.3592166900634766 2.330040454864502 0.0 0.8611406078837655 0.23509950935840607 0.0
48 0.6324697136878967 6.800659603819174 3.3592166900634766 2.330040454864502 0.0 0.8571516192746692 0.2340104877948761 0.0
49 0.6324697136878967 6.8001176414977325 3.3592166900634766 2.330040454864502 0.0 0.8586565037861601 0.23442134261131287 0.0
50 0.6324697136878967 6.80008320601607 3.3592166900634766 2.330040454864502 0.0 0.8587527120937066 0.23444759845733643 0.0
51 0.6324697136878967 6.80008320601607 3.3592166900634766 2.330040454864502 0.0 0.8587527120937066 0.23444759845733643 0.0
52 0.6324697136878967 6.80008320601607 3.3592166900634766 2.330040454864502 0.0 0.8587527120937066 0.23444759845733643 0.0
53 0.6324697136878967 6.798333026827519 3.3592166900634766 2.330040454864502 0.0 0.8637108580475964 0.23580121994018555 0.0
54 0.6324697136878967 6.802192948555255 3.3592166900634766 2.330040454864502 0.0 0.8529640064391155 0.23286722600460052 0.0
55 0.6324697136878967 6.802192948555255 3.3592166900634766 2.330040454864502 0.0 0.8529640064391155 0.23286722600460052 0.0
56 0.6324697136878967 6.80125173450959 3.3592166900634766 2.330040454864502 0.0 0.8555221283842481 0.23356562852859497 0.0
57 0.6324697136878967 6.804827448684972 3.3592166900634766 2.330040454864502 0.0 0.8459956086348022 0.2309648096561432 0.0
58 0.6324697136878967 6.800116189250037 3.3592166900634766 2.330040454864502 0.0 0.8586603531859078 0.23442238569259644 0.0
59 0.6324697136878967 6.800793972671801 3.3592166900634766 2.330040454864502 0.0 0.856780649908963 0.23390920460224152 0.0
60 0.6324697136878967 6.801432970580009 3.3592166900634766 2.330040454864502 0.0 0.8550268061685588 0.2334304004907608 0.0
61 0.6324697136878967 6.801432970580009 3.3592166900634766 2.330040454864502 0.0 0.8550268061685588 0.2334304004907608 0.0
62 0.6324697136878967 6.798514467395696 3.3592166900634766 2.330040454864502 0.0 0.8631902855946922 0.23565910756587982 0.0
63 0.6324697136878967 6.801618330338625 3.3592166900634766 2.330040454864502 0.0 0.8545212313093357 0.2332923710346222 0.0
64 0.6324697136878967 6.8030985114919 3.3592166900634766 2.330040454864502 0.0 0.8505373401596024 0.23220472037792206 0.0
65 0.6324697136878967 6.797818985104071 3.3592166900634766 2.330040454864502 0.0 0.8651964653229125 0.2362067997455597 0.0
66 0.6324697136878967 6.801535776063358 3.3592166900634766 2.330040454864502 0.0 0.8547465009037115 0.2333538681268692 0.0
67 0.6324697136878967 6.801816091441526 3.3592166900634766 2.330040454864502 0.0 0.8539842257415408 0.23314575850963593 0.0
68 0.6324697136878967 6.801816091441526 3.3592166900634766 2.330040454864502 0.0 0.8539842257415408 0.23314575850963593 0.0
69 0.6324697136878967 6.801816091441526 3.3592166900634766 2.330040454864502 0.0 0.8539842257415408 0.23314575850963593 0.0
70 0.6324697136878967 6.801816091441526 3.3592166900634766 2.330040454864502 0.0 0.8539842257415408 0.23314575850963593 0.0
71 0.6324697136878967 6.801260995287457 3.3592166900634766 2.330040454864502 0.0 0.8554964660958929 0.23355861008167267 0.0
72 0.6324697136878967 6.8010675885437 3.3592166900634766 2.330040454864502 0.0 0.8560281439887766 0.23370377719402313 0.0
73 0.6324697136878967 6.8010675885437 3.3592166900634766 2.330040454864502 0.0 0.8560281439887766 0.23370377719402313 0.0
74 0.6324697136878967 6.799345877866849 3.3592166900634766 2.330040454864502 0.0 0.8608236411881793 0.2350129932165146 0.0
75 0.6324697136878967 6.799345877866849 3.3592166900634766 2.330040454864502 0.0 0.8608236411881793 0.2350129932165146 0.0
76 0.6324697136878967 6.8003427525537905 3.3592166900634766 2.330040454864502 0.0 0.8580300605485497 0.23425032198429108 0.0
77 0.6324697136878967 6.8003427525537905 3.3592166900634766 2.330040454864502 0.0 0.8580300605485497 0.23425032198429108 0.0
78 0.6324697136878967 6.800807347901332 3.3592166900634766 2.330040454864502 0.0 0.8567437027662566 0.23389913141727448 0.0
79 0.6324697136878967 6.799324409254494 3.3592166900634766 2.330040454864502 0.0 0.8608848395116366 0.2350296825170517 0.0
80 0.6324697136878967 6.800240858573827 3.3592166900634766 2.330040454864502 0.0 0.858313121191648 0.23432759940624237 0.0
81 0.6324697136878967 6.801909709692588 3.3592166900634766 2.330040454864502 0.0 0.8537298847092585 0.2330763190984726 0.0
82 0.6324697136878967 6.802112634516682 3.3592166900634766 2.330040454864502 0.0 0.8531807645980908 0.2329264134168625 0.0
83 0.6324697136878967 6.7988570698186965 3.3592166900634766 2.330040454864502 0.0 0.862210926863408 0.23539172112941742 0.0
84 0.6324697136878967 6.8009492494382044 3.3592166900634766 2.330040454864502 0.0 0.8563533419442938 0.23379254341125488 0.0
85 0.6324697136878967 6.8009492494382044 3.3592166900634766 2.330040454864502 0.0 0.8563533419442938 0.23379254341125488 0.0
86 0.6324697136878967 6.802006024678833 3.3592166900634766 2.330040454864502 0.0 0.8534684363385404 0.23300494253635406 0.0
87 0.6324697136878967 6.802091142807366 3.3592166900634766 2.330040454864502 0.0 0.8532390090729615 0.23294231295585632 0.0
88 0.6324697136878967 6.798300155319097 3.3592166900634766 2.330040454864502 0.0 0.8638056386542068 0.23582710325717926 0.0
89 0.6324697136878967 6.799418438480607 3.3592166900634766 2.330040454864502 0.0 0.8606184350427081 0.23495696485042572 0.0
90 0.6324697136878967 6.8006245376446 3.3592166900634766 2.330040454864502 0.0 0.857248995221802 0.23403707146644592 0.0
91 0.6324697136878967 6.803300081768742 3.3592166900634766 2.330040454864502 0.0 0.8500013583461077 0.23205840587615967 0.0
92 0.6324697136878967 6.7988740277897435 3.3592166900634766 2.330040454864502 0.0 0.8621629234595336 0.23537862300872803 0.0
93 0.6324697136878967 6.799570574614696 3.3592166900634766 2.330040454864502 0.0 0.8601895308793305 0.23483987152576447 0.0
94 0.6324697136878967 6.801851522699524 3.3592166900634766 2.330040454864502 0.0 0.8546394738203147 0.23332464694976807 0.0
95 0.6324697136878967 6.80336368243608 3.3592166900634766 2.330040454864502 0.0 0.8505452794479751 0.23220689594745636 0.0
96 0.6324697136878967 6.801686842045762 3.3592166900634766 2.330040454864502 0.0 0.8550915966458136 0.2334480732679367 0.0
97 0.6324697136878967 6.801686842045762 3.3592166900634766 2.330040454864502 0.0 0.8550915966458136 0.2334480732679367 0.0
98 0.6324697136878967 6.801686842045762 3.3592166900634766 2.330040454864502 0.0 0.8550915966458136 0.2334480732679367 0.0
99 0.6324697136878967 6.801686842045762 3.3592166900634766 2.330040454864502 0.0 0.8550915966458136 0.2334480732679367 0.0
100 0.6324697136878967 6.799804252571239 3.3592166900634766 2.330040454864502 0.0 0.8603458893944216 0.23488254845142365 0.0
101 0.6324697136878967 6.802125629824369 3.3592166900634766 2.330040454864502 0.0 0.8538910961665294 0.23312033712863922 0.0
102 0.6324697136878967 6.803343369935697 3.3592166900634766 2.330040454864502 0.0 0.8505995607333008 0.23222170770168304 0.0
103 0.6324697136878967 6.804593331744894 3.3592166900634766 2.330040454864502 0.0 0.8472848190250625 0.23131677508354187 0.0
104 0.6324697136878967 6.7996273169065375 3.3592166900634766 2.330040454864502 0.0 0.8608484295644853 0.2350197434425354 0.0
105 0.6324697136878967 6.802732526664189 3.3592166900634766 2.330040454864502 0.0 0.8522429306913307 0.2326703667640686 0.0
106 0.6324697136878967 6.801757093415886 3.3592166900634766 2.330040454864502 0.0 0.8548987834649571 0.23339544236660004 0.0
107 0.6324697136878967 6.798812312450116 3.3592166900634766 2.330040454864502 0.0 0.8590867424260574 0.23453879356384277 0.0
108 0.6324697136878967 6.799315001925743 3.3592166900634766 2.330040454864502 0.0 0.8576999638456915 0.2341601848602295 0.0
109 0.6324697136878967 6.798465034664089 3.3592166900634766 2.330040454864502 0.0 0.8600523104565664 0.23480239510536194 0.0
110 0.6324697136878967 6.798728371360966 3.3592166900634766 2.330040454864502 0.0 0.8593195003493753 0.23460234701633453 0.0
111 0.6324697136878967 6.798728371360966 3.3592166900634766 2.330040454864502 0.0 0.8593195003493753 0.23460234701633453 0.0
112 0.6324697136878967 6.798728371360966 3.3592166900634766 2.330040454864502 0.0 0.8593195003493753 0.23460234701633453 0.0
113 0.6324697136878967 6.798728371360966 3.3592166900634766 2.330040454864502 0.0 0.8593195003493753 0.23460234701633453 0.0
114 0.6324697136878967 6.798780915210845 3.3592166900634766 2.330040454864502 0.0 0.8591740303874861 0.23456262052059174 0.0
115 0.6324697136878967 6.800673015040509 3.3592166900634766 2.330040454864502 0.0 0.8540067494689969 0.2331518977880478 0.0
116 0.6324697136878967 6.801389121954034 3.3592166900634766 2.330040454864502 0.0 0.8520907421979709 0.23262882232666016 0.0
117 0.6324697136878967 6.801389121954034 3.3592166900634766 2.330040454864502 0.0 0.8520907421979709 0.23262882232666016 0.0
118 0.6324697136878967 6.801389121954034 3.3592166900634766 2.330040454864502 0.0 0.8520907421979709 0.23262882232666016 0.0
119 0.6324697136878967 6.799452169715957 3.3592166900634766 2.330040454864502 0.0 0.8573235786594704 0.23405742645263672 0.0
120 0.6324697136878967 6.797855995038696 3.3592166900634766 2.330040454864502 0.0 0.8617588898967876 0.23526830971240997 0.0
121 0.6324697136878967 6.7996080865263915 3.3592166900634766 2.330040454864502 0.0 0.856895491412085 0.23394055664539337 0.0
122 0.6324697136878967 6.801614913837712 3.3592166900634766 2.330040454864502 0.0 0.8514911837327009 0.23246513307094574 0.0
123 0.6324697136878967 6.801751027498747 3.3592166900634766 2.330040454864502 0.0 0.8511308878533861 0.23236677050590515 0.0
124 0.6324697136878967 6.801751027498747 3.3592166900634766 2.330040454864502 0.0 0.8511308878533861 0.23236677050590515 0.0
125 0.6324697136878967 6.800210115104035 3.3592166900634766 2.330040454864502 0.0 0.8552563527298472 0.23349305987358093 0.0
126 0.6324697136878967 6.800210115104035 3.3592166900634766 2.330040454864502 0.0 0.8552563527298472 0.23349305987358093 0.0
127 0.6324697136878967 6.8019123021857295 3.3592166900634766 2.330040454864502 0.0 0.8507046367102498 0.2322503924369812 0.0
128 0.6324697136878967 6.797401089531906 3.3592166900634766 2.330040454864502 0.0 0.8630446138294275 0.23561932146549225 0.0
129 0.6324697136878967 6.801874522107401 3.3592166900634766 2.330040454864502 0.0 0.8508036236492268 0.23227742314338684 0.0
130 0.6324697136878967 6.801874522107401 3.3592166900634766 2.330040454864502 0.0 0.8508036236492268 0.23227742314338684 0.0
131 0.6324697136878967 6.801874522107401 3.3592166900634766 2.330040454864502 0.0 0.8508036236492268 0.23227742314338684 0.0
132 0.6324697136878967 6.801874522107401 3.3592166900634766 2.330040454864502 0.0 0.8508036236492268 0.23227742314338684 0.0
133 0.6324697136878967 6.801874522107401 3.3592166900634766 2.330040454864502 0.0 0.8508036236492268 0.23227742314338684 0.0
134 0.6324697136878967 6.801874522107401 3.3592166900634766 2.330040454864502 0.0 0.8508036236492268 0.23227742314338684 0.0
135 0.6324697136878967 6.800636052434684 3.3592166900634766 2.330040454864502 0.0 0.8541068373879658 0.2331792265176773 0.0
136 0.6324697136878967 6.798487993751843 3.3592166900634766 2.330040454864502 0.0 0.8599886246305499 0.2347850203514099 0.0
137 0.6324697136878967 6.803373267369185 3.3592166900634766 2.330040454864502 0.0 0.8468887860208326 0.2312086522579193 0.0
138 0.6324697136878967 6.795760694820195 3.3592166900634766 2.330040454864502 0.0 0.8677687928545339 0.23690907657146454 0.0
139 0.6324697136878967 6.802101219194704 3.3592166900634766 2.330040454864502 0.0 0.8502058140047221 0.23211421072483063 0.0
140 0.6324697136878967 6.799251407881051 3.3592166900634766 2.330040454864502 0.0 0.8578741635821976 0.23420774936676025 0.0
141 0.6324697136878967 6.799251407881051 3.3592166900634766 2.330040454864502 0.0 0.8578741635821976 0.23420774936676025 0.0
142 0.6324697136878967 6.799251407881051 3.3592166900634766 2.330040454864502 0.0 0.8578741635821976 0.23420774936676025 0.0
143 0.6324697136878967 6.7993198499712495 3.3592166900634766 2.330040454864502 0.0 0.8576860569780518 0.23415639996528625 0.0
144 0.6324697136878967 6.7993198499712495 3.3592166900634766 2.330040454864502 0.0 0.8576860569780518 0.23415639996528625 0.0
145 0.6324697136878967 6.7993198499712495 3.3592166900634766 2.330040454864502 0.0 0.8576860569780518 0.23415639996528625 0.0
146 0.6324697136878967 6.80161387616886 3.3592166900634766 2.330040454864502 0.0 0.851494210248409 0.2324659675359726 0.0
147 0.6324697136878967 6.797752800900215 3.3592166900634766 2.330040454864502 0.0 0.8620496084583679 0.2353476881980896 0.0
148 0.6324697136878967 6.8003141888897884 3.3592166900634766 2.330040454864502 0.0 0.8549749113275057 0.23341622948646545 0.0
149 0.6324697136878967 6.801766170808753 3.3592166900634766 2.330040454864502 0.0 0.8510910637049859 0.23235589265823364 0.0
150 0.6324697136878967 6.800238049098772 3.3592166900634766 2.330040454864502 0.0 0.8551815733526836 0.23347264528274536 0.0
151 0.6324697136878967 6.799854508297407 3.3592166900634766 2.330040454864502 0.0 0.8562230561012875 0.23375698924064636 0.0
152 0.6324697136878967 6.797972314378971 3.3592166900634766 2.330040454864502 0.0 0.8614317203429446 0.23517899215221405 0.0
153 0.6324697136878967 6.799277463626548 3.3592166900634766 2.330040454864502 0.0 0.8578030075333859 0.23418831825256348 0.0
154 0.6324697136878967 6.8020163359350745 3.3592166900634766 2.330040454864502 0.0 0.8504298868815056 0.23217537999153137 0.0
155 0.6324697136878967 6.8020163359350745 3.3592166900634766 2.330040454864502 0.0 0.8504298868815056 0.23217537999153137 0.0
156 0.6324697136878967 6.79961838680964 3.3592166900634766 2.330040454864502 0.0 0.8568679777931433 0.23393304646015167 0.0
157 0.6324697136878967 6.801259849446191 3.3592166900634766 2.330040454864502 0.0 0.8524354816043535 0.2327229380607605 0.0
158 0.6324697136878967 6.801259849446191 3.3592166900634766 2.330040454864502 0.0 0.8524354816043535 0.2327229380607605 0.0
159 0.6324697136878967 6.801259849446191 3.3592166900634766 2.330040454864502 0.0 0.8524354816043535 0.2327229380607605 0.0
160 0.6324697136878967 6.80108568735468 3.3592166900634766 2.330040454864502 0.0 0.8529011943069528 0.2328500747680664 0.0
161 0.6324697136878967 6.799166067196789 3.3592166900634766 2.330040454864502 0.0 0.8581099845862024 0.23427212238311768 0.0
162 0.6324697136878967 6.799166067196789 3.3592166900634766 2.330040454864502 0.0 0.8581099845862024 0.23427212238311768 0.0
163 0.6324697136878967 6.799166067196789 3.3592166900634766 2.330040454864502 0.0 0.8581099845862024 0.23427212238311768 0.0
164 0.6324697136878967 6.799798367480888 3.3592166900634766 2.330040454864502 0.0 0.8563758228994837 0.23379869759082794 0.0
165 0.6324697136878967 6.799750547029256 3.3592166900634766 2.330040454864502 0.0 0.8564070400845754 0.23380720615386963 0.0
166 0.6324697136878967 6.798635922785638 3.3592166900634766 2.330040454864502 0.0 0.8571385750983218 0.23400691151618958 0.0
167 0.6324697136878967 6.797414549142367 3.3592166900634766 2.330040454864502 0.0 0.8604849478907967 0.23492051661014557 0.0
168 0.6324697136878967 6.799358752576788 3.3592166900634766 2.330040454864502 0.0 0.8551882193610637 0.233474463224411 0.0
169 0.6324697136878967 6.794846951661839 3.3592166900634766 2.330040454864502 0.0 0.8677466325839526 0.23690302670001984 0.0
170 0.6324697136878967 6.800280067396327 3.3592166900634766 2.330040454864502 0.0 0.852733527504135 0.2328042984008789 0.0
171 0.6324697136878967 6.7979359538616775 3.3592166900634766 2.330040454864502 0.0 0.8590485479574184 0.23452836275100708 0.0
172 0.6324697136878967 6.796585289806848 3.3592166900634766 2.330040454864502 0.0 0.8627952927002225 0.23555126786231995 0.0
173 0.6324697136878967 6.800817873275781 3.3592166900634766 2.330040454864502 0.0 0.8513171695681481 0.23241762816905975 0.0
174 0.6324697136878967 6.79995472405649 3.3592166900634766 2.330040454864502 0.0 0.8535972794713466 0.23304010927677155 0.0
175 0.6324697136878967 6.79995472405649 3.3592166900634766 2.330040454864502 0.0 0.8535972794713466 0.23304010927677155 0.0
176 0.6324697136878967 6.798958931245812 3.3592166900634766 2.330040454864502 0.0 0.8562637660977989 0.23376810550689697 0.0
177 0.6324697136878967 6.800467255820252 3.3592166900634766 2.330040454864502 0.0 0.8522397975267039 0.23266951739788055 0.0
178 0.6324697136878967 6.802454646210328 3.3592166900634766 2.330040454864502 0.0 0.8470721501478735 0.23125870525836945 0.0
179 0.6324697136878967 6.7975874365184 3.3592166900634766 2.330040454864502 0.0 0.8600076832222007 0.23479020595550537 0.0
180 0.6324697136878967 6.799298272911307 3.3592166900634766 2.330040454864502 0.0 0.8553509258059587 0.23351888358592987 0.0
181 0.6324697136878967 6.798145810975223 3.3592166900634766 2.330040454864502 0.0 0.8584733745561594 0.2343713343143463 0.0
182 0.6324697136878967 6.797685033235904 3.3592166900634766 2.330040454864502 0.0 0.8597386669277967 0.2347167730331421 0.0
183 0.6324697136878967 6.796433648820628 3.3592166900634766 2.330040454864502 0.0 0.8630280992995657 0.2356148213148117 0.0
184 0.6324697136878967 6.796433648820628 3.3592166900634766 2.330040454864502 0.0 0.8630280992995657 0.2356148213148117 0.0
185 0.6324697136878967 6.799771296092574 3.3592166900634766 2.330040454864502 0.0 0.8539082862661943 0.23312503099441528 0.0
186 0.6324697136878967 6.799237506613708 3.3592166900634766 2.330040454864502 0.0 0.8553343253382012 0.23351433873176575 0.0
187 0.6324697136878967 6.798140222990812 3.3592166900634766 2.330040454864502 0.0 0.8583037990672554 0.23432503640651703 0.0
188 0.6324697136878967 6.797833156103751 3.3592166900634766 2.330040454864502 0.0 0.8591448180355626 0.23455464839935303 0.0
189 0.6324697136878967 6.800165153977925 3.3592166900634766 2.330040454864502 0.0 0.852862696837099 0.23283956944942474 0.0
190 0.6324697136878967 6.800165153977925 3.3592166900634766 2.330040454864502 0.0 0.852862696837099 0.23283956944942474 0.0
191 0.6324697136878967 6.798809877258116 3.3592166900634766 2.330040454864502 0.0 0.8564855107235362 0.23382863402366638 0.0
192 0.6324697136878967 6.796013530724596 3.3592166900634766 2.330040454864502 0.0 0.8642122688955451 0.23593810200691223 0.0
193 0.6324697136878967 6.800165153977925 3.3592166900634766 2.330040454864502 0.0 0.852862696837099 0.23283956944942474 0.0
194 0.6324697136878967 6.798769515968588 3.3592166900634766 2.330040454864502 0.0 0.8565945233456581 0.2338583916425705 0.0
195 0.6324697136878967 6.798769515968588 3.3592166900634766 2.330040454864502 0.0 0.8565945233456581 0.2338583916425705 0.0
196 0.6324697136878967 6.800653820913131 3.3592166900634766 2.330040454864502 0.0 0.8515748094668677 0.23248796164989471 0.0
197 0.6324697136878967 6.799152854024312 3.3592166900634766 2.330040454864502 0.0 0.855562403544547 0.23357662558555603 0.0
198 0.6324697136878967 6.799152854024312 3.3592166900634766 2.330040454864502 0.0 0.855562403544547 0.23357662558555603 0.0
199 0.6324697136878967 6.798948064524734 3.3592166900634766 2.330040454864502 0.0 0.8561131712169714 0.23372697830200195 0.0
200 0.6324697136878967 6.800406384837497 3.3592166900634766 2.330040454864502 0.0 0.8522254894078467 0.23266561329364777 0.0
201 0.6324697136878967 6.799487264861778 3.3592166900634766 2.330040454864502 0.0 0.8546656438646036 0.23333178460597992 0.0
202 0.6324697136878967 6.799487264861778 3.3592166900634766 2.330040454864502 0.0 0.8546656438646036 0.23333178460597992 0.0
203 0.6324697136878967 6.799487264861778 3.3592166900634766 2.330040454864502 0.0 0.8546656438646036 0.23333178460597992 0.0
204 0.6324697136878967 6.796794530785171 3.3592166900634766 2.330040454864502 0.0 0.8620179842427527 0.23533904552459717 0.0
205 0.6324697136878967 6.800702930912059 3.3592166900634766 2.330040454864502 0.0 0.8514458696317034 0.23245276510715485 0.0
206 0.6324697136878967 6.80166867507183 3.3592166900634766 2.330040454864502 0.0 0.8489285875247343 0.2317655235528946 0.0
207 0.6324697136878967 6.801210599213805 3.3592166900634766 2.330040454864502 0.0 0.8501179464650201 0.23209021985530853 0.0
208 0.6324697136878967 6.802640663904026 3.3592166900634766 2.330040454864502 0.0 0.8464314160731655 0.23108378052711487 0.0
209 0.6324697136878967 6.800558153374165 3.3592166900634766 2.330040454864502 0.0 0.8518258199016072 0.23255649209022522 0.0
210 0.6324697136878967 6.797843241788912 3.3592166900634766 2.330040454864502 0.0 0.8591173095326009 0.23454713821411133 0.0
211 0.6324697136878967 6.797843241788912 3.3592166900634766 2.330040454864502 0.0 0.8591173095326009 0.23454713821411133 0.0
212 0.6324697136878967 6.79998541771473 3.3592166900634766 2.330040454864502 0.0 0.853338978596283 0.23296959698200226 0.0
213 0.6324697136878967 6.801196893435799 3.3592166900634766 2.330040454864502 0.0 0.8501540724976053 0.23210008442401886 0.0
214 0.6324697136878967 6.801196893435799 3.3592166900634766 2.330040454864502 0.0 0.8501540724976053 0.23210008442401886 0.0
215 0.6324697136878967 6.7977462249927685 3.3592166900634766 2.330040454864502 0.0 0.8593826006093617 0.23461957275867462 0.0
216 0.6324697136878967 6.7977462249927685 3.3592166900634766 2.330040454864502 0.0 0.8593826006093617 0.23461957275867462 0.0
217 0.6324697136878967 6.800982635604099 3.3592166900634766 2.330040454864502 0.0 0.8507130919394839 0.23225270211696625 0.0
218 0.6324697136878967 6.801519705680456 3.3592166900634766 2.330040454864502 0.0 0.8493154096233062 0.2318711280822754 0.0
219 0.6324697136878967 6.7988820946354425 3.3592166900634766 2.330040454864502 0.0 0.8562904718117791 0.23377537727355957 0.0
220 0.6324697136878967 6.7996220039351885 3.3592166900634766 2.330040454864502 0.0 0.8543056950481304 0.2332335114479065 0.0
221 0.6324697136878967 6.7996220039351885 3.3592166900634766 2.330040454864502 0.0 0.8543056950481304 0.2332335114479065 0.0
222 0.6324697136878967 6.79840895684998 3.3592166900634766 2.330040454864502 0.0 0.8575722049921214 0.2341253012418747 0.0
223 0.6324697136878967 6.798053180077549 3.3592166900634766 2.330040454864502 0.0 0.8585417864425532 0.2343900054693222 0.0
224 0.6324697136878967 6.797165895737438 3.3592166900634766 2.330040454864502 0.0 0.8609846305066156 0.23505693674087524 0.0
225 0.6324697136878967 6.801040079144642 3.3592166900634766 2.330040454864502 0.0 0.8505630006945971 0.23221172392368317 0.0
226 0.6324697136878967 6.799272749854271 3.3592166900634766 2.330040454864502 0.0 0.8552397627529761 0.233488529920578 0.0
227 0.6324697136878967 6.799272749854271 3.3592166900634766 2.330040454864502 0.0 0.8552397627529761 0.233488529920578 0.0
228 0.6324697136878967 6.800037089539338 3.3592166900634766 2.330040454864502 0.0 0.8532020314919809 0.2329322099685669 0.0
229 0.6324697136878967 6.7999652458628095 3.3592166900634766 2.330040454864502 0.0 0.8533924159815572 0.23298418521881104 0.0
230 0.6324697136878967 6.800121536827964 3.3592166900634766 2.330040454864502 0.0 0.8529785054710877 0.2328711897134781 0.0
231 0.6324697136878967 6.799313049547652 3.3592166900634766 2.330040454864502 0.0 0.8551317628413246 0.23345905542373657 0.0
232 0.6324697136878967 6.799313049547652 3.3592166900634766 2.330040454864502 0.0 0.8551317628413246 0.23345905542373657 0.0
233 0.6324697136878967 6.8020292385424295 3.3592166900634766 2.330040454864502 0.0 0.8479991821233828 0.23151177167892456 0.0
234 0.6324697136878967 6.795809848412251 3.3592166900634766 2.330040454864502 0.0 0.8647888117513898 0.23609551787376404 0.0
235 0.6324697136878967 6.795809848412251 3.3592166900634766 2.330040454864502 0.0 0.8647888117513898 0.23609551787376404 0.0
236 0.6324697136878967 6.795809848412251 3.3592166900634766 2.330040454864502 0.0 0.8647888117513898 0.23609551787376404 0.0
237 0.6324697136878967 6.801524943958092 3.3592166900634766 2.330040454864502 0.0 0.8493016040755015 0.23186735808849335 0.0
238 0.6324697136878967 6.796453978635306 3.3592166900634766 2.330040454864502 0.0 0.8629708343994377 0.23559918999671936 0.0
239 0.6324697136878967 6.799008030569355 3.3592166900634766 2.330040454864502 0.0 0.8559510725068387 0.23368272185325623 0.0
240 0.6324697136878967 6.797096741461402 3.3592166900634766 2.330040454864502 0.0 0.8611763207380374 0.23510926961898804 0.0
241 0.6324697136878967 6.797956485297838 3.3592166900634766 2.330040454864502 0.0 0.8588062562184331 0.2344622164964676 0.0
242 0.6324697136878967 6.797956485297838 3.3592166900634766 2.330040454864502 0.0 0.8588062562184331 0.2344622164964676 0.0
243 0.6324697136878967 6.800224993670991 3.3592166900634766 2.330040454864502 0.0 0.8527050515064014 0.2327965348958969 0.0
244 0.6324697136878967 6.800224993670991 3.3592166900634766 2.330040454864502 0.0 0.8527050515064014 0.2327965348958969 0.0
245 0.6324697136878967 6.801257030781455 3.3592166900634766 2.330040454864502 0.0 0.8499977893431164 0.23205742239952087 0.0
246 0.6324697136878967 6.798672592742047 3.3592166900634766 2.330040454864502 0.0 0.8568571470205932 0.2339300960302353 0.0
247 0.6324697136878967 6.798035502136689 3.3592166900634766 2.330040454864502 0.0 0.8585900883525289 0.23440320789813995 0.0
248 0.6324697136878967 6.797716814552479 3.3592166900634766 2.330040454864502 0.0 0.859463522641038 0.2346416562795639 0.0
249 0.6324697136878967 6.796149843666054 3.3592166900634766 2.330040454864502 0.0 0.8638264678594866 0.23583278059959412 0.0
250 0.6324697136878967 6.800812651563203 3.3592166900634766 2.330040454864502 0.0 0.8511588841818698 0.2323744148015976 0.0
251 0.6324697136878967 6.798949680002482 3.3592166900634766 2.330040454864502 0.0 0.8561082667809348 0.2337256371974945 0.0
252 0.6324697136878967 6.798949680002482 3.3592166900634766 2.330040454864502 0.0 0.8561082667809348 0.2337256371974945 0.0
253 0.6324697136878967 6.800019419700534 3.3592166900634766 2.330040454864502 0.0 0.853249036621322 0.2329450398683548 0.0
254 0.6324697136878967 6.797582554279238 3.3592166900634766 2.330040454864502 0.0 0.8598333213763766 0.23474261164665222 0.0
255 0.6324697136878967 6.801087726427439 3.3592166900634766 2.330040454864502 0.0 0.850438858354692 0.23217783868312836 0.0
256 0.6324697136878967 6.800230392093849 3.3592166900634766 2.330040454864502 0.0 0.8526903652579381 0.23279252648353577 0.0
257 0.6324697136878967 6.801438780099687 3.3592166900634766 2.330040454864502 0.0 0.8495259853709023 0.23192860186100006 0.0
258 0.6324697136878967 6.801335917229952 3.3592166900634766 2.330040454864502 0.0 0.8497931395943594 0.23200155794620514 0.0
259 0.6324697136878967 6.798976176983414 3.3592166900634766 2.330040454864502 0.0 0.8560373845594548 0.2337062805891037 0.0
260 0.6324697136878967 6.79943259995035 3.3592166900634766 2.330040454864502 0.0 0.8548117945451038 0.23337168991565704 0.0
261 0.6324697136878967 6.800956653698663 3.3592166900634766 2.330040454864502 0.0 0.8507809482654428 0.2322712391614914 0.0
262 0.6324697136878967 6.800956653698663 3.3592166900634766 2.330040454864502 0.0 0.8507809482654428 0.2322712391614914 0.0
263 0.6324697136878967 6.798652981578588 3.3592166900634766 2.330040454864502 0.0 0.8569097082419775 0.23394444584846497 0.0
264 0.6324697136878967 6.797980759306705 3.3592166900634766 2.330040454864502 0.0 0.8587399271841577 0.23444411158561707 0.0
265 0.6324697136878967 6.798558301418371 3.3592166900634766 2.330040454864502 0.0 0.8571669750335936 0.23401467502117157 0.0
266 0.6324697136878967 6.798558301418371 3.3592166900634766 2.330040454864502 0.0 0.8571669750335936 0.23401467502117157 0.0
267 0.6324697136878967 6.798558301418371 3.3592166900634766 2.330040454864502 0.0 0.8571669750335936 0.23401467502117157 0.0
268 0.6324697136878967 6.797631173553083 3.3592166900634766 2.330040454864502 0.0 0.8596995236891973 0.2347060889005661 0.0
269 0.6324697136878967 6.797631173553083 3.3592166900634766 2.330040454864502 0.0 0.8596995236891973 0.2347060889005661 0.0
270 0.6324697136878967 6.797631173553083 3.3592166900634766 2.330040454864502 0.0 0.8596995236891973 0.2347060889005661 0.0
271 0.6324697136878967 6.797371113928657 3.3592166900634766 2.330040454864502 0.0 0.8535263148193069 0.23302075266838074 0.0
272 0.6324697136878967 6.798413329423913 3.3592166900634766 2.330040454864502 0.0 0.8507047404464506 0.2322504222393036 0.0
273 0.6324697136878967 6.798413329423913 3.3592166900634766 2.330040454864502 0.0 0.8507047404464506 0.2322504222393036 0.0
274 0.6324697136878967 6.800274097834333 3.3592166900634766 2.330040454864502 0.0 0.8457782973639102 0.2309054583311081 0.0
275 0.6324697136878967 6.793760944529191 3.3592166900634766 2.330040454864502 0.0 0.8636805072354061 0.23579293489456177 0.0
276 0.6324697136878967 6.800890323160868 3.3592166900634766 2.330040454864502 0.0 0.8441773806975095 0.23046840727329254 0.0
277 0.6324697136878967 6.797272338442638 3.3592166900634766 2.330040454864502 0.0 0.8537950723490562 0.23309412598609924 0.0
278 0.6324697136878967 6.797272338442638 3.3592166900634766 2.330040454864502 0.0 0.8537950723490562 0.23309412598609924 0.0
279 0.6324697136878967 6.800007723882126 3.3592166900634766 2.330040454864502 0.0 0.8464755396700687 0.2310958206653595 0.0
280 0.6324697136878967 6.79770579459404 3.3592166900634766 2.330040454864502 0.0 0.8526148898971435 0.23277191817760468 0.0
281 0.6324697136878967 6.79770579459404 3.3592166900634766 2.330040454864502 0.0 0.8526148898971435 0.23277191817760468 0.0
282 0.6324697136878967 6.79770579459404 3.3592166900634766 2.330040454864502 0.0 0.8526148898971435 0.23277191817760468 0.0
283 0.6324697136878967 6.795842107685548 3.3592166900634766 2.330040454864502 0.0 0.8577512879893244 0.2341742068529129 0.0
284 0.6324697136878967 6.79742561353388 3.3592166900634766 2.330040454864502 0.0 0.8533769521253244 0.23297996819019318 0.0
285 0.6324697136878967 6.79498483150548 3.3592166900634766 2.330040454864502 0.0 0.8601676429583638 0.23483389616012573 0.0
286 0.6324697136878967 6.79498483150548 3.3592166900634766 2.330040454864502 0.0 0.8601676429583638 0.23483389616012573 0.0
287 0.6324697136878967 6.796939959359911 3.3592166900634766 2.330040454864502 0.0 0.8589170528316927 0.2344924658536911 0.0
288 0.6324697136878967 6.796939959359911 3.3592166900634766 2.330040454864502 0.0 0.8589170528316927 0.2344924658536911 0.0
289 0.6324697136878967 6.798687731040337 3.3592166900634766 2.330040454864502 0.0 0.8539852093595192 0.23314602673053741 0.0
290 0.6324697136878967 6.798907790488771 3.3592166900634766 2.330040454864502 0.0 0.8533752787950711 0.23297950625419617 0.0
291 0.6324697136878967 6.798907790488771 3.3592166900634766 2.330040454864502 0.0 0.8533752787950711 0.23297950625419617 0.0
292 0.6324697136878967 6.798817945189517 3.3592166900634766 2.330040454864502 0.0 0.8536241712313846 0.2330474555492401 0.0
293 0.6324697136878967 6.799195324951307 3.3592166900634766 2.330040454864502 0.0 0.8525809148955051 0.2327626347541809 0.0
294 0.6324697136878967 6.799195324951307 3.3592166900634766 2.330040454864502 0.0 0.8525809148955051 0.2327626347541809 0.0
295 0.6324697136878967 6.797620178461501 3.3592166900634766 2.330040454864502 0.0 0.8569810326332392 0.23396390676498413 0.0
296 0.6324697136878967 6.795175875468685 3.3592166900634766 2.330040454864502 0.0 0.8640491014748312 0.23589356243610382 0.0
297 0.6324697136878967 6.795189804546631 3.3592166900634766 2.330040454864502 0.0 0.8640090139590247 0.23588262498378754 0.0
298 0.6324697136878967 6.7969889063001565 3.3592166900634766 2.330040454864502 0.0 0.8587771174985124 0.23445427417755127 0.0
299 0.6324697136878967 6.7969889063001565 3.3592166900634766 2.330040454864502 0.0 0.8587771174985124 0.23445427417755127 0.0
300 0.6324697136878967 6.797504499125566 3.3592166900634766 2.330040454864502 0.0 0.8573077252916078 0.2340530902147293 0.0
301 0.6324697136878967 6.800142768000963 3.3592166900634766 2.330040454864502 0.0 0.8499883315406901 0.23205484449863434 0.0
302 0.6324697136878967 6.800142768000963 3.3592166900634766 2.330040454864502 0.0 0.8499883315406901 0.23205484449863434 0.0
303 0.6324697136878967 6.800142768000963 3.3592166900634766 2.330040454864502 0.0 0.8499883315406901 0.23205484449863434 0.0
304 0.6324697136878967 6.796396360541162 3.3592166900634766 2.330040454864502 0.0 0.8582261055206131 0.23430383205413818 0.0
305 0.6324697136878967 6.799059348977965 3.3592166900634766 2.330040454864502 0.0 0.8509160115255114 0.23230810463428497 0.0
306 0.6324697136878967 6.799059348977965 3.3592166900634766 2.330040454864502 0.0 0.8509160115255114 0.23230810463428497 0.0
307 0.6324697136878967 6.7957619052953975 3.3592166900634766 2.330040454864502 0.0 0.8600158475708731 0.23479245603084564 0.0
308 0.6324697136878967 6.7992252917042135 3.3592166900634766 2.330040454864502 0.0 0.8504705003996285 0.2321864664554596 0.0
309 0.6324697136878967 6.796523886670714 3.3592166900634766 2.330040454864502 0.0 0.8578693840548904 0.2342064380645752 0.0
310 0.6324697136878967 6.79582355701678 3.3592166900634766 2.330040454864502 0.0 0.8598411764339615 0.23474475741386414 0.0
311 0.6324697136878967 6.79959295041823 3.3592166900634766 2.330040454864502 0.0 0.8494877665243484 0.23191817104816437 0.0
312 0.6324697136878967 6.797749294363955 3.3592166900634766 2.330040454864502 0.0 0.8544737062227243 0.23327939212322235 0.0
313 0.6324697136878967 6.796884215690096 3.3592166900634766 2.330040454864502 0.0 0.8568639054292543 0.23393192887306213 0.0
314 0.6324697136878967 6.800067869389533 3.3592166900634766 2.330040454864502 0.0 0.8482259084840985 0.231573686003685 0.0
315 0.6324697136878967 6.795355341012849 3.3592166900634766 2.330040454864502 0.0 0.8611718345057419 0.23510804772377014 0.0
316 0.6324697136878967 6.795890101350597 3.3592166900634766 2.330040454864502 0.0 0.8596523225233325 0.23469319939613342 0.0
317 0.6324697136878967 6.800440866536901 3.3592166900634766 2.330040454864502 0.0 0.8482991786561955 0.23159368336200714 0.0
318 0.6324697136878967 6.798736570520628 3.3592166900634766 2.330040454864502 0.0 0.8528915579001941 0.2328474372625351 0.0
319 0.6324697136878967 6.798736570520628 3.3592166900634766 2.330040454864502 0.0 0.8528915579001941 0.2328474372625351 0.0
320 0.6324697136878967 6.798736570520628 3.3592166900634766 2.330040454864502 0.0 0.8528915579001941 0.2328474372625351 0.0
321 0.6324697136878967 6.796721863005245 3.3592166900634766 2.330040454864502 0.0 0.8541752624537455 0.2331978976726532 0.0
322 0.6324697136878967 6.795458075577021 3.3592166900634766 2.330040454864502 0.0 0.8576299607356539 0.23414108157157898 0.0
323 0.6324697136878967 6.795221510213828 3.3592166900634766 2.330040454864502 0.0 0.8582839255920133 0.23431961238384247 0.0
324 0.6324697136878967 6.797447158288406 3.3592166900634766 2.330040454864502 0.0 0.8522220044917252 0.23266465961933136 0.0
325 0.6324697136878967 6.797447158288406 3.3592166900634766 2.330040454864502 0.0 0.8522220044917252 0.23266465961933136 0.0
326 0.6324697136878967 6.79608695375186 3.3592166900634766 2.330040454864502 0.0 0.8559022396625816 0.23366940021514893 0.0
327 0.6324697136878967 6.801145266073118 3.3592166900634766 2.330040454864502 0.0 0.8447137792974176 0.23061484098434448 0.0
328 0.6324697136878967 6.798573120493421 3.3592166900634766 2.330040454864502 0.0 0.8515004287837609 0.2324676513671875 0.0
329 0.6324697136878967 6.798573120493421 3.3592166900634766 2.330040454864502 0.0 0.8515004287837609 0.2324676513671875 0.0
330 0.6324697136878967 6.799144919121373 3.3592166900634766 2.330040454864502 0.0 0.851134689887979 0.23236779868602753 0.0
331 0.6324697136878967 6.796868474683411 3.3592166900634766 2.330040454864502 0.0 0.8573835480319478 0.23407380282878876 0.0
332 0.6324697136878967 6.795745382747778 3.3592166900634766 2.330040454864502 0.0 0.8593716380189738 0.23461657762527466 0.0
333 0.6324697136878967 6.795745382747778 3.3592166900634766 2.330040454864502 0.0 0.8593716380189738 0.23461657762527466 0.0
334 0.6324697136878967 6.79465441465831 3.3592166900634766 2.330040454864502 0.0 0.8624596168679898 0.23545962572097778 0.0
335 0.6324697136878967 6.7971444521406275 3.3592166900634766 2.330040454864502 0.0 0.8554928963571329 0.23355764150619507 0.0
336 0.6324697136878967 6.798818948776539 3.3592166900634766 2.330040454864502 0.0 0.8509607088935017 0.23232030868530273 0.0
337 0.6324697136878967 6.797559254417513 3.3592166900634766 2.330040454864502 0.0 0.8520876735911634 0.2326279878616333 0.0
338 0.6324697136878967 6.7952729401631 3.3592166900634766 2.330040454864502 0.0 0.8592565116857952 0.23458513617515564 0.0
339 0.6324697136878967 6.7996531892361745 3.3592166900634766 2.330040454864502 0.0 0.8475126202963414 0.2313789576292038 0.0
340 0.6324697136878967 6.79458912755685 3.3592166900634766 2.330040454864502 0.0 0.8611626908683286 0.23510555922985077 0.0
341 0.6324697136878967 6.795036550273688 3.3592166900634766 2.330040454864502 0.0 0.8599124719320421 0.2347642332315445 0.0
342 0.6324697136878967 6.79794704334993 3.3592166900634766 2.330040454864502 0.0 0.8519960198039924 0.23260295391082764 0.0
343 0.6324697136878967 6.7974090692369575 3.3592166900634766 2.330040454864502 0.0 0.8534325543546605 0.2329951375722885 0.0
344 0.6324697136878967 6.797183329074986 3.3592166900634766 2.330040454864502 0.0 0.8540394382163662 0.2331608384847641 0.0
345 0.6324697136878967 6.797353878418776 3.3592166900634766 2.330040454864502 0.0 0.8535804605773677 0.23303550481796265 0.0
346 0.6324697136878967 6.79779131161846 3.3592166900634766 2.330040454864502 0.0 0.8524098958883778 0.23271594941616058 0.0
347 0.6324697136878967 6.795898024634847 3.3592166900634766 2.330040454864502 0.0 0.8575325142327953 0.23411448299884796 0.0
348 0.6324697136878967 6.795898024634847 3.3592166900634766 2.330040454864502 0.0 0.8575325142327953 0.23411448299884796 0.0
349 0.6324697136878967 6.796973494339095 3.3592166900634766 2.330040454864502 0.0 0.854605147305687 0.23331525921821594 0.0
350 0.6324697136878967 6.796973494339095 3.3592166900634766 2.330040454864502 0.0 0.854605147305687 0.23331525921821594 0.0
351 0.6324697136878967 6.796973494339095 3.3592166900634766 2.330040454864502 0.0 0.854605147305687 0.23331525921821594 0.0
352 0.6324697136878967 6.798403695783667 3.3592166900634766 2.330040454864502 0.0 0.850785077956338 0.23227235674858093 0.0
353 0.6324697136878967 6.79314335788156 3.3592166900634766 2.330040454864502 0.0 0.8652656074352758 0.2362256944179535 0.0
354 0.6324697136878967 6.792404632906559 3.3592166900634766 2.330040454864502 0.0 0.8670506392885036 0.23671302199363708 0.0
355 0.6324697136878967 6.797004397392336 3.3592166900634766 2.330040454864502 0.0 0.8542108423887516 0.23320762813091278 0.0
356 0.6324697136878967 6.79746175001673 3.3592166900634766 2.330040454864502 0.0 0.8529842879887968 0.23287276923656464 0.0
357 0.6324697136878967 6.795072064813011 3.3592166900634766 2.330040454864502 0.0 0.8594892702156631 0.2346486896276474 0.0
358 0.6324697136878967 6.795072064813011 3.3592166900634766 2.330040454864502 0.0 0.8594892702156631 0.2346486896276474 0.0
359 0.6324697136878967 6.798001774341302 3.3592166900634766 2.330040454864502 0.0 0.851547819086233 0.23248058557510376 0.0
360 0.6324697136878967 6.79527060041609 3.3592166900634766 2.330040454864502 0.0 0.8589384550989577 0.23449832201004028 0.0
361 0.6324697136878967 6.7963578466625885 3.3592166900634766 2.330040454864502 0.0 0.8559586604203743 0.23368479311466217 0.0
362 0.6324697136878967 6.797135746030375 3.3592166900634766 2.330040454864502 0.0 0.8538575600678128 0.233111172914505 0.0
363 0.6324697136878967 6.796589641228305 3.3592166900634766 2.330040454864502 0.0 0.8553303137041947 0.2335132509469986 0.0
364 0.6324697136878967 6.798320528846443 3.3592166900634766 2.330040454864502 0.0 0.8507037951893884 0.2322501689195633 0.0
365 0.6324697136878967 6.7975593493563915 3.3592166900634766 2.330040454864502 0.0 0.8527239865533006 0.23280169069766998 0.0
366 0.6324697136878967 6.7975593493563915 3.3592166900634766 2.330040454864502 0.0 0.8527239865533006 0.23280169069766998 0.0
367 0.6324697136878967 6.79613779952243 3.3592166900634766 2.330040454864502 0.0 0.8565581399875337 0.2338484525680542 0.0
368 0.6324697136878967 6.79619501213892 3.3592166900634766 2.330040454864502 0.0 0.8564016466207114 0.23380573093891144 0.0
369 0.6324697136878967 6.79619501213892 3.3592166900634766 2.330040454864502 0.0 0.8564016466207114 0.23380573093891144 0.0
370 0.6324697136878967 6.796603945400594 3.3592166900634766 2.330040454864502 0.0 0.8552916652136987 0.23350270092487335 0.0
371 0.6324697136878967 6.796603945400594 3.3592166900634766 2.330040454864502 0.0 0.8552916652136987 0.23350270092487335 0.0
372 0.6324697136878967 6.794999045522638 3.3592166900634766 2.330040454864502 0.0 0.8596905895444089 0.2347036451101303 0.0
373 0.6324697136878967 6.797245340672472 3.3592166900634766 2.330040454864502 0.0 0.8521947670966514 0.23265720903873444 0.0
374 0.6324697136878967 6.796300426592139 3.3592166900634766 2.330040454864502 0.0 0.854699520321346 0.2333410382270813 0.0
375 0.6324697136878967 6.796300426592139 3.3592166900634766 2.330040454864502 0.0 0.854699520321346 0.2333410382270813 0.0
376 0.6324697136878967 6.796300426592139 3.3592166900634766 2.330040454864502 0.0 0.854699520321346 0.2333410382270813 0.0
377 0.6324697136878967 6.796300426592139 3.3592166900634766 2.330040454864502 0.0 0.854699520321346 0.2333410382270813 0.0
378 0.6324697136878967 6.7962142597758595 3.3592166900634766 2.330040454864502 0.0 0.854929507362555 0.23340381681919098 0.0
379 0.6324697136878967 6.7962142597758595 3.3592166900634766 2.330040454864502 0.0 0.854929507362555 0.23340381681919098 0.0
380 0.6324697136878967 6.793112474367456 3.3592166900634766 2.330040454864502 0.0 0.8634182420038937 0.23572133481502533 0.0
381 0.6324697136878967 6.796327091208629 3.3592166900634766 2.330040454864502 0.0 0.8546287026231439 0.23332169651985168 0.0
382 0.6324697136878967 6.797306961291506 3.3592166900634766 2.330040454864502 0.0 0.8520329274507351 0.23261302709579468 0.0
383 0.6324697136878967 6.792754473060315 3.3592166900634766 2.330040454864502 0.0 0.8644258498194461 0.23599642515182495 0.0
384 0.6324697136878967 6.792395536740999 3.3592166900634766 2.330040454864502 0.0 0.8654409520035766 0.23627355694770813 0.0
385 0.6324697136878967 6.796046678082131 3.3592166900634766 2.330040454864502 0.0 0.8554478470196804 0.23354533314704895 0.0
386 0.6324697136878967 6.793561455022153 3.3592166900634766 2.330040454864502 0.0 0.8622385439071578 0.2353992611169815 0.0
387 0.6324697136878967 6.795460371073007 3.3592166900634766 2.330040454864502 0.0 0.8570254525799462 0.23397603631019592 0.0
388 0.6324697136878967 6.794561769275677 3.3592166900634766 2.330040454864502 0.0 0.8594738319082764 0.23464447259902954 0.0
389 0.6324697136878967 6.795395411167556 3.3592166900634766 2.330040454864502 0.0 0.8572011279420539 0.23402398824691772 0.0
390 0.6324697136878967 6.79586006438069 3.3592166900634766 2.330040454864502 0.0 0.8559481413561206 0.23368191719055176 0.0
391 0.6324697136878967 6.79586006438069 3.3592166900634766 2.330040454864502 0.0 0.8559481413561206 0.23368191719055176 0.0
392 0.6324697136878967 6.79586006438069 3.3592166900634766 2.330040454864502 0.0 0.8559481413561206 0.23368191719055176 0.0
393 0.6324697136878967 6.79586006438069 3.3592166900634766 2.330040454864502 0.0 0.8559481413561206 0.23368191719055176 0.0
394 0.6324697136878967 6.794708290573103 3.3592166900634766 2.330040454864502 0.0 0.8590713613790638 0.2345345914363861 0.0
395 0.6324697136878967 6.795419085510943 3.3592166900634766 2.330040454864502 0.0 0.8571375262507955 0.2340066283941269 0.0
396 0.6324697136878967 6.794581647155446 3.3592166900634766 2.330040454864502 0.0 0.8594191202769965 0.2346295416355133 0.0
397 0.6324697136878967 6.795025943904784 3.3592166900634766 2.330040454864502 0.0 0.8582049880432757 0.23429806530475616 0.0
398 0.6324697136878967 6.798211952907021 3.3592166900634766 2.330040454864502 0.0 0.8497341538655537 0.2319854497909546 0.0
399 0.6324697136878967 6.796891182237492 3.3592166900634766 2.330040454864502 0.0 0.853197338479965 0.23293092846870422 0.0
400 0.6324697136878967 6.791612843222055 3.3592166900634766 2.330040454864502 0.0 0.8636255843929337 0.23577794432640076 0.0
