init 1.724286437034607 6.92634966466068 5.112635135650635 4.895788669586182 0.0 0.0 0.0 0.0
1 1.667738437652588 6.748451840398964 5.0080976486206055 4.710343837738037 0.3293820321559906 1.0161310085831856 0.5722551345825195 0.3483145534992218
2 1.6983691453933716 6.700690906605515 5.00904655456543 4.729325771331787 0.4086117744445801 1.074753398058322 0.5687233209609985 0.33298203349113464
3 1.6992650032043457 6.696805460627117 5.020485877990723 4.7820725440979 0.415182501077652 1.0845023143904238 0.5547768473625183 0.3181867301464081
4 1.7673403024673462 6.597326434465379 5.128782749176025 4.9321088790893555 0.3946657180786133 1.296736815829698 0.6324342489242554 0.4959091246128082
5 1.8005797863006592 6.6156288943716826 5.157773017883301 5.009124279022217 0.4300263822078705 1.6526752102223448 0.686671793460846 0.5158165097236633
6 1.7920076847076416 6.63264862266882 5.118989944458008 4.956151008605957 0.500389575958252 1.6038073040118381 0.7872044444084167 0.5176150798797607
7 1.7951464653015137 6.6305998659281045 5.129836082458496 4.965091705322266 0.5170230865478516 1.6133624127273039 0.7817250490188599 0.5355014204978943
8 1.8172457218170166 6.692219319468505 5.156230926513672 5.067957401275635 0.5607241988182068 2.05325362660237 0.8707627654075623 0.5836288928985596
9 1.7792344093322754 6.674869643805302 5.095763206481934 5.004650592803955 0.5919221639633179 1.9489719459778547 0.920304000377655 0.5757383108139038
10 1.807573914527893 6.664129678178868 5.110970497131348 5.036693572998047 0.6111019849777222 1.9944836207331313 1.02812922000885 0.6105706691741943
11 1.8330336809158325 6.6657230253405375 5.151009559631348 5.05587911605835 0.6341291666030884 2.0791050208860464 1.080970287322998 0.604716420173645
12 1.82827627658844 6.648886382925696 5.151244163513184 5.0468220710754395 0.6208168268203735 2.1488391674071963 1.31234610080719 0.6233576536178589
13 1.8667163848876953 6.6423836797850315 5.195165157318115 5.114667892456055 0.684874951839447 2.1772154853970105 1.3439521789550781 0.6821635961532593
14 1.8714895248413086 6.640182364890855 5.178186893463135 5.108550548553467 0.6740460395812988 2.1226952383851643 1.3063215017318726 0.6695666313171387
15 1.845838189125061 6.611877193088935 5.121444225311279 5.079710960388184 0.6537097096443176 2.079886494255378 1.3643966913223267 0.6755306720733643
16 1.8259260654449463 6.605708066805013 5.090632915496826 5.040319442749023 0.6422128081321716 2.071039016367469 1.381289005279541 0.6891351938247681
17 1.811562180519104 6.584472100170516 5.061586380004883 4.990242958068848 0.601277232170105 2.1273751067718405 1.3668172359466553 0.7587258815765381
18 1.8186832666397095 6.582982035141849 5.045779228210449 5.006134510040283 0.618113100528717 2.1571662511504743 1.4170520305633545 0.8029442429542542
19 1.8169071674346924 6.571414296534765 5.073082447052002 5.011335849761963 0.57584547996521 2.0496489648441334 1.3589333295822144 0.7196747660636902
20 1.8117018938064575 6.5870739627579225 5.044560432434082 5.035460948944092 0.5765578746795654 2.091165743182646 1.3929961919784546 0.6449832320213318
21 1.805445671081543 6.597054385751159 5.041855335235596 5.017622947692871 0.5672896504402161 2.0894774737742554 1.3732903003692627 0.6263282895088196
22 1.8030835390090942 6.5846700441752795 5.031743049621582 5.011887550354004 0.5781852006912231 2.0443706955692624 1.3861050605773926 0.6342235207557678
23 1.8131799697875977 6.531925919262385 5.031423091888428 5.0256547927856445 0.5739839673042297 1.9292867026422158 1.4231317043304443 0.717182993888855
24 1.8138190507888794 6.538621226146218 5.033371925354004 5.026980876922607 0.5812202095985413 1.927346846936968 1.3834986686706543 0.7199055552482605
25 1.8196947574615479 6.541289267032291 5.032859802246094 5.017845153808594 0.594264030456543 1.932528321202292 1.387455701828003 0.6980817914009094
26 1.804072380065918 6.518020694376664 5.043773174285889 5.032416820526123 0.5426903963088989 2.0252979216210205 1.3890900611877441 0.6730592846870422
27 1.8013166189193726 6.515066586081181 5.0376739501953125 5.024463653564453 0.544714093208313 2.008335996183173 1.3878720998764038 0.6761447787284851
28 1.7930325269699097 6.507914636175168 5.036676406860352 5.020218372344971 0.52740079164505 2.0010085280179553 1.3806573152542114 0.635644257068634
29 1.7884025573730469 6.475197377320282 5.01528787612915 5.01190185546875 0.5597406625747681 2.0193691809801324 1.4089035987854004 0.6463398933410645
30 1.7846219539642334 6.48663645928347 5.056249618530273 5.068922519683838 0.5646018385887146 1.9417010421214302 1.4872584342956543 0.6723718643188477
31 1.7852243185043335 6.499529489266061 5.043827533721924 5.069489002227783 0.5659148693084717 1.9347272618888414 1.4612168073654175 0.671467125415802
32 1.7910212278366089 6.499592133435278 5.052104473114014 5.081530570983887 0.5819069147109985 1.9212154570081013 1.4826809167861938 0.690613865852356
33 1.8042409420013428 6.505714095009406 5.0953688621521 5.156260967254639 0.5653022527694702 1.892512660970407 1.5071375370025635 0.7825841307640076
34 1.8092129230499268 6.484156412610938 5.102570533752441 5.171003818511963 0.5705844163894653 1.9675861724210084 1.5623867511749268 0.7891966700553894
35 1.8056819438934326 6.484668441223345 5.096458911895752 5.160647392272949 0.570644736289978 1.970483115512268 1.55287504196167 0.7756924629211426
36 1.8260538578033447 6.473623996275247 5.124314308166504 5.158452987670898 0.5365010499954224 1.9449101263165223 1.4967516660690308 0.711924135684967
37 1.8348314762115479 6.477238450573587 5.150803089141846 5.191888332366943 0.5330397486686707 1.9017754019236004 1.4914240837097168 0.7340453863143921
38 1.8203598260879517 6.462811507414908 5.120167255401611 5.153201103210449 0.562789261341095 1.9344262978943347 1.4950969219207764 0.712626039981842
39 1.816758394241333 6.452956211662548 5.117938995361328 5.119309425354004 0.5644945502281189 1.9309204247873812 1.4976288080215454 0.7525787353515625
40 1.8162521123886108 6.453941947744085 5.120086193084717 5.121264457702637 0.5602330565452576 1.9266319227507214 1.497395396232605 0.7481509447097778
41 1.8167325258255005 6.454882016014629 5.123070240020752 5.120529651641846 0.5630801916122437 1.9244028299947422 1.4987256526947021 0.7463789582252502
42 1.8162600994110107 6.46074710062467 5.126145362854004 5.068781852722168 0.5698519349098206 1.933180748901379 1.5122884511947632 0.7251282334327698
43 1.814932107925415 6.456413540131085 5.116302013397217 5.063294887542725 0.5632497072219849 1.9732323184791958 1.5248053073883057 0.7245779633522034
44 1.8096784353256226 6.4514348192496405 5.100563049316406 5.040775299072266 0.540652334690094 1.9888974679125613 1.4825177192687988 0.707556426525116
45 1.813496470451355 6.463652316760388 5.109898090362549 5.053551197052002 0.5421051979064941 1.877033246273835 1.4743199348449707 0.7227591872215271
46 1.8166931867599487 6.455032020717472 5.112060546875 5.054155349731445 0.5437296032905579 1.8819686095838992 1.4741647243499756 0.7235289216041565
47 1.8186020851135254 6.465665748396939 5.115976333618164 5.035775661468506 0.5487648844718933 1.842285094864463 1.4914956092834473 0.8409286737442017
48 1.8194998502731323 6.464586385536562 5.128868579864502 5.047123908996582 0.5515840649604797 1.8454997432236417 1.4709025621414185 0.8468257188796997
49 1.8194998502731323 6.465196565643044 5.128856182098389 5.0472331047058105 0.5515840649604797 1.8417694276117382 1.4911020994186401 0.8467907905578613
50 1.8203576803207397 6.45801762117891 5.130138874053955 5.048943042755127 0.5542535185813904 1.841316090213918 1.4875891208648682 0.8475911617279053
51 1.8187998533248901 6.461503523964442 5.1262946128845215 5.035780906677246 0.5481835603713989 1.8661739756685054 1.4866491556167603 0.8385121822357178
52 1.8040921688079834 6.455737124513291 5.1310625076293945 5.039567947387695 0.5248602628707886 1.9119010389479558 1.4775015115737915 0.8687909841537476
53 1.804224967956543 6.455684880286481 5.133211612701416 5.039549350738525 0.5246946215629578 1.9121676354878903 1.4770303964614868 0.8687800168991089
54 1.7990031242370605 6.470397832521006 5.118722438812256 5.027667045593262 0.5265049934387207 1.9129562794784838 1.4858722686767578 0.9047053456306458
55 1.8055814504623413 6.477000975156357 5.114429473876953 5.007049560546875 0.5449314117431641 1.8769756520629188 1.5047743320465088 0.9028628468513489
56 1.8061174154281616 6.472618913554996 5.113823413848877 5.007918357849121 0.5470991134643555 1.8761702395089443 1.5064526796340942 0.9081093668937683
57 1.8108612298965454 6.467158025068004 5.111472129821777 5.011980056762695 0.5587698221206665 1.8516746849569636 1.516050100326538 0.923700213432312
58 1.812198519706726 6.472442860964127 5.113237380981445 5.011301517486572 0.5601170063018799 1.8466580385258906 1.513062596321106 0.9235253930091858
59 1.812198519706726 6.474419502314606 5.11327600479126 5.011569023132324 0.5601170063018799 1.8405050570264572 1.513020396232605 0.935751736164093
60 1.8121978044509888 6.463506040666286 5.111402988433838 5.0114312171936035 0.5601162910461426 1.845312902848606 1.5191583633422852 0.9350352883338928
61 1.8154785633087158 6.455210258483928 5.115841865539551 5.015542030334473 0.5591641068458557 1.8549641446003073 1.5192251205444336 0.9393423795700073
62 1.815286636352539 6.464305044074084 5.11474084854126 5.0170063972473145 0.5588231682777405 1.854681316969889 1.5089749097824097 0.9349032640457153
63 1.8127171993255615 6.465015072788869 5.107090950012207 5.026995658874512 0.5555470585823059 1.8623485274884644 1.477230191230774 0.8156557679176331
64 1.8136708736419678 6.454675586801102 5.114161491394043 5.029222011566162 0.5561144351959229 1.8696429104749495 1.4705144166946411 0.8160777688026428
65 1.8131654262542725 6.471064969317258 5.115518093109131 5.02820348739624 0.5571402907371521 1.8645823156265522 1.4581867456436157 0.8162479996681213
66 1.8120200634002686 6.4584514542851394 5.113979339599609 5.024929523468018 0.5580477714538574 1.8743311082590306 1.4680287837982178 0.8150904178619385
67 1.8085297346115112 6.45852876125341 5.115031719207764 5.0240654945373535 0.5466575622558594 1.8559100483172029 1.4587793350219727 0.7996487617492676
68 1.8095365762710571 6.471624240008699 5.114662170410156 5.026172637939453 0.5472249984741211 1.8478993669915038 1.459470510482788 0.8024280071258545
69 1.8065177202224731 6.474091790720039 5.114180564880371 5.022703647613525 0.5341398119926453 1.831601424415624 1.4455405473709106 0.787680983543396
70 1.806659460067749 6.459911159201422 5.1128740310668945 5.035717487335205 0.54655921459198 1.7906938081723622 1.4387484788894653 0.8010584712028503
71 1.8155876398086548 6.465901369322503 5.1119465827941895 5.02094841003418 0.57196444272995 1.7774081103588908 1.4951614141464233 0.8157647848129272
72 1.8067009449005127 6.44619945852409 5.139878749847412 5.147193908691406 0.5538980960845947 1.8252775262358403 1.5324418544769287 0.9517509341239929
73 1.8066918849945068 6.462117918407622 5.137923240661621 5.149860382080078 0.5527600049972534 1.8247622502587892 1.5184112787246704 0.9559233784675598
74 1.8043134212493896 6.46512065843472 5.142597198486328 5.157003879547119 0.5335924625396729 1.8021387906170108 1.5022655725479126 0.9181667566299438
75 1.82392418384552 6.465529293212734 5.1436991691589355 5.1592793464660645 0.586392343044281 1.8060890295736782 1.5037298202514648 0.9004122018814087
76 1.8220329284667969 6.461637508115389 5.140876770019531 5.159018039703369 0.5860425233840942 1.803215784276808 1.5248701572418213 0.9037969708442688
77 1.8188174962997437 6.463890971909881 5.158522605895996 5.168323993682861 0.5618082880973816 1.8873665111992104 1.4973092079162598 0.866374135017395
78 1.8213732242584229 6.451335186739161 5.157100677490234 5.18065071105957 0.5701451301574707 1.8795039184236846 1.5063166618347168 0.8855915069580078
79 1.819334864616394 6.447912663949832 5.155961513519287 5.181563377380371 0.5736687183380127 1.8804933198840263 1.5120424032211304 0.8886989951133728
80 1.8304378986358643 6.471075427231655 5.178332805633545 5.3026041984558105 0.5774180889129639 1.8887247778650393 1.5402265787124634 1.1737710237503052
81 1.829967975616455 6.443767586718383 5.173064231872559 5.299874305725098 0.5764918923377991 1.9487740959938302 1.5573054552078247 1.1706293821334839
82 1.835721492767334 6.4347138542947295 5.164305210113525 5.310765266418457 0.5671612024307251 1.9595298685238738 1.570151686668396 1.1697145700454712
83 1.834194302558899 6.433585040664756 5.163959980010986 5.310934543609619 0.5643124580383301 1.9633820518702152 1.5507159233093262 1.1695013046264648
84 1.8374828100204468 6.39385575754629 5.158857345581055 5.308632850646973 0.5762140154838562 2.0341372352925515 1.5824494361877441 1.1770873069763184
85 1.8337608575820923 6.402376921716348 5.153904914855957 5.299045085906982 0.5884750485420227 1.9880844092093601 1.583042860031128 1.162864327430725
86 1.8287912607192993 6.401131881503978 5.153979301452637 5.2991790771484375 0.5729947686195374 1.9801806524897656 1.5851187705993652 1.1680102348327637
87 1.8205293416976929 6.3985095138737265 5.154423713684082 5.2930707931518555 0.5776355862617493 1.9896468354614534 1.5837509632110596 1.1540154218673706
88 1.8205928802490234 6.413868243866773 5.154661178588867 5.293072700500488 0.5783041715621948 1.9827690860522251 1.5841518640518188 1.153969645500183
89 1.8209363222122192 6.438089020185848 5.155181884765625 5.275267601013184 0.5693954825401306 1.9700215856754184 1.577349305152893 1.1420496702194214
90 1.819546103477478 6.423931323833311 5.154665470123291 5.27463436126709 0.5744345188140869 1.9793694695499726 1.58602774143219 1.1424083709716797
91 1.8148316144943237 6.440675151647823 5.1428704261779785 5.265972137451172 0.58279949426651 1.9567820984637636 1.5881901979446411 1.1425278186798096
92 1.813022255897522 6.440926431529571 5.146251678466797 5.275768756866455 0.5825288891792297 1.9507733999125207 1.5745995044708252 1.1450177431106567
93 1.8120367527008057 6.433524039098741 5.145244121551514 5.275948524475098 0.5824275612831116 1.960448936895327 1.5773104429244995 1.1481589078903198
94 1.812819004058838 6.371906022636426 5.164588928222656 5.277317047119141 0.5859940052032471 1.9039691529910683 1.5198628902435303 1.1413886547088623
95 1.812819004058838 6.374670315730056 5.15910530090332 5.277317047119141 0.5859941840171814 1.9114684657556242 1.5233421325683594 1.14138662815094
96 1.8085068464279175 6.3573260575580655 5.154529094696045 5.284367561340332 0.6005158424377441 1.92851678340263 1.5322996377944946 1.1400610208511353
97 1.8085838556289673 6.366982468827035 5.15438985824585 5.283805847167969 0.6010088324546814 1.9254454431598425 1.5318992137908936 1.1394803524017334
98 1.808584451675415 6.367222660361535 5.1533708572387695 5.283804416656494 0.6010080575942993 1.9245766946262053 1.5412380695343018 1.1394801139831543
99 1.821549892425537 6.376160506103592 5.149413585662842 5.289891242980957 0.6086023449897766 1.9128627481213003 1.5379366874694824 1.125933289527893
100 1.8252254724502563 6.377551076778803 5.151485919952393 5.285493850708008 0.6083919405937195 1.9250389346385453 1.5503290891647339 1.123972773551941
101 1.832051396369934 6.380294870863151 5.155624866485596 5.299590110778809 0.6189752817153931 1.9320737803677617 1.5690727233886719 1.140759825706482
102 1.8430410623550415 6.386103781011714 5.186981201171875 5.342369556427002 0.6275649070739746 1.9257056604773122 1.5987052917480469 1.1766661405563354
103 1.8366026878356934 6.380865343618917 5.182774066925049 5.3172688484191895 0.6015715003013611 1.888049208173132 1.5691092014312744 1.1562031507492065
104 1.8454301357269287 6.368708665544056 5.185532569885254 5.301850318908691 0.6259039044380188 1.906467711455299 1.593359351158142 1.167110800743103
105 1.8458778858184814 6.380281291749003 5.18275260925293 5.298433780670166 0.6224012970924377 1.881008675813832 1.5828484296798706 1.1632980108261108
106 1.8501763343811035 6.376794417053945 5.196611404418945 5.309882164001465 0.6263298392295837 1.8731736709133773 1.5793709754943848 1.1712532043457031
107 1.856925368309021 6.396925900954143 5.20474100112915 5.311991214752197 0.6133133769035339 1.865949263494258 1.5776125192642212 1.1781895160675049
108 1.8793442249298096 6.390683415325279 5.241630554199219 5.350436687469482 0.6042246222496033 1.8965564159304242 1.5837050676345825 1.2114300727844238
109 1.8793439865112305 6.411818436228113 5.251255035400391 5.347208499908447 0.6085141897201538 1.8806000908677099 1.5357364416122437 1.2062569856643677
110 1.8795217275619507 6.4131737046586474 5.251431941986084 5.346927642822266 0.612521231174469 1.87587410496755 1.5624182224273682 1.206355333328247
111 1.8828984498977661 6.4071208869929395 5.254032611846924 5.34637975692749 0.6136758923530579 1.86295136299112 1.5595378875732422 1.2063989639282227
112 1.8820043802261353 6.402081015165935 5.2510881423950195 5.343966960906982 0.6155681014060974 1.8618519049456352 1.5528838634490967 1.2017806768417358
113 1.8816065788269043 6.406110535112512 5.254735469818115 5.350491046905518 0.6291131973266602 1.8362831025247002 1.5707834959030151 1.2070674896240234
114 1.876928448677063 6.351527956625657 5.240008354187012 5.361846923828125 0.6247923374176025 1.758432695545575 1.6579265594482422 1.1989656686782837
115 1.874820351600647 6.363542596113085 5.2519402503967285 5.357816219329834 0.6254078149795532 1.7365549023807332 1.610843539237976 1.1896835565567017
116 1.8719072341918945 6.358671243465459 5.234061241149902 5.353525638580322 0.6271464824676514 1.7422773004620986 1.6536495685577393 1.1802270412445068
117 1.871924638748169 6.359016798616389 5.235713958740234 5.355810165405273 0.6250641345977783 1.752058765489501 1.6680458784103394 1.178898572921753
118 1.8667948246002197 6.355701277579623 5.230191230773926 5.3481316566467285 0.6113253831863403 1.7363148801903276 1.6572052240371704 1.170151948928833
119 1.8618905544281006 6.357955076013482 5.224684238433838 5.336743354797363 0.589937150478363 1.757732419372618 1.6466783285140991 1.1706478595733643
120 1.8634052276611328 6.3698521916957365 5.225460052490234 5.3373122215271 0.5897705554962158 1.744512422728994 1.6439855098724365 1.17045259475708
121 1.863518238067627 6.3555597023153 5.224701404571533 5.337284564971924 0.5897755026817322 1.7565547659173788 1.6471844911575317 1.1703824996948242
122 1.8635187149047852 6.3566073768316755 5.205752372741699 5.337201118469238 0.5896757245063782 1.7591462182621926 1.6986455917358398 1.170364260673523
123 1.8739666938781738 6.350540856360199 5.215384483337402 5.35791540145874 0.6061955690383911 1.767023790289943 1.7218141555786133 1.1885467767715454
124 1.8732539415359497 6.348078014276258 5.215517997741699 5.3614068031311035 0.6049214601516724 1.7866080148836139 1.7319424152374268 1.186476469039917
125 1.8738281726837158 6.352346889800491 5.209839344024658 5.368442535400391 0.623035728931427 1.8121379249011844 1.7470096349716187 1.1969754695892334
126 1.8802847862243652 6.364793504804423 5.221076488494873 5.35687780380249 0.625977098941803 1.745227858157008 1.7676680088043213 1.2158037424087524
127 1.8808902502059937 6.386166876913521 5.22481107711792 5.356601238250732 0.6301786303520203 1.728092327882025 1.7815954685211182 1.2160146236419678
128 1.8737473487854004 6.389450320848374 5.226619243621826 5.356359958648682 0.618014931678772 1.7328246889907941 1.7813531160354614 1.2153581380844116
129 1.8792178630828857 6.387732130058651 5.221070766448975 5.346395015716553 0.6416093111038208 1.7488615738011843 1.78036367893219 1.2136536836624146
130 1.8789474964141846 6.395676481154146 5.217555046081543 5.368422031402588 0.6408615112304688 1.765588305397332 1.7435678243637085 1.1967780590057373
131 1.879364252090454 6.386365370857828 5.216302871704102 5.364582061767578 0.6394334435462952 1.7625616028031448 1.7428059577941895 1.1931172609329224
132 1.8797200918197632 6.381365192444093 5.2175140380859375 5.359267711639404 0.6349174976348877 1.7655238447978452 1.746800184249878 1.198334813117981
133 1.880864143371582 6.394727425986807 5.217175006866455 5.303136348724365 0.6357150673866272 1.7400354590853468 1.7194938659667969 0.8723645210266113
134 1.8808614015579224 6.387307186839913 5.217170238494873 5.30312442779541 0.6357075572013855 1.7358610725264414 1.719504714012146 0.8723607063293457
135 1.8808614015579224 6.388099630782505 5.217216968536377 5.30312442779541 0.6357075572013855 1.733400493168307 1.7193025350570679 0.8723607063293457
136 1.8791205883026123 6.390429976681315 5.218221664428711 5.385829448699951 0.6341876983642578 1.738436642085785 1.7018837928771973 1.1419057846069336
137 1.878984808921814 6.384286298987068 5.2195563316345215 5.38767147064209 0.6316660642623901 1.7531453246736466 1.703044056892395 1.1430165767669678
138 1.8759403228759766 6.387193890935 5.233760356903076 5.4036641120910645 0.6376379728317261 1.7845367836126549 1.6982786655426025 1.1513724327087402
139 1.8760099411010742 6.387814015283974 5.239048480987549 5.409984111785889 0.6262110471725464 1.7877774813023888 1.6842342615127563 1.1531178951263428
140 1.8762725591659546 6.381278289558476 5.237822532653809 5.409457683563232 0.623892068862915 1.797206713622231 1.6896413564682007 1.1525452136993408
141 1.880027413368225 6.3987441462358925 5.237464904785156 5.413451671600342 0.6289302110671997 1.7775922787934 1.700339436531067 1.1522811651229858
142 1.8818001747131348 6.3596887175000445 5.2396955490112305 5.417963981628418 0.6293827891349792 1.8178961364054917 1.6904475688934326 1.1522001028060913
143 1.8799132108688354 6.369102972915682 5.239758491516113 5.41836404800415 0.6268839836120605 1.8190149847939276 1.690635085105896 1.1508063077926636
144 1.8804326057434082 6.37404525871572 5.236689567565918 5.4127349853515625 0.6275736689567566 1.8101347787377404 1.689011812210083 1.1485506296157837
145 1.8794134855270386 6.376069864997441 5.23563814163208 5.4123945236206055 0.6274179220199585 1.8182510000245016 1.6905373334884644 1.1487691402435303
146 1.8831782341003418 6.368968402171139 5.246194839477539 5.420970916748047 0.6265144944190979 1.8590000974492227 1.6925386190414429 1.1509132385253906
147 1.8803654909133911 6.383003239246844 5.243472099304199 5.407877445220947 0.617436945438385 1.839047902494475 1.6830010414123535 1.1375030279159546
148 1.8791227340698242 6.373478055982633 5.242865562438965 5.413721084594727 0.6173630952835083 1.8649067177435268 1.6773782968521118 1.142078161239624
149 1.8778105974197388 6.373639720251829 5.2412848472595215 5.416221618652344 0.6152200698852539 1.8703405068523742 1.6840200424194336 1.1397790908813477
150 1.8777902126312256 6.372327259808204 5.242731094360352 5.416151523590088 0.6151739954948425 1.8529067054172585 1.6800938844680786 1.1400495767593384
151 1.8790940046310425 6.36790787781029 5.244804859161377 5.411048412322998 0.6146588921546936 1.8500969230682334 1.6873862743377686 1.143720269203186
152 1.8867722749710083 6.381615746745295 5.2458367347717285 5.410700798034668 0.6306710243225098 1.8311869968135777 1.6814972162246704 1.1420700550079346
153 1.8808000087738037 6.3713819283883995 5.244159698486328 5.412660121917725 0.6175381541252136 1.8289091627744314 1.6969549655914307 1.1407376527786255
154 1.8969720602035522 6.383784905557858 5.259513854980469 5.429298400878906 0.6433137059211731 1.8177463698534881 1.7047216892242432 1.1715196371078491
155 1.8941951990127563 6.381286153127678 5.258894920349121 5.427091598510742 0.6414338946342468 1.8299833945092887 1.6978143453598022 1.176239013671875
156 1.8912338018417358 6.390025395472195 5.251518249511719 5.427498817443848 0.6402382254600525 1.8072074457562985 1.6983625888824463 1.174011468887329
157 1.8902703523635864 6.383365344719366 5.250720024108887 5.4254937171936035 0.6385107040405273 1.825435626427968 1.6952844858169556 1.173624038696289
158 1.8864761590957642 6.38589154455881 5.251093864440918 5.426370620727539 0.6264430284500122 1.8070513770811176 1.6920127868652344 1.1709697246551514
159 1.8863188028335571 6.393699915411521 5.252610206604004 5.426323413848877 0.6265323162078857 1.8039647333153235 1.6822998523712158 1.1707764863967896
160 1.9059221744537354 6.383851689385516 5.276429176330566 5.459123611450195 0.6787179708480835 1.804254093786493 1.7138134241104126 1.2226208448410034
161 1.9214640855789185 6.393519754298361 5.267786502838135 5.466525554656982 0.6922223567962646 1.740019587779845 1.7227907180786133 1.2416962385177612
162 1.9210081100463867 6.3949006145476766 5.257775783538818 5.454227447509766 0.6922102570533752 1.7858822887840142 1.7065743207931519 1.2337570190429688
163 1.9132673740386963 6.3967454613580905 5.24818754196167 5.448938369750977 0.6900984048843384 1.7848863613187878 1.6968731880187988 1.2292293310165405
164 1.9103870391845703 6.411719443152226 5.248049259185791 5.4498772621154785 0.6838935017585754 1.7596842563026531 1.6905523538589478 1.2215473651885986
165 1.9092047214508057 6.421875199437184 5.249684810638428 5.439692497253418 0.6794460415840149 1.757402120963602 1.7100038528442383 1.2250211238861084
166 1.9115163087844849 6.408323103004035 5.2469258308410645 5.441714763641357 0.6942970752716064 1.7650965883359078 1.716523289680481 1.2396130561828613
167 1.9112863540649414 6.4056541139571666 5.2469329833984375 5.442777156829834 0.6951662302017212 1.7809023330754359 1.717090129852295 1.2387430667877197
168 1.9205608367919922 6.425276715853852 5.248507499694824 5.441411018371582 0.7105519771575928 1.8013472588042432 1.7238439321517944 1.230229139328003
169 1.9213752746582031 6.428773272705727 5.25083589553833 5.440937042236328 0.7129580974578857 1.7987804402847356 1.7232213020324707 1.2307109832763672
170 1.9162776470184326 6.415295948142823 5.2478485107421875 5.438345909118652 0.7104843854904175 1.812575610743174 1.7233277559280396 1.2276620864868164
171 1.919274091720581 6.410030679788177 5.2418437004089355 5.443140983581543 0.726671576499939 1.7634707090319401 1.7290798425674438 1.2331266403198242
172 1.9068890810012817 6.398908013985727 5.229429244995117 5.433628559112549 0.7289119362831116 1.7382287511482435 1.7245335578918457 1.2261734008789063
173 1.8983269929885864 6.405189809782578 5.223623752593994 5.360934257507324 0.7060936689376831 1.706145453050518 1.713390588760376 1.1234976053237915
174 1.898362159729004 6.398726819839113 5.2237019538879395 5.368177890777588 0.7113776206970215 1.6998909034974403 1.741726040840149 1.1380077600479126
175 1.893060564994812 6.424042657743868 5.2166666984558105 5.362618923187256 0.7121617794036865 1.7166349094881568 1.7608994245529175 1.1421456336975098
176 1.8940088748931885 6.434174067526814 5.221339702606201 5.367799282073975 0.7130864262580872 1.718075062100429 1.756524682044983 1.1362522840499878
177 1.9035110473632813 6.422602667018999 5.2464919090271 5.388270854949951 0.7045677304267883 1.7509151531722245 1.7763731479644775 1.1490731239318848
178 1.908948302268982 6.429067787663785 5.259546279907227 5.41134786605835 0.7024732828140259 1.7489606748117397 1.7499091625213623 1.1600680351257324
179 1.907981276512146 6.416482234570523 5.257633209228516 5.41960334777832 0.7084925770759583 1.7548385262339914 1.7566243410110474 1.1717796325683594
180 1.9056968688964844 6.426984522565799 5.252832412719727 5.415456295013428 0.7108225226402283 1.7462550556213199 1.7571794986724854 1.1701178550720215
181 1.9141825437545776 6.406581146968058 5.2642292976379395 5.403322696685791 0.6916623115539551 1.7409465268973685 1.7358472347259521 1.1474897861480713
182 1.9141825437545776 6.416752324716361 5.266053676605225 5.403322696685791 0.6916623115539551 1.740735819722227 1.736401081085205 1.1474897861480713
183 1.9261510372161865 6.411010168048186 5.277898788452148 5.425024509429932 0.7013699412345886 1.7908578489280789 1.7407597303390503 1.1582937240600586
184 1.9160138368606567 6.419938003937284 5.264744758605957 5.414841175079346 0.697730541229248 1.786206585288575 1.730534553527832 1.1525734663009644
185 1.9151169061660767 6.399434054853019 5.261931896209717 5.42929744720459 0.7095906138420105 1.7860105761923897 1.743222951889038 1.198210597038269
186 1.9152041673660278 6.4044815510096536 5.261447429656982 5.427482604980469 0.7098063826560974 1.7725633478190026 1.7427632808685303 1.2122728824615479
187 1.91163969039917 6.397408775210514 5.255732536315918 5.417530059814453 0.703788161277771 1.8008176794639552 1.7311440706253052 1.2011399269104004
188 1.8941283226013184 6.381584601900271 5.249945640563965 5.417065620422363 0.6951382756233215 1.799156861255757 1.7365062236785889 1.192001223564148
189 1.8939825296401978 6.385584036377825 5.249656677246094 5.414857864379883 0.6953254342079163 1.7961964035795366 1.737012267112732 1.2024179697036743
190 1.894697904586792 6.3844130361268165 5.246201038360596 5.413067817687988 0.6909857392311096 1.7823270832516676 1.736118197441101 1.2011419534683228
191 1.89107084274292 6.384151653574369 5.246039867401123 5.417738914489746 0.6832866072654724 1.7765065925054182 1.724596619606018 1.1972589492797852
192 1.8938069343566895 6.37459495662955 5.239761829376221 5.427384376525879 0.7131417989730835 1.7408802460888362 1.7192469835281372 1.2022305727005005
193 1.8943657875061035 6.381860773903685 5.24100399017334 5.431879043579102 0.7054008841514587 1.7432510931046232 1.7214113473892212 1.2042253017425537
194 1.894590973854065 6.361933017033713 5.241390705108643 5.431668758392334 0.7058226466178894 1.7598930174708098 1.7086055278778076 1.204185128211975
195 1.894590973854065 6.369790129759467 5.248842716217041 5.431668758392334 0.7058226466178894 1.7653730898958235 1.6955509185791016 1.204185128211975
196 1.8940706253051758 6.380674027875978 5.256777286529541 5.4308762550354 0.7035703659057617 1.7583896925486664 1.720449686050415 1.2049700021743774
197 1.9053122997283936 6.382508385942749 5.2689337730407715 5.434100151062012 0.7243928909301758 1.739418221226896 1.7249946594238281 1.214491605758667
198 1.9151990413665771 6.379154437542924 5.298470497131348 5.423497676849365 0.7047857046127319 1.7277938624824154 1.6594563722610474 1.1989840269088745
199 1.9221704006195068 6.402672023478431 5.2992963790893555 5.42827033996582 0.7102624773979187 1.712105751996289 1.661012053489685 1.202561616897583
200 1.943360447883606 6.3701747643693745 5.317119598388672 5.462470054626465 0.7333446741104126 1.7658507188494177 1.6803326606750488 1.2575784921646118
201 1.9344850778579712 6.374208106944894 5.311769485473633 5.451951026916504 0.7141315340995789 1.7091995147558896 1.6709481477737427 1.2501494884490967
202 1.9404959678649902 6.368682757977249 5.320733070373535 5.4631547927856445 0.7160131335258484 1.7162132391088187 1.6665669679641724 1.2564736604690552
203 1.9393064975738525 6.367118241734857 5.32009744644165 5.4582438468933105 0.7199864387512207 1.7176373480694667 1.6607019901275635 1.2592706680297852
204 1.9432514905929565 6.413316897291532 5.32919454574585 5.45955753326416 0.7228075265884399 1.5457966441384645 1.6509385108947754 1.2589223384857178
205 1.946972370147705 6.425039272555388 5.329245567321777 5.458050727844238 0.7269369959831238 1.5163356200248919 1.651475191116333 1.2540528774261475
206 1.941023588180542 6.414530032854454 5.311974048614502 5.430151462554932 0.7223888635635376 1.521892520870503 1.6583353281021118 1.239647626876831
207 1.9546430110931396 6.413006027232126 5.332008361816406 5.479629039764404 0.7353544235229492 1.599472412996097 1.6695469617843628 1.2669204473495483
208 1.9538655281066895 6.403152151737126 5.332102298736572 5.480616092681885 0.7344129085540771 1.6161751966711342 1.684673547744751 1.2677773237228394
209 1.950371265411377 6.401407553730265 5.325577735900879 5.472245216369629 0.7330617904663086 1.6128096527267068 1.6817227602005005 1.259797215461731
210 1.9487138986587524 6.395337978908295 5.3240132331848145 5.4789018630981445 0.7365378737449646 1.6037848713207197 1.6710445880889893 1.2639858722686768
211 1.9482752084732056 6.402088885581567 5.323731899261475 5.4787445068359375 0.7358080744743347 1.715128983685603 1.6915043592453003 1.2639986276626587
212 1.9498021602630615 6.405497864728785 5.326715469360352 5.48105525970459 0.7399802803993225 1.7364010686502378 1.723271131515503 1.2761576175689697
213 1.950365424156189 6.408593471052427 5.322936534881592 5.472261905670166 0.7502133250236511 1.723841276419872 1.718401551246643 1.2804851531982422
214 1.9508618116378784 6.401810718333081 5.324384689331055 5.472507476806641 0.7500757575035095 1.7400488341817761 1.7148538827896118 1.280643105506897
215 1.9550700187683105 6.419428134600772 5.331772327423096 5.472846031188965 0.7450599670410156 1.731326299167689 1.7137477397918701 1.2822116613388062
216 1.946976661682129 6.438164495178062 5.319270133972168 5.45636510848999 0.7372698187828064 1.6889558479744466 1.716875433921814 1.2716811895370483
217 1.946976661682129 6.427605602825321 5.319270133972168 5.45636510848999 0.7372698187828064 1.6904693799101183 1.7169898748397827 1.2716811895370483
218 1.942790150642395 6.410990515262119 5.3183183670043945 5.45847225189209 0.7389941811561584 1.701295818033887 1.7222756147384644 1.2782536745071411
219 1.9348996877670288 6.402711391441361 5.306562423706055 5.440345764160156 0.72699373960495 1.702699674990065 1.7217260599136353 1.259247064590454
220 1.9377506971359253 6.403555822523581 5.3120503425598145 5.444188117980957 0.7229167819023132 1.7119938293218604 1.7171605825424194 1.2634458541870117
221 1.938110589981079 6.409820301267954 5.321301460266113 5.455851078033447 0.7282401919364929 1.7219409742085463 1.7228479385375977 1.2751295566558838
222 1.938063383102417 6.392373834489369 5.322027206420898 5.455810546875 0.7281866669654846 1.8180963923434323 1.7417961359024048 1.2752214670181274
223 1.9382240772247314 6.387741976622717 5.320209503173828 5.455836296081543 0.7282057404518127 1.803312930968683 1.7521554231643677 1.2752081155776978
224 1.9381508827209473 6.381914531726274 5.316357612609863 5.456060886383057 0.7288742661476135 1.7993692415331273 1.7575454711914063 1.2788225412368774
225 1.93815279006958 6.379997133916504 5.315066337585449 5.454599380493164 0.7291466593742371 1.8096041585479863 1.7571786642074585 1.2779467105865479
226 1.9358597993850708 6.403352711584774 5.316654205322266 5.454542636871338 0.7350580096244812 1.778789079929526 1.7549536228179932 1.2793986797332764
227 1.9384301900863647 6.414045011050756 5.319709777832031 5.457827568054199 0.7341357469558716 1.7812601204931073 1.752877950668335 1.2812533378601074
228 1.9553368091583252 6.411465255839451 5.320998191833496 5.466976165771484 0.7624468803405762 1.8009139528362492 1.760942816734314 1.296016812324524
229 1.951306700706482 6.403959245205728 5.313155174255371 5.463522911071777 0.7586484551429749 1.7971587568592355 1.7428003549575806 1.2933483123779297
230 1.952056646347046 6.4069974041789 5.313893795013428 5.471870422363281 0.7635253071784973 1.7888795168993656 1.7460492849349976 1.2992057800292969
231 1.9469335079193115 6.399118339772158 5.312662124633789 5.472622871398926 0.7635751366615295 1.8086759405403956 1.7525099515914917 1.2996127605438232
232 1.9476467370986938 6.405004578811287 5.322085380554199 5.463594913482666 0.7414747476577759 1.7934702663034205 1.7414442300796509 1.2870856523513794
233 1.9664065837860107 6.411465796123706 5.3189377784729 5.462031364440918 0.748965322971344 1.7656067190002396 1.7427507638931274 1.2920793294906616
234 1.9824553728103638 6.418180599383764 5.342630863189697 5.494011878967285 0.7434171438217163 1.721949055164862 1.71066153049469 1.300851821899414
235 1.9794089794158936 6.4241820550606095 5.343080997467041 5.4955620765686035 0.7353715300559998 1.7244784414756715 1.7109575271606445 1.301792025566101
236 1.973564863204956 6.365815814018594 5.326988697052002 5.479885101318359 0.7279166579246521 1.8059919557502415 1.6826831102371216 1.273767352104187
237 1.983583927154541 6.392307467710459 5.35091495513916 5.509216785430908 0.7448031306266785 1.7940229221155668 1.711259126663208 1.3023922443389893
238 1.9752682447433472 6.398573554391253 5.338683605194092 5.496733665466309 0.7196062207221985 1.7928738021848885 1.6924453973770142 1.2951433658599854
239 1.975394606590271 6.3969676578442085 5.337580680847168 5.463626384735107 0.720992922782898 1.8088981698728477 1.7059718370437622 1.335766315460205
240 1.973858118057251 6.395144140879666 5.336874961853027 5.461208820343018 0.7188783884048462 1.8041967762467959 1.7007193565368652 1.3335105180740356
241 1.9719972610473633 6.384903936887711 5.322413444519043 5.434885501861572 0.7111873626708984 1.8136572943749616 1.6642816066741943 1.3193320035934448
242 1.968916893005371 6.404619011916761 5.332026958465576 5.437460422515869 0.7120510935783386 1.7612093325267926 1.6571155786514282 1.3204102516174316
243 1.9643607139587402 6.407120370772187 5.327512741088867 5.432545185089111 0.7075523734092712 1.7541966222519394 1.658801555633545 1.3178739547729492
244 1.9630029201507568 6.423611109188017 5.321727275848389 5.424609184265137 0.7128791809082031 1.735503680676495 1.673852562904358 1.2979462146759033
245 1.979292631149292 6.448463372742006 5.329710960388184 5.423983097076416 0.7285081148147583 1.7479581872086816 1.6844477653503418 1.3068641424179077
246 1.9732812643051147 6.468697067583523 5.321059226989746 5.4101176261901855 0.7230556011199951 1.771351943468362 1.682050347328186 1.296578288078308
247 1.9715608358383179 6.462811434706859 5.3225789070129395 5.4091644287109375 0.7237527966499329 1.8057300547230046 1.6831859350204468 1.2957699298858643
248 1.973268747329712 6.4597010274553 5.321086883544922 5.410676956176758 0.7237685322761536 1.7912658752835995 1.675937294960022 1.296703577041626
249 1.9716166257858276 6.471844906577068 5.323221683502197 5.427859783172607 0.7334043979644775 1.793411337566172 1.684777021408081 1.3167632818222046
250 1.9748011827468872 6.464433569566351 5.322553634643555 5.449285984039307 0.7422067523002625 1.8456364975169137 1.6950750350952148 1.334699273109436
251 2.001899480819702 6.44660303533941 5.329730033874512 5.482104778289795 0.7811058759689331 1.8243277583405106 1.7194559574127197 1.3725872039794922
252 2.0068161487579346 6.413734340646854 5.3326897621154785 5.485169410705566 0.7873817682266235 1.8614294918039656 1.725677490234375 1.377121925354004
253 2.012284994125366 6.397665241931223 5.344581127166748 5.499053955078125 0.801779568195343 1.8627642411399663 1.736990213394165 1.381218671798706
254 2.0136337280273438 6.397045578169603 5.344868183135986 5.496946811676025 0.8032951951026917 1.8704211287507195 1.7392035722732544 1.381787896156311
255 2.018641233444214 6.404235881970615 5.350062847137451 5.498199939727783 0.8028027415275574 1.8683526264148838 1.7323384284973145 1.3830987215042114
256 2.019705057144165 6.4034525034340675 5.3615403175354 5.4953694343566895 0.7952361106872559 1.876055251009231 1.7367808818817139 1.3761425018310547
257 2.0183212757110596 6.429377461171295 5.368280410766602 5.502828598022461 0.7844920754432678 1.8372922783675227 1.7247763872146606 1.3740617036819458
258 2.017751693725586 6.430166650383481 5.368044376373291 5.500520706176758 0.7819150686264038 1.844238634957609 1.7228364944458008 1.3722070455551147
259 2.015960693359375 6.437509988011199 5.372809886932373 5.5009565353393555 0.7791449427604675 1.823079410934399 1.719544529914856 1.3716299533843994
260 1.992686152458191 6.4539762613295135 5.333069801330566 5.471799850463867 0.7711668014526367 1.7170438741304137 1.7092288732528687 1.3496438264846802
261 1.9886554479599 6.449241481971698 5.331663131713867 5.467739582061768 0.7495952844619751 1.7142503990808984 1.6857293844223022 1.3211216926574707
262 1.9908850193023682 6.423716580737114 5.328669548034668 5.464529037475586 0.7537205219268799 1.7501902417688802 1.7197177410125732 1.318719506263733
263 1.9948432445526123 6.440855444872383 5.334348201751709 5.4791364669799805 0.76103276014328 1.728154746908909 1.7090001106262207 1.3303871154785156
264 2.0020697116851807 6.450256978842945 5.338103771209717 5.480753421783447 0.7712074518203735 1.7157244683225343 1.706076741218567 1.3349252939224243
265 2.0020716190338135 6.443688689067511 5.338088035583496 5.481414318084717 0.7713160514831543 1.718760370531539 1.697486400604248 1.3292031288146973
266 1.9997254610061646 6.441726925964067 5.335765361785889 5.480545520782471 0.7712089419364929 1.7306767949020168 1.713336706161499 1.3282679319381714
267 1.998935580253601 6.440948994972904 5.325266361236572 5.466586589813232 0.7738062143325806 1.7555292896229577 1.7169384956359863 1.3198235034942627
268 1.9913733005523682 6.437914397605885 5.317995071411133 5.46954345703125 0.7670665979385376 1.724584007513489 1.72053062915802 1.3198444843292236
269 1.9940763711929321 6.428147830312317 5.318645477294922 5.470329284667969 0.7702971696853638 1.7196566812439713 1.712882161140442 1.3205567598342896
270 1.996367335319519 6.4426256938287505 5.321486949920654 5.4683146476745605 0.7707960605621338 1.7165253865323276 1.7163797616958618 1.3215689659118652
271 1.9969607591629028 6.428202230191753 5.322530269622803 5.470672607421875 0.7725058197975159 1.7256250909841806 1.7187541723251343 1.321851372718811
272 1.9951766729354858 6.422792282213034 5.323541164398193 5.472752571105957 0.7703331708908081 1.73989200205975 1.712548851966858 1.3214689493179321
273 1.9926563501358032 6.426068250096764 5.325309753417969 5.473813533782959 0.7693663835525513 1.7502085193355235 1.6955064535140991 1.321475863456726
274 1.9913556575775146 6.4295666282883195 5.318698883056641 5.469327926635742 0.7680448889732361 1.77026230207745 1.6997473239898682 1.3170408010482788
275 1.9913556575775146 6.425866937149618 5.318698883056641 5.469327926635742 0.7680448889732361 1.7811835615401932 1.6996605396270752 1.3170408010482788
276 1.9913556575775146 6.4464630769851246 5.319672107696533 5.469327926635742 0.7688146233558655 1.7927259116766656 1.6941179037094116 1.3170626163482666
277 1.9723806381225586 6.446701772838929 5.302667617797852 5.4389119148254395 0.7407293915748596 1.7724116654293665 1.6857324838638306 1.2784903049468994
278 1.9682680368423462 6.447026691627485 5.305104732513428 5.441257476806641 0.7406158447265625 1.78157902496576 1.6817511320114136 1.2718160152435303
279 1.9744088649749756 6.437168523611326 5.304502010345459 5.4444427490234375 0.740328848361969 1.7685602631812343 1.6820765733718872 1.2751953601837158
280 1.972258448600769 6.394914303408932 5.287460803985596 5.4073333740234375 0.7425843477249146 1.7946661909594805 1.6898672580718994 1.258455514907837
281 1.9749805927276611 6.367543681884894 5.290799617767334 5.4124274253845215 0.7478437423706055 1.8147627816929937 1.6964324712753296 1.2654401063919067
282 1.9712852239608765 6.368693040417291 5.289844989776611 5.407917499542236 0.7453813552856445 1.8212273967230768 1.6949679851531982 1.2588672637939453
283 1.9690052270889282 6.369904456470903 5.286824703216553 5.401706218719482 0.7393864989280701 1.8288799069073036 1.6903406381607056 1.2521086931228638
284 1.969203233718872 6.36888404018506 5.286562442779541 5.40151309967041 0.739582359790802 1.8312384868112865 1.6909435987472534 1.2522625923156738
285 1.9805753231048584 6.371699847289219 5.2779998779296875 5.385535717010498 0.7907403707504272 1.841751910002314 1.7327231168746948 1.2550499439239502
286 1.980398416519165 6.371360330739421 5.276721000671387 5.385788440704346 0.7905253171920776 1.8441859260988593 1.733896017074585 1.2550323009490967
287 1.9766490459442139 6.381205322904747 5.280155658721924 5.384593486785889 0.7831260561943054 1.8517623981492137 1.7139095067977905 1.250939965248108
288 1.9760750532150269 6.3925728139091 5.280097007751465 5.384047508239746 0.7825292348861694 1.843461828418691 1.7281453609466553 1.2500598430633545
289 1.9821473360061646 6.388029946474554 5.313723087310791 5.3996124267578125 0.7742428779602051 1.8640246496476849 1.7453343868255615 1.264761209487915
290 1.9658902883529663 6.377256504319113 5.2911200523376465 5.368005275726318 0.7668524384498596 1.8817969874148308 1.782127857208252 1.2480632066726685
291 1.9646227359771729 6.383386627443254 5.2908034324646 5.364351749420166 0.7602548599243164 1.8885524930039561 1.7772331237792969 1.2421694993972778
292 1.9617722034454346 6.397574703248667 5.291868209838867 5.365542888641357 0.7619198560714722 1.892282080660541 1.789702296257019 1.2434707880020142
293 1.964690089225769 6.38423986488469 5.296058177947998 5.360581398010254 0.7589592337608337 1.9008595546809839 1.7757123708724976 1.2365610599517822
294 1.9578206539154053 6.383026995701967 5.287801742553711 5.3570942878723145 0.750320553779602 1.901823331517543 1.7696490287780762 1.2310667037963867
295 1.9582390785217285 6.38970894218354 5.282447814941406 5.366130828857422 0.7515378594398499 1.8765784020242835 1.7283589839935303 1.236486554145813
296 1.9448343515396118 6.3929111121108235 5.25933837890625 5.331891059875488 0.7413282990455627 1.8713763006025732 1.7095117568969727 1.2105213403701782
297 1.940108060836792 6.3803597893404 5.263514518737793 5.4880290031433105 0.7468785047531128 1.9113531186468746 1.736764669418335 1.461215615272522
298 1.941423773765564 6.3813850520679285 5.266183853149414 5.487481594085693 0.7472245097160339 1.9152693156613738 1.7373299598693848 1.4618217945098877
299 1.946485996246338 6.39897791922667 5.273320198059082 5.488402843475342 0.7534027099609375 1.8983719588986059 1.7596864700317383 1.4626601934432983
300 1.9508659839630127 6.39827678288051 5.272958278656006 5.490106582641602 0.7553575038909912 1.8765927191714833 1.7596957683563232 1.4639270305633545
301 1.9505029916763306 6.39981599842466 5.272780895233154 5.487702369689941 0.7494432330131531 1.8691064412240377 1.7579773664474487 1.471181869506836
302 1.9431442022323608 6.383822694396908 5.269467353820801 5.4925456047058105 0.7576929926872253 1.872155857534449 1.7668451070785522 1.4661823511123657
303 1.9418237209320068 6.380579557096728 5.2678656578063965 5.4918084144592285 0.7561525702476501 1.89986833884852 1.767204761505127 1.4663619995117188
304 1.9398643970489502 6.356010539380359 5.262151718139648 5.488497257232666 0.7634475827217102 1.9166348251942105 1.793591856956482 1.4749791622161865
305 1.9182019233703613 6.368033237269111 5.236143589019775 5.4497904777526855 0.7480472922325134 1.9292151783452027 1.7908869981765747 1.4529153108596802
306 1.9181939363479614 6.390642500314366 5.2360148429870605 5.449316501617432 0.7476673722267151 1.9302896965944312 1.7888456583023071 1.4523121118545532
307 1.9198338985443115 6.388767227590485 5.239582061767578 5.452112197875977 0.7439661622047424 1.9098702982564442 1.7840564250946045 1.465399146080017
308 1.9345389604568481 6.393149079161458 5.256748199462891 5.478230953216553 0.7597053050994873 1.927484392165976 1.7621084451675415 1.4876434803009033
309 1.9327657222747803 6.395838181184309 5.259296894073486 5.477987289428711 0.7399600148200989 1.9927536848385654 1.7410163879394531 1.476499319076538
310 1.9359697103500366 6.398393005257978 5.256626605987549 5.4672932624816895 0.7455553412437439 1.98934254962063 1.7410305738449097 1.4593799114227295
311 1.9229737520217896 6.393539911528315 5.2345147132873535 5.432141304016113 0.7392199635505676 2.035122033563093 1.7304787635803223 1.4349879026412964
312 1.9233697652816772 6.400304528772718 5.2351789474487305 5.4279704093933105 0.7359610795974731 2.0237204423876176 1.717665672302246 1.432210922241211
313 1.9221324920654297 6.414016052462253 5.235752582550049 5.425350666046143 0.7319298386573792 1.8852388934887714 1.695846438407898 1.429294228553772
314 1.9161338806152344 6.416741301723377 5.224122047424316 5.407315254211426 0.7356277704238892 1.833136332366273 1.7017663717269897 1.4146360158920288
315 1.902214765548706 6.42881315484929 5.210687637329102 5.382750511169434 0.7198632955551147 1.8197005855915638 1.6980966329574585 1.4023303985595703
316 1.9035673141479492 6.433184918616586 5.212676048278809 5.3850603103637695 0.7206510901451111 1.8081283103551573 1.6980501413345337 1.4016661643981934
317 1.9034045934677124 6.408196645337899 5.211723327636719 5.386083602905273 0.7177205681800842 1.8472197954819818 1.7009695768356323 1.4009476900100708
318 1.9036089181900024 6.406158418200957 5.211225509643555 5.38600492477417 0.7171724438667297 1.8568137332675947 1.7012122869491577 1.4011181592941284
319 1.9046001434326172 6.405372908116467 5.210925102233887 5.385776042938232 0.7160576581954956 1.859473933406014 1.7013700008392334 1.4006984233856201
320 1.9048516750335693 6.403797468763481 5.2106733322143555 5.385560035705566 0.7171672582626343 1.9527471741485174 1.7099562883377075 1.4005587100982666
321 1.904900312423706 6.400414098942582 5.210783004760742 5.386266231536865 0.7172698378562927 1.9638024659436433 1.7107897996902466 1.395402431488037
322 1.9083514213562012 6.413256728168745 5.2124152183532715 5.389019966125488 0.7182011008262634 1.9349608242456209 1.701093316078186 1.4010494947433472
323 1.9073855876922607 6.410815061986933 5.218168258666992 5.383918762207031 0.7166476845741272 1.9368364921023515 1.73836088180542 1.3966792821884155
324 1.9102754592895508 6.415804985016642 5.226839065551758 5.409617900848389 0.7205827236175537 1.9451888671104582 1.7370308637619019 1.412644386291504
325 1.9096510410308838 6.324968214383544 5.229689598083496 5.410182476043701 0.7121012806892395 1.991245811836371 1.7266699075698853 1.4130465984344482
326 1.9102065563201904 6.343227391709412 5.230556488037109 5.410913944244385 0.7120361924171448 1.9703787149877463 1.7248607873916626 1.4134738445281982
327 1.8997000455856323 6.362558565511029 5.215291976928711 5.385787487030029 0.7049291729927063 1.8849312341689846 1.7359395027160645 1.4050239324569702
328 1.906166911125183 6.360730048187779 5.220942974090576 5.3835129737854 0.7068927884101868 1.9001842786273604 1.7295390367507935 1.4079455137252808
329 1.9059935808181763 6.372826122776593 5.220338821411133 5.383939743041992 0.7069383859634399 1.8896656303606993 1.7081421613693237 1.4165104627609253
330 1.909582495689392 6.381141924012929 5.222639560699463 5.388689994812012 0.7102038264274597 1.8882754127214734 1.7087920904159546 1.4151802062988281
331 1.9112416505813599 6.388770932677036 5.22711181640625 5.390080451965332 0.7000425457954407 1.9164245027055842 1.6916630268096924 1.4069960117340088
332 1.9113612174987793 6.392407453725037 5.2009992599487305 5.39018440246582 0.7030854821205139 1.9130226655626388 1.6925110816955566 1.4078837633132935
333 1.9111608266830444 6.391508686315464 5.198579788208008 5.390402317047119 0.7014448642730713 1.91645458343281 1.6912401914596558 1.4079598188400269
334 1.9105981588363647 6.387616239054076 5.197561264038086 5.389913558959961 0.7029973268508911 1.9212064227053476 1.6925039291381836 1.4082096815109253
335 1.911012887954712 6.385488170255029 5.194370746612549 5.387575149536133 0.7029183506965637 1.9251128816735559 1.7013578414916992 1.4095304012298584
336 1.907099962234497 6.375824998966512 5.189447402954102 5.379292011260986 0.7002304196357727 1.9314907290479522 1.688169240951538 1.4069464206695557
337 1.8995579481124878 6.36584817331793 5.171255588531494 5.353532791137695 0.7025918364524841 1.9601710965118624 1.7182456254959106 1.3905417919158936
338 1.9015754461288452 6.360460280154363 5.175633430480957 5.357465744018555 0.702232837677002 1.9433629610473944 1.7096326351165771 1.3833563327789307
339 1.9013298749923706 6.361164111542447 5.1760969161987305 5.357882976531982 0.7036851048469543 1.9418452363513745 1.7099213600158691 1.383809208869934
340 1.9030437469482422 6.35580923445299 5.178614139556885 5.359030246734619 0.7050843834877014 1.9671013616157167 1.7201005220413208 1.384291648864746
341 1.899967908859253 6.360350539876166 5.178411960601807 5.345320224761963 0.6821616888046265 1.9697919918735916 1.7052942514419556 1.3776085376739502
342 1.9151220321655273 6.364601408078108 5.1760406494140625 5.350306510925293 0.6977887153625488 1.9197807729509413 1.705855369567871 1.378832459449768
343 1.8985344171524048 6.381363595141263 5.17513370513916 5.364977836608887 0.6773576736450195 1.93053200206952 1.6888023614883423 1.3150262832641602
344 1.8982980251312256 6.384928475508919 5.175016403198242 5.364950656890869 0.6775954365730286 1.93906367122288 1.688474178314209 1.3148552179336548
345 1.8982179164886475 6.39459084604852 5.17481803894043 5.364971160888672 0.6778061985969543 1.928764738322207 1.687822699546814 1.3150705099105835
346 1.8981863260269165 6.391586626999815 5.175415515899658 5.364986419677734 0.6777842044830322 1.9301835503551261 1.687481164932251 1.315088152885437
347 1.8981863260269165 6.3876870436605016 5.175344944000244 5.364986419677734 0.6777842044830322 1.9530787786695247 1.6950769424438477 1.315088152885437
348 1.9011435508728027 6.3999307590964865 5.187747955322266 5.390061378479004 0.6702248454093933 1.962615800727649 1.6901555061340332 1.317844033241272
349 1.9019156694412231 6.395146939486433 5.188071250915527 5.390294075012207 0.671159029006958 1.968398645345945 1.6911604404449463 1.3187012672424316
350 1.9019274711608887 6.402505591366758 5.188094139099121 5.390315055847168 0.6711596846580505 1.962802713278308 1.6719295978546143 1.3187272548675537
351 1.891608476638794 6.3982497311892645 5.183919429779053 5.381965637207031 0.6615285277366638 1.9721746635112425 1.6779637336730957 1.3207842111587524
352 1.89341402053833 6.401643437243782 5.185760021209717 5.3821611404418945 0.6619945168495178 1.9545841709851353 1.6880621910095215 1.3195600509643555
353 1.900054931640625 6.3906012388491895 5.193841934204102 5.40123176574707 0.6712841987609863 1.938153695154423 1.6953415870666504 1.3332725763320923
354 1.895185112953186 6.3934527489654265 5.193342208862305 5.403722763061523 0.6552517414093018 1.9741553877077607 1.6657716035842896 1.3252365589141846
355 1.891329050064087 6.406899711075563 5.187432765960693 5.404058456420898 0.6587929725646973 2.0081276202862797 1.6775022745132446 1.329156517982483
356 1.890631914138794 6.40620373156578 5.1831889152526855 5.403299331665039 0.6585603952407837 1.9887763896153554 1.6943155527114868 1.3264892101287842
357 1.8896703720092773 6.397922213857204 5.182579040527344 5.402047634124756 0.661047637462616 1.9976585278538763 1.6985867023468018 1.324251413345337
358 1.8887945413589478 6.410730082701695 5.169806957244873 5.40046501159668 0.659798264503479 2.007899066309257 1.65350341796875 1.32156503200531
359 1.890438437461853 6.420499743206383 5.16944694519043 5.4013214111328125 0.6617284417152405 1.9927383914202226 1.6545906066894531 1.3251581192016602
360 1.890783429145813 6.4163851747425875 5.169641494750977 5.403261661529541 0.6615455150604248 2.0078555033874874 1.667803168296814 1.3251850605010986
361 1.8910807371139526 6.417459762906174 5.168060302734375 5.4022979736328125 0.6622323989868164 2.0065152715955965 1.6619186401367188 1.3251417875289917
362 1.8912127017974854 6.4150527639767665 5.167706489562988 5.40326452255249 0.6622520685195923 2.005169362812015 1.6662665605545044 1.3270121812820435
363 1.8925775289535522 6.420134055875217 5.170443058013916 5.406571865081787 0.6641387939453125 1.9999616123844859 1.666952133178711 1.3298429250717163
364 1.9160277843475342 6.421885821589215 5.207935810089111 5.436784744262695 0.666064977645874 2.0508785664591778 1.6722663640975952 1.3468379974365234
365 1.9116237163543701 6.42276795979535 5.2011637687683105 5.435445308685303 0.6700655221939087 2.0159835612904664 1.6782258749008179 1.3476855754852295
366 1.9108461141586304 6.423630434556839 5.200268745422363 5.43295955657959 0.6702901721000671 2.0131404002933992 1.6763041019439697 1.3444733619689941
367 1.9119210243225098 6.430593028487755 5.200759410858154 5.432774066925049 0.6729886531829834 2.029092296951205 1.6816387176513672 1.3479657173156738
368 1.9102176427841187 6.4334409037885845 5.202569961547852 5.432775497436523 0.6719495058059692 2.0155166386452676 1.6838384866714478 1.350293517112732
369 1.9055405855178833 6.422828227187325 5.195329189300537 5.412691593170166 0.6676892638206482 2.026966358181705 1.6846301555633545 1.342674970626831
370 1.9101190567016602 6.428927229597955 5.202442169189453 5.421291351318359 0.66936856508255 2.0226617459490046 1.6833548545837402 1.3524925708770752
371 1.9096872806549072 6.429034805056221 5.200615406036377 5.4234938621521 0.6689496636390686 2.0263890870212027 1.6883587837219238 1.3484658002853394
372 1.9092419147491455 6.421753150008024 5.203250885009766 5.4232563972473145 0.6688942313194275 2.0386133579678916 1.6812814474105835 1.3488391637802124
373 1.9090570211410522 6.430186088784795 5.2033281326293945 5.423076152801514 0.6687448024749756 2.0337392100510283 1.6801748275756836 1.3485639095306396
374 1.9054697751998901 6.4430584309273495 5.2076616287231445 5.421403408050537 0.6615706086158752 1.9805327308751237 1.687592625617981 1.3453041315078735
375 1.902994155883789 6.433413696376663 5.20313835144043 5.422371864318848 0.6640419960021973 1.9390334193837082 1.6920099258422852 1.3486084938049316
376 1.906379222869873 6.431570545746599 5.207025051116943 5.426231384277344 0.6655020117759705 1.9430363204184264 1.6926602125167847 1.349412441253662
377 1.9066170454025269 6.416185874278644 5.207955837249756 5.4274516105651855 0.6670851111412048 1.9278368124397476 1.7025439739227295 1.3521000146865845
378 1.9034451246261597 6.419875503917771 5.205484390258789 5.423772811889648 0.6628425121307373 1.926832571952039 1.703843593597412 1.3529326915740967
379 1.9034451246261597 6.425795649328447 5.205468654632568 5.423772811889648 0.6628425121307373 1.9169264395306655 1.702910304069519 1.3529326915740967
380 1.9045782089233398 6.422453771329213 5.20565128326416 5.424560070037842 0.6670500636100769 1.919133126881792 1.7060612440109253 1.3550740480422974
381 1.917240858078003 6.420679992504889 5.220297336578369 5.444139003753662 0.6613379120826721 1.9444615658281725 1.7071807384490967 1.3689427375793457
382 1.9180307388305664 6.420445817918568 5.219310760498047 5.444823265075684 0.6627646684646606 1.9713851823036013 1.709302306175232 1.3677977323532104
383 1.9154366254806519 6.417541192898226 5.217894554138184 5.44335412979126 0.6622998714447021 1.9735455428623394 1.7082605361938477 1.3688886165618896
384 1.9153999090194702 6.405392377053019 5.217714786529541 5.443362712860107 0.6625876426696777 1.9734887691232743 1.7081085443496704 1.3688493967056274
385 1.9159226417541504 6.415169417504032 5.217087268829346 5.434532165527344 0.6641727685928345 1.955746100137495 1.7051490545272827 1.3658021688461304
386 1.9142787456512451 6.437908309970505 5.214841842651367 5.430476188659668 0.6629745364189148 1.9463778175262665 1.7026931047439575 1.363257646560669
387 1.9141594171524048 6.445599727048594 5.211849212646484 5.429996013641357 0.666225254535675 1.9405896279901382 1.7001886367797852 1.3608810901641846
388 1.9193103313446045 6.44937927776431 5.218487739562988 5.442324638366699 0.6709237694740295 1.9309413306955774 1.7088689804077148 1.3689035177230835
389 1.9180864095687866 6.431738138347036 5.217304706573486 5.439023017883301 0.6685735583305359 1.9452302115693396 1.7096920013427734 1.3673361539840698
390 1.9236572980880737 6.383363165229468 5.22007942199707 5.440187454223633 0.6704406142234802 1.7425156446565508 1.689089059829712 1.3677356243133545
391 1.9199237823486328 6.384915184770984 5.215754508972168 5.439133644104004 0.6676039695739746 1.7386767851836515 1.6872035264968872 1.3685446977615356
392 1.9291126728057861 6.399012557961792 5.222424507141113 5.4456071853637695 0.6697112917900085 1.75947206589686 1.6898298263549805 1.373299479484558
393 1.9273405075073242 6.4021735619978015 5.218895435333252 5.443221092224121 0.6697342991828918 1.7369557009081102 1.6894127130508423 1.3741482496261597
394 1.9273405075073242 6.399152917548772 5.220029830932617 5.443221092224121 0.6697342991828918 1.7397827708974334 1.6893715858459473 1.3741482496261597
395 1.9281845092773438 6.4216434393889745 5.219947338104248 5.442392349243164 0.6718733906745911 1.8358568637097374 1.7015290260314941 1.3755052089691162
396 1.928881287574768 6.421437807061338 5.21867036819458 5.44490909576416 0.6780006885528564 1.8353925396989632 1.7042959928512573 1.3781163692474365
397 1.9303523302078247 6.439311620251918 5.218510627746582 5.445402145385742 0.681562602519989 1.803735654780011 1.7031594514846802 1.3768411874771118
398 1.9333652257919312 6.430151732577522 5.227019786834717 5.462156295776367 0.6809137463569641 1.8240752869041363 1.7079544067382813 1.3970717191696167
399 1.9324729442596436 6.41533916448814 5.2257981300354 5.460098743438721 0.679610013961792 1.838751428176988 1.7078938484191895 1.3941655158996582
400 1.932466745376587 6.415615948093773 5.226013660430908 5.46024227142334 0.6799739599227905 1.837078906532801 1.7071787118911743 1.3942543268203735
