init 0.7455503344535828 6.857146242118823 3.519897222518921 2.140566349029541 0.0 0.0 0.0 0.0
1 0.7455503344535828 6.854739510139178 3.522125005722046 2.1379995346069336 0.0 0.04008180168619142 0.40901580452919006 0.1000339463353157
2 0.7455503344535828 6.613569933904857 3.5219624042510986 2.1379995346069336 0.0 0.5661462571402763 0.4411379396915436 0.1000339463353157
3 0.7455503344535828 6.9252052139085984 3.5035829544067383 2.1379995346069336 0.0 0.5595999103610059 0.5719283223152161 0.1000339463353157
4 0.7455503344535828 6.9252052139085984 3.502845287322998 2.1379995346069336 0.0 0.5595999103610059 0.7468675971031189 0.1000339463353157
5 0.7455503344535828 6.191286013204473 3.502845287322998 2.1379995346069336 0.0 0.947921948042566 1.015931248664856 0.1000339463353157
6 0.7455503344535828 6.359252962238019 3.502845287322998 2.1379995346069336 0.0 1.0204334005707063 1.0217407941818237 0.1000339463353157
7 0.7455503344535828 6.359252962238019 3.50222110748291 2.1379995346069336 0.0 1.0204334005707063 1.0565227270126343 0.1000339463353157
8 0.7455503344535828 6.359252962238019 3.498657703399658 2.1379995346069336 0.0 1.0204334005707063 1.0469011068344116 0.1000339463353157
9 0.7455503344535828 6.359252962238019 3.49985671043396 2.1379995346069336 0.0 1.0204334005707063 1.0397353172302246 0.1000339463353157
10 0.7455503344535828 6.359252962238019 3.4374325275421143 2.1379995346069336 0.0 1.0204334005707063 1.0296863317489624 0.1000339463353157
11 0.7455503344535828 6.359252962238019 3.441176414489746 2.1379995346069336 0.0 1.0204334005707063 1.081700086593628 0.1000339463353157
12 0.7455503344535828 6.361784252063465 3.4411394596099854 2.1379995346069336 0.0 1.0082130110274807 1.1067031621932983 0.1000339463353157
13 0.7455503344535828 6.359808126180718 3.4413845539093018 2.139683723449707 0.0 1.0173262497390574 1.07733952999115 0.12574762105941772
14 0.7455503344535828 6.359808126180718 3.448037624359131 2.139683723449707 0.0 1.0173262497390574 1.080346941947937 0.12574762105941772
15 0.7455503344535828 6.359808126180718 3.4477806091308594 2.140911340713501 0.0 1.0173262497390574 1.0819405317306519 0.12963885068893433
16 0.7455503344535828 6.14615471627917 3.4445641040802 2.2772223949432373 0.0 1.361377747454358 1.2383917570114136 0.6245138645172119
17 0.7455503344535828 6.1457372094043965 3.4445641040802 2.2772223949432373 0.0 1.363053003941093 1.2385129928588867 0.6245138645172119
18 0.7455503344535828 6.1457372094043965 3.4445641040802 2.2772223949432373 0.0 1.363053003941093 1.2317984104156494 0.6245138645172119
19 0.7455503344535828 6.1457372094043965 3.4445641040802 2.2772223949432373 0.0 1.363053003941093 1.2317984104156494 0.6245138645172119
20 0.7455503344535828 6.1457372094043965 3.4445641040802 2.2772223949432373 0.0 1.363053003941093 1.2400026321411133 0.6245138645172119
21 0.7455503344535828 6.1457372094043965 3.4445641040802 2.2772223949432373 0.0 1.363053003941093 1.2400026321411133 0.6245138645172119
22 0.7455503344535828 6.1457372094043965 3.4445641040802 2.2772223949432373 0.0 1.363053003941093 1.2416374683380127 0.6245138645172119
23 0.7455503344535828 6.1457692820843315 3.4445641040802 2.2772223949432373 0.0 1.3629215525941236 1.256623387336731 0.6245138645172119
24 0.7455503344535828 6.1457692820843315 3.4445641040802 2.2772223949432373 0.0 1.3629215525941236 1.256623387336731 0.6245138645172119
25 0.7455503344535828 6.1457692820843315 3.4445641040802 2.2772223949432373 0.0 1.3629215525941236 1.2503082752227783 0.6245138645172119
26 0.7455503344535828 6.1457692820843315 3.4341466426849365 2.2804067134857178 0.0 1.3629215525941236 1.2521742582321167 0.6340635418891907
27 0.7455503344535828 6.1457692820843315 3.4343621730804443 2.2804067134857178 0.0 1.3629215525941236 1.2638788223266602 0.6340635418891907
28 0.7455503344535828 6.1457692820843315 3.446223020553589 2.2804067134857178 0.0 1.3629215525941236 1.29210364818573 0.6340635418891907
29 0.7455503344535828 6.164815160856482 3.446223020553589 2.2804067134857178 0.0 1.3857980214234682 1.2937043905258179 0.6340635418891907
30 0.7455503344535828 6.164815160856482 3.446223020553589 2.2804067134857178 0.0 1.3857980214234682 1.2937043905258179 0.6340635418891907
31 0.7455503344535828 6.164815160856482 3.4612298011779785 2.2804067134857178 0.0 1.3857980214234682 1.3198732137680054 0.6340635418891907
32 0.7455503344535828 6.164815160856482 3.4501030445098877 2.2804067134857178 0.0 1.3857980214234682 1.2992311716079712 0.6340635418891907
33 0.7455503344535828 6.164815160856482 3.4497761726379395 2.2804067134857178 0.0 1.3857980214234682 1.299991250038147 0.6340635418891907
34 0.7455503344535828 6.1651718525072585 3.446481943130493 2.1456167697906494 0.0 1.3852842577070485 1.317792534828186 0.7054557800292969
35 0.7455503344535828 6.1651718525072585 3.4753916263580322 2.1456167697906494 0.0 1.3852842577070485 1.31718111038208 0.7054557800292969
36 0.7455503344535828 6.1651718525072585 3.476475477218628 2.1456167697906494 0.0 1.3852842577070485 1.3163692951202393 0.7054557800292969
37 0.7455503344535828 6.1651718525072585 3.476475477218628 2.1456167697906494 0.0 1.3852842577070485 1.3163692951202393 0.7054557800292969
38 0.7455503344535828 6.1651718525072585 3.476475477218628 2.1456167697906494 0.0 1.3852842577070485 1.316351294517517 0.7054557800292969
39 0.7455503344535828 6.1651718525072585 3.4770212173461914 2.1456167697906494 0.0 1.3852842577070485 1.3252440690994263 0.7054557800292969
40 0.7455503344535828 6.1651718525072585 3.4770212173461914 2.1456167697906494 0.0 1.3852842577070485 1.3252440690994263 0.7054557800292969
41 0.7455503344535828 6.1651718525072585 3.4770212173461914 2.1456167697906494 0.0 1.3852842577070485 1.2991374731063843 0.7054557800292969
42 0.7455503344535828 6.1651718525072585 3.4770212173461914 2.1456167697906494 0.0 1.3852842577070485 1.310669183731079 0.7054557800292969
43 0.7455503344535828 6.1651718525072585 3.4770212173461914 2.1456167697906494 0.0 1.3852842577070485 1.310669183731079 0.7054557800292969
44 0.7455503344535828 6.1651718525072585 3.472651958465576 2.1456167697906494 0.0 1.3852842577070485 1.3126914501190186 0.7054557800292969
45 0.7455503344535828 6.1651718525072585 3.472651958465576 2.1456167697906494 0.0 1.3852842577070485 1.3126914501190186 0.7054557800292969
46 0.7455503344535828 6.1651718525072585 3.4750611782073975 2.1456167697906494 0.0 1.3852842577070485 1.317003846168518 0.7054557800292969
47 0.7455503344535828 6.165133421939033 3.4750611782073975 2.1456167697906494 0.0 1.3845398487034128 1.2947510480880737 0.7054557800292969
48 0.7455503344535828 6.165133421939033 3.474425792694092 2.1456167697906494 0.0 1.3845398487034128 1.2724759578704834 0.7054557800292969
49 0.7455503344535828 6.165133421939033 3.473501682281494 2.1456167697906494 0.0 1.3845398487034128 1.2601292133331299 0.7054557800292969
50 0.7455503344535828 6.165133421939033 3.473501682281494 2.1456167697906494 0.0 1.3845398487034128 1.1988202333450317 0.7054557800292969
51 0.7455503344535828 6.165133421939033 3.4733097553253174 2.1456167697906494 0.0 1.3845398487034128 1.1990035772323608 0.7054557800292969
52 0.7455503344535828 6.165133421939033 3.4733097553253174 2.1456167697906494 0.0 1.3845398487034128 1.205444574356079 0.7054557800292969
53 0.7455503344535828 6.165396017338203 3.4733097553253174 2.1456167697906494 0.0 1.3835279930066438 1.2268054485321045 0.7054557800292969
54 0.7455503344535828 6.165396017338203 3.4732255935668945 2.1456167697906494 0.0 1.3835279930066438 1.2043405771255493 0.7054557800292969
55 0.7455503344535828 6.165396017338203 3.4732255935668945 2.1456167697906494 0.0 1.3835279930066438 1.1969058513641357 0.7054557800292969
56 0.7455503344535828 6.165396017338203 3.4697632789611816 2.1456167697906494 0.0 1.3835279930066438 1.23512864112854 0.7054557800292969
57 0.7455503344535828 6.165396017338203 3.4697632789611816 2.1456167697906494 0.0 1.3835279930066438 1.2313899993896484 0.7054557800292969
58 0.7455503344535828 6.165396017338203 3.4694104194641113 2.1456167697906494 0.0 1.3835279930066438 1.2323684692382813 0.7054557800292969
59 0.7455503344535828 6.165396017338203 3.4649510383605957 2.1450088024139404 0.0 1.3835279930066438 1.221538782119751 0.7127875685691833
60 0.7455503344535828 6.165396017338203 3.4707119464874268 2.119771957397461 0.0 1.3835279930066438 1.2400743961334229 0.6018760204315186
61 0.7455503344535828 6.165143148798599 3.4707119464874268 2.119771957397461 0.0 1.3844999919245287 1.2401458024978638 0.6018760204315186
62 0.7455503344535828 6.165143148798599 3.4698243141174316 2.119771957397461 0.0 1.3844999919245287 1.2459198236465454 0.6018760204315186
63 0.7455503344535828 6.165143148798599 3.4698243141174316 2.119771957397461 0.0 1.3844999919245287 1.2459198236465454 0.6018760204315186
64 0.7455503344535828 6.165143148798599 3.4698243141174316 2.119771957397461 0.0 1.3844999919245287 1.2459198236465454 0.6018760204315186
65 0.7455503344535828 6.165143148798599 3.4698243141174316 2.119771957397461 0.0 1.3844999919245287 1.3206298351287842 0.6018760204315186
66 0.7455503344535828 6.165143148798599 3.4701590538024902 2.119771957397461 0.0 1.3844999919245287 1.3254071474075317 0.6018760204315186
67 0.7455503344535828 6.165143148798599 3.4701998233795166 2.119771957397461 0.0 1.3844999919245287 1.3251656293869019 0.6018760204315186
68 0.7455503344535828 6.165143148798599 3.4701998233795166 2.119771957397461 0.0 1.3844999919245287 1.3251656293869019 0.6018760204315186
69 0.7455503344535828 6.165143148798599 3.4696972370147705 2.117583751678467 0.0 1.3844999919245287 1.3234866857528687 0.5993001461029053
70 0.7455503344535828 6.165143148798599 3.4696972370147705 2.117583751678467 0.0 1.3844999919245287 1.3235540390014648 0.5993001461029053
71 0.7455503344535828 6.165143148798599 3.469555377960205 2.1172194480895996 0.0 1.3844999919245287 1.3238722085952759 0.6013668775558472
72 0.7455503344535828 6.165143148798599 3.469555377960205 2.1172194480895996 0.0 1.3844999919245287 1.341933012008667 0.6013668775558472
73 0.7455503344535828 6.370371884448101 3.469555377960205 2.1172194480895996 0.0 1.1839412866567978 1.329237937927246 0.6013668775558472
74 0.7455503344535828 6.372616770516758 3.4700188636779785 2.1172194480895996 0.0 1.1744996720302767 1.32816481590271 0.6013668775558472
75 0.7455503344535828 6.372616770516758 3.4700188636779785 2.1172194480895996 0.0 1.1744996720302767 1.3280808925628662 0.6013668775558472
76 0.7455503344535828 6.372616770516758 3.4700188636779785 2.1172194480895996 0.0 1.1744996720302767 1.3179506063461304 0.6013668775558472
77 0.7455503344535828 6.372616770516758 3.4700188636779785 2.1172194480895996 0.0 1.1744996720302767 1.3115938901901245 0.6013668775558472
78 0.7455503344535828 6.373308770706827 3.4700188636779785 2.1172194480895996 0.0 1.1721787837230375 1.3405859470367432 0.6013668775558472
79 0.7455503344535828 6.374333110551851 3.4700188636779785 2.1172194480895996 0.0 1.1685728614398216 1.3397996425628662 0.6013668775558472
80 0.7455503344535828 6.374333110551851 3.4700188636779785 2.1172194480895996 0.0 1.1685728614398216 1.3397996425628662 0.6013668775558472
81 0.7455503344535828 6.374333110551851 3.4700188636779785 2.1172194480895996 0.0 1.1685728614398216 1.202735185623169 0.6013668775558472
82 0.7455503344535828 6.374333110551851 3.4700188636779785 2.1172194480895996 0.0 1.1685728614398216 1.202735185623169 0.6013668775558472
83 0.7455503344535828 6.374333110551851 3.4728610515594482 2.1180636882781982 0.0 1.1685728614398216 1.2017256021499634 0.5906075239181519
84 0.7455503344535828 6.374333110551851 3.47221302986145 2.1180636882781982 0.0 1.1685728614398216 1.1864324808120728 0.5906075239181519
85 0.7455503344535828 6.374333110551851 3.47221302986145 2.1180636882781982 0.0 1.1685728614398216 1.1864324808120728 0.5906075239181519
86 0.7455503344535828 6.374333110551851 3.4714205265045166 2.1184732913970947 0.0 1.1685728614398216 1.186445951461792 0.5910506248474121
87 0.7455503344535828 6.37406417239993 3.4714205265045166 2.1184732913970947 0.0 1.1694979568076 1.1699806451797485 0.5910506248474121
88 0.7455503344535828 6.37406417239993 3.4714205265045166 2.1184732913970947 0.0 1.1694979568076 1.1699806451797485 0.5910506248474121
89 0.7455503344535828 6.37406417239993 3.4713656902313232 2.1184732913970947 0.0 1.1694979568076 1.1698532104492188 0.5910506248474121
90 0.7455503344535828 6.37406417239993 3.4686505794525146 2.1184732913970947 0.0 1.1694979568076 1.165878415107727 0.5910506248474121
91 0.7455503344535828 6.373445737788315 3.4686505794525146 2.1184732913970947 0.0 1.1715385956054283 1.1660133600234985 0.5910506248474121
92 0.7455503344535828 6.373445737788315 3.4686505794525146 2.1184732913970947 0.0 1.1715385956054283 1.1660133600234985 0.5910506248474121
93 0.7455503344535828 6.373445737788315 3.4686505794525146 2.1184732913970947 0.0 1.1715385956054283 1.1616089344024658 0.5910506248474121
94 0.7455503344535828 6.373445737788315 3.471031665802002 2.1184732913970947 0.0 1.1715385956054283 1.164869785308838 0.5910506248474121
95 0.7455503344535828 6.373445737788315 3.471031665802002 2.1184732913970947 0.0 1.1715385956054283 1.1641498804092407 0.5910506248474121
96 0.7455503344535828 6.373445737788315 3.471031665802002 2.1184732913970947 0.0 1.1715385956054283 1.1641498804092407 0.5910506248474121
97 0.7455503344535828 6.319011336111437 3.471031665802002 2.1184732913970947 0.0 1.2116736718394059 1.1649492979049683 0.5910506248474121
98 0.7455503344535828 6.319011336111437 3.471031665802002 2.1184732913970947 0.0 1.2116736718394059 1.1649492979049683 0.5910506248474121
99 0.7455503344535828 6.319011336111437 3.471031665802002 2.1184732913970947 0.0 1.2116736718394059 1.1644830703735352 0.5910506248474121
100 0.7455503344535828 6.319011336111437 3.471031665802002 2.1184732913970947 0.0 1.2116736718394059 1.1647785902023315 0.5910506248474121
101 0.7455503344535828 6.319011336111437 3.471031665802002 2.1184732913970947 0.0 1.2116736718394059 1.169559121131897 0.5910506248474121
102 0.7455503344535828 6.319011336111437 3.471031665802002 2.1184732913970947 0.0 1.2116736718394059 1.1672428846359253 0.5910506248474121
103 0.7455503344535828 6.319011336111437 3.471031665802002 2.1184732913970947 0.0 1.2116736718394059 1.1672428846359253 0.5910506248474121
104 0.7455503344535828 6.319011336111437 3.471031665802002 2.1184732913970947 0.0 1.2116736718394059 1.1672428846359253 0.5910506248474121
105 0.7455503344535828 6.318410350557128 3.471031665802002 2.1184732913970947 0.0 1.2140226106975538 1.1869906187057495 0.5910506248474121
106 0.7455503344535828 6.20938344728291 3.4711947441101074 2.102367639541626 0.0 1.400155299266618 1.200613260269165 0.5889879465103149
107 0.7455503344535828 6.20938344728291 3.469904661178589 2.1020312309265137 0.0 1.400155299266618 1.2010514736175537 0.5937118530273438
108 0.7455503344535828 6.20938344728291 3.469742774963379 1.9966561794281006 0.0 1.400155299266618 1.2102717161178589 0.8863416314125061
109 0.7455503344535828 6.20938344728291 3.469742774963379 1.9966561794281006 0.0 1.400155299266618 1.2080868482589722 0.8863416314125061
110 0.7455503344535828 6.317117375019901 3.469742774963379 1.9966561794281006 0.0 1.5321911480097123 1.2185901403427124 0.8863416314125061
111 0.7455503344535828 6.317117375019901 3.469742774963379 1.9966561794281006 0.0 1.5321911480097123 1.2292035818099976 0.8863416314125061
112 0.7455503344535828 6.317117375019901 3.469742774963379 1.9966561794281006 0.0 1.5321911480097123 1.2300317287445068 0.8863416314125061
113 0.7455503344535828 6.317117375019901 3.469742774963379 1.9966561794281006 0.0 1.5321911480097123 1.232781171798706 0.8863416314125061
114 0.7455503344535828 6.317117375019901 3.472308397293091 1.9966561794281006 0.0 1.5321911480097123 1.2413114309310913 0.8863416314125061
115 0.7455503344535828 6.317117375019901 3.4723799228668213 1.9967281818389893 0.0 1.5321911480097123 1.2522742748260498 0.885729193687439
116 0.7455503344535828 6.213229574058395 3.4730544090270996 1.939379096031189 0.0 1.7934754016244598 1.2794338464736938 0.9757509231567383
117 0.7455503344535828 6.240036087443913 3.473031520843506 1.9454392194747925 0.0 1.6291428277768663 1.2618091106414795 0.9658703804016113
118 0.7455503344535828 6.240036087443913 3.481128215789795 1.9454392194747925 0.0 1.6291428277768663 1.260062336921692 0.9658703804016113
119 0.7455503344535828 6.240036087443913 3.479461193084717 1.9454392194747925 0.0 1.6291428277768663 1.2585780620574951 0.9658703804016113
120 0.7455503344535828 6.233176989793448 3.4778928756713867 1.9454392194747925 0.0 1.7651595797090909 1.2728404998779297 0.9658703804016113
121 0.7455503344535828 6.232559584214639 3.4778928756713867 1.9454392194747925 0.0 1.7668011447017742 1.272692084312439 0.9658703804016113
122 0.7455503344535828 6.232559584214639 3.4778928756713867 1.9454392194747925 0.0 1.7668011447017742 1.271146535873413 0.9658703804016113
123 0.7455503344535828 6.300667535882648 3.477393388748169 1.9901927709579468 0.0 1.8541331570985384 1.2757540941238403 0.8951080441474915
124 0.7455503344535828 6.300667535882648 3.4771227836608887 1.9993284940719604 0.0 1.8541331570985384 1.268530249595642 0.9214638471603394
125 0.7455503344535828 6.300667535882648 3.4771227836608887 1.9993284940719604 0.0 1.8541331570985384 1.2352828979492188 0.9214638471603394
126 0.7455503344535828 6.300667535882648 3.477022647857666 1.9993284940719604 0.0 1.8541331570985384 1.2299903631210327 0.9214638471603394
127 0.7455503344535828 6.300667535882648 3.477022647857666 1.9993284940719604 0.0 1.8541331570985384 1.2303518056869507 0.9214638471603394
128 0.7455503344535828 6.300667535882648 3.477022647857666 1.9993284940719604 0.0 1.8541331570985384 1.218948245048523 0.9214638471603394
129 0.7455503344535828 6.300667535882648 3.4808523654937744 1.9993284940719604 0.0 1.8541331570985384 1.2224979400634766 0.9214638471603394
130 0.7455503344535828 6.300667535882648 3.4808523654937744 1.9993284940719604 0.0 1.8541331570985384 1.2226773500442505 0.9214638471603394
131 0.7455503344535828 6.300667535882648 3.4808523654937744 1.9993284940719604 0.0 1.8541331570985384 1.2325572967529297 0.9214638471603394
132 0.7455503344535828 6.300667535882648 3.4807355403900146 1.9980697631835938 0.0 1.8541331570985384 1.232569932937622 0.9216257333755493
133 0.7455503344535828 6.300753777220562 3.4807355403900146 1.9980697631835938 0.0 1.8539063972229703 1.232592225074768 0.9216257333755493
134 0.7455503344535828 6.300753777220562 3.4807355403900146 1.9980697631835938 0.0 1.8539063972229703 1.232592225074768 0.9216257333755493
135 0.7455503344535828 6.300753777220562 3.4807355403900146 1.9980697631835938 0.0 1.8539063972229703 1.232725739479065 0.9216257333755493
136 0.7455503344535828 6.300753777220562 3.4807355403900146 1.9980697631835938 0.0 1.8539063972229703 1.232725739479065 0.9216257333755493
137 0.7455503344535828 6.300753777220562 3.4806456565856934 2.102085590362549 0.0 1.8539063972229703 1.2249937057495117 0.6497998237609863
138 0.7455503344535828 6.300753777220562 3.4806482791900635 2.102085590362549 0.0 1.8539063972229703 1.2250463962554932 0.6497998237609863
139 0.7455503344535828 6.300753777220562 3.4682302474975586 2.102085590362549 0.0 1.8539063972229703 1.2259427309036255 0.6497998237609863
140 0.7455503344535828 6.300753777220562 3.4682302474975586 2.102085590362549 0.0 1.8539063972229703 1.2273386716842651 0.6497998237609863
141 0.7455503344535828 6.301330515954488 3.4689524173736572 2.102085590362549 0.0 1.8524630106166813 1.202736496925354 0.6497998237609863
142 0.7455503344535828 6.301330515954488 3.4689524173736572 2.102085590362549 0.0 1.8524630106166813 1.202736496925354 0.6497998237609863
143 0.7455503344535828 6.301330515954488 3.467039108276367 2.0937256813049316 0.0 1.8524630106166813 1.2029061317443848 0.6493264436721802
144 0.7455503344535828 6.302020018969389 3.467039108276367 2.0937256813049316 0.0 1.8509571254094574 1.2027535438537598 0.6493264436721802
145 0.7455503344535828 6.302020018969389 3.467039108276367 2.0937256813049316 0.0 1.8509571254094574 1.2034200429916382 0.6493264436721802
146 0.7455503344535828 6.302020018969389 3.4668753147125244 2.0937256813049316 0.0 1.8509571254094574 1.2118865251541138 0.6493264436721802
147 0.7455503344535828 6.302020018969389 3.4669156074523926 2.093595504760742 0.0 1.8509571254094574 1.211892008781433 0.6494265198707581
148 0.7455503344535828 6.333548265367829 3.4669156074523926 2.093595504760742 0.0 1.6045704444279207 1.1885428428649902 0.6494265198707581
149 0.7455503344535828 6.333548265367829 3.4669156074523926 2.093595504760742 0.0 1.6045704444279207 1.1928291320800781 0.6494265198707581
150 0.7455503344535828 6.333453997017991 3.4669156074523926 2.093595504760742 0.0 1.6047085975451616 1.2207871675491333 0.6494265198707581
151 0.7455503344535828 6.333453997017991 3.4671406745910645 2.0584192276000977 0.0 1.6047085975451616 1.2201852798461914 0.6378278732299805
152 0.7455503344535828 6.333453997017991 3.4671406745910645 2.0584192276000977 0.0 1.6047085975451616 1.2201852798461914 0.6378278732299805
153 0.7455503344535828 6.332780463710552 3.4670050144195557 2.0762951374053955 0.0 1.6065262028146998 1.1837996244430542 0.6385396122932434
154 0.7455503344535828 6.332780463710552 3.4670050144195557 2.0762951374053955 0.0 1.6065262028146998 1.1837996244430542 0.6385396122932434
155 0.7455503344535828 6.332780463710552 3.4670050144195557 2.0762951374053955 0.0 1.6065262028146998 1.189826250076294 0.6385396122932434
156 0.7455503344535828 6.332780463710552 3.466886520385742 1.9936010837554932 0.0 1.6065262028146998 1.2018102407455444 0.9149619936943054
157 0.7455503344535828 6.332780463710552 3.466844081878662 1.9936010837554932 0.0 1.6065262028146998 1.2015866041183472 0.9149619936943054
158 0.7455503344535828 6.332780463710552 3.466844081878662 1.9936010837554932 0.0 1.6065262028146998 1.2015866041183472 0.9149619936943054
159 0.7455503344535828 6.332780463710552 3.466844081878662 1.9936010837554932 0.0 1.6065262028146998 1.2015866041183472 0.9149619936943054
160 0.7455503344535828 6.332780463710552 3.467864990234375 1.9936010837554932 0.0 1.6065262028146998 1.2033909559249878 0.9149619936943054
161 0.7455503344535828 6.332780463710552 3.467864990234375 1.9936010837554932 0.0 1.6065262028146998 1.2033909559249878 0.9149619936943054
162 0.7455503344535828 6.332780463710552 3.467864990234375 1.9936010837554932 0.0 1.6065262028146998 1.2033909559249878 0.9149619936943054
163 0.7455503344535828 6.332780463710552 3.467864990234375 1.9936010837554932 0.0 1.6065262028146998 1.2033909559249878 0.9149619936943054
164 0.7455503344535828 6.332780463710552 3.466193437576294 1.9936010837554932 0.0 1.6065262028146998 1.197308897972107 0.9149619936943054
165 0.7455503344535828 6.332780463710552 3.466193437576294 1.9936010837554932 0.0 1.6065262028146998 1.197308897972107 0.9149619936943054
166 0.7455503344535828 6.332780463710552 3.466193437576294 1.9936010837554932 0.0 1.6065262028146998 1.208022117614746 0.9149619936943054
167 0.7455503344535828 6.332780463710552 3.466193437576294 1.9936010837554932 0.0 1.6065262028146998 1.208022117614746 0.9149619936943054
168 0.7455503344535828 6.332780463710552 3.466193437576294 1.9936010837554932 0.0 1.6065262028146998 1.2063666582107544 0.9149619936943054
169 0.7455503344535828 6.332780463710552 3.477106809616089 1.9936010837554932 0.0 1.6065262028146998 1.2037127017974854 0.9149619936943054
170 0.7455503344535828 6.332780463710552 3.4807310104370117 1.9936010837554932 0.0 1.6065262028146998 1.2027353048324585 0.9149619936943054
171 0.7455503344535828 6.332780463710552 3.4829649925231934 1.9936010837554932 0.0 1.6065262028146998 1.1856746673583984 0.9149619936943054
172 0.7455503344535828 6.332780463710552 3.4829649925231934 1.9936010837554932 0.0 1.6065262028146998 1.1856746673583984 0.9149619936943054
173 0.7455503344535828 6.332780463710552 3.4829649925231934 1.9936010837554932 0.0 1.6065262028146998 1.1962132453918457 0.9149619936943054
174 0.7455503344535828 6.332780463710552 3.4829533100128174 1.996044635772705 0.0 1.6065262028146998 1.196225881576538 0.9152770042419434
175 0.7455503344535828 6.332780463710552 3.4828310012817383 1.996044635772705 0.0 1.6065262028146998 1.203944444656372 0.9152770042419434
176 0.7455503344535828 6.332206216374353 3.485032320022583 1.9959739446640015 0.0 1.6081005019298105 1.203796148300171 0.9119293093681335
177 0.7455503344535828 6.332206216374353 3.485032320022583 1.9959739446640015 0.0 1.6081005019298105 1.1940702199935913 0.9119293093681335
178 0.7455503344535828 6.333391611672578 3.485032320022583 1.9959739446640015 0.0 1.6049554805719792 1.202426791191101 0.9119293093681335
179 0.7455503344535828 6.333391611672578 3.485032320022583 1.9959739446640015 0.0 1.6049554805719792 1.202426791191101 0.9119293093681335
180 0.7455503344535828 6.333391611672578 3.485321283340454 1.9960846900939941 0.0 1.6049554805719792 1.2025988101959229 0.9090861082077026
181 0.7455503344535828 6.333391611672578 3.4735639095306396 1.9960846900939941 0.0 1.6049554805719792 1.172160267829895 0.9090861082077026
182 0.7455503344535828 6.334899852233869 3.4735639095306396 1.9960846900939941 0.0 1.6015115597477028 1.1839101314544678 0.9090861082077026
183 0.7455503344535828 6.332515408615155 3.4729108810424805 1.9960846900939941 0.0 1.60735208821875 1.2101597785949707 0.9090861082077026
184 0.7455503344535828 6.332515408615155 3.474621534347534 2.0039024353027344 0.0 1.60735208821875 1.2202423810958862 0.9092304110527039
185 0.7455503344535828 6.332515408615155 3.474621534347534 2.0039024353027344 0.0 1.60735208821875 1.2202423810958862 0.9092304110527039
186 0.7455503344535828 6.332515408615155 3.474621534347534 2.0039024353027344 0.0 1.60735208821875 1.2202423810958862 0.9092304110527039
187 0.7455503344535828 6.332515408615155 3.474621534347534 2.0039024353027344 0.0 1.60735208821875 1.2202423810958862 0.9092304110527039
188 0.7455503344535828 6.332515408615155 3.474621534347534 2.0039024353027344 0.0 1.60735208821875 1.2202423810958862 0.9092304110527039
189 0.7455503344535828 6.333204946551732 3.474621534347534 2.0039024353027344 0.0 1.6054248820997836 1.1925792694091797 0.9092304110527039
190 0.7455503344535828 6.333204946551732 3.474621534347534 2.0039024353027344 0.0 1.6054248820997836 1.1925792694091797 0.9092304110527039
191 0.7455503344535828 6.333204946551732 3.470618963241577 2.0039024353027344 0.0 1.6054248820997836 1.1849579811096191 0.9092304110527039
192 0.7455503344535828 6.286333978234858 3.470618963241577 2.0039024353027344 0.0 1.726704004191411 1.1961307525634766 0.9092304110527039
193 0.7455503344535828 6.286333978234858 3.470618963241577 2.0039024353027344 0.0 1.726704004191411 1.1969176530838013 0.9092304110527039
194 0.7455503344535828 6.286333978234858 3.470618963241577 2.0039024353027344 0.0 1.726704004191411 1.1969176530838013 0.9092304110527039
195 0.7455503344535828 6.286333978234858 3.472203254699707 2.0022330284118652 0.0 1.726704004191411 1.1932324171066284 0.9065775871276855
196 0.7455503344535828 6.286333978234858 3.4735631942749023 2.0022330284118652 0.0 1.726704004191411 1.2039995193481445 0.9065775871276855
197 0.7455503344535828 6.285049101502595 3.4743080139160156 2.0022330284118652 0.0 1.7299279002586019 1.2065269947052002 0.9065775871276855
198 0.7455503344535828 6.285049101502595 3.4743852615356445 2.0022330284118652 0.0 1.7299279002586019 1.1955621242523193 0.9065775871276855
199 0.7455503344535828 6.285049101502595 3.474478244781494 2.0022330284118652 0.0 1.7299279002586019 1.1959277391433716 0.9065775871276855
200 0.7455503344535828 6.285049101502595 3.474478244781494 2.0022330284118652 0.0 1.7299279002586019 1.1959277391433716 0.9065775871276855
201 0.7455503344535828 6.285049101502595 3.4705631732940674 2.0022330284118652 0.0 1.7299279002586019 1.18158757686615 0.9065775871276855
202 0.7455503344535828 6.285049101502595 3.471245527267456 2.0022330284118652 0.0 1.7299279002586019 1.1674424409866333 0.9065775871276855
203 0.7455503344535828 6.285049101502595 3.471991539001465 2.0022330284118652 0.0 1.7299279002586019 1.1685872077941895 0.9065775871276855
204 0.7455503344535828 6.393484078962615 3.471991539001465 2.0022330284118652 0.0 1.6158887822578638 1.157790184020996 0.9065775871276855
205 0.7455503344535828 6.393484078962615 3.471991539001465 2.0022330284118652 0.0 1.6158887822578638 1.157790184020996 0.9065775871276855
206 0.7455503344535828 6.393484078962615 3.473196268081665 2.0022330284118652 0.0 1.6158887822578638 1.158199429512024 0.9065775871276855
207 0.7455503344535828 6.396928828119738 3.47322940826416 2.001664638519287 0.0 1.6071842996960903 1.1870537996292114 0.9076330661773682
208 0.7455503344535828 6.396928828119738 3.474540948867798 2.001664638519287 0.0 1.6071842996960903 1.1847928762435913 0.9076330661773682
209 0.7455503344535828 6.396928828119738 3.474540948867798 2.001664638519287 0.0 1.6071842996960903 1.1750622987747192 0.9076330661773682
210 0.7455503344535828 6.396928828119738 3.474540948867798 2.001664638519287 0.0 1.6071842996960903 1.1762408018112183 0.9076330661773682
211 0.7455503344535828 6.396928828119738 3.4745585918426514 2.0017645359039307 0.0 1.6071842996960903 1.1744329929351807 0.9076462388038635
212 0.7455503344535828 6.396928828119738 3.4745585918426514 2.0017645359039307 0.0 1.6071842996960903 1.1744329929351807 0.9076462388038635
213 0.7455503344535828 6.396928828119738 3.4745585918426514 2.0017645359039307 0.0 1.6071842996960903 1.1857467889785767 0.9076462388038635
214 0.7455503344535828 6.396928828119738 3.4745585918426514 2.0017645359039307 0.0 1.6071842996960903 1.1857467889785767 0.9076462388038635
215 0.7455503344535828 6.396928828119738 3.4745585918426514 2.0017645359039307 0.0 1.6071842996960903 1.1857467889785767 0.9076462388038635
216 0.7455503344535828 6.396928828119738 3.474527359008789 2.0017645359039307 0.0 1.6071842996960903 1.1866719722747803 0.9076462388038635
217 0.7455503344535828 6.394389575663517 3.4742212295532227 2.0017645359039307 0.0 1.613366947514856 1.1584454774856567 0.9076462388038635
218 0.7455503344535828 6.394389575663517 3.4731192588806152 2.0017645359039307 0.0 1.613366947514856 1.157987117767334 0.9076462388038635
219 0.7455503344535828 6.394389575663517 3.4731192588806152 2.0017645359039307 0.0 1.613366947514856 1.1579868793487549 0.9076462388038635
220 0.7455503344535828 6.394389575663517 3.4731192588806152 2.0017645359039307 0.0 1.613366947514856 1.1457010507583618 0.9076462388038635
221 0.7455503344535828 6.394389575663517 3.4731192588806152 2.0017645359039307 0.0 1.613366947514856 1.147288203239441 0.9076462388038635
222 0.7455503344535828 6.395450751683357 3.473626136779785 2.01119065284729 0.0 1.6106200853737827 1.1763889789581299 0.9097596406936646
223 0.7455503344535828 6.395450751683357 3.473626136779785 2.01119065284729 0.0 1.6106200853737827 1.1763889789581299 0.9097596406936646
224 0.7455503344535828 6.395450751683357 3.473626136779785 2.01119065284729 0.0 1.6106200853737827 1.1763889789581299 0.9097596406936646
225 0.7455503344535828 6.395450751683357 3.473626136779785 2.01119065284729 0.0 1.6106200853737827 1.1763889789581299 0.9097596406936646
226 0.7455503344535828 6.395450751683357 3.473626136779785 2.01119065284729 0.0 1.6106200853737827 1.1763889789581299 0.9097596406936646
227 0.7455503344535828 6.30667573657644 3.4707298278808594 2.01119065284729 0.0 1.5683081216179109 1.1727302074432373 0.9097596406936646
228 0.7455503344535828 6.30667573657644 3.4707298278808594 2.01119065284729 0.0 1.5683081216179109 1.1610835790634155 0.9097596406936646
229 0.7455503344535828 6.30667573657644 3.4709300994873047 2.0115444660186768 0.0 1.5683081216179109 1.1433383226394653 0.9040269255638123
230 0.7455503344535828 6.30667573657644 3.4709370136260986 2.0115444660186768 0.0 1.5683081216179109 1.1433923244476318 0.9040269255638123
231 0.7455503344535828 6.30667573657644 3.4709370136260986 2.0115444660186768 0.0 1.5683081216179109 1.1429777145385742 0.9040269255638123
232 0.7455503344535828 6.30667573657644 3.4709370136260986 2.0115444660186768 0.0 1.5683081216179109 1.1534754037857056 0.9040269255638123
233 0.7455503344535828 6.30667573657644 3.4709370136260986 2.0115444660186768 0.0 1.5683081216179109 1.1534754037857056 0.9040269255638123
234 0.7455503344535828 6.305254718121215 3.4706292152404785 2.0115444660186768 0.0 1.5720593903870679 1.1224751472473145 0.9040269255638123
235 0.7455503344535828 6.304591537730609 3.4706292152404785 2.0115444660186768 0.0 1.573973018580574 1.1226515769958496 0.9040269255638123
236 0.7455503344535828 6.304591537730609 3.4706292152404785 2.0115444660186768 0.0 1.573973018580574 1.1203193664550781 0.9040269255638123
237 0.7455503344535828 6.304591537730609 3.4711334705352783 2.0115444660186768 0.0 1.573973018580574 1.1213879585266113 0.9040269255638123
238 0.7455503344535828 6.304591537730609 3.4711334705352783 2.0115444660186768 0.0 1.573973018580574 1.1137758493423462 0.9040269255638123
239 0.7455503344535828 6.307073470332018 3.4711480140686035 2.0115444660186768 0.0 1.5674610363362338 1.126427412033081 0.9040269255638123
240 0.7455503344535828 6.307073470332018 3.4711480140686035 2.0115444660186768 0.0 1.5674610363362338 1.126427412033081 0.9040269255638123
241 0.7455503344535828 6.307073470332018 3.4711480140686035 2.0115444660186768 0.0 1.5674610363362338 1.126368761062622 0.9040269255638123
242 0.7455503344535828 6.307073470332018 3.4711480140686035 2.0115444660186768 0.0 1.5674610363362338 1.126373052597046 0.9040269255638123
243 0.7455503344535828 6.307073470332018 3.4704480171203613 2.0115444660186768 0.0 1.5674610363362338 1.0020968914031982 0.9040269255638123
244 0.7455503344535828 6.307022359615216 3.4710381031036377 2.0115444660186768 0.0 1.5675775146606608 1.000810146331787 0.9040269255638123
245 0.7455503344535828 6.306644131829652 3.4710214138031006 2.115267753601074 0.0 1.5683895919015067 1.0198383331298828 0.6226710081100464
246 0.7455503344535828 6.306644131829652 3.4712440967559814 2.117485284805298 0.0 1.5683895919015067 1.0197765827178955 0.6212022304534912
247 0.7455503344535828 6.306644131829652 3.4697530269622803 2.117485284805298 0.0 1.5683895919015067 1.0197986364364624 0.6212022304534912
248 0.7455503344535828 6.306644131829652 3.4697530269622803 2.117485284805298 0.0 1.5683895919015067 1.0197986364364624 0.6212022304534912
249 0.7455503344535828 6.306644131829652 3.4694223403930664 2.117485284805298 0.0 1.5683895919015067 1.0616645812988281 0.6212022304534912
250 0.7455503344535828 6.306644131829652 3.4694223403930664 2.117485284805298 0.0 1.5683895919015067 1.0479618310928345 0.6212022304534912
251 0.7455503344535828 6.306644131829652 3.4694223403930664 2.117485284805298 0.0 1.5683895919015067 1.0300114154815674 0.6212022304534912
252 0.7455503344535828 6.306190671886989 3.4694223403930664 2.117485284805298 0.0 1.5695929098064891 1.0298919677734375 0.6212022304534912
253 0.7455503344535828 6.306190671886989 3.470078706741333 2.1176013946533203 0.0 1.5695929098064891 1.0270520448684692 0.6216797232627869
254 0.7455503344535828 6.306190671886989 3.470078706741333 2.1176013946533203 0.0 1.5695929098064891 1.0270520448684692 0.6216797232627869
255 0.7455503344535828 6.306190671886989 3.460789442062378 2.1176013946533203 0.0 1.5695929098064891 1.0283732414245605 0.6216797232627869
256 0.7455503344535828 6.306190671886989 3.460789442062378 2.1176013946533203 0.0 1.5695929098064891 1.0295984745025635 0.6216797232627869
257 0.7455503344535828 6.306190671886989 3.460789442062378 2.1176013946533203 0.0 1.5695929098064891 1.0162954330444336 0.6216797232627869
258 0.7455503344535828 6.306190671886989 3.460789442062378 2.1176013946533203 0.0 1.5695929098064891 1.0189276933670044 0.6216797232627869
259 0.7455503344535828 6.306190671886989 3.460789442062378 2.1176013946533203 0.0 1.5695929098064891 1.0155478715896606 0.6216797232627869
260 0.7455503344535828 6.306190671886989 3.460789442062378 2.1176013946533203 0.0 1.5695929098064891 1.0349589586257935 0.6216797232627869
261 0.7455503344535828 6.306847515214925 3.460710287094116 2.1176013946533203 0.0 1.5679820344091306 1.0014504194259644 0.6216797232627869
262 0.7455503344535828 6.306702915378554 3.461369276046753 2.1176013946533203 0.0 1.5683237445293572 1.0068401098251343 0.6216797232627869
263 0.7455503344535828 6.3060666167008215 3.461369276046753 2.1176013946533203 0.0 1.5699326367491997 1.0326759815216064 0.6216797232627869
264 0.7455503344535828 6.3060666167008215 3.461369276046753 2.1176013946533203 0.0 1.5699326367491997 1.0288934707641602 0.6216797232627869
265 0.7455503344535828 6.3060666167008215 3.461369276046753 2.1176013946533203 0.0 1.5699326367491997 1.0290889739990234 0.6216797232627869
266 0.7455503344535828 6.3060666167008215 3.481412649154663 2.1176013946533203 0.0 1.5699326367491997 1.0343687534332275 0.6216797232627869
267 0.7455503344535828 6.3060666167008215 3.481412649154663 2.1176013946533203 0.0 1.5699326367491997 1.0343687534332275 0.6216797232627869
268 0.7455503344535828 6.3060666167008215 3.481412649154663 2.1176013946533203 0.0 1.5699326367491997 1.0343687534332275 0.6216797232627869
269 0.7455503344535828 6.3060666167008215 3.4809019565582275 2.1176013946533203 0.0 1.5699326367491997 1.0368165969848633 0.6216797232627869
270 0.7455503344535828 6.3060666167008215 3.4809019565582275 2.1176013946533203 0.0 1.5699326367491997 1.0368165969848633 0.6216797232627869
271 0.7455503344535828 6.3060666167008215 3.4809019565582275 2.1176013946533203 0.0 1.5699326367491997 1.0368165969848633 0.6216797232627869
272 0.7455503344535828 6.3060666167008215 3.478541851043701 2.1176013946533203 0.0 1.5699326367491997 1.0236232280731201 0.6216797232627869
273 0.7455503344535828 6.3060666167008215 3.4778993129730225 2.1176013946533203 0.0 1.5699326367491997 1.0401692390441895 0.6216797232627869
274 0.7455503344535828 6.3060666167008215 3.480449914932251 2.1176013946533203 0.0 1.5699326367491997 1.0601682662963867 0.6216797232627869
275 0.7455503344535828 6.3060666167008215 3.480449914932251 2.1176013946533203 0.0 1.5699326367491997 1.0601682662963867 0.6216797232627869
276 0.7455503344535828 6.3060666167008215 3.480449914932251 2.1176013946533203 0.0 1.5699326367491997 1.0601682662963867 0.6216797232627869
277 0.7455503344535828 6.3060666167008215 3.480449914932251 2.1176013946533203 0.0 1.5699326367491997 1.0607187747955322 0.6216797232627869
278 0.7455503344535828 6.306737175620069 3.480449914932251 2.1176013946533203 0.0 1.568242112041058 1.031412959098816 0.6216797232627869
279 0.7455503344535828 6.306737175620069 3.480449914932251 2.1176013946533203 0.0 1.568242112041058 1.031412959098816 0.6216797232627869
280 0.7455503344535828 6.306737175620069 3.4802422523498535 2.1153268814086914 0.0 1.568242112041058 1.0313119888305664 0.6199818849563599
281 0.7455503344535828 6.306737175620069 3.480372905731201 2.1153509616851807 0.0 1.568242112041058 1.0313133001327515 0.6218639612197876
282 0.7455503344535828 6.306737175620069 3.480372905731201 2.1153509616851807 0.0 1.568242112041058 1.0383847951889038 0.6218639612197876
283 0.7455503344535828 6.306737175620069 3.4807441234588623 2.115739583969116 0.0 1.568242112041058 1.0569045543670654 0.6240832805633545
284 0.7455503344535828 6.306737175620069 3.479222536087036 2.115739583969116 0.0 1.568242112041058 1.0465576648712158 0.6240832805633545
285 0.7455503344535828 6.306737175620069 3.479313850402832 2.116284132003784 0.0 1.568242112041058 1.0466090440750122 0.6243622303009033
286 0.7455503344535828 6.306737175620069 3.479313850402832 2.116284132003784 0.0 1.568242112041058 1.0451290607452393 0.6243622303009033
287 0.7455503344535828 6.306737175620069 3.479313850402832 2.116284132003784 0.0 1.568242112041058 1.0452264547348022 0.6243622303009033
288 0.7455503344535828 6.306737175620069 3.479313850402832 2.116284132003784 0.0 1.568242112041058 1.044816255569458 0.6243622303009033
289 0.7455503344535828 6.306737175620069 3.479313850402832 2.116284132003784 0.0 1.568242112041058 1.0496373176574707 0.6243622303009033
290 0.7455503344535828 6.306737175620069 3.4792494773864746 2.116284132003784 0.0 1.568242112041058 1.0467445850372314 0.6243622303009033
291 0.7455503344535828 6.306737175620069 3.4792494773864746 2.116284132003784 0.0 1.568242112041058 1.0467445850372314 0.6243622303009033
292 0.7455503344535828 6.306737175620069 3.4792494773864746 2.116284132003784 0.0 1.568242112041058 1.0467445850372314 0.6243622303009033
293 0.7455503344535828 6.306737175620069 3.480234146118164 2.116284132003784 0.0 1.568242112041058 1.0484116077423096 0.6243622303009033
294 0.7455503344535828 6.306737175620069 3.480234146118164 2.116284132003784 0.0 1.568242112041058 1.0484116077423096 0.6243622303009033
295 0.7455503344535828 6.306737175620069 3.480234146118164 2.116284132003784 0.0 1.568242112041058 1.0400234460830688 0.6243622303009033
296 0.7455503344535828 6.306737175620069 3.480234146118164 2.116284132003784 0.0 1.568242112041058 1.037948727607727 0.6243622303009033
297 0.7455503344535828 6.306737175620069 3.4800379276275635 2.1151692867279053 0.0 1.568242112041058 1.0375343561172485 0.6240873336791992
298 0.7455503344535828 6.306737175620069 3.480013132095337 2.120422124862671 0.0 1.568242112041058 1.0375441312789917 0.624904453754425
299 0.7455503344535828 6.306737175620069 3.480013132095337 2.120422124862671 0.0 1.568242112041058 1.0377984046936035 0.624904453754425
300 0.7455503344535828 6.306737175620069 3.480013132095337 2.120422124862671 0.0 1.568242112041058 1.0382144451141357 0.624904453754425
301 0.7455503344535828 6.306737175620069 3.480013132095337 2.120422124862671 0.0 1.568242112041058 1.0406520366668701 0.624904453754425
302 0.7455503344535828 6.306737175620069 3.480013132095337 2.120422124862671 0.0 1.568242112041058 1.0406520366668701 0.624904453754425
303 0.7455503344535828 6.306565332438202 3.480013132095337 2.120422124862671 0.0 1.5686536995545406 1.040522575378418 0.624904453754425
304 0.7455503344535828 6.306565332438202 3.480013132095337 2.120422124862671 0.0 1.5686536995545406 1.040522575378418 0.624904453754425
305 0.7455503344535828 6.306565332438202 3.480013132095337 2.120422124862671 0.0 1.5686536995545406 1.0386567115783691 0.624904453754425
306 0.7455503344535828 6.306439173813108 3.480013132095337 2.120422124862671 0.0 1.5689600428722097 1.0388869047164917 0.624904453754425
307 0.7455503344535828 6.306439173813108 3.480013132095337 2.120422124862671 0.0 1.5689600428722097 1.0388303995132446 0.624904453754425
308 0.7455503344535828 6.282352979350504 3.480013132095337 2.120422124862671 0.0 1.7051766953295955 1.052866816520691 0.624904453754425
309 0.7455503344535828 6.282352979350504 3.480013132095337 2.120422124862671 0.0 1.7051766953295955 1.0444484949111938 0.624904453754425
310 0.7455503344535828 6.231154575668695 3.480013132095337 2.120422124862671 0.0 1.5855913628468292 1.0319721698760986 0.624904453754425
311 0.7455503344535828 6.231154575668695 3.480013132095337 2.120422124862671 0.0 1.5855913628468292 1.0061224699020386 0.624904453754425
312 0.7455503344535828 6.231154575668695 3.480013132095337 2.120422124862671 0.0 1.5855913628468292 1.0061012506484985 0.624904453754425
313 0.7455503344535828 6.231154575668695 3.480013132095337 2.120422124862671 0.0 1.5855913628468292 1.0061012506484985 0.624904453754425
314 0.7455503344535828 6.231154575668695 3.478577136993408 2.120422124862671 0.0 1.5855913628468292 1.0032261610031128 0.624904453754425
315 0.7455503344535828 6.231167538450017 3.4783854484558105 2.120422124862671 0.0 1.5855598462042615 1.0185215473175049 0.624904453754425
316 0.7455503344535828 6.231167538450017 3.4783854484558105 2.120422124862671 0.0 1.5855598462042615 1.0185215473175049 0.624904453754425
317 0.7455503344535828 6.231167538450017 3.4783413410186768 2.1197378635406494 0.0 1.5855598462042615 1.0183838605880737 0.6237409114837646
318 0.7455503344535828 6.231167538450017 3.4783413410186768 2.1197378635406494 0.0 1.5855598462042615 1.0183838605880737 0.6237409114837646
319 0.7455503344535828 6.231167538450017 3.4753997325897217 2.1197378635406494 0.0 1.5855598462042615 1.0315930843353271 0.6237409114837646
320 0.7455503344535828 6.4401178633580445 3.4448251724243164 2.1197378635406494 0.0 1.5902912792765904 1.0296469926834106 0.6237409114837646
321 0.7455503344535828 6.4401178633580445 3.4448251724243164 2.1197378635406494 0.0 1.5902912792765904 1.015236735343933 0.6237409114837646
322 0.7455503344535828 6.4401178633580445 3.4448251724243164 2.1197378635406494 0.0 1.5902912792765904 1.015236735343933 0.6237409114837646
323 0.7455503344535828 6.4401178633580445 3.4448251724243164 2.1197378635406494 0.0 1.5902912792765904 1.015236735343933 0.6237409114837646
324 0.7455503344535828 6.4401178633580445 3.4448251724243164 2.1197378635406494 0.0 1.5902912792765904 1.015236735343933 0.6237409114837646
325 0.7455503344535828 6.4401178633580445 3.447324752807617 2.1197378635406494 0.0 1.5902912792765904 1.0145869255065918 0.6237409114837646
326 0.7455503344535828 6.4401178633580445 3.447324752807617 2.1197378635406494 0.0 1.5902912792765904 1.0147225856781006 0.6237409114837646
327 0.7455503344535828 6.4401178633580445 3.447324752807617 2.1197378635406494 0.0 1.5902912792765904 1.0147225856781006 0.6237409114837646
328 0.7455503344535828 6.4401178633580445 3.447324752807617 2.1197378635406494 0.0 1.5902912792765904 1.0147225856781006 0.6237409114837646
329 0.7455503344535828 6.441261994804073 3.446897029876709 2.1197378635406494 0.0 1.5873609137603335 1.046689510345459 0.6237409114837646
330 0.7455503344535828 6.441261994804073 3.446897029876709 2.1197378635406494 0.0 1.5873609137603335 1.0556132793426514 0.6237409114837646
331 0.7455503344535828 6.441261994804073 3.446897029876709 2.1197378635406494 0.0 1.5873609137603335 1.0556132793426514 0.6237409114837646
332 0.7455503344535828 6.441261994804073 3.446897029876709 2.1197378635406494 0.0 1.5873609137603335 1.0584815740585327 0.6237409114837646
333 0.7455503344535828 6.441261994804073 3.446897029876709 2.1197378635406494 0.0 1.5873609137603335 1.0244293212890625 0.6237409114837646
334 0.7455503344535828 6.440144747433771 3.446897029876709 2.1197378635406494 0.0 1.5901676338334083 1.0241464376449585 0.6237409114837646
335 0.7455503344535828 6.440144747433771 3.447112560272217 2.1197378635406494 0.0 1.5901676338334083 1.0136533975601196 0.6237409114837646
336 0.7455503344535828 6.440144747433771 3.4471707344055176 2.1197378635406494 0.0 1.5901676338334083 1.0153045654296875 0.6237409114837646
337 0.7455503344535828 6.440125017384448 3.4471487998962402 2.1251220703125 0.0 1.5902199062198332 1.0152716636657715 0.6242015361785889
338 0.7455503344535828 6.440125017384448 3.4471487998962402 2.1251220703125 0.0 1.5902199062198332 1.0166159868240356 0.6242015361785889
339 0.7455503344535828 6.440125017384448 3.4471487998962402 2.1251220703125 0.0 1.5902199062198332 1.0166159868240356 0.6242015361785889
340 0.7455503344535828 6.440125017384448 3.4491031169891357 2.1251220703125 0.0 1.5902199062198332 1.0164909362792969 0.6242015361785889
341 0.7455503344535828 6.440125017384448 3.4491031169891357 2.1251220703125 0.0 1.5902199062198332 1.0288065671920776 0.6242015361785889
342 0.7455503344535828 6.440125017384448 3.460068941116333 2.1251220703125 0.0 1.5902199062198332 1.0250030755996704 0.6242015361785889
343 0.7455503344535828 6.440125017384448 3.4600789546966553 2.1251220703125 0.0 1.5902199062198332 1.0250355005264282 0.6242015361785889
344 0.7455503344535828 6.439951147370241 3.4597201347351074 2.1251220703125 0.0 1.5907111034772834 1.0043696165084839 0.6242015361785889
345 0.7455503344535828 6.439951147370241 3.462169647216797 2.1251220703125 0.0 1.5907111034772834 1.0369287729263306 0.6242015361785889
346 0.7455503344535828 6.439951147370241 3.462190866470337 2.1251220703125 0.0 1.5907111034772834 1.0295366048812866 0.6242015361785889
347 0.7455503344535828 6.312192998769251 3.462181329727173 2.1251220703125 0.0 1.455571711696986 1.0353662967681885 0.6242015361785889
348 0.7455503344535828 6.312192998769251 3.461859703063965 2.1366302967071533 0.0 1.455571711696986 1.0343351364135742 0.5989020466804504
349 0.7455503344535828 6.312381469078842 3.461859703063965 2.1366302967071533 0.0 1.4550635184101046 1.0342880487442017 0.5989020466804504
350 0.7455503344535828 6.312381469078842 3.461902379989624 2.1366302967071533 0.0 1.4550635184101046 1.0345511436462402 0.5989020466804504
351 0.7455503344535828 6.312381469078842 3.4619059562683105 2.1366195678710938 0.0 1.4550635184101046 1.042406439781189 0.5989157557487488
352 0.7455503344535828 6.312381469078842 3.4702048301696777 2.338432550430298 0.0 1.4550635184101046 1.0759533643722534 0.9332846999168396
353 0.7455503344535828 6.312381469078842 3.4701931476593018 2.3388404846191406 0.0 1.4550635184101046 1.0743063688278198 0.9323378801345825
354 0.7455503344535828 6.312381469078842 3.4701931476593018 2.3388404846191406 0.0 1.4550635184101046 1.0756466388702393 0.9323378801345825
355 0.7455503344535828 6.312381469078842 3.4701931476593018 2.3388404846191406 0.0 1.4550635184101046 1.075687050819397 0.9323378801345825
356 0.7455503344535828 6.312381469078842 3.470200300216675 2.3371591567993164 0.0 1.4550635184101046 1.075700283050537 0.9322627782821655
357 0.7455503344535828 6.312313311303432 3.470200300216675 2.3371591567993164 0.0 1.4553732264917993 1.1066651344299316 0.9322627782821655
358 0.7455503344535828 6.312313311303432 3.470200300216675 2.3371591567993164 0.0 1.4553732264917993 1.1065003871917725 0.9322627782821655
359 0.7455503344535828 6.312313311303432 3.470200300216675 2.3371591567993164 0.0 1.4553732264917993 1.1052429676055908 0.9322627782821655
360 0.7455503344535828 6.312488635038177 3.470200300216675 2.3371591567993164 0.0 1.4547799610960512 1.0763450860977173 0.9322627782821655
361 0.7455503344535828 6.312488635038177 3.470200300216675 2.3371591567993164 0.0 1.4547799610960512 1.0755739212036133 0.9322627782821655
362 0.7455503344535828 6.312488635038177 3.470200300216675 2.3371591567993164 0.0 1.4547799610960512 1.0755739212036133 0.9322627782821655
363 0.7455503344535828 6.312488635038177 3.470200300216675 2.3371591567993164 0.0 1.4547799610960512 1.0755739212036133 0.9322627782821655
364 0.7455503344535828 6.312399336330162 3.46622896194458 2.3371591567993164 0.0 1.4550160368633196 1.071225881576538 0.9322627782821655
365 0.7455503344535828 6.312399336330162 3.46622896194458 2.3371591567993164 0.0 1.4550160368633196 1.071225881576538 0.9322627782821655
366 0.7455503344535828 6.312399336330162 3.4663965702056885 2.3322672843933105 0.0 1.4550160368633196 1.0703368186950684 0.9397022724151611
367 0.7455503344535828 6.312399336330162 3.4663145542144775 2.3322672843933105 0.0 1.4550160368633196 1.0702377557754517 0.9397022724151611
368 0.7455503344535828 6.361450344865242 3.4663145542144775 2.3322672843933105 0.0 1.48562479278859 1.0730024576187134 0.9397022724151611
369 0.7455503344535828 6.361450344865242 3.468404769897461 2.236921787261963 0.0 1.48562479278859 1.095969557762146 1.1484951972961426
370 0.7455503344535828 6.361450344865242 3.4526278972625732 2.236921787261963 0.0 1.48562479278859 1.0998846292495728 1.1484951972961426
371 0.7455503344535828 6.361450344865242 3.4526453018188477 2.236921787261963 0.0 1.48562479278859 1.1008250713348389 1.1484951972961426
372 0.7455503344535828 6.361450344865242 3.455582618713379 2.236921787261963 0.0 1.48562479278859 1.086142897605896 1.1484951972961426
373 0.7455503344535828 6.361450344865242 3.455582618713379 2.236921787261963 0.0 1.48562479278859 1.0825971364974976 1.1484951972961426
374 0.7455503344535828 6.361450344865242 3.455693006515503 2.236921787261963 0.0 1.48562479278859 1.083188533782959 1.1484951972961426
375 0.7455503344535828 6.361450344865242 3.459585428237915 2.236921787261963 0.0 1.48562479278859 1.094732403755188 1.1484951972961426
376 0.7455503344535828 6.361450344865242 3.4556496143341064 2.236921787261963 0.0 1.48562479278859 1.1036865711212158 1.1484951972961426
377 0.7455503344535828 6.361450344865242 3.452611207962036 2.236921787261963 0.0 1.48562479278859 1.0999394655227661 1.1484951972961426
378 0.7455503344535828 6.361450344865242 3.452436923980713 2.236921787261963 0.0 1.48562479278859 1.0984665155410767 1.1484951972961426
379 0.7455503344535828 6.361450344865242 3.452436923980713 2.236921787261963 0.0 1.48562479278859 1.0984665155410767 1.1484951972961426
380 0.7455503344535828 6.361450344865242 3.451638698577881 2.2339181900024414 0.0 1.48562479278859 1.0988149642944336 1.1512136459350586
381 0.7455503344535828 6.361450344865242 3.451638698577881 2.2339181900024414 0.0 1.48562479278859 1.0988149642944336 1.1512136459350586
382 0.7455503344535828 6.361450344865242 3.4522621631622314 2.2339181900024414 0.0 1.48562479278859 1.09991455078125 1.1512136459350586
383 0.7455503344535828 6.361450344865242 3.4521031379699707 2.2339181900024414 0.0 1.48562479278859 1.0967562198638916 1.1512136459350586
384 0.7455503344535828 6.361450344865242 3.4536044597625732 2.2339181900024414 0.0 1.48562479278859 1.0955222845077515 1.1512136459350586
385 0.7455503344535828 6.361450344865242 3.453568458557129 2.2338404655456543 0.0 1.48562479278859 1.0961854457855225 1.1515165567398071
386 0.7455503344535828 6.44733633288282 3.453568458557129 2.2338404655456543 0.0 1.4646728331899295 1.094327688217163 1.1515165567398071
387 0.7455503344535828 6.44733633288282 3.451004981994629 2.2338404655456543 0.0 1.4646728331899295 1.1187734603881836 1.1515165567398071
388 0.7455503344535828 6.44733633288282 3.451004981994629 2.2338404655456543 0.0 1.4646728331899295 1.1044678688049316 1.1515165567398071
389 0.7455503344535828 6.44733633288282 3.451004981994629 2.2338404655456543 0.0 1.4646728331899295 1.1044678688049316 1.1515165567398071
390 0.7455503344535828 6.447628727894796 3.4510295391082764 2.2338404655456543 0.0 1.463946404506879 1.1045475006103516 1.1515165567398071
391 0.7455503344535828 6.447628727894796 3.4510295391082764 2.2338404655456543 0.0 1.463946404506879 1.1045475006103516 1.1515165567398071
392 0.7455503344535828 6.447628727894796 3.4513251781463623 2.2338404655456543 0.0 1.463946404506879 1.0895147323608398 1.1515165567398071
393 0.7455503344535828 6.447628727894796 3.45021653175354 2.2179529666900635 0.0 1.463946404506879 1.0892705917358398 1.1276779174804688
394 0.7455503344535828 6.566074554266336 3.45021653175354 2.2179529666900635 0.0 1.7683791723386633 1.14231276512146 1.1276779174804688
395 0.7455503344535828 6.56708193211808 3.449981451034546 2.2179529666900635 0.0 1.7673347375918693 1.1122171878814697 1.1276779174804688
396 0.7455503344535828 6.647343887798789 3.449981451034546 2.2179529666900635 0.0 1.672542337145608 1.113113522529602 1.1276779174804688
397 0.7455503344535828 6.647343887798789 3.449981451034546 2.2179529666900635 0.0 1.672542337145608 1.113113522529602 1.1276779174804688
398 0.7455503344535828 6.647343887798789 3.4497928619384766 2.217879295349121 0.0 1.672542337145608 1.1130023002624512 1.1276133060455322
399 0.7455503344535828 6.647343887798789 3.448904037475586 2.217879295349121 0.0 1.672542337145608 1.110654354095459 1.1276133060455322
400 0.7455503344535828 6.647343887798789 3.448904037475586 2.217879295349121 0.0 1.672542337145608 1.1102501153945923 1.1276133060455322
