init 0.6662230491638184 3.8834063817926268 3.2193992137908936 2.0628230571746826 0.0 0.0 0.0 0.0
1 0.6660553812980652 3.9671334194233157 3.209744930267334 1.976330280303955 0.10091778635978699 0.14297104420910886 0.3596375286579132 0.6928721070289612
2 0.6960582733154297 3.6782653268703362 3.2186355590820313 1.9947443008422852 0.19270922243595123 0.7723770749480461 0.4770697057247162 0.7814662456512451
3 0.735098123550415 3.666326069892816 3.2339775562286377 2.0038888454437256 0.27380236983299255 0.7880864407656963 0.6393342614173889 0.8212064504623413
4 0.7281553149223328 3.6684898465774487 3.2303216457366943 2.004875659942627 0.26156148314476013 0.7380008347230852 0.629499614238739 0.8225351572036743
5 0.7270114421844482 3.626540128694162 3.218472957611084 2.012639284133911 0.2746836543083191 0.8104100610780509 0.6549665331840515 0.8119993209838867
6 0.7273961901664734 3.6170596690283134 3.221477508544922 2.0142292976379395 0.28277701139450073 0.7887496464433805 0.8256343007087708 0.8133431077003479
7 0.7790708541870117 3.336669232299656 3.255161762237549 2.0676515102386475 0.428925484418869 1.2098618694019068 1.1226352453231812 0.9085419774055481
8 0.7412648797035217 3.470866836724616 3.2490804195404053 2.0706241130828857 0.38523757457733154 1.1085269715947668 1.0820866823196411 0.8140926957130432
9 0.7496091723442078 3.2923896654691496 3.252861499786377 2.069082021713257 0.3927744925022125 1.3294597054490012 1.0664241313934326 0.8203244209289551
10 0.7445768117904663 3.3214615628164847 3.244030237197876 2.0766024589538574 0.39696940779685974 1.3052255901326815 1.0750772953033447 0.8351613283157349
11 0.7475807070732117 3.366042053266559 3.23854398727417 2.0891189575195313 0.416517049074173 1.2173269934043418 1.0881986618041992 0.8672968149185181
12 0.7585761547088623 3.3264114777437848 3.2513272762298584 2.069059371948242 0.40841928124427795 1.2580121413288516 1.0589574575424194 0.8239999413490295
13 0.7353675365447998 3.329650123669465 3.2493863105773926 2.0619757175445557 0.38527143001556396 1.2752616663606136 1.070684552192688 0.8014196157455444
14 0.7344837784767151 3.3295354449178514 3.2426178455352783 2.060779094696045 0.38086822628974915 1.2929263795399744 1.082384705543518 0.8003431558609009
15 0.7810114622116089 3.274451377047289 3.2498693466186523 2.083386182785034 0.45205241441726685 1.401757513789824 1.1232608556747437 0.8651749491691589
16 0.7768858075141907 3.2510631453882457 3.231717348098755 2.0732874870300293 0.4258175194263458 1.4455938979842868 0.9794695377349854 0.8458555340766907
17 0.7776057720184326 3.2609887567422216 3.2356884479522705 2.07287859916687 0.4237425923347473 1.4239205785179156 0.9576582908630371 0.8506683707237244
18 0.7781269550323486 3.266910840686766 3.2341549396514893 2.0704758167266846 0.41996529698371887 1.4325948765813332 0.9651956558227539 0.8483847975730896
19 0.7755405902862549 3.2729332913175253 3.233668804168701 2.0717215538024902 0.4196484684944153 1.424531250355463 1.0057644844055176 0.849070131778717
20 0.7733991146087646 3.2612960378227056 3.2308223247528076 1.980062484741211 0.419261634349823 1.4364229017680088 1.0260720252990723 1.0699409246444702
21 0.7729610800743103 3.315114218483546 3.2201669216156006 1.969504952430725 0.414810448884964 1.4128999388509835 1.0883127450942993 1.0589863061904907
22 0.7627228498458862 3.342401118072582 3.216892719268799 1.9646422863006592 0.397325336933136 1.3391958950972596 1.0759638547897339 1.0488789081573486
23 0.7627228498458862 3.292765655134513 3.2177038192749023 2.0597546100616455 0.397325336933136 1.4249580558255317 1.0721384286880493 0.8306787014007568
24 0.7685799598693848 3.289003362460041 3.217036485671997 2.0598251819610596 0.3986265957355499 1.423978092835075 1.0783843994140625 0.834134042263031
25 0.7666218876838684 3.2909297770752226 3.2181639671325684 2.059790849685669 0.39803290367126465 1.4265057870480011 1.0858882665634155 0.8353115916252136
26 0.7590137124061584 3.2972899970176357 3.2175519466400146 2.0649867057800293 0.39281946420669556 1.5145485109018215 1.095401644706726 0.8222101926803589
27 0.7684502005577087 3.292519034095321 3.217426300048828 2.081533193588257 0.4267195463180542 1.4317319637318768 1.1290751695632935 0.854678213596344
28 0.7684653401374817 3.292655239202163 3.2175023555755615 2.081650972366333 0.42697975039482117 1.4305881334175745 1.0651781558990479 0.854902446269989
29 0.7703330516815186 3.2638953455243858 3.222445249557495 2.0770671367645264 0.42573481798171997 1.458283117964073 1.1028225421905518 0.8462387323379517
30 0.7646723389625549 3.2679775151550743 3.2142274379730225 2.0763726234436035 0.4210263192653656 1.4558786559876715 1.1120023727416992 0.8438710570335388
31 0.7685710191726685 3.2690838315261304 3.2138571739196777 2.0703885555267334 0.41976797580718994 1.4435598177629974 1.108901858329773 0.8296992778778076
32 0.7685710191726685 3.2690838315261304 3.213850498199463 2.0703885555267334 0.41976797580718994 1.4435598177629974 1.108888864517212 0.8296992778778076
33 0.7666620016098022 3.2858962396001896 3.2124106884002686 2.0709519386291504 0.41886258125305176 1.383901358491135 1.1055450439453125 0.8316038846969604
34 0.765832245349884 3.2856080071831912 3.223604202270508 2.070913553237915 0.41753125190734863 1.3839802753989603 1.2096658945083618 0.8313939571380615
35 0.7655593156814575 3.2842167451117037 3.223355770111084 2.0713934898376465 0.4165044128894806 1.384833208381105 1.2103240489959717 0.8325451016426086
36 0.7640841603279114 3.283017897338469 3.2130610942840576 2.0704257488250732 0.4152575731277466 1.3895603595813792 1.1071501970291138 0.8302210569381714
37 0.7549585103988647 3.259436851356968 3.2051775455474854 2.0595431327819824 0.39615386724472046 1.439003040678655 1.0930893421173096 0.8085399270057678
38 0.7559415102005005 3.2624959219859977 3.21134877204895 2.0546998977661133 0.3907988667488098 1.4408656400761806 1.09612238407135 0.7984329462051392
39 0.7573990225791931 3.263159292677636 3.2116615772247314 2.054476499557495 0.39305245876312256 1.439913717758022 1.0976895093917847 0.798340916633606
40 0.7581284642219543 3.261125058891427 3.209501266479492 2.054220676422119 0.39363715052604675 1.4382569564907777 1.096603274345398 0.7995306253433228
41 0.7539538145065308 3.2626682574028054 3.20892071723938 2.0514655113220215 0.38712865114212036 1.4348474509420481 1.0950250625610352 0.7965235114097595
42 0.7532845735549927 3.2627482323553663 3.208787441253662 2.0513885021209717 0.3866415023803711 1.4344237438109668 1.0950154066085815 0.7963171005249023
43 0.7588197588920593 3.256244578132584 3.2078144550323486 2.0506248474121094 0.3954836130142212 1.4416616508387 1.0967921018600464 0.7973101139068604
44 0.7587209343910217 3.255952809401484 3.207629442214966 2.0509445667266846 0.3957991898059845 1.4421966456123498 1.0979663133621216 0.7974740266799927
45 0.7617299556732178 3.2580252323123062 3.2097108364105225 2.0506458282470703 0.39590051770210266 1.4386711888112411 1.100765347480774 0.7973833680152893
46 0.7620964646339417 3.2582431618116994 3.2084524631500244 2.050966739654541 0.3966405391693115 1.4373026278982153 1.098605990409851 0.7981390953063965
47 0.7628172636032104 3.2577313173061984 3.2084271907806396 2.0509533882141113 0.39763063192367554 1.4372670732851809 1.0991096496582031 0.7982096076011658
48 0.7628530859947205 3.2558257242437207 3.2083818912506104 2.0499770641326904 0.3965427577495575 1.4414326427880166 1.100988745689392 0.7962247133255005
49 0.7694416642189026 3.255080532448107 3.209942102432251 2.0502429008483887 0.3975777328014374 1.4381994657069235 1.1052988767623901 0.8017767071723938
50 0.766966700553894 3.2419337240231756 3.2097020149230957 2.0506503582000732 0.39542439579963684 1.4650781974196536 1.1060465574264526 0.7990756034851074
51 0.7632008790969849 3.2356854641522825 3.2106270790100098 2.0513925552368164 0.40047499537467957 1.4361850195532333 1.1175832748413086 0.804443895816803
52 0.765354573726654 3.2345721892754242 3.2124180793762207 2.0609400272369385 0.405041366815567 1.4393878407768659 1.1193753480911255 0.8330145478248596
53 0.7688677906990051 3.2382549174524695 3.2124385833740234 2.06185245513916 0.4124095141887665 1.4417491487160128 1.1173259019851685 0.8414181470870972
54 0.7633501291275024 3.2100212727720865 3.2048168182373047 2.064984083175659 0.42000243067741394 1.4172693326275643 1.1005229949951172 0.8474174737930298
55 0.7647563815116882 3.2125920286294227 3.204782724380493 2.064953088760376 0.4207274317741394 1.4189558014635137 1.0998412370681763 0.8460003137588501
56 0.7610778212547302 3.1828327048309446 3.1998848915100098 2.0468056201934814 0.39371049404144287 1.5140553292379018 1.0755270719528198 0.8161234259605408
57 0.7636045813560486 3.1843732584514575 3.199216842651367 2.052783966064453 0.40484508872032166 1.4959152857372684 1.0871065855026245 0.8255043029785156
58 0.7627785205841064 3.1845498000181536 3.1984505653381348 2.0527074337005615 0.403678297996521 1.4963936882644289 1.194017767906189 0.8251022100448608
59 0.7794007658958435 3.215029883178232 3.2015812397003174 2.049459457397461 0.4190051853656769 1.461137650318665 1.2149962186813354 0.8243585824966431
60 0.7613286375999451 3.189725590907151 3.2038934230804443 2.0445218086242676 0.39230793714523315 1.5025480819006267 1.2049505710601807 0.8033950328826904
61 0.767835795879364 3.1979859218747255 3.205317258834839 2.0465967655181885 0.402580589056015 1.490331845478816 1.206713080406189 0.8100128173828125
62 0.7662830352783203 3.1981412357471193 3.2046515941619873 2.0458364486694336 0.40203970670700073 1.4917991918370797 1.2031199932098389 0.808565080165863
63 0.7448301911354065 3.200174446882105 3.2048091888427734 2.0491607189178467 0.37730181217193604 1.4969701503605317 1.2248215675354004 0.800600528717041
64 0.741794764995575 3.195328759807679 3.2081046104431152 2.0487289428710938 0.37169575691223145 1.5040120762700475 1.2793397903442383 0.7989954948425293
65 0.7471809387207031 3.1974198904070135 3.2105300426483154 2.0503594875335693 0.37626388669013977 1.4958922942113915 1.2749450206756592 0.8047102689743042
66 0.7445692420005798 3.194927341975949 3.210564374923706 2.050931930541992 0.3732965290546417 1.5051597926417324 1.2598886489868164 0.8100844025611877
67 0.7436764240264893 3.1969242934366098 3.2103984355926514 2.050499439239502 0.3721517324447632 1.5020571186968432 1.2604180574417114 0.8099200129508972
68 0.7434559464454651 3.1922324438144583 3.2133920192718506 2.0513646602630615 0.37211912870407104 1.3967535412882737 1.2625840902328491 0.8111215233802795
69 0.7421800494194031 3.1915596210534414 3.2127110958099365 1.9452451467514038 0.37134596705436707 1.398077603804918 1.2733454704284668 1.025024652481079
70 0.7411046624183655 3.1873105607278855 3.2142333984375 1.9456599950790405 0.37319129705429077 1.4132539429124336 1.2738537788391113 1.024856686592102
71 0.7377889156341553 3.1966827629555263 3.2135095596313477 1.9490662813186646 0.3744191825389862 1.3976945445383204 1.292650580406189 1.0289082527160645
72 0.746372401714325 3.183911768765971 3.2150940895080566 1.9652291536331177 0.40271851420402527 1.4224863460231354 1.308806300163269 1.0531374216079712
73 0.7478722333908081 3.188573340256465 3.2179932594299316 1.9721438884735107 0.41680100560188293 1.3979103591844029 1.3168513774871826 1.0637925863265991
74 0.7528409957885742 3.19877117501628 3.2228355407714844 1.9651806354522705 0.4055390954017639 1.3848179979295832 1.284144401550293 1.0544041395187378
75 0.7553020715713501 3.1917444524291976 3.2224557399749756 1.965896487236023 0.4084467887878418 1.406221289560099 1.2864620685577393 1.0548450946807861
76 0.7588390707969666 3.1872612386665 3.2182626724243164 1.8879860639572144 0.41871556639671326 1.4148291628889345 1.3183271884918213 1.1315110921859741
77 0.7448920011520386 3.17509339393226 3.2053754329681396 1.8790791034698486 0.3950541615486145 1.4522699973187294 1.3304678201675415 1.119939923286438
78 0.7356752157211304 3.1830083827824835 3.2058053016662598 1.88380765914917 0.3911457359790802 1.5398784432188446 1.335736632347107 1.1137129068374634
79 0.7356752157211304 3.1830083827824835 3.2063612937927246 1.88380765914917 0.3911457359790802 1.5398784432188446 1.3361307382583618 1.1137129068374634
80 0.7357164621353149 3.182624018185157 3.2065114974975586 1.8840612173080444 0.3919938802719116 1.5411823200540908 1.336047887802124 1.1137773990631104
81 0.7426420450210571 3.194176040060278 3.208298444747925 1.8858968019485474 0.39569923281669617 1.521107558201094 1.3352397680282593 1.119309425354004
82 0.7470199465751648 3.19169162217052 3.207428455352783 1.8872333765029907 0.4046980142593384 1.523178265144725 1.3324650526046753 1.121407389640808
83 0.7556842565536499 3.1875698769970167 3.21343994140625 1.8995635509490967 0.4332779347896576 1.460833150399674 1.3372923135757446 1.1312580108642578
84 0.7566494941711426 3.1842455976666644 3.2109503746032715 1.9001513719558716 0.43468546867370605 1.4626422116414066 1.3348175287246704 1.1323155164718628
85 0.7638636827468872 3.1917464904845567 3.2095189094543457 1.9098093509674072 0.4549933969974518 1.4343998075814415 1.3662943840026855 1.1443833112716675
86 0.7524893879890442 3.168172088737664 3.20564866065979 1.9033005237579346 0.439092218875885 1.472874499555181 1.3612751960754395 1.1315858364105225
87 0.7545782923698425 3.1749093183960793 3.205512762069702 1.9017552137374878 0.4389554560184479 1.4707098841966482 1.3569356203079224 1.1357027292251587
88 0.7464272379875183 3.1803033486256425 3.2063348293304443 1.9039835929870605 0.43231526017189026 1.4658807988334022 1.3513908386230469 1.1362881660461426
89 0.7467954158782959 3.178801588394274 3.202666997909546 1.8995141983032227 0.4257458448410034 1.4618547218246192 1.3428491353988647 1.1309542655944824
90 0.7438003420829773 3.1841105990028513 3.2033891677856445 1.8938623666763306 0.4170750081539154 1.4554006366394003 1.3452324867248535 1.1241552829742432
91 0.7616934180259705 3.159386891687014 3.200340509414673 1.8861122131347656 0.42750993371009827 1.49375914089411 1.3526806831359863 1.1196969747543335
92 0.7579727172851563 3.1482780040029477 3.2003118991851807 1.885157823562622 0.4227742850780487 1.5016886954521769 1.3522146940231323 1.116391897201538
93 0.760294497013092 3.145727731494285 3.20029878616333 1.8855870962142944 0.4177449941635132 1.5030135338635844 1.3550182580947876 1.1180813312530518
94 0.7611476182937622 3.1452690891339055 3.2011120319366455 1.8855141401290894 0.41878071427345276 1.5036241508868757 1.346846342086792 1.1180287599563599
95 0.7620856165885925 3.1487979942846747 3.2013182640075684 1.885842204093933 0.41999638080596924 1.5129856112059334 1.3494482040405273 1.117757797241211
96 0.7624589204788208 3.1137555822919305 3.223984956741333 1.894465684890747 0.4411242604255676 1.5180454406409651 1.2791509628295898 1.1373190879821777
97 0.7541027665138245 3.1198456372631105 3.224999189376831 1.8953158855438232 0.43413764238357544 1.5164443495870612 1.2741312980651855 1.1337785720825195
98 0.7511278986930847 3.1345341728280625 3.2278900146484375 1.8992220163345337 0.42828455567359924 1.482082686341585 1.2583502531051636 1.1355681419372559
99 0.7523296475410461 3.1621170855977128 3.227306842803955 1.8975045680999756 0.42914527654647827 1.4552341315709225 1.2448782920837402 1.1311650276184082
100 0.7524484395980835 3.162241662208662 3.2273454666137695 1.8994507789611816 0.42903274297714233 1.4550808271760134 1.2450934648513794 1.132955551147461
101 0.7520143389701843 3.1200422652799653 3.2273852825164795 1.900161623954773 0.42765161395072937 1.510203534438469 1.2471396923065186 1.1353851556777954
102 0.735037088394165 3.1439063082435736 3.2272918224334717 1.8955199718475342 0.40621674060821533 1.4776619086472471 1.236180305480957 1.1440984010696411
103 0.7428122162818909 3.140797750429407 3.2274086475372314 1.8923956155776978 0.4009714722633362 1.473250675402064 1.2402786016464233 1.150657057762146
104 0.7418153882026672 3.1434026181254975 3.227351188659668 1.893333911895752 0.40065985918045044 1.4676510594295953 1.2441400289535522 1.1526230573654175
105 0.7422915101051331 3.1403876500070482 3.2267253398895264 1.892719030380249 0.40397176146507263 1.488895875302046 1.2423808574676514 1.1524100303649902
106 0.7386797070503235 3.1258275244231 3.2256741523742676 1.8942092657089233 0.39541807770729065 1.49578613023439 1.241034746170044 1.1514183282852173
107 0.738163948059082 3.125557825306149 3.225484848022461 1.8938236236572266 0.3967278301715851 1.497267957638287 1.2399706840515137 1.150020956993103
108 0.7310550212860107 3.1364453804378694 3.222463607788086 1.8788577318191528 0.3799905478954315 1.461440653373865 1.200093150138855 1.1309057474136353
109 0.7331987023353577 3.1584589578544726 3.222520351409912 1.880115032196045 0.37841689586639404 1.4631734475645393 1.1937047243118286 1.1350785493850708
110 0.7332219481468201 3.1586192458462934 3.222567081451416 1.880100131034851 0.3784025013446808 1.4623471150445808 1.1937674283981323 1.1354697942733765
111 0.7311137914657593 3.096142414717063 3.2255637645721436 1.8790483474731445 0.37584853172302246 1.4701259083319047 1.180215835571289 1.1332495212554932
112 0.7344786524772644 3.0922503072622813 3.2270522117614746 1.8863614797592163 0.3913096487522125 1.441251111951166 1.177261233329773 1.142181634902954
113 0.7335007786750793 3.101591193542404 3.225034713745117 1.887618064880371 0.3900158405303955 1.4561264555748357 1.2119083404541016 1.1448569297790527
114 0.7261474132537842 3.114992087437503 3.223201036453247 1.886430263519287 0.38610684871673584 1.4338549109779206 1.2137328386306763 1.1453487873077393
115 0.72775799036026 3.1165188608236383 3.2247917652130127 1.8837236166000366 0.38032084703445435 1.4291001176213627 1.2095898389816284 1.1426550149917603
116 0.7314804792404175 3.119020744178113 3.228306293487549 1.8896077871322632 0.3893977105617523 1.4514250448457 1.210227131843567 1.1484498977661133
117 0.733445942401886 3.117097627632217 3.232480525970459 1.890218734741211 0.39363986253738403 1.4225378694385649 1.2179702520370483 1.1763482093811035
118 0.7299327254295349 3.13705187910231 3.230382204055786 1.8865735530853271 0.38595324754714966 1.43114637073849 1.2125312089920044 1.172326922416687
119 0.7299145460128784 3.1367551953308723 3.2298200130462646 1.8868829011917114 0.38791847229003906 1.4290799304962083 1.2132151126861572 1.1735715866088867
120 0.7316495776176453 3.1404446600785088 3.2297425270080566 1.8867970705032349 0.3913905918598175 1.422800065224362 1.2137852907180786 1.1803699731826782
121 0.7333850860595703 3.1411432535790924 3.2285609245300293 1.8844023942947388 0.3872831165790558 1.432690897264294 1.2110627889633179 1.1755727529525757
122 0.7341965436935425 3.1432662155455278 3.228332281112671 1.8850513696670532 0.3897547125816345 1.4277461279330441 1.2120323181152344 1.176553726196289
123 0.7433252930641174 3.144270186221986 3.2310945987701416 1.8853726387023926 0.4019242525100708 1.4546446292553126 1.2090680599212646 1.1740292310714722
124 0.7432377934455872 3.155901995696229 3.2310609817504883 1.8854140043258667 0.4018389582633972 1.4504025147734227 1.1872568130493164 1.1741282939910889
125 0.747604250907898 3.1561483240285657 3.2312936782836914 1.8923356533050537 0.4114649295806885 1.4412912157441093 1.1904972791671753 1.1870791912078857
126 0.7413466572761536 3.1594847239481934 3.23032546043396 1.8851795196533203 0.39502212405204773 1.4272801153254338 1.1868252754211426 1.1802867650985718
127 0.741187334060669 3.159542853985873 3.2303216457366943 1.8851860761642456 0.3948175609111786 1.4272894394264186 1.1868647336959839 1.1802703142166138
128 0.7411472797393799 3.154298667586398 3.2288923263549805 1.8849481344223022 0.39095601439476013 1.4243962937258663 1.1886119842529297 1.1799894571304321
129 0.7551805377006531 3.1614519875217844 3.2328078746795654 1.889066457748413 0.3985520303249359 1.4154905123684476 1.2178552150726318 1.1923831701278687
130 0.7589422464370728 3.157399614964243 3.2351744174957275 1.9078150987625122 0.4011324942111969 1.4099263420305426 1.2105721235275269 1.1751364469528198
131 0.7567204833030701 3.1473619579315346 3.2350804805755615 1.9081175327301025 0.3976996839046478 1.4131281467984285 1.2125884294509888 1.1755404472351074
132 0.7544277310371399 3.1449999726829243 3.223846435546875 1.9059128761291504 0.38824304938316345 1.4124811218635986 1.2433547973632813 1.17446768283844
133 0.7606886625289917 3.14533458347746 3.21943736076355 1.8892571926116943 0.39259588718414307 1.4158871497772803 1.258241891860962 1.177018165588379
134 0.7622013092041016 3.160480413374843 3.221587657928467 1.8843473196029663 0.3802335262298584 1.4400333978339501 1.2535656690597534 1.1724478006362915
135 0.7620315551757813 3.1607479288605616 3.221198320388794 1.8819544315338135 0.3799547553062439 1.4395097862820208 1.2526271343231201 1.1750046014785767
136 0.7691123485565186 3.127526749802747 3.226395606994629 1.8913800716400146 0.40076813101768494 1.4041270014528333 1.258596658706665 1.1843132972717285
137 0.7678630352020264 3.125709924863634 3.2219555377960205 1.8913124799728394 0.398816853761673 1.4072825188910703 1.254504680633545 1.1839303970336914
138 0.7694795727729797 3.125682927199325 3.2219531536102295 1.8916469812393188 0.4000711739063263 1.4009682956469782 1.2606443166732788 1.1850738525390625
139 0.7695220112800598 3.126102855461538 3.2220678329467773 1.89171302318573 0.3999856412410736 1.4026980402262417 1.2597401142120361 1.1848583221435547
140 0.7707846164703369 3.1236866788059205 3.2207553386688232 1.891140341758728 0.39889198541641235 1.3970152799680344 1.2619154453277588 1.1867095232009888
141 0.7718346118927002 3.132135789907107 3.2215654850006104 1.8915036916732788 0.40006810426712036 1.3933161481397283 1.2574748992919922 1.1811778545379639
142 0.776176393032074 3.1449427250585047 3.2213311195373535 1.895151138305664 0.411613404750824 1.3516635159368708 1.2713558673858643 1.1898339986801147
143 0.7761950492858887 3.144931753384598 3.2213239669799805 1.895178198814392 0.411582887172699 1.3516991939014587 1.2717187404632568 1.1898715496063232
144 0.7716770768165588 3.14470583451357 3.2214324474334717 1.8998172283172607 0.4167883098125458 1.3294162434499908 1.2760199308395386 1.1887280941009521
145 0.7689937353134155 3.1519432954485973 3.221198558807373 1.9021648168563843 0.4189148247241974 1.3150196196348636 1.27780282497406 1.193050742149353
146 0.7619332671165466 3.161316443909615 3.2212560176849365 1.9054847955703735 0.4156140685081482 1.3025040336784919 1.2767153978347778 1.1857527494430542
147 0.7594452500343323 3.157072394756151 3.2188425064086914 1.9031225442886353 0.4118727445602417 1.3091590796823598 1.2747694253921509 1.1833915710449219
148 0.759354293346405 3.1581350778095594 3.2188074588775635 1.9025388956069946 0.4115694463253021 1.3092721855721594 1.2744499444961548 1.1821364164352417
149 0.7593497633934021 3.15549998055619 3.2185781002044678 1.902453064918518 0.41143885254859924 1.3107670134092746 1.273530125617981 1.1820534467697144
150 0.7593497633934021 3.15549998055619 3.2186708450317383 1.902453064918518 0.41143885254859924 1.3107670134092746 1.2774264812469482 1.1820534467697144
151 0.7472030520439148 3.1600386795756252 3.216172933578491 1.899308443069458 0.4147365093231201 1.3222076723808998 1.2475968599319458 1.1679340600967407
152 0.7472030520439148 3.15129975593472 3.21708083152771 1.899308443069458 0.4147365093231201 1.3248567719329363 1.2590162754058838 1.1679340600967407
153 0.7473703026771545 3.1621223854208553 3.2188973426818848 1.8955036401748657 0.4085966646671295 1.3388973374033089 1.2526172399520874 1.1670256853103638
154 0.7474569082260132 3.1621156651143596 3.2188949584960938 1.8954966068267822 0.40877649188041687 1.3389430284362958 1.2526159286499023 1.1670019626617432
155 0.7450994849205017 3.162000308330501 3.2188849449157715 1.895248532295227 0.4092090427875519 1.339916080283228 1.2523531913757324 1.1663967370986938
156 0.7434360384941101 3.1584099570506083 3.2193915843963623 1.8943589925765991 0.40726932883262634 1.345538570198232 1.2597100734710693 1.1640915870666504
157 0.7433249950408936 3.1585431660446024 3.223179340362549 1.8942228555679321 0.407319575548172 1.3453906521141656 1.2684476375579834 1.1639153957366943
158 0.7436404824256897 3.159262580273496 3.223311185836792 1.8934458494186401 0.40386083722114563 1.3455819827032518 1.2700977325439453 1.172508955001831
159 0.7338375449180603 3.1508145410492316 3.2174289226531982 1.8892890214920044 0.38960397243499756 1.3687050255709088 1.268652319908142 1.1632871627807617
160 0.7340847253799438 3.1506872637709558 3.217444658279419 1.8881487846374512 0.3899831771850586 1.36581196670009 1.2684892416000366 1.1630902290344238
161 0.7343016862869263 3.150907390867295 3.2173960208892822 1.8879914283752441 0.39023715257644653 1.3656645899246789 1.2684834003448486 1.1627634763717651
162 0.738164484500885 3.142280213610423 3.2160890102386475 1.890633463859558 0.3956741988658905 1.3714096901073134 1.2694463729858398 1.157639503479004
163 0.7292798161506653 3.1536117009454543 3.2121548652648926 1.8878521919250488 0.39528554677963257 1.3865470796783406 1.2742609977722168 1.1455880403518677
164 0.7267564535140991 3.154415567551428 3.2116880416870117 1.8871515989303589 0.394432932138443 1.3853436277178557 1.2742345333099365 1.1489771604537964
165 0.7249318957328796 3.1496818519197376 3.2109413146972656 1.884663462638855 0.38506028056144714 1.3940420179221775 1.2748526334762573 1.1500205993652344
166 0.7249361276626587 3.1496847664054024 3.210980176925659 1.8846638202667236 0.3850596249103546 1.3940402023146725 1.2748867273330688 1.1500211954116821
167 0.7247481942176819 3.1533710880940307 3.2108993530273438 1.8846533298492432 0.3849708139896393 1.3909010589236723 1.3019108772277832 1.1499731540679932
168 0.7224985361099243 3.150159092759307 3.210655927658081 1.882230520248413 0.37853726744651794 1.3986589860516043 1.300054907798767 1.1451103687286377
169 0.7358269095420837 3.191713510464594 3.2148876190185547 1.883076786994934 0.3763207197189331 1.3218708616516137 1.2647321224212646 1.1495718955993652
170 0.738059937953949 3.1890677303838513 3.2155091762542725 1.8837957382202148 0.3778061270713806 1.3236775902757496 1.2644603252410889 1.1506330966949463
171 0.7355024814605713 3.1828605408619115 3.215895175933838 1.8860496282577515 0.38890978693962097 1.3117680038056683 1.267378568649292 1.165197491645813
172 0.7356295585632324 3.1816597933299624 3.2147181034088135 1.8858997821807861 0.38831886649131775 1.3110863641820734 1.2674673795700073 1.1650675535202026
173 0.7356548309326172 3.1811383835779683 3.2145445346832275 1.8858364820480347 0.38753741979599 1.3105313695289198 1.2684193849563599 1.1653172969818115
174 0.7364506125450134 3.180696447679109 3.2147228717803955 1.8858473300933838 0.38889607787132263 1.3116106009423127 1.2639374732971191 1.1648627519607544
175 0.7383256554603577 3.171247327220603 3.2142438888549805 1.8825340270996094 0.3822004795074463 1.320034036638439 1.2655844688415527 1.1618331670761108
176 0.7343499064445496 3.156080853207334 3.2124462127685547 1.8818886280059814 0.3823530375957489 1.343293905722723 1.269896149635315 1.1621592044830322
177 0.7285494208335876 3.148235596910604 3.2137134075164795 1.8834487199783325 0.3913232386112213 1.3422047883582007 1.2698179483413696 1.1715083122253418
178 0.7295429706573486 3.1493777726569534 3.214540958404541 1.8860896825790405 0.39225849509239197 1.3459435670720696 1.2698917388916016 1.1733201742172241
179 0.7437441945075989 3.123604816723389 3.216775894165039 1.8927668333053589 0.3909183442592621 1.3411906800064954 1.2524436712265015 1.1899232864379883
180 0.7404236793518066 3.123533357898293 3.2116572856903076 1.8815174102783203 0.37769579887390137 1.324852746460169 1.2478175163269043 1.1803008317947388
181 0.7404313683509827 3.123582581416524 3.2116692066192627 1.8815200328826904 0.37769123911857605 1.3248397872214663 1.2478002309799194 1.1802984476089478
182 0.74070143699646 3.0803226644646258 3.2110157012939453 1.8823269605636597 0.3764791190624237 1.4354176429895342 1.255814552307129 1.1827880144119263
183 0.7368345856666565 3.079622385890737 3.211559534072876 1.8826143741607666 0.37413761019706726 1.4372334330939014 1.2546030282974243 1.1836696863174438
184 0.7382848262786865 3.0732472577363508 3.21268892288208 1.8828017711639404 0.3769341707229614 1.4430601546984119 1.2576680183410645 1.1857125759124756
185 0.7298434972763062 3.0774122988144925 3.207786798477173 1.88348388671875 0.37500354647636414 1.4425466122720447 1.2715359926223755 1.1860896348953247
186 0.7324619889259338 3.0718480268872956 3.209794044494629 1.8822882175445557 0.37707066535949707 1.4404114814509688 1.2636257410049438 1.1838228702545166
187 0.7328596711158752 3.0651092409816076 3.208587646484375 1.8824528455734253 0.3772456645965576 1.4445483822137464 1.2530983686447144 1.184295654296875
188 0.731359601020813 3.0725489789281997 3.20961332321167 1.8759552240371704 0.37725627422332764 1.44045732409681 1.2498034238815308 1.1833409070968628
189 0.729910135269165 3.0880282384857103 3.207836389541626 1.877188801765442 0.3803141415119171 1.422138908634239 1.247889757156372 1.1827398538589478
190 0.7299198508262634 3.087610748468213 3.215684652328491 1.877445101737976 0.38030171394348145 1.4221849759319072 1.214750051498413 1.1817271709442139
191 0.7297887206077576 3.0876357014777045 3.2160468101501465 1.8774009943008423 0.380207359790802 1.4221144157778245 1.2163589000701904 1.1816619634628296
192 0.7242898344993591 3.087202228460564 3.216499090194702 1.870788335800171 0.36332666873931885 1.4455708495207535 1.2126140594482422 1.1723768711090088
193 0.7216173410415649 3.082093178131854 3.2156059741973877 1.8697620630264282 0.36027467250823975 1.4462374388085217 1.210677981376648 1.1729004383087158
194 0.7214446663856506 3.0834893712886924 3.2153587341308594 1.8699073791503906 0.36102861166000366 1.4441147707972228 1.2096856832504272 1.1732393503189087
195 0.7265118956565857 3.0787188764385975 3.2179596424102783 1.8712213039398193 0.3621029257774353 1.4303296950747022 1.2387291193008423 1.1810497045516968
196 0.7174870371818542 3.0820456068227453 3.2128796577453613 1.8693478107452393 0.352624773979187 1.4352592128652784 1.2431548833847046 1.1746773719787598
197 0.716646134853363 3.0761771568424825 3.212726354598999 1.8692854642868042 0.3507172465324402 1.4421379262531178 1.214255690574646 1.1725231409072876
198 0.7137510776519775 3.0783059690486962 3.2142369747161865 1.871419072151184 0.3456535041332245 1.4477973562006037 1.205698847770691 1.171363115310669
199 0.7144757509231567 3.0801529596091566 3.214632749557495 1.8712482452392578 0.3474099040031433 1.4376599352202206 1.1727622747421265 1.174210786819458
200 0.7128961086273193 3.0935388062790325 3.212575912475586 1.8722172975540161 0.35414841771125793 1.4286757759507351 1.174617052078247 1.1769636869430542
201 0.7128307819366455 3.093456118396554 3.2121057510375977 1.873927354812622 0.35420629382133484 1.4289590557270175 1.1750421524047852 1.1853512525558472
202 0.7125279307365417 3.0930178267349326 3.210019588470459 1.8793925046920776 0.36412107944488525 1.4309358149798321 1.1950690746307373 1.1887391805648804
203 0.7078219056129456 3.0921914827652195 3.2092065811157227 1.8789350986480713 0.36062338948249817 1.4305820589399871 1.1954727172851563 1.1878409385681152
204 0.7078219056129456 3.0921914827652195 3.2092065811157227 1.8789350986480713 0.36062338948249817 1.4305820589399871 1.1954727172851563 1.1878409385681152
205 0.7076900005340576 3.0934969697087524 3.2092273235321045 1.8783128261566162 0.35715460777282715 1.4330259230230498 1.194658875465393 1.1856845617294312
206 0.7033414840698242 3.098035986653597 3.207266092300415 1.8776389360427856 0.3569984436035156 1.4257238879498813 1.224774956703186 1.1848318576812744
207 0.7033414840698242 3.098035986653597 3.207275629043579 1.8776389360427856 0.3569984436035156 1.4257238879498813 1.224813461303711 1.1848318576812744
208 0.7031358480453491 3.1013155267161494 3.208137273788452 1.8783239126205444 0.3596339821815491 1.4012594722381233 1.222680687904358 1.1868829727172852
209 0.7031358480453491 3.1013155267161494 3.208137273788452 1.8783239126205444 0.3596339821815491 1.4012594722381233 1.222680687904358 1.1868829727172852
210 0.7031213045120239 3.098541404168418 3.2081875801086426 1.878977656364441 0.35908594727516174 1.4018325687369437 1.2224643230438232 1.187114953994751
211 0.7022407054901123 3.112059612029348 3.208486795425415 1.865569829940796 0.3433155119419098 1.3729086394139103 1.2106674909591675 1.1735658645629883
212 0.704334557056427 3.107086303982062 3.2079787254333496 1.866410255432129 0.3493926525115967 1.3726693419123568 1.2128243446350098 1.176369309425354
213 0.7043063640594482 3.107103654318161 3.2079598903656006 1.8663917779922485 0.3493807911872864 1.3726429183678122 1.2127896547317505 1.176344871520996
214 0.7026957273483276 3.1055690279133885 3.2065629959106445 1.868296504020691 0.3523452877998352 1.3718187476230608 1.214392900466919 1.1796549558639526
215 0.7035452127456665 3.1137585428920858 3.2072277069091797 1.8674860000610352 0.35332128405570984 1.3731853203976885 1.2120132446289063 1.1768989562988281
216 0.7011142373085022 3.1048362261105558 3.2070400714874268 1.8674334287643433 0.350317120552063 1.378238358715072 1.2131569385528564 1.1753911972045898
217 0.7009455561637878 3.105175441073336 3.2078042030334473 1.8608784675598145 0.3499438464641571 1.3786739450456096 1.2129755020141602 1.1665867567062378
218 0.7012817859649658 3.1042965701791285 3.2088451385498047 1.8611581325531006 0.35002508759498596 1.3788806759661767 1.218259572982788 1.16725492477417
219 0.6981902122497559 3.104530077160563 3.208590269088745 1.8608191013336182 0.3476995825767517 1.3795811565866267 1.2184011936187744 1.1660678386688232
220 0.7114774584770203 3.087596936995061 3.217282295227051 1.8638867139816284 0.36110755801200867 1.40261966987262 1.2047717571258545 1.1717114448547363
221 0.7123609781265259 3.0900285906791294 3.216917037963867 1.8641058206558228 0.36221107840538025 1.3982496064877576 1.1953215599060059 1.1727845668792725
222 0.7059373259544373 3.099810436381011 3.2079527378082275 1.8581643104553223 0.35268962383270264 1.4255590183114082 1.1963127851486206 1.1660734415054321
223 0.7078095078468323 3.0800603988317934 3.2104086875915527 1.8588173389434814 0.3579890727996826 1.4260500906973783 1.1650785207748413 1.1653759479522705
224 0.7077083587646484 3.0828489340986525 3.2101616859436035 1.8590154647827148 0.35237830877304077 1.427602478812664 1.1639052629470825 1.160279393196106
225 0.7074273228645325 3.0834130882728203 3.2087550163269043 1.860264778137207 0.35530102252960205 1.4278085249802006 1.1640305519104004 1.1606711149215698
226 0.7079446911811829 3.088362346815065 3.209202527999878 1.863209843635559 0.36399611830711365 1.4650733183279523 1.172448754310608 1.164244532585144
227 0.708064079284668 3.088361554087986 3.2019970417022705 1.8631927967071533 0.36406514048576355 1.46507363353643 1.2057501077651978 1.1642496585845947
228 0.7103472948074341 3.0867605348763223 3.2036654949188232 1.8629584312438965 0.3674020767211914 1.469356709720777 1.2030953168869019 1.1505942344665527
229 0.7084181904792786 3.090346542629719 3.2032535076141357 1.8624533414840698 0.3639979362487793 1.4681782911539687 1.2021949291229248 1.1505881547927856
230 0.7083295583724976 3.0892135096513043 3.2026984691619873 1.8624404668807983 0.36404189467430115 1.4693212616133953 1.2445393800735474 1.1505534648895264
231 0.708371639251709 3.0911407062012586 3.2026877403259277 1.8624317646026611 0.3640337586402893 1.4677428513711068 1.24466073513031 1.1505107879638672
232 0.7085338830947876 3.091147174936411 3.2030866146087646 1.9715832471847534 0.36388465762138367 1.4678430620304652 1.234246015548706 0.9763402342796326
233 0.7095112204551697 3.101299025785568 3.20432186126709 1.9731017351150513 0.3675764799118042 1.4535478783967302 1.2396001815795898 0.98030686378479
234 0.7090919613838196 3.1000208913381235 3.205638885498047 1.9747971296310425 0.37110617756843567 1.4530386701119722 1.2531683444976807 0.9856448173522949
235 0.7120936512947083 3.108005322240454 3.2022929191589355 1.8809058666229248 0.37653931975364685 1.4450338833323333 1.257530689239502 1.1640293598175049
236 0.7104263305664063 3.108347566738452 3.201343059539795 1.8802900314331055 0.3753541111946106 1.4446997765254332 1.2585601806640625 1.1625289916992188
237 0.7043330669403076 3.100054977560502 3.2014615535736084 1.880778431892395 0.36945268511772156 1.4460587156508389 1.2571181058883667 1.1621485948562622
238 0.7006381154060364 3.100527110206141 3.1989669799804688 1.879037618637085 0.36408576369285583 1.4509166215967675 1.2587519884109497 1.1621896028518677
239 0.6999098658561707 3.098826223896299 3.199557065963745 1.8791344165802002 0.3622954785823822 1.451677160190442 1.2572259902954102 1.1626566648483276
240 0.702297568321228 3.099736979767404 3.201111316680908 1.8797768354415894 0.3627444803714752 1.4485397544200314 1.253861904144287 1.1630349159240723
241 0.7033171057701111 3.0983078350888538 3.2018206119537354 1.880358338356018 0.3626983165740967 1.4474887400956058 1.2536063194274902 1.1646300554275513
242 0.7003378868103027 3.0961178309455493 3.202731132507324 1.8686197996139526 0.3522219657897949 1.4411805427017106 1.2463607788085938 1.1709669828414917
243 0.7003082036972046 3.0849657032719966 3.2027177810668945 1.8686107397079468 0.3522169291973114 1.4412912703226917 1.246382713317871 1.1709550619125366
244 0.7005219459533691 3.085010719885963 3.202622890472412 1.8685739040374756 0.3523000478744507 1.4415157798889864 1.2457563877105713 1.1708303689956665
245 0.6998675465583801 3.0850325780362517 3.2022435665130615 1.8693897724151611 0.3559650480747223 1.4383784111604683 1.248626470565796 1.1710724830627441
246 0.6998340487480164 3.0792528465578863 3.2026865482330322 1.862861156463623 0.35165080428123474 1.4422258655588263 1.247054934501648 1.156335711479187
247 0.6998340487480164 3.0760393444523664 3.202920436859131 1.862861156463623 0.35165080428123474 1.4454167856807838 1.234773874282837 1.156335711479187
248 0.7005506157875061 3.080192408453316 3.201730489730835 1.8624212741851807 0.35339099168777466 1.4416258761138414 1.2352495193481445 1.1556023359298706
249 0.7023616433143616 3.085342151828065 3.2020506858825684 1.862290382385254 0.35523688793182373 1.4253658934123956 1.234176754951477 1.1558839082717896
250 0.7008922696113586 3.084752261622278 3.2031939029693604 1.8637584447860718 0.35622450709342957 1.4433539901421872 1.2057456970214844 1.155514121055603
251 0.7008782029151917 3.093135710353646 3.2032086849212646 1.8637770414352417 0.3561745882034302 1.4373337342428953 1.2062654495239258 1.1555228233337402
252 0.7022128701210022 3.094166968233786 3.2038142681121826 1.865438461303711 0.36005041003227234 1.4234965208056862 1.2062991857528687 1.157472014427185
253 0.7000538110733032 3.0940896461973137 3.203157663345337 1.865830421447754 0.3587651550769806 1.4233326751897895 1.2067896127700806 1.1587159633636475
254 0.6956199407577515 3.09274124282334 3.202003002166748 1.8661484718322754 0.35049644112586975 1.4191814768705804 1.2110445499420166 1.1630090475082397
255 0.6942457556724548 3.0817302585938706 3.2003672122955322 1.8643972873687744 0.3422279953956604 1.4265103033596749 1.2146998643875122 1.1636549234390259
256 0.6953178644180298 3.0958754477763173 3.2003843784332275 1.8619822263717651 0.3333092927932739 1.418192398965769 1.214857816696167 1.1529533863067627
257 0.6941031813621521 3.1008334243130324 3.199566125869751 1.8626669645309448 0.33338019251823425 1.4123336474037402 1.2139972448349 1.1527988910675049
258 0.6955397725105286 3.0967545423469045 3.2002615928649902 1.8637957572937012 0.33432552218437195 1.4132668370856205 1.2136507034301758 1.1468749046325684
259 0.6952243447303772 3.0965099678117327 3.200544595718384 1.8643841743469238 0.33555227518081665 1.4120608260008893 1.2142475843429565 1.1479461193084717
260 0.6972407698631287 3.102551610256809 3.2013752460479736 1.9714571237564087 0.3358768820762634 1.4189495280758042 1.2020174264907837 0.9810395240783691
261 0.6994035243988037 3.0997232931270977 3.201411008834839 1.9708961248397827 0.33630096912384033 1.4180071650460373 1.2060513496398926 0.9836891293525696
262 0.6929267048835754 3.082719178060228 3.2020769119262695 1.9693262577056885 0.32324710488319397 1.446175127679058 1.1989836692810059 0.9771575927734375
263 0.6929360032081604 3.082718596933923 3.2020747661590576 1.9693257808685303 0.32360875606536865 1.4463801946259829 1.199046015739441 0.9770867228507996
264 0.6929360032081604 3.082718596933923 3.2011642456054688 1.9693257808685303 0.32360875606536865 1.4463801946259829 1.200424075126648 0.9770867228507996
265 0.6900043487548828 3.093857446232323 3.202923536300659 1.9712591171264648 0.32726627588272095 1.4412571401841172 1.1948575973510742 0.9741988778114319
266 0.6886873841285706 3.0899529436338202 3.2025673389434814 1.9706422090530396 0.3221801519393921 1.4453571368869422 1.1951526403427124 0.9735592007637024
267 0.6862989664077759 3.08442643945612 3.2016470432281494 1.9713727235794067 0.3186924457550049 1.4502696272401627 1.1965688467025757 0.9738491773605347
268 0.6853655576705933 3.0832107859394906 3.2008450031280518 1.9714205265045166 0.3185309171676636 1.4524901232538716 1.189998984336853 0.9736692309379578
269 0.6845790147781372 3.0794301679688556 3.2014999389648438 1.9711827039718628 0.3153509795665741 1.4526871807551962 1.1824188232421875 0.9741339087486267
270 0.6838383674621582 3.078716584363301 3.2015798091888428 1.9685370922088623 0.3151499629020691 1.4529917185199706 1.1829147338867188 0.978489875793457
271 0.6836155652999878 3.0768647757163445 3.201543092727661 1.967787742614746 0.3134159445762634 1.4586488971257017 1.182239294052124 0.9773900508880615
272 0.6851986646652222 3.081067505822686 3.2020747661590576 1.9679700136184692 0.3133136034011841 1.4511542124770689 1.1815954446792603 0.9776260256767273
273 0.6844983100891113 3.080259617379092 3.20115065574646 1.9723297357559204 0.31268078088760376 1.4436906373833691 1.184254765510559 0.990080714225769
274 0.6828181743621826 3.078946312212721 3.201399803161621 1.9729266166687012 0.31331783533096313 1.4464082630015465 1.1862733364105225 0.9925183653831482
275 0.6817764043807983 3.080075189901012 3.201448440551758 1.9742575883865356 0.3168814480304718 1.4398538909004774 1.1872990131378174 0.9946303963661194
276 0.6829366087913513 3.08718965278398 3.201239585876465 1.9742807149887085 0.3196035325527191 1.4227173857559647 1.186995029449463 0.9959538578987122
277 0.6911072134971619 3.092372455219302 3.2049684524536133 1.9769257307052612 0.3311953544616699 1.4148528881456104 1.1843305826187134 1.0013926029205322
278 0.6908336281776428 3.0918672088592647 3.205047130584717 1.8716386556625366 0.331725537776947 1.4144846053437805 1.2009408473968506 1.157943844795227
279 0.6908336281776428 3.0918672088592647 3.205047130584717 1.8716386556625366 0.331725537776947 1.4144846053437805 1.2009408473968506 1.157943844795227
280 0.6895651817321777 3.1087139805482598 3.2068421840667725 1.8753241300582886 0.33485865592956543 1.3962576684253902 1.1971275806427002 1.1562162637710571
281 0.6888306736946106 3.1100897459072145 3.2069780826568604 1.8751939535140991 0.3340815007686615 1.396135844635262 1.1965919733047485 1.1555423736572266
282 0.6937195658683777 3.1020588335234005 3.2122459411621094 1.8772562742233276 0.3463178873062134 1.4076419911874931 1.1966394186019897 1.1574722528457642
283 0.6951338052749634 3.1030242202985954 3.212329626083374 1.877407431602478 0.3481801450252533 1.4075859608853603 1.2286344766616821 1.1594853401184082
284 0.6941861510276794 3.090452746101445 3.2166874408721924 1.8825165033340454 0.35580170154571533 1.42684760611544 1.2642945051193237 1.1610788106918335
285 0.7000329494476318 3.0896227991407006 3.2200026512145996 1.8952146768569946 0.37985506653785706 1.3780457932934278 1.277260184288025 1.1765705347061157
286 0.6947445869445801 3.073733475697453 3.2101073265075684 1.8940889835357666 0.3696364760398865 1.4171996411316752 1.2330843210220337 1.171584129333496
287 0.6947445869445801 3.0694656289789597 3.2101073265075684 1.8940889835357666 0.3696364760398865 1.420290440112732 1.2328829765319824 1.171584129333496
288 0.6946775913238525 3.0712480419099157 3.2099883556365967 1.8892381191253662 0.36951500177383423 1.4188055161926618 1.2340327501296997 1.1729687452316284
289 0.6972583532333374 3.0680873521908607 3.207916736602783 1.8871212005615234 0.3663034439086914 1.428487199974332 1.2372210025787354 1.1708914041519165
290 0.6973364353179932 3.072272968933927 3.2042319774627686 1.880863904953003 0.3533748686313629 1.4376684445857997 1.2101649045944214 1.1669379472732544
291 0.7047723531723022 3.07932218175956 3.205063819885254 1.8854166269302368 0.36487728357315063 1.4243811241794484 1.2113696336746216 1.1769273281097412
292 0.7159653306007385 3.047129115853535 3.2093465328216553 1.8757641315460205 0.36196598410606384 1.4777747154957719 1.2147990465164185 1.1780720949172974
293 0.7164130210876465 3.05494851814252 3.208479404449463 1.871590256690979 0.3612942695617676 1.464515261050616 1.205968976020813 1.1720306873321533
294 0.7135660648345947 3.045902801473459 3.208378314971924 1.8724759817123413 0.3608049154281616 1.4917240105691785 1.2080492973327637 1.169745683670044
295 0.7147368788719177 3.0457486195940335 3.207770586013794 1.872588872909546 0.3638983964920044 1.4917774648710278 1.2185442447662354 1.169872760772705
296 0.7107293605804443 3.054375270117371 3.2082762718200684 1.8709112405776978 0.36129480600357056 1.4750206687003193 1.2152653932571411 1.1673704385757446
297 0.710713267326355 3.0543565381934004 3.208252429962158 1.8709073066711426 0.3612363040447235 1.4749284654823696 1.2151756286621094 1.16739821434021
298 0.7105613946914673 3.0543721443951024 3.208446502685547 1.8708956241607666 0.36113008856773376 1.4749182086919446 1.2092238664627075 1.1673742532730103
299 0.7083723545074463 3.061487580459473 3.208735704421997 1.870947003364563 0.3588075637817383 1.4700888635121943 1.208473563194275 1.1670868396759033
300 0.7044999003410339 3.070036974920708 3.205754518508911 1.8652799129486084 0.3468703031539917 1.4749682981863341 1.2053221464157104 1.1642422676086426
301 0.7056689262390137 3.0697839817508035 3.2057559490203857 1.865182876586914 0.3470345735549927 1.4751210259139103 1.2052135467529297 1.1640911102294922
302 0.7042257189750671 3.06696933278287 3.205620288848877 1.8648474216461182 0.3455096185207367 1.4783065896331071 1.2055308818817139 1.1638178825378418
303 0.7042257189750671 3.06696933278287 3.2066469192504883 1.8648474216461182 0.3455096185207367 1.4783065896331071 1.2093030214309692 1.1638178825378418
304 0.7044342160224915 3.055376785599739 3.20650577545166 1.8646920919418335 0.34716102480888367 1.5014740206463602 1.2118663787841797 1.1639362573623657
305 0.7037431597709656 3.0536834508716235 3.2067549228668213 1.8666263818740845 0.3514656722545624 1.5070563778453105 1.2145934104919434 1.1658443212509155
306 0.7020593285560608 3.0571174047406062 3.206974744796753 1.8685400485992432 0.34961074590682983 1.4880601718752597 1.2150769233703613 1.1639913320541382
307 0.7019543647766113 3.032160108171392 3.2069711685180664 1.8685439825057983 0.34947556257247925 1.376418107429951 1.2074451446533203 1.1639320850372314
308 0.700712263584137 3.0386508025366306 3.2072012424468994 1.870818018913269 0.3509756326675415 1.3662369195942736 1.2071130275726318 1.1653597354888916
309 0.7050036191940308 3.0326260438227775 3.2080483436584473 1.8727855682373047 0.3567240834236145 1.3728082163336215 1.2093865871429443 1.1690233945846558
310 0.7105329036712646 3.0330159864624604 3.2089550495147705 1.8753718137741089 0.3618388772010803 1.3722093565762454 1.2080906629562378 1.1716958284378052
311 0.7113852500915527 3.0608478686561456 3.2094340324401855 1.8757765293121338 0.35858675837516785 1.347994045205347 1.20326566696167 1.1732566356658936
312 0.7126057744026184 3.058284412639764 3.214601993560791 1.8743964433670044 0.35886824131011963 1.3482359758961224 1.2349666357040405 1.1732538938522339
313 0.7138338685035706 3.0611294072784485 3.215151071548462 1.873879075050354 0.3596239984035492 1.3443183659734637 1.2357369661331177 1.1729707717895508
314 0.7146680355072021 3.06220134368945 3.216372489929199 1.8748512268066406 0.3605429530143738 1.3395687558813503 1.2372792959213257 1.1737656593322754
315 0.7175875902175903 3.065769757086944 3.2198410034179688 1.8751516342163086 0.3598533570766449 1.338938236970658 1.2352542877197266 1.1729732751846313
316 0.7181835770606995 3.0452057372798285 3.2198100090026855 1.8744615316390991 0.36099496483802795 1.3520947894727484 1.262927532196045 1.174098253250122
317 0.7181819081306458 3.045197247174047 3.2202956676483154 1.8744603395462036 0.3610280752182007 1.3520994616493964 1.2532024383544922 1.1740949153900146
318 0.7157183885574341 3.039509260306826 3.2189419269561768 1.9803820848464966 0.35659515857696533 1.3636615388129754 1.2416272163391113 1.0073754787445068
319 0.7191262245178223 3.0336886686226525 3.2217884063720703 1.9809134006500244 0.3550264835357666 1.3756938961845653 1.2374911308288574 1.0110702514648438
320 0.7166686654090881 3.021554909307523 3.218096971511841 1.9802988767623901 0.3547688126564026 1.3962546256906527 1.2442314624786377 1.0461552143096924
321 0.7168580889701843 3.021371480135919 3.2195348739624023 1.875245451927185 0.3542051315307617 1.408432719360184 1.2524385452270508 1.2232089042663574
322 0.7169049382209778 3.03585706992425 3.219691514968872 1.8736258745193481 0.35430049896240234 1.4163309679248706 1.2539712190628052 1.2225589752197266
323 0.7304533123970032 3.0290729157209126 3.227205514907837 1.8810006380081177 0.375329852104187 1.4243916209792686 1.2318756580352783 1.2319086790084839
324 0.7328874468803406 3.0259066256794407 3.2286429405212402 1.8833565711975098 0.38000261783599854 1.4255642903134127 1.2331829071044922 1.231126308441162
325 0.7248883247375488 3.067268716547413 3.2206435203552246 1.8892812728881836 0.3800371289253235 1.4172092465996113 1.2353811264038086 1.2402232885360718
326 0.7251325249671936 3.072775077968597 3.2218809127807617 1.8904364109039307 0.3817285895347595 1.4093935022957158 1.1689876317977905 1.2417165040969849
327 0.7263851165771484 3.0956773969888554 3.2226004600524902 1.8823676109313965 0.3703940808773041 1.3802059179942836 1.1596840620040894 1.2332288026809692
328 0.729029655456543 3.0791064823044154 3.2207915782928467 1.881700038909912 0.37396469712257385 1.3772779772061992 1.1624336242675781 1.233298420906067
329 0.7109281420707703 3.065476996039019 3.2211074829101563 1.8764256238937378 0.3565599322319031 1.4476378977755842 1.15049409866333 1.2146672010421753
330 0.7122717499732971 3.06629801083172 3.2223284244537354 1.8764489889144897 0.35278454422950745 1.442501568622199 1.1458909511566162 1.2161189317703247
331 0.7118802666664124 3.066261785050661 3.221736192703247 1.8765472173690796 0.3526504933834076 1.443285556545017 1.1352721452713013 1.2158180475234985
332 0.7144746780395508 3.0661206265991408 3.221811056137085 1.8766330480575562 0.3528253734111786 1.4444186289214318 1.1351535320281982 1.2153607606887817
333 0.7144746780395508 3.0661206265991408 3.215702533721924 1.8766330480575562 0.3528253734111786 1.4444186289214318 1.1032543182373047 1.2153607606887817
334 0.7159982919692993 3.082121043424329 3.2162036895751953 1.876589298248291 0.3530588746070862 1.419829779910767 1.13358473777771 1.2155429124832153
335 0.7113966941833496 3.0575714561451868 3.214003801345825 1.8742730617523193 0.34582147002220154 1.4431296177478616 1.139034628868103 1.2094007730484009
336 0.707055926322937 3.0565824847079415 3.212061643600464 1.874004602432251 0.343819260597229 1.437493917392109 1.1396733522415161 1.210071086883545
337 0.7081878781318665 3.052404025947748 3.2141354084014893 1.8792095184326172 0.35549354553222656 1.403672046804299 1.1406402587890625 1.2100088596343994
338 0.7050603628158569 3.048616686430444 3.211634874343872 1.8792585134506226 0.35212746262550354 1.4070571474309712 1.140389323234558 1.2095266580581665
339 0.7025681734085083 3.0538786504371647 3.2114570140838623 1.8745050430297852 0.3407110273838043 1.3947908244240255 1.136124610900879 1.2036645412445068
340 0.698550283908844 3.0528292479959642 3.21358060836792 1.873317837715149 0.34543895721435547 1.4048684044053907 1.1788297891616821 1.1992132663726807
341 0.6982508301734924 3.0688062015938398 3.2138733863830566 1.8734629154205322 0.34516459703445435 1.4022032007346932 1.1473418474197388 1.1989208459854126
342 0.696338415145874 3.067547210220224 3.2135090827941895 1.873029112815857 0.3403901755809784 1.4012502495451375 1.1477099657058716 1.1993968486785889
343 0.6946685910224915 3.073881126268076 3.2119553089141846 1.8780450820922852 0.3444635272026062 1.387374243041321 1.1479820013046265 1.202316164970398
344 0.6969848275184631 3.0631884760433463 3.2209174633026123 1.87808096408844 0.3488740622997284 1.4017472838204266 1.228057622909546 1.2064777612686157
345 0.6970177292823792 3.0627894629462333 3.2231736183166504 1.8760710954666138 0.34436681866645813 1.4005137046098077 1.2287447452545166 1.2056841850280762
346 0.6910843849182129 3.073419049232834 3.2161002159118652 1.8769981861114502 0.3409624695777893 1.3859911623247516 1.1973191499710083 1.1953039169311523
347 0.68882155418396 3.0886472702352723 3.2185006141662598 1.8768545389175415 0.3350936770439148 1.3611028174723272 1.2253483533859253 1.197661280632019
348 0.6933361291885376 3.0788151137725017 3.222811222076416 1.877427339553833 0.34411272406578064 1.373172401422554 1.2282936573028564 1.1921918392181396
349 0.700145959854126 3.0851656640527483 3.2237441539764404 1.878997564315796 0.3490310311317444 1.3635765702985636 1.2271326780319214 1.1943539381027222
350 0.7036101222038269 3.0714389718795148 3.224513292312622 1.878603219985962 0.34934958815574646 1.3953294164042096 1.2311711311340332 1.1969658136367798
351 0.7048032283782959 3.0716267631202325 3.2244229316711426 1.8787437677383423 0.34971562027931213 1.3957202746457007 1.238012433052063 1.1972224712371826
352 0.7087438702583313 3.075690853880511 3.2258942127227783 1.8770363330841064 0.3585743010044098 1.3870442082545411 1.2407667636871338 1.1983084678649902
353 0.7098401784896851 3.076443898812585 3.2260167598724365 1.876679539680481 0.3558345139026642 1.390379565333431 1.2348159551620483 1.1962690353393555
354 0.7113115191459656 3.08009085199164 3.226825714111328 1.877223014831543 0.35911914706230164 1.3891401543486006 1.2140365839004517 1.1960999965667725
355 0.7085011601448059 3.080429527636485 3.2275707721710205 1.8792102336883545 0.3595998287200928 1.4005631766114897 1.214514136314392 1.1954715251922607
356 0.7109237313270569 3.0822179529856384 3.227882146835327 1.8787806034088135 0.35947513580322266 1.402259373231112 1.2136212587356567 1.1939982175827026
357 0.7100693583488464 3.0848094953457164 3.2283377647399902 1.875413179397583 0.3518074154853821 1.3999533014847674 1.2085398435592651 1.1910836696624756
358 0.7100693583488464 3.0848094953457164 3.2283377647399902 1.875413179397583 0.3518074154853821 1.3999533014847674 1.2085398435592651 1.1910836696624756
359 0.7130331993103027 3.0548405440275155 3.2299957275390625 1.8768240213394165 0.3621024787425995 1.4078805080693289 1.1932895183563232 1.1929206848144531
360 0.7098634243011475 3.0494353538426404 3.226123332977295 1.8743668794631958 0.3575349748134613 1.4066919803017062 1.1871044635772705 1.1908568143844604
361 0.7082691788673401 3.045560377737693 3.226243019104004 1.8767269849777222 0.3609370291233063 1.4143850645083311 1.1911561489105225 1.1953588724136353
362 0.7084528803825378 3.045729824232082 3.2264814376831055 1.9853475093841553 0.36111053824424744 1.4141085167336007 1.179072380065918 1.0219061374664307
363 0.7094136476516724 3.0733535771276523 3.2269437313079834 1.9864567518234253 0.3634946346282959 1.4109142054822565 1.180082082748413 1.0229498147964478
364 0.7073604464530945 3.0418337759538505 3.226261854171753 1.9847126007080078 0.36165907979011536 1.4263785879254636 1.2108476161956787 1.014114499092102
365 0.7092572450637817 3.051436770858967 3.227051258087158 1.9821768999099731 0.3578990399837494 1.4143829029717077 1.2072304487228394 1.0106065273284912
366 0.7147138118743896 3.051421583969466 3.2283687591552734 1.9824310541152954 0.3621147572994232 1.4088314527864685 1.2093647718429565 1.0100926160812378
367 0.7147275805473328 3.0428376397026526 3.2281298637390137 1.9817560911178589 0.3599102199077606 1.3944803626034863 1.2084730863571167 1.009490728378296
368 0.7143816351890564 3.0434346233655116 3.2281997203826904 1.9810231924057007 0.35805466771125793 1.3926946460850327 1.2083661556243896 1.0087313652038574
369 0.7055084109306335 3.0390808394571116 3.2264113426208496 1.9781512022018433 0.35239318013191223 1.4002064531866039 1.2071895599365234 1.0004746913909912
370 0.7055479884147644 3.0012469401572592 3.2259035110473633 1.9785174131393433 0.35145139694213867 1.4662844523307073 1.1804057359695435 1.0016921758651733
371 0.7055479884147644 3.0012469401572592 3.2207446098327637 1.9785174131393433 0.35145139694213867 1.4662844523307073 1.1584078073501587 1.0016921758651733
372 0.7070882320404053 3.0009981511984987 3.2225053310394287 1.9787708520889282 0.3499409854412079 1.4638510563961777 1.1540714502334595 1.003256916999817
373 0.7069488167762756 3.0013241191028945 3.222601890563965 1.9785557985305786 0.3492082953453064 1.461641471614443 1.154797911643982 1.0028355121612549
374 0.7074218988418579 3.0015266716772078 3.22076678276062 1.9784727096557617 0.34979185461997986 1.460735352077117 1.1504148244857788 1.0028884410858154
375 0.7057284712791443 3.0087258992366843 3.2197325229644775 1.9780818223953247 0.346821129322052 1.45662404514188 1.1770074367523193 1.0020135641098022
376 0.7014913558959961 3.0132509848627107 3.218817949295044 1.982409954071045 0.35376283526420593 1.4581900244899149 1.1806031465530396 1.0072166919708252
377 0.7012948989868164 3.0103357012677163 3.2176899909973145 1.982744812965393 0.35275453329086304 1.4610400408552098 1.1800752878189087 1.0082287788391113
378 0.7011028528213501 3.010277310860367 3.217838764190674 1.9827784299850464 0.352656751871109 1.46127005261907 1.1807793378829956 1.008241891860962
379 0.7040970325469971 3.010661419531476 3.219874620437622 1.9836809635162354 0.3558063507080078 1.4672272525322156 1.20061457157135 1.0101395845413208
380 0.7028866410255432 3.0059079755762603 3.2187654972076416 1.9828417301177979 0.3497666120529175 1.4706994097062214 1.2012009620666504 1.0106443166732788
381 0.703900933265686 3.0553771252553035 3.215012788772583 1.9849578142166138 0.3545457720756531 1.4145995626039356 1.199971318244934 1.016000747680664
382 0.7050352692604065 3.055353449995244 3.2153797149658203 1.984470248222351 0.3535865843296051 1.4115926451459782 1.2011704444885254 1.016145944595337
383 0.7114102840423584 3.053733737519278 3.215555429458618 1.9807159900665283 0.35594847798347473 1.4071580731527358 1.1532063484191895 1.0083253383636475
384 0.7114102840423584 3.053733737519278 3.215555429458618 1.9807159900665283 0.35594847798347473 1.4071580731527358 1.1532063484191895 1.0083253383636475
385 0.7064727544784546 3.0544386695245063 3.2149248123168945 1.9803824424743652 0.3512711226940155 1.4050890204413526 1.1515833139419556 1.0076045989990234
386 0.7050533890724182 3.0554846294611404 3.2142364978790283 1.9795000553131104 0.350561261177063 1.4033891618004661 1.1512198448181152 1.0084408521652222
387 0.7039772868156433 3.0544361858270515 3.2144486904144287 1.9797958135604858 0.3495608866214752 1.4040001456336602 1.1498314142227173 1.0092406272888184
388 0.7042135000228882 3.0543616360858237 3.214461088180542 1.981514573097229 0.3551633656024933 1.4007607170776293 1.149502158164978 1.0077884197235107
389 0.709072470664978 3.060664361229249 3.216409683227539 1.9820159673690796 0.3617241084575653 1.4026486308748194 1.1812411546707153 1.0193883180618286
390 0.7068421244621277 3.058112826404221 3.2153830528259277 1.982728123664856 0.3597134053707123 1.4080744474039195 1.1800669431686401 1.0207208395004272
391 0.7141902446746826 3.0624384539952887 3.215062141418457 1.9809592962265015 0.3649502992630005 1.3996869467567234 1.1811672449111938 1.0193625688552856
392 0.7162510752677917 3.0682647531610225 3.2155065536499023 1.9812018871307373 0.36500418186187744 1.400306564724761 1.1804739236831665 1.0150330066680908
393 0.7205333709716797 3.0691915162670114 3.2172155380249023 1.9816336631774902 0.3707633912563324 1.398758827777052 1.1794179677963257 1.013803482055664
394 0.7162132859230042 3.0665597942228056 3.2154581546783447 1.981947660446167 0.3778514564037323 1.4091944464076984 1.1830052137374878 1.0130093097686768
395 0.7168814539909363 3.063488717955834 3.2172484397888184 1.982060194015503 0.3739849328994751 1.4241069020907378 1.1810040473937988 1.0157277584075928
396 0.7168999314308167 3.0634981417589287 3.218334436416626 1.9820563793182373 0.3739834427833557 1.4240919884761258 1.1831789016723633 1.0157257318496704
397 0.7169479131698608 3.06440115910276 3.2180593013763428 1.981494665145874 0.3751562535762787 1.420520032043216 1.1832212209701538 1.0157803297042847
398 0.7169403433799744 3.0644449060063845 3.2180676460266113 1.981518268585205 0.37532177567481995 1.4204999794678532 1.1832036972045898 1.0157663822174072
399 0.7155957221984863 3.0634909885539825 3.219517230987549 1.9803922176361084 0.3716559410095215 1.4211626115013307 1.1805317401885986 1.014795184135437
400 0.7156820893287659 3.0637125568550148 3.2179927825927734 1.9805275201797485 0.37128663063049316 1.4199892697903085 1.1487759351730347 1.0154725313186646
