init 0.6036977171897888 3.425491067084498 3.4618959426879883 1.6536204814910889 0.0 0.0 0.0 0.0
1 0.5853093862533569 3.2703753518393643 3.444594621658325 1.6742554903030396 0.15778139233589172 0.706311996559725 0.24990662932395935 0.16969738900661469
2 0.6038130521774292 3.2005866523119164 3.455390453338623 1.6640591621398926 0.24385525286197662 0.846155115038221 0.3326694667339325 0.22671957314014435
3 0.6124477982521057 3.201892383785093 3.4542782306671143 1.599757194519043 0.2680910527706146 0.8602542267609093 0.40982893109321594 0.6772093772888184
4 0.629207193851471 3.186990611546451 3.4569883346557617 1.6094321012496948 0.25837916135787964 0.9806505666444655 0.501723051071167 0.7022399306297302
5 0.651388943195343 3.19874934278063 3.4425907135009766 1.6207376718521118 0.2988145649433136 0.9109408605641921 0.5337752103805542 0.7019660472869873
6 0.6428359746932983 3.1670527222381013 3.4449260234832764 1.623777151107788 0.3057067096233368 0.986877917621537 0.5535961985588074 0.7084481716156006
7 0.6436772346496582 3.1657916711648273 3.444912910461426 1.6304606199264526 0.30629658699035645 0.9837406824675012 0.5579725503921509 0.7226431965827942
8 0.6350833773612976 3.1639525737801097 3.4378180503845215 1.5300159454345703 0.30386367440223694 0.9920725202291037 0.5828481316566467 0.9395967721939087
9 0.6263200640678406 3.158937139348074 3.44191837310791 1.524803638458252 0.31495416164398193 0.9871015999990823 0.582825779914856 0.9063518047332764
10 0.6270354390144348 3.1661909560122132 3.4397361278533936 1.5559966564178467 0.34163910150527954 0.9468250141381297 0.6044714450836182 0.935139000415802
11 0.6275767087936401 3.1699397341979654 3.378446340560913 1.5917574167251587 0.34612011909484863 0.9590240111805756 0.7276196479797363 0.9413661360740662
12 0.6263362765312195 3.163075665304959 3.37724232673645 1.5912965536117554 0.3438725769519806 0.935921441711293 0.7291339635848999 0.9412796497344971
13 0.6562743782997131 3.158605166261031 3.372152805328369 1.5877268314361572 0.3546990752220154 0.9778062243021264 0.7440943717956543 0.9478253126144409
14 0.6560648679733276 3.153910419974987 3.369642496109009 1.5237829685211182 0.3678138256072998 0.989389348165575 0.7685917019844055 0.9919028878211975
15 0.6540409326553345 3.150993105740171 3.3694958686828613 1.5246995687484741 0.36683014035224915 0.9947414468891268 0.7714282274246216 0.9912154078483582
16 0.6506268978118896 3.131273743874235 3.372128486633301 1.5236996412277222 0.34919071197509766 0.9347643308886164 0.7632659673690796 0.9924639463424683
17 0.6417856216430664 3.1326134520906823 3.3758232593536377 1.5235689878463745 0.3221147358417511 1.0158113863946892 0.7887662649154663 0.994228184223175
18 0.6361327767372131 3.139507410526043 3.373575210571289 1.5182944536209106 0.30647018551826477 0.9950244592021776 0.8028175830841064 0.9880139231681824
19 0.6329464912414551 3.1300632601404006 3.381944179534912 1.523571491241455 0.31922468543052673 1.02947145824531 0.9667962193489075 0.9901490807533264
20 0.6400383114814758 3.142804545717878 3.387122392654419 1.5376907587051392 0.34208592772483826 0.9961418913570925 1.0173487663269043 0.9990692734718323
21 0.6357795596122742 3.150434178001271 3.3862791061401367 1.4952235221862793 0.33158692717552185 0.9701626603263165 1.008022665977478 1.0061753988265991
22 0.6510710716247559 3.158858796262716 3.394897937774658 1.4898123741149902 0.3239069879055023 0.9459124140084056 0.9940252900123596 0.9929943084716797
23 0.6627625823020935 3.1400359529491864 3.409954786300659 1.4738812446594238 0.3003244996070862 0.9874341619258683 0.9652730822563171 0.9803237915039063
24 0.6315508484840393 3.150660803745063 3.395855665206909 1.489679217338562 0.2979746460914612 0.9592923079857533 0.9888495802879333 0.9937817454338074
25 0.6320173144340515 3.1610929075486647 3.3991198539733887 1.4923378229141235 0.30513253808021545 0.9212602915475973 0.9853177666664124 0.9947751760482788
26 0.6422622799873352 3.159753231134972 3.434615135192871 1.4933323860168457 0.3152197301387787 0.9048707644929387 0.9650251865386963 0.9936943054199219
27 0.6422412991523743 3.1599405094614585 3.4348602294921875 1.4932711124420166 0.3143176734447479 0.904836937786409 0.9781631827354431 0.993704617023468
28 0.6165003180503845 3.168333025542039 3.4368081092834473 1.591564655303955 0.2993786036968231 0.9122372948517027 0.9660041928291321 0.799476683139801
29 0.6254751086235046 3.163238210297875 3.436448335647583 1.5933773517608643 0.32361486554145813 0.9134199750784741 0.9716161489486694 0.8056910037994385
30 0.6263021230697632 3.1628804176770635 3.438422203063965 1.5971521139144897 0.3244810402393341 0.9158353012714693 0.97571861743927 0.8081140518188477
31 0.6259856820106506 3.1630547489547394 3.4385485649108887 1.5978138446807861 0.32571735978126526 0.9126415428348182 0.9763511419296265 0.8071366548538208
32 0.6253517270088196 3.1639365985556283 3.4420909881591797 1.5974370241165161 0.3185610771179199 0.9128519885585715 0.9732391834259033 0.8073406219482422
33 0.6250354051589966 3.163564135418859 3.440293788909912 1.5955841541290283 0.31613481044769287 0.914120497726182 0.9810060262680054 0.8069279193878174
34 0.6260210871696472 3.1638490237715415 3.4405572414398193 1.59541916847229 0.3178669214248657 0.9163285102114462 0.9812723994255066 0.8070523142814636
35 0.6247622966766357 3.1593228638057727 3.4398410320281982 1.5946208238601685 0.319411039352417 0.9420709688998734 0.9709364175796509 0.8077996969223022
36 0.6247622966766357 3.1593228638057727 3.4395804405212402 1.5925289392471313 0.319411039352417 0.9420709688998734 0.9708911180496216 0.8077410459518433
37 0.6240394115447998 3.157912413430992 3.4397904872894287 1.586806297302246 0.3163013160228729 0.9520251573310955 0.9696760773658752 0.8167181015014648
38 0.6243115663528442 3.158458521877475 3.439073324203491 1.586477518081665 0.3200305998325348 0.9530662895367776 0.9708109498023987 0.8173373937606812
39 0.6244652271270752 2.762398973020843 3.439169406890869 1.5864439010620117 0.32006701827049255 1.4328317078372843 1.0088404417037964 0.8173627853393555
40 0.624470055103302 2.7623965542012936 3.438838243484497 1.5864454507827759 0.32006487250328064 1.4328369871802191 1.0096830129623413 0.8173632025718689
41 0.6279498338699341 2.760015697641972 3.438047409057617 1.5867719650268555 0.3259357213973999 1.4339259700252283 1.03057062625885 0.8204771876335144
42 0.6545539498329163 2.7485961043557 3.4554078578948975 1.5868940353393555 0.32482877373695374 1.4660438648869365 1.0231902599334717 0.8253142833709717
43 0.6546626687049866 2.7485649820699365 3.4545557498931885 1.586827039718628 0.3246608078479767 1.4664068017319287 0.9979115128517151 0.8251861929893494
44 0.6556455492973328 2.7479491022887803 3.4568123817443848 1.5929442644119263 0.3246161639690399 1.4648935544306887 0.9994682669639587 0.8305757641792297
45 0.6559414267539978 2.7258093600467608 3.4631142616271973 1.5934237241744995 0.3257458806037903 1.5033511961451311 1.0048496723175049 0.8302561044692993
46 0.6501343846321106 2.7261889326124717 3.462639570236206 1.5914899110794067 0.3212161660194397 1.5144350254867007 1.005994439125061 0.828693151473999
47 0.654109537601471 2.7737911742851273 3.4672470092773438 1.591492772102356 0.32242926955223083 1.266254523791251 1.0005327463150024 0.8279491066932678
48 0.6542367339134216 2.7968538756382624 3.4710865020751953 1.6847834587097168 0.31648528575897217 1.2075992170047691 0.9886491298675537 0.5853453278541565
49 0.6475971937179565 2.9163032949477072 3.4693806171417236 1.6863514184951782 0.31094810366630554 1.078512035573082 0.9782790541648865 0.5825844407081604
50 0.6495826244354248 2.9168425643565516 3.470205307006836 1.6860995292663574 0.3092223107814789 1.0735028581956538 0.9761499762535095 0.5825428366661072
51 0.6495826244354248 2.9168425643565516 3.4682016372680664 1.6867307424545288 0.3092223107814789 1.0735028581956538 0.999087393283844 0.5776805281639099
52 0.6483557224273682 2.916640824387743 3.4679431915283203 1.6868846416473389 0.30854326486587524 1.0729601900039056 0.9988367557525635 0.5774453282356262
53 0.6446667909622192 2.9110780558453078 3.4679534435272217 1.7808349132537842 0.313139945268631 1.0786100832783396 0.9875988960266113 0.5008946061134338
54 0.6449432969093323 2.9119756770204424 3.4697988033294678 1.7804174423217773 0.31255215406417847 1.0778243203246736 1.018319010734558 0.4999427795410156
55 0.6450673937797546 2.791285550808846 3.4699196815490723 1.7810782194137573 0.3131919205188751 1.2028373576028721 1.0275369882583618 0.5010260343551636
56 0.6446910500526428 2.791266927608113 3.4700286388397217 1.7805694341659546 0.3134617507457733 1.2028451452881619 1.0276377201080322 0.4996680021286011
57 0.639290988445282 2.7929987021429703 3.4693591594696045 1.7804017066955566 0.29968199133872986 1.1979127703007857 1.0273066759109497 0.5001753568649292
58 0.6378363966941833 2.7946419065901695 3.4645910263061523 1.688916802406311 0.30171775817871094 1.1973321947489917 1.0445445775985718 0.7689511775970459
59 0.637795627117157 2.8118170170995813 3.4646127223968506 1.688888669013977 0.30137723684310913 1.1621741781866417 1.0335804224014282 0.76898193359375
60 0.6377920508384705 2.8117547501974776 3.461432695388794 1.6889991760253906 0.30157727003097534 1.162345250538949 1.031991958618164 0.7690609097480774
61 0.6352347135543823 2.8120244102578855 3.461690902709961 1.6909923553466797 0.3004956841468811 1.1620267531921131 1.0319570302963257 0.7691547274589539
62 0.6369788646697998 2.808125636986781 3.4618141651153564 1.6911147832870483 0.3005310297012329 1.1469335031532775 1.0251940488815308 0.7692647576332092
63 0.6356617212295532 2.7965043712596 3.4643208980560303 1.6916052103042603 0.30067121982574463 1.1685198807664876 1.0285931825637817 0.7694074511528015
64 0.6337290406227112 2.7609873962364273 3.4623589515686035 1.6015821695327759 0.3012675344944 1.240419787881306 1.0523842573165894 0.875433087348938
65 0.6355136632919312 2.7606340560224165 3.4618468284606934 1.6021145582199097 0.3025099039077759 1.2415178366074513 1.0527276992797852 0.8748522996902466
66 0.6366837620735168 2.75740102124714 3.4617302417755127 1.6025359630584717 0.30880701541900635 1.2509820258574615 1.0541083812713623 0.8750187754631042
67 0.634924054145813 2.757807175279439 3.4628617763519287 1.6044977903366089 0.30798932909965515 1.249389042721143 1.0585862398147583 0.8759898543357849
68 0.634140133857727 2.7600223881198134 3.461642265319824 1.6197785139083862 0.3009333610534668 1.2428794525952043 1.0647962093353271 0.8128088712692261
69 0.6296736598014832 2.7631342176202773 3.4481418132781982 1.6139224767684937 0.29372742772102356 1.2341878462346554 1.0804296731948853 0.8104044198989868
70 0.6237896680831909 2.794384486873038 3.4478251934051514 1.6126962900161743 0.29519596695899963 1.219639065906043 1.0769258737564087 0.8058841228485107
71 0.6257615685462952 2.8081707555004916 3.462454319000244 1.6131598949432373 0.30087748169898987 1.2137958682534395 1.0853222608566284 0.8054795861244202
72 0.6220802664756775 2.807072102347347 3.4560630321502686 1.6102951765060425 0.30398938059806824 1.21359667566825 1.090092420578003 0.8006513714790344
73 0.6159493327140808 2.816751401056029 3.4556350708007813 1.6108988523483276 0.28544002771377563 1.1782412804941351 1.0867384672164917 0.7976887822151184
74 0.6191720962524414 2.8388189443139424 3.458428382873535 1.6101325750350952 0.28016558289527893 1.1427086779769873 1.0811424255371094 0.7963393330574036
75 0.6006585955619812 2.843494652325823 3.4491310119628906 1.6154091358184814 0.2875944674015045 1.156443041894206 1.0820530652999878 0.8069086074829102
76 0.6010148525238037 2.8590951385377354 3.4465229511260986 1.6147044897079468 0.28779762983322144 1.1200570361567845 1.0668370723724365 0.8071438074111938
77 0.5998197793960571 2.8600818871272424 3.439473867416382 1.614932894706726 0.2892642021179199 1.1194370857419471 1.058747410774231 0.8070998191833496
78 0.6004511713981628 2.841185487203487 3.4372174739837646 1.6243854761123657 0.3120287358760834 1.139327974849099 1.0738900899887085 0.8104169368743896
79 0.6009481549263 2.8347325379827293 3.4738571643829346 1.6105520725250244 0.2993752062320709 1.148609407949931 1.0561336278915405 0.796635627746582
80 0.6000193357467651 2.833275510036474 3.4735538959503174 1.610858678817749 0.30180156230926514 1.1501181668598046 1.0586812496185303 0.7977218627929688
81 0.5999125838279724 2.8312177228517696 3.4736568927764893 1.610878825187683 0.30178460478782654 1.1545151747027582 1.0603997707366943 0.7976981997489929
82 0.5903893113136292 2.801073741119974 3.481952428817749 1.5937613248825073 0.2533775866031647 1.1585688322683834 1.0303248167037964 0.7864975929260254
83 0.5815299153327942 2.7984696309139543 3.47318959236145 1.593924641609192 0.2576926350593567 1.1665065525928038 1.043991208076477 0.7837262153625488
84 0.5812439322471619 2.799658476338403 3.4730961322784424 1.5939090251922607 0.25781118869781494 1.1680825890988014 1.0450763702392578 0.7837007641792297
85 0.5882725119590759 2.8012882663337826 3.4730827808380127 1.586237907409668 0.27526625990867615 1.156289326081348 1.0497429370880127 0.786633312702179
86 0.588342547416687 2.800499946522648 3.47346568107605 1.5788425207138062 0.2751343250274658 1.1577580325857602 1.0501588582992554 0.7834016680717468
87 0.5839377641677856 2.805229749241362 3.4779186248779297 1.5789953470230103 0.2731083929538727 1.1462983529211686 1.0424426794052124 0.7793484926223755
88 0.5836065411567688 2.8034046679008626 3.4778709411621094 1.5783934593200684 0.2729578912258148 1.1453788878349906 1.0427885055541992 0.7800081968307495
89 0.5907599329948425 2.803463275509739 3.482579469680786 1.572836995124817 0.2846011221408844 1.14262238301799 1.038303256034851 0.7802996039390564
90 0.5930781364440918 2.802248567355451 3.4825291633605957 1.574438452720642 0.2710355520248413 1.1458271785645022 1.0362553596496582 0.779075562953949
91 0.5929368138313293 2.7963866935949597 3.482571840286255 1.5743879079818726 0.27153369784355164 1.1650762882744217 1.0377057790756226 0.7790550589561462
92 0.5927504301071167 2.8004217042385053 3.489138126373291 1.574202537536621 0.27409374713897705 1.1601172242304685 1.0374038219451904 0.7732282280921936
93 0.5911163091659546 2.7992734277746676 3.4899563789367676 1.5737115144729614 0.26054006814956665 1.1679862232565337 1.0437027215957642 0.7741909623146057
94 0.5912856459617615 2.8022099280526 3.490513563156128 1.5737149715423584 0.25948235392570496 1.159810930334942 1.044063925743103 0.7754698395729065
95 0.5912398099899292 2.8008512922799174 3.4899301528930664 1.5732783079147339 0.27260449528694153 1.1565138618352724 1.0508683919906616 0.7783824801445007
96 0.5899306535720825 2.796019102534363 3.48492431640625 1.5746427774429321 0.28014588356018066 1.168055305718836 1.0561127662658691 0.7813050150871277
97 0.5899306535720825 2.796019102534363 3.485015630722046 1.5746427774429321 0.28014588356018066 1.168055305718836 1.0547035932540894 0.7813050150871277
98 0.5892974138259888 2.8221439802749027 3.479313373565674 1.574774980545044 0.28375065326690674 1.1109665463213478 1.044254183769226 0.7806987762451172
99 0.5892974138259888 2.8221439802749027 3.479313373565674 1.574774980545044 0.28375065326690674 1.1109665463213478 1.044254183769226 0.7806987762451172
100 0.5892974138259888 2.8221439802749027 3.479313373565674 1.574774980545044 0.28375065326690674 1.1109665463213478 1.044254183769226 0.7806987762451172
101 0.5896028280258179 2.822418204122599 3.479440450668335 1.5741714239120483 0.2813362181186676 1.104328144579442 1.0442575216293335 0.7799155712127686
102 0.5895820260047913 2.8223706153996586 3.4785284996032715 1.5742721557617188 0.28130748867988586 1.104173662446209 1.0450537204742432 0.7799684405326843
103 0.5910980701446533 2.8200137960014007 3.4783079624176025 1.5756502151489258 0.2726401388645172 1.112187872457048 1.0324660539627075 0.779655396938324
104 0.5910980701446533 2.8200137960014007 3.4401233196258545 1.577173113822937 0.2726401388645172 1.112187872457048 1.1181764602661133 0.7856224775314331
105 0.5884008407592773 2.8381768800990543 3.444507360458374 1.5766000747680664 0.27198392152786255 1.084285239937942 1.1162384748458862 0.7845793962478638
106 0.5884027481079102 2.835116237679808 3.450071096420288 1.5778896808624268 0.27178755402565 1.0951089787842698 1.1451563835144043 0.7844705581665039
107 0.5863286256790161 2.8301702172029577 3.4476637840270996 1.5830543041229248 0.27321046590805054 1.1024922114781106 1.1542242765426636 0.7817268967628479
108 0.586353600025177 2.833129368566424 3.4488697052001953 1.5820772647857666 0.2715369760990143 1.0934358320272168 1.15440034866333 0.7807489037513733
109 0.5868550539016724 2.828931101498769 3.452749013900757 1.5840442180633545 0.28583797812461853 1.104929904032847 1.156156063079834 0.7943160533905029
110 0.5880191922187805 2.8294568807741003 3.4525153636932373 1.584494948387146 0.2861635982990265 1.1038361825909198 1.1577625274658203 0.794313371181488
111 0.5883715152740479 2.829183987969659 3.4520223140716553 1.5849545001983643 0.28631168603897095 1.1044283119721272 1.1505389213562012 0.7943739295005798
112 0.5883070826530457 2.828642002254202 3.4512646198272705 1.5854381322860718 0.28607141971588135 1.1056694271732035 1.1512608528137207 0.7944539785385132
113 0.5942010879516602 2.8295924465392694 3.4517874717712402 1.5924726724624634 0.289679616689682 1.1009783904820463 1.1456621885299683 0.7887027263641357
114 0.5942010879516602 2.8279885651040413 3.4517874717712402 1.5924726724624634 0.289679616689682 1.1274074790597362 1.147352933883667 0.7887027263641357
115 0.5988553762435913 2.904036908698213 3.4922943115234375 1.5887397527694702 0.2919313907623291 1.0441457414416626 1.0517088174819946 0.8008266091346741
116 0.6033139824867249 2.9071479940500082 3.491727113723755 1.5944594144821167 0.28997594118118286 1.0373922456112623 1.0433506965637207 0.8001421093940735
117 0.6033139824867249 2.8847411682893793 3.491727113723755 1.5944594144821167 0.28997594118118286 1.0453522424089232 1.0438734292984009 0.8001421093940735
118 0.6066561937332153 2.878416355395935 3.4912312030792236 1.5915415287017822 0.28708234429359436 1.0508246028705492 1.0427162647247314 0.8018730878829956
119 0.6056537628173828 2.908290347698162 3.4897608757019043 1.592416524887085 0.28975072503089905 1.0155302569278426 1.048622488975525 0.80082768201828
120 0.6067854166030884 2.913402093147461 3.4899260997772217 1.592427134513855 0.28691908717155457 1.0101502882523772 1.0494012832641602 0.800770103931427
121 0.6121418476104736 2.916214860096546 3.489738702774048 1.5941767692565918 0.3042666018009186 1.0047179278249936 1.0641690492630005 0.8040971755981445
122 0.6133925318717957 2.916805191522149 3.4891817569732666 1.5929304361343384 0.3014194071292877 1.011144131413231 1.0629409551620483 0.8043860197067261
123 0.6102697253227234 2.914777720355256 3.487027645111084 1.5901237726211548 0.3054099678993225 1.013962763975145 1.0647414922714233 0.8012414574623108
124 0.6132490634918213 2.9122287955514854 3.487062692642212 1.589676022529602 0.3080567717552185 1.0114583105429165 1.0658000707626343 0.8027899265289307
125 0.6075155735015869 2.820368485641378 3.4877383708953857 1.5892295837402344 0.300950288772583 1.1168177084697777 1.0694078207015991 0.7991836071014404
126 0.6126539707183838 2.871601725318725 3.486114263534546 1.5895124673843384 0.30313846468925476 1.0309777515544478 1.0917530059814453 0.7982606291770935
127 0.612967312335968 2.8719574263212007 3.4844419956207275 1.5999571084976196 0.3044799864292145 1.029821367624271 1.098138689994812 0.8172942399978638
128 0.6145593523979187 2.868463028398786 3.4878461360931396 1.5990278720855713 0.3100913166999817 1.037828249372185 1.1038254499435425 0.8176339268684387
129 0.6145593523979187 2.868463028398786 3.4878461360931396 1.5990278720855713 0.3100913166999817 1.037828249372185 1.1038254499435425 0.8176339268684387
130 0.6140751838684082 2.869741298467415 3.4912400245666504 1.5968948602676392 0.3084654211997986 1.0328039872785126 1.0917761325836182 0.7908111214637756
131 0.6142408847808838 2.8700889867774926 3.49198055267334 1.5989714860916138 0.30245766043663025 1.0343217667766427 1.0891895294189453 0.7896376848220825
132 0.6138833165168762 2.8705212408138805 3.4935224056243896 1.601663589477539 0.30352115631103516 1.0347393680714396 1.087592601776123 0.8161289691925049
133 0.6094346046447754 2.8729418776054523 3.4882380962371826 1.586106538772583 0.30726274847984314 1.094799195099661 1.0963032245635986 0.8050047755241394
134 0.6097810864448547 2.8730676976785805 3.488152027130127 1.5860775709152222 0.3081137537956238 1.094516964597382 1.099163293838501 0.8050905466079712
135 0.6120483875274658 2.8762738490889292 3.4886276721954346 1.58735191822052 0.31197455525398254 1.0902525756460415 1.0994739532470703 0.8066191077232361
136 0.6113370060920715 2.889406414308574 3.4875681400299072 1.5913842916488647 0.3196660280227661 1.0684911091197429 1.0998469591140747 0.8047241568565369
137 0.6107924580574036 2.8935093289907305 3.4838638305664063 1.5913174152374268 0.3211425542831421 1.0613931022395113 1.0680643320083618 0.8044571876525879
138 0.6114580035209656 2.880335890376896 3.485151767730713 1.5915249586105347 0.3118278682231903 1.073481532559848 1.0697834491729736 0.8045178651809692
139 0.6112791299819946 2.877356993264153 3.46079421043396 1.5915515422821045 0.31168073415756226 1.0884031424435119 1.0509384870529175 0.8044888377189636
140 0.612486720085144 2.8768963408739054 3.461259126663208 1.594560980796814 0.3135443329811096 1.0883248494907753 1.0503904819488525 0.8063018321990967
141 0.618767261505127 2.877061585687276 3.4615719318389893 1.5942550897598267 0.3267230987548828 1.086067330008263 1.051515817642212 0.8070375323295593
142 0.618767261505127 2.877061585687276 3.4749319553375244 1.5942550897598267 0.3267230987548828 1.086067330008263 1.0989214181900024 0.8070375323295593
143 0.6288173794746399 2.913698316455275 3.470292329788208 1.5946377515792847 0.3381475508213043 1.0366259351535172 1.0968868732452393 0.8081443309783936
144 0.6289319396018982 2.9085755547211156 3.470747470855713 1.5877447128295898 0.33893632888793945 1.0976807223339597 1.0980966091156006 0.8066185116767883
145 0.6289319396018982 2.9085755547211156 3.470747470855713 1.5877447128295898 0.33893632888793945 1.0976807223339597 1.0980966091156006 0.8066185116767883
146 0.6280957460403442 2.9008163397629323 3.469738245010376 1.579079270362854 0.33043015003204346 1.0930951285989003 1.089701533317566 0.8108177781105042
147 0.622814953327179 2.912873632828332 3.459599733352661 1.582897663116455 0.3300374150276184 1.0832289990481554 1.0591801404953003 0.8060823082923889
148 0.618785560131073 2.901244495867387 3.4658918380737305 1.5819451808929443 0.34046050906181335 1.0912991441932924 1.0325865745544434 0.8087000250816345
149 0.614392101764679 2.9068557918770557 3.46392560005188 1.5761641263961792 0.3354976177215576 1.0942880381815134 1.0303764343261719 0.8146962523460388
150 0.598725438117981 2.9299724677756913 3.4577696323394775 1.6325812339782715 0.3169809579849243 0.9950466586455893 1.0160057544708252 0.5992835760116577
151 0.5971067547798157 2.89374070491194 3.4615378379821777 1.628805160522461 0.31272268295288086 1.0496630000743568 1.0172513723373413 0.592164158821106
152 0.5967104434967041 2.8938145053057327 3.4518001079559326 1.628828763961792 0.3135586678981781 1.0486015746386061 0.9555496573448181 0.5932283401489258
153 0.5966039896011353 2.893959734785633 3.4529497623443604 1.6291286945343018 0.31353142857551575 1.0480120086578675 0.9598404765129089 0.5941787362098694
154 0.5976584553718567 2.8963311506953855 3.453125 1.628762125968933 0.31837576627731323 1.0323575722051144 0.9587195515632629 0.5948731899261475
155 0.5982571244239807 2.8266460636827717 3.452653408050537 1.6288373470306396 0.31939059495925903 1.1011557878676497 0.954101026058197 0.5949349403381348
156 0.6048888564109802 2.8305569528220476 3.451716899871826 1.6353373527526855 0.32621169090270996 1.0949695911097346 0.9556321501731873 0.598782479763031
157 0.6049504280090332 2.8305545710368216 3.4516983032226563 1.63532555103302 0.32620665431022644 1.0949855089495313 0.9556109309196472 0.5987657904624939
158 0.6031162142753601 2.829299530806059 3.449526071548462 1.6353389024734497 0.3246038854122162 1.0973143346001182 0.9574440121650696 0.5985905528068542
159 0.6020784974098206 2.82974162985541 3.449490547180176 1.6353611946105957 0.32207828760147095 1.0966366343465865 0.9574074149131775 0.5987902879714966
160 0.600740373134613 2.827600029551004 3.44862699508667 1.6403650045394897 0.32000571489334106 1.0993175708866645 0.9548624157905579 0.5579215884208679
161 0.6012037396430969 2.8282036131330544 3.4490504264831543 1.642575740814209 0.32132458686828613 1.0978635677313253 0.9521693587303162 0.5528066158294678
162 0.5996806621551514 2.8264034835599334 3.449545383453369 1.638282299041748 0.32119041681289673 1.099021456954028 0.9520958065986633 0.5501183867454529
163 0.5977733135223389 2.8218362591804933 3.4483070373535156 1.6527653932571411 0.3252798914909363 1.118088355831199 0.9532728791236877 0.5280190110206604
164 0.6014400720596313 2.8225613425674307 3.447765588760376 1.6520979404449463 0.3308022916316986 1.1161123802383868 0.9508306980133057 0.5080246329307556
165 0.6019769310951233 2.81181154109894 3.44621205329895 1.6576110124588013 0.33760082721710205 1.131112418010046 0.955172598361969 0.5191922187805176
166 0.5992695093154907 2.8058328059972153 3.4442214965820313 1.661199688911438 0.3480423092842102 1.137693879750049 0.9619200229644775 0.523840606212616
167 0.5990959405899048 2.8066405964811514 3.447046995162964 1.661298394203186 0.34546515345573425 1.1380725426590914 0.9569553136825562 0.5235312581062317
168 0.6060975193977356 2.807459782234132 3.4468026161193848 1.5635473728179932 0.3391246199607849 1.137622072459312 0.97575843334198 0.7760082483291626
169 0.6058616042137146 2.8592047705056087 3.4455177783966064 1.5576930046081543 0.33964794874191284 1.0782431165302926 0.97260582447052 0.7703676819801331
170 0.607101559638977 2.8668808536883787 3.4459285736083984 1.5625289678573608 0.3536686301231384 1.0654349843494233 0.9774827361106873 0.7790814638137817
171 0.6083332300186157 2.8576811224027168 3.4414474964141846 1.5560963153839111 0.3486611545085907 1.0737109991661113 0.9762235283851624 0.7733962535858154
172 0.6115761995315552 2.8657063231911284 3.4417293071746826 1.5488187074661255 0.3386326730251312 1.0664238262872479 0.9710991382598877 0.7656463980674744
173 0.6123888492584229 2.8646707094430868 3.4405624866485596 1.549113392829895 0.3406798541545868 1.0573907538927367 0.9736654162406921 0.7844861745834351
174 0.6278440356254578 2.866152252203241 3.446161985397339 1.550466537475586 0.3504280745983124 1.0629968164385148 0.9812127351760864 0.7896096110343933
175 0.6227811574935913 2.8636081579540917 3.442563533782959 1.551005244255066 0.3343515992164612 1.0730111931922879 0.984826385974884 0.787667989730835
176 0.6206142902374268 2.8676126670071387 3.4436254501342773 1.548203706741333 0.331844300031662 1.0721676849015032 0.9975576996803284 0.7892334461212158
177 0.6213410496711731 2.8694980447219507 3.4386754035949707 1.5449029207229614 0.33158349990844727 1.0851437710656815 0.9922975301742554 0.7998674511909485
178 0.6212751865386963 2.8674437041322363 3.4395298957824707 1.5522459745407104 0.329953670501709 1.0854389687298944 0.99056476354599 0.794349193572998
179 0.6212732791900635 2.867442386816771 3.4395291805267334 1.5522464513778687 0.3299504220485687 1.0854383809660249 0.9905645251274109 0.7943480014801025
180 0.6219010353088379 2.8735529815381384 3.440891742706299 1.5509783029556274 0.3306434452533722 1.089160729476869 0.9925582408905029 0.7912404537200928
181 0.6278420090675354 2.852133946380576 3.4422988891601563 1.5493355989456177 0.34296226501464844 1.1053353258108705 0.9893131256103516 0.7959300875663757
182 0.630936324596405 2.8558874508694814 3.442995071411133 1.5457135438919067 0.3462628424167633 1.100279086123949 0.9944671392440796 0.7977639436721802
183 0.6467379331588745 2.866002169239505 3.447150230407715 1.5467194318771362 0.36897212266921997 1.0821841256563127 1.0393551588058472 0.7972400188446045
184 0.6471455097198486 2.862348996994055 3.447946071624756 1.5457240343093872 0.37396153807640076 1.0874337904413993 1.0651189088821411 0.798245906829834
185 0.648817777633667 2.8965765808201964 3.4499356746673584 1.545444130897522 0.37530484795570374 1.0702421414960712 1.0666823387145996 0.7977903485298157
186 0.6381648778915405 2.903458400438211 3.4473867416381836 1.5455034971237183 0.36534902453422546 1.0721555776450462 1.066976547241211 0.7951995134353638
187 0.63525390625 2.8958439460429286 3.4500763416290283 1.5444297790527344 0.3597794771194458 1.1033685228142027 1.0737769603729248 0.8406249284744263
188 0.6352054476737976 2.895810980208807 3.4502182006835938 1.5444282293319702 0.3595820367336273 1.1037951477777723 1.073326587677002 0.8405864238739014
189 0.6348944902420044 2.891384400755529 3.4494574069976807 1.5448133945465088 0.3608115613460541 1.112955027017477 1.0757473707199097 0.8409028053283691
190 0.6349607706069946 2.891676751590842 3.443774700164795 1.5442724227905273 0.36029455065727234 1.1125788340649896 1.0415548086166382 0.8404008746147156
191 0.6355047821998596 2.8920235849680846 3.4436354637145996 1.5407395362854004 0.3612998425960541 1.11038648490275 1.0445231199264526 0.8455868363380432
192 0.6331508755683899 2.8904600423186424 3.4446277618408203 1.54045832157135 0.3551994860172272 1.1139720369822248 1.0424082279205322 0.8446953296661377
193 0.6354252099990845 2.8869664784066447 3.44354248046875 1.5408918857574463 0.3607020676136017 1.1173600506982317 1.0433095693588257 0.8438376188278198
194 0.635410487651825 2.8876428750509873 3.4432425498962402 1.5402766466140747 0.3610609471797943 1.1166199845108298 1.047194480895996 0.8580317497253418
195 0.636518120765686 2.886640838417667 3.448133707046509 1.5405726432800293 0.36472150683403015 1.1167005007351312 1.0814037322998047 0.8581653237342834
196 0.6381016373634338 2.887370020479812 3.447847843170166 1.540055513381958 0.36505722999572754 1.116533330107566 1.08096182346344 0.8589465022087097
197 0.639750063419342 2.884104356731859 3.448499917984009 1.542257308959961 0.3625832498073578 1.1161157463701146 1.0720586776733398 0.8599717617034912
198 0.6395919919013977 2.857268024924038 3.4468436241149902 1.5425519943237305 0.362542986869812 1.0863454816851612 1.0716077089309692 0.8593569397926331
199 0.6397719979286194 2.857089987937333 3.4471325874328613 1.5427325963974 0.36286628246307373 1.0860919603030403 1.0718519687652588 0.8594900369644165
200 0.6407397389411926 2.8572126032632097 3.444761276245117 1.5427268743515015 0.3645351231098175 1.0860941298889992 1.0788285732269287 0.8596144318580627
201 0.6405948996543884 2.857437797689722 3.444883346557617 1.542643666267395 0.3649963438510895 1.0857283064175391 1.078566312789917 0.8595969080924988
202 0.6401722431182861 2.8486973707335417 3.4406168460845947 1.5429028272628784 0.36457082629203796 1.1022293866719421 1.0792959928512573 0.8592994213104248
203 0.6424865126609802 2.844068008070814 3.443321466445923 1.5452475547790527 0.37049275636672974 1.1108332007593094 1.0823485851287842 0.8609536290168762
204 0.6347948312759399 2.8434669078773043 3.441622018814087 1.5451717376708984 0.3687185049057007 1.111756089507287 1.0852676630020142 0.8610044717788696
205 0.6386328339576721 2.845647316194904 3.440377950668335 1.5519170761108398 0.3714017868041992 1.107756644993776 1.087721824645996 0.862339973449707
206 0.6383154988288879 2.84555165924165 3.440300703048706 1.552004098892212 0.3712240159511566 1.1078286958340176 1.0877659320831299 0.8623204827308655
207 0.6383154988288879 2.84555165924165 3.440300703048706 1.552004098892212 0.37123438715934753 1.1078218266684732 1.087756633758545 0.8623210191726685
208 0.6383154988288879 2.84555165924165 3.4402964115142822 1.552004098892212 0.37123438715934753 1.1078218266684732 1.0816552639007568 0.8623210191726685
209 0.6346397995948792 2.8729788843630244 3.4274168014526367 1.5665020942687988 0.38975784182548523 1.0845909648080074 1.097414493560791 0.8682305812835693
210 0.6116083264350891 2.8566094832061677 3.427211284637451 1.5411481857299805 0.3565120995044708 1.1060631584944447 1.0920964479446411 0.8644654154777527
211 0.6117827296257019 2.854966620309989 3.4262843132019043 1.542801022529602 0.3586340844631195 1.1078463965542484 1.0790172815322876 0.8666324615478516
212 0.6161924600601196 2.862180233047475 3.4280002117156982 1.546971082687378 0.35710588097572327 1.0983051852634163 1.064573049545288 0.8619762063026428
213 0.6161924600601196 2.862180233047475 3.4285037517547607 1.546971082687378 0.35710588097572327 1.0983051852634163 1.0723237991333008 0.8619762063026428
214 0.6139928698539734 2.8157294313845695 3.419766902923584 1.5360758304595947 0.3508000373840332 1.142595306466209 1.0822727680206299 0.8585764765739441
215 0.6139928698539734 2.8157294313845695 3.42002272605896 1.5360758304595947 0.3508000373840332 1.142595306466209 1.0936579704284668 0.8585764765739441
216 0.6184859275817871 2.836102577125533 3.4251015186309814 1.5362046957015991 0.35072630643844604 1.091549994314036 1.0889472961425781 0.8593753576278687
217 0.6194491386413574 2.8332490414607907 3.4272398948669434 1.5350369215011597 0.350596159696579 1.0986915599268527 1.0721832513809204 0.8573815822601318
218 0.6239588260650635 2.8465088138563535 3.4255125522613525 1.5369234085083008 0.3553967773914337 1.0768625238937752 1.0718601942062378 0.8569904565811157
219 0.616471529006958 2.8447522521621638 3.4233286380767822 1.5488488674163818 0.3452167809009552 1.0825406469309082 1.0749132633209229 0.8452587723731995
220 0.6164039969444275 2.847131640874006 3.423687219619751 1.5483497381210327 0.35288628935813904 1.0743147869067604 1.0707294940948486 0.8452146053314209
221 0.6224073767662048 2.8547888905146146 3.413858652114868 1.542980432510376 0.3539999723434448 1.0636260582883235 1.0564476251602173 0.8439403772354126
222 0.6210424900054932 2.9156595306947564 3.4120168685913086 1.546231746673584 0.34998226165771484 1.0382887450604479 1.05475652217865 0.8496269583702087
223 0.6204913854598999 2.9194888602969042 3.4115521907806396 1.5485018491744995 0.3476632237434387 1.1052146435443346 1.0595148801803589 0.8490667939186096
224 0.5979444980621338 2.901773053101583 3.4139156341552734 1.5604618787765503 0.34119170904159546 1.119149428273756 1.0721302032470703 0.8347562551498413
225 0.5994418859481812 2.961730352586075 3.4140400886535645 1.5611211061477661 0.34304988384246826 1.1259051136269593 1.0709943771362305 0.8337938785552979
226 0.6047921180725098 2.9585401809382637 3.4175333976745605 1.5694271326065063 0.3363890051841736 1.1273489532169423 1.061775803565979 0.8143103122711182
227 0.6061910390853882 2.8391758610126763 3.4179863929748535 1.5696783065795898 0.33960655331611633 1.1528445338531044 1.0615371465682983 0.8152511119842529
228 0.6065219640731812 2.8393255239583413 3.4177849292755127 1.5699560642242432 0.3401777446269989 1.1521506033424171 1.066972017288208 0.8139632344245911
229 0.6077759861946106 2.8383861506784585 3.4166667461395264 1.570102572441101 0.34423401951789856 1.1543960734608911 1.0682859420776367 0.814111590385437
230 0.6079124808311462 2.8383812400999764 3.416220188140869 1.570106029510498 0.3443268835544586 1.154419321419158 1.069680094718933 0.8141099810600281
231 0.610897958278656 2.838977660214021 3.4166526794433594 1.5697101354599 0.3511262536048889 1.1502035584948889 1.0748172998428345 0.815115213394165
232 0.6095050573348999 2.8398514267047537 3.4169931411743164 1.5695191621780396 0.34834402799606323 1.1490694806287105 1.0746699571609497 0.8150995373725891
233 0.6095050573348999 2.8398514267047537 3.4169931411743164 1.5695191621780396 0.34834402799606323 1.1490694806287105 1.0746699571609497 0.8150995373725891
234 0.6082022786140442 2.8389577559722596 3.4155662059783936 1.5706560611724854 0.34672364592552185 1.151191937085604 1.0771301984786987 0.8145713806152344
235 0.60153728723526 2.841216106129705 3.4172616004943848 1.5666245222091675 0.3397071361541748 1.1545502064425797 1.077022671699524 0.815120279788971
236 0.6036091446876526 2.8862227081217995 3.4166934490203857 1.5665042400360107 0.3429222106933594 1.0285515923962658 1.068089246749878 0.8150238394737244
237 0.6047535538673401 2.88616451439446 3.4166641235351563 1.5666955709457397 0.3442763686180115 1.028981967752928 1.0694736242294312 0.815045177936554
238 0.6043951511383057 2.8864601780031656 3.4168758392333984 1.5667246580123901 0.3439350724220276 1.0286202714006554 1.0691665410995483 0.8150919675827026
239 0.6134012937545776 2.8986804932803523 3.418105125427246 1.5682244300842285 0.35345548391342163 1.0082500626631603 1.0802043676376343 0.8179919719696045
240 0.611282467842102 2.8965914209358696 3.4180095195770264 1.565637469291687 0.3533507287502289 1.0092122899069578 1.080678105354309 0.8175539970397949
241 0.615388035774231 2.890303513771846 3.4183499813079834 1.561424732208252 0.34727922081947327 1.0270054817513998 1.0750055313110352 0.8084935545921326
242 0.6303747892379761 2.8942005906712818 3.418412446975708 1.5613800287246704 0.36947140097618103 1.0243497028108919 1.0894192457199097 0.8129369020462036
243 0.6266950964927673 2.8965798479775784 3.4208295345306396 1.5606218576431274 0.3615266680717468 1.0211505133690553 1.074155330657959 0.8125960230827332
244 0.6266950964927673 2.8965798479775784 3.420673131942749 1.5602229833602905 0.3615266680717468 1.0211505133690553 1.0685174465179443 0.8045976161956787
245 0.6275608539581299 2.8959924117066005 3.4200143814086914 1.5606316328048706 0.36272019147872925 1.0218246377310705 1.0676159858703613 0.8046345710754395
246 0.6275608539581299 2.8959924117066005 3.42535400390625 1.5606316328048706 0.36272019147872925 1.0218246377310705 1.0362927913665771 0.8046345710754395
247 0.6264875531196594 2.9820619693194543 3.4252872467041016 1.5607250928878784 0.3612701892852783 1.0542918056466286 1.0386101007461548 0.8061656951904297
248 0.6264635920524597 2.981951624862461 3.4252145290374756 1.5615322589874268 0.3611109256744385 1.054358560984697 1.036960482597351 0.806127667427063
249 0.6296558976173401 2.981620928438071 3.4251537322998047 1.5582653284072876 0.3635212779045105 1.0622513732636578 1.0377556085586548 0.8089045286178589
250 0.6292849779129028 2.951028939972492 3.4256839752197266 1.5581456422805786 0.36292511224746704 0.9948553884002468 1.0360803604125977 0.8089306354522705
251 0.6297324299812317 2.952098320367349 3.4265005588531494 1.558335781097412 0.3732099235057831 0.9878490985288159 1.0297960042953491 0.8106287121772766
252 0.630991518497467 2.9536938463834805 3.426809787750244 1.5586806535720825 0.3742798864841461 0.9867993975393236 1.0468353033065796 0.817086398601532
253 0.6290301084518433 2.9542133015061425 3.4268620014190674 1.5574270486831665 0.3736119270324707 0.9850346687007817 1.0583831071853638 0.8188751935958862
254 0.6336990594863892 2.954034369250233 3.4313788414001465 1.568661093711853 0.38195571303367615 0.981815892726893 1.0511271953582764 0.8255805969238281
255 0.6318171620368958 2.9549313285319463 3.433401584625244 1.5688084363937378 0.3835895359516144 0.9839843857771507 1.0520689487457275 0.8247819542884827
256 0.6319530606269836 2.9725993571119402 3.4332761764526367 1.5688494443893433 0.38400816917419434 1.0603842986781755 1.0597864389419556 0.8249610066413879
257 0.6308251023292542 2.9807014339699673 3.428786516189575 1.568905234336853 0.38254374265670776 1.0711023633874155 1.0586163997650146 0.8293555974960327
258 0.631792426109314 3.044475113290751 3.429126262664795 1.5689849853515625 0.3873841166496277 0.9869826775260009 1.0505483150482178 0.8297855854034424
259 0.6493126153945923 3.0406928543022285 3.429666519165039 1.5686722993850708 0.41052183508872986 0.9853712723156367 1.0408560037612915 0.8296191692352295
260 0.6495696902275085 3.0450352021670257 3.4297006130218506 1.5633444786071777 0.4104039967060089 0.9858029308155083 1.0413827896118164 0.8361856937408447
261 0.6658420562744141 3.019547940709204 3.428044557571411 1.5588792562484741 0.409854531288147 0.9805109280276859 1.0721217393875122 0.828420102596283
262 0.6567574143409729 3.0006871925472045 3.424198865890503 1.5575400590896606 0.4078287184238434 0.9863130126294055 1.075148582458496 0.8289771676063538
263 0.653940737247467 3.0054430265813803 3.424450635910034 1.5582597255706787 0.4012361466884613 0.9841301908349925 1.0705463886260986 0.8306266069412231
264 0.6545696258544922 2.9908195134015862 3.4225993156433105 1.5584609508514404 0.4021524488925934 0.978184475651879 1.0814495086669922 0.830691397190094
265 0.6570919752120972 2.9903221991341886 3.4217212200164795 1.560232162475586 0.3974573314189911 0.9812874837260289 1.0639801025390625 0.8301302194595337
266 0.653897225856781 2.987476282361976 3.422912359237671 1.5587962865829468 0.3817158639431 0.97513000172143 1.063586711883545 0.8320757746696472
267 0.6426860690116882 2.9825984953270277 3.4232571125030518 1.5584434270858765 0.3649581968784332 0.9900526622024041 1.0616676807403564 0.8307241797447205
268 0.6398897171020508 2.9734116404586004 3.385599136352539 1.5615910291671753 0.373745858669281 0.9966562205901646 1.0498408079147339 0.8337147235870361
269 0.6371356844902039 2.9772867557204163 3.3855857849121094 1.5614839792251587 0.3719995319843292 0.9953340313257676 1.0497050285339355 0.8340840339660645
270 0.6371356844902039 2.8585335302078385 3.3855857849121094 1.5614839792251587 0.3719995319843292 1.062328836981223 1.0540187358856201 0.8340840339660645
271 0.6385524868965149 2.8576989613853363 3.3861217498779297 1.5598455667495728 0.37635311484336853 1.0630992457604056 1.0542621612548828 0.8330910801887512
272 0.6412315368652344 2.864977904135545 3.388437509536743 1.5591418743133545 0.3773421049118042 1.0436294101508587 1.0455220937728882 0.835421621799469
273 0.6417741775512695 2.8661596373714886 3.3880865573883057 1.55878484249115 0.37890854477882385 1.0423811913462047 1.046025276184082 0.8360276222229004
274 0.6436651945114136 2.8665668548428154 3.3826427459716797 1.5571516752243042 0.3810475468635559 1.040983971546588 1.0164828300476074 0.8341335654258728
275 0.6419172286987305 2.870139331334527 3.388730764389038 1.554745078086853 0.377871572971344 1.0381154495066414 1.0049114227294922 0.8262842297554016
276 0.6412774324417114 2.86982852696814 3.389028787612915 1.5486594438552856 0.37722450494766235 1.038643685530937 1.006208896636963 0.8373238444328308
277 0.6514795422554016 2.8673363540189705 3.390138864517212 1.5494385957717896 0.38355928659439087 1.0447479446325867 1.0069293975830078 0.8327881693840027
278 0.6485671401023865 2.860755708242907 3.3925933837890625 1.5478746891021729 0.37823089957237244 1.062912730907337 0.995488703250885 0.8312864303588867
279 0.6395590305328369 2.899412553501897 3.387239933013916 1.5454620122909546 0.39138686656951904 1.1211145082786926 1.024903416633606 0.8355243802070618
280 0.6404348611831665 2.875588148902253 3.395827531814575 1.540507197380066 0.385625422000885 1.1272943973734357 0.9862863421440125 0.8370664119720459
281 0.6490902304649353 2.88039364824512 3.3932745456695557 1.5384106636047363 0.38769450783729553 1.1185865370211103 0.9859288334846497 0.8427875638008118
282 0.6466131806373596 2.871775539613469 3.3940768241882324 1.5388586521148682 0.3818702697753906 1.1418199192344247 0.9860020875930786 0.8418856263160706
283 0.6468584537506104 2.8679686976860976 3.397953510284424 1.536476969718933 0.39130672812461853 1.145357687153986 0.9959040284156799 0.841195285320282
284 0.6468742489814758 2.8770850121675413 3.3967244625091553 1.5340014696121216 0.3893176317214966 1.1214225996390785 1.000230312347412 0.8374843597412109
285 0.6457674503326416 2.8778056630854665 3.394822835922241 1.5342457294464111 0.38955578207969666 1.120604762457349 0.9979174137115479 0.8378397226333618
286 0.6422162652015686 2.876666166802658 3.3951735496520996 1.5323809385299683 0.3809301555156708 1.1251840290962076 0.9967421293258667 0.836712658405304
287 0.635757327079773 2.8790595761215028 3.3942952156066895 1.533479928970337 0.377909392118454 1.1114357192300177 0.9888006448745728 0.8397600650787354
288 0.6330423951148987 2.877169723739339 3.3926661014556885 1.5339772701263428 0.37113380432128906 1.1170397285769724 0.9804968237876892 0.8374967575073242
289 0.6318871378898621 2.8748262374401503 3.3915622234344482 1.5352057218551636 0.3708658814430237 1.1183020151827379 0.9739917516708374 0.8377081155776978
290 0.6264501214027405 2.874229916096358 3.3915414810180664 1.5357189178466797 0.36787334084510803 1.1226340876352552 0.9767534136772156 0.8364240527153015
291 0.6264501214027405 2.8583713828872828 3.3915414810180664 1.5357189178466797 0.36787334084510803 1.0660101033454499 0.9725682139396667 0.8364240527153015
292 0.6366186738014221 2.85742700784018 3.3865270614624023 1.534198522567749 0.37530630826950073 1.071983851691673 0.9659994840621948 0.851111114025116
293 0.6366186738014221 2.85742700784018 3.3865270614624023 1.534198522567749 0.37530630826950073 1.071983851691673 0.9659994840621948 0.851111114025116
294 0.6373543739318848 2.8567505518759617 3.387981414794922 1.533509612083435 0.37450549006462097 1.0731183396041466 0.9670295119285583 0.8510657548904419
295 0.6374162435531616 2.8565997198209523 3.3880228996276855 1.5334936380386353 0.3747994303703308 1.0733317800816444 0.9670731425285339 0.8509982824325562
296 0.6366472244262695 2.8176489405488856 3.3872249126434326 1.5335074663162231 0.3730754256248474 1.1514802018751111 0.9646457433700562 0.850193202495575
297 0.6385905146598816 2.819080222407735 3.3892738819122314 1.5430715084075928 0.37521836161613464 1.1496510943491252 0.9613679647445679 0.8515745401382446
298 0.6388967037200928 2.8190250446726894 3.386676788330078 1.5430057048797607 0.375479519367218 1.149778733128836 0.9615640640258789 0.8515943884849548
299 0.661224901676178 2.822192499088202 3.3844690322875977 1.5438871383666992 0.40320539474487305 1.1426438650360786 0.9661129713058472 0.8536962866783142
300 0.6528307199478149 2.8268959941430114 3.3852808475494385 1.5434808731079102 0.3999149799346924 1.1349965768033947 0.974166750907898 0.8526516556739807
301 0.6521905660629272 2.8267914530374223 3.3846139907836914 1.544006109237671 0.39933374524116516 1.1347881949040095 0.9775835275650024 0.8524860143661499
302 0.6518093943595886 2.8285380720507014 3.3826560974121094 1.5440412759780884 0.4001992344856262 1.1320907438640015 0.9704023599624634 0.8516016006469727
303 0.6520240306854248 2.8290972681907154 3.415132522583008 1.5440484285354614 0.40054696798324585 1.1310868194636574 1.0020546913146973 0.8515638709068298
304 0.6525324583053589 2.829951987259468 3.4153084754943848 1.5432642698287964 0.39950433373451233 1.1293648689917293 1.0007562637329102 0.850191593170166
305 0.6525324583053589 2.829951987259468 3.416351318359375 1.5432642698287964 0.39950433373451233 1.1293648689917293 1.0073777437210083 0.850191593170166
306 0.6524069905281067 2.831173832453114 3.41737961769104 1.5426324605941772 0.3980843424797058 1.127043853164389 1.0106624364852905 0.8570701479911804
307 0.6524069905281067 2.831173832453114 3.410402536392212 1.5426324605941772 0.3980843424797058 1.127043853164389 1.0451710224151611 0.8570701479911804
308 0.653461217880249 2.9218522607058346 3.4107115268707275 1.5426427125930786 0.39688408374786377 1.1299648570878809 1.04315984249115 0.8537127375602722
309 0.653461217880249 2.9218522607058346 3.4106955528259277 1.5426453351974487 0.39688408374786377 1.1299648570878809 1.04293692111969 0.8531690835952759
310 0.6570780873298645 2.9189994590601644 3.412419080734253 1.5456255674362183 0.39681023359298706 1.1260107176041538 1.0450239181518555 0.8505091071128845
311 0.6572352647781372 2.9257692141179272 3.413867473602295 1.555999755859375 0.4055482745170593 1.1277148992977604 1.0560897588729858 0.8616223931312561
312 0.6488088965415955 2.9204527918211114 3.4121344089508057 1.5558009147644043 0.39968761801719666 1.0524181650691595 1.0648193359375 0.8774766325950623
313 0.6503349542617798 2.92094075646954 3.412896156311035 1.5578323602676392 0.399734228849411 1.054143872123145 1.0587469339370728 0.8741781711578369
314 0.648441731929779 2.9232260921347875 3.4137470722198486 1.5617495775222778 0.40119972825050354 1.0511401520499428 1.0565017461776733 0.8754609227180481
315 0.6456133127212524 2.9229360763349357 3.413572311401367 1.5613458156585693 0.40033620595932007 1.051279323833469 1.0574641227722168 0.8764446377754211
316 0.6458136439323425 2.922692550794952 3.4146997928619385 1.6509957313537598 0.4011283814907074 1.051914888714078 1.0387883186340332 0.6588603258132935
317 0.6429285407066345 2.9159838505131503 3.411836624145508 1.6492406129837036 0.39815154671669006 1.0637512066374135 1.0311033725738525 0.6558258533477783
318 0.6478538513183594 2.8960440181516582 3.414607048034668 1.648938536643982 0.3996281921863556 1.0905820654803104 1.0296515226364136 0.6567472219467163
319 0.6476250886917114 2.896029630183023 3.4153878688812256 1.6489574909210205 0.39976558089256287 1.0904938158520436 1.0363808870315552 0.6567658185958862
320 0.6476250886917114 2.896029630183023 3.4153878688812256 1.6489574909210205 0.39976558089256287 1.0904938158520436 1.0363808870315552 0.6567658185958862
321 0.637880802154541 2.892637480677891 3.414795160293579 1.6480222940444946 0.39040303230285645 1.0947999568153335 1.0264159440994263 0.655759334564209
322 0.646452009677887 2.887875214419572 3.4144227504730225 1.630263328552246 0.3942708373069763 1.0845097666871004 1.0227959156036377 0.6548191905021667
323 0.646452009677887 2.887875214419572 3.4144225120544434 1.630263328552246 0.3942708373069763 1.0845097666871004 1.022807240486145 0.6548191905021667
324 0.6324962377548218 2.8836143174817477 3.4216196537017822 1.6322128772735596 0.3842783570289612 1.1013461972757626 1.0163949728012085 0.6484123468399048
325 0.631504237651825 2.895254703191288 3.4186558723449707 1.6374198198318481 0.3903054893016815 1.0862683009285559 1.0041496753692627 0.6540235280990601
326 0.6278698444366455 2.8928129687131556 3.4176127910614014 1.6377527713775635 0.3857608139514923 1.0920886421384415 1.0116859674453735 0.6505740284919739
327 0.6266744136810303 2.8916068476379104 3.418020248413086 1.6378297805786133 0.385650634765625 1.0932872660618078 1.0237188339233398 0.6506763100624084
328 0.6230815052986145 2.885738461463472 3.406679153442383 1.6305761337280273 0.37460848689079285 1.1066852198809123 1.0158790349960327 0.6440911293029785
329 0.623457133769989 2.877856815668907 3.4063663482666016 1.6306978464126587 0.3753264844417572 1.1250172401789613 1.0173044204711914 0.6440834999084473
330 0.624090313911438 2.877952817081905 3.4062740802764893 1.6306203603744507 0.37552765011787415 1.1250521662532154 1.0172157287597656 0.6442034244537354
331 0.6238695383071899 2.8776813601387117 3.4048986434936523 1.5408676862716675 0.3746818006038666 1.1255391527880432 1.0309693813323975 0.8670602440834045
332 0.6453855037689209 2.8743949343881665 3.4045000076293945 1.5429935455322266 0.4006243348121643 1.1218709296086309 1.0353323221206665 0.8674927353858948
333 0.6454775929450989 2.874518574972759 3.4040942192077637 1.5446913242340088 0.40013033151626587 1.1214811803443547 1.0348714590072632 0.8636294603347778
334 0.6520254015922546 2.875524281520125 3.40386962890625 1.5449546575546265 0.4066108763217926 1.118418943782088 1.0355876684188843 0.8643501400947571
335 0.6532736420631409 2.8764650267184875 3.4013302326202393 1.5445923805236816 0.4083956480026245 1.1160588490462233 1.0041593313217163 0.8629770278930664
336 0.6548605561256409 2.876253878748098 3.401533842086792 1.5431523323059082 0.41465654969215393 1.11417081766254 0.9976946711540222 0.8566256761550903
337 0.6516836285591125 2.8660243604378244 3.4028542041778564 1.542403221130371 0.4125315845012665 1.129064715572476 0.9987776279449463 0.8588048815727234
338 0.632006049156189 2.8645370492369784 3.4033782482147217 1.5320589542388916 0.38533827662467957 1.1329814065261115 0.9942466616630554 0.8608009219169617
339 0.6308349967002869 2.8644924661140423 3.402724027633667 1.5321277379989624 0.3842918574810028 1.1330639104758873 0.9947130680084229 0.8606863021850586
340 0.6365833282470703 2.862937300600686 3.4024548530578613 1.5320569276809692 0.3927038311958313 1.1316842941296388 0.9967133402824402 0.86237633228302
341 0.6368566155433655 2.8629364603415244 3.402649402618408 1.5318058729171753 0.39223337173461914 1.1319388885279615 0.9968084692955017 0.8624276518821716
342 0.6366156935691833 2.863073631133491 3.402092695236206 1.531866431236267 0.39192068576812744 1.1316402991412509 0.9975205659866333 0.8624898195266724
343 0.6440630555152893 2.8636897014939082 3.401735782623291 1.5333540439605713 0.3955415189266205 1.129641083932248 0.9968522191047668 0.8602047562599182
344 0.6433269381523132 2.860782263695081 3.400749683380127 1.5342241525650024 0.3947368264198303 1.1206003359133518 0.998487114906311 0.8594334125518799
345 0.6389371752738953 2.8591227034745335 3.4029901027679443 1.5306965112686157 0.3854297995567322 1.1218692618828963 0.9813182950019836 0.8602607250213623
346 0.6398574113845825 2.8657523574814996 3.4088971614837646 1.5264569520950317 0.3884676992893219 1.137448513045395 0.9940270781517029 0.8580202460289001
347 0.6458602547645569 2.8665261530791692 3.4113950729370117 1.5294092893600464 0.39171868562698364 1.1384456952942108 1.004808783531189 0.85552579164505
348 0.6446444392204285 2.8673147391180085 3.4028515815734863 1.529568076133728 0.3928510844707489 1.1355706845879519 0.9702315926551819 0.8556155562400818
349 0.6440610885620117 2.8672751730148223 3.4023544788360596 1.5289740562438965 0.3921259343624115 1.1357358753118758 0.973781406879425 0.8543023467063904
350 0.6457221508026123 2.86546183475937 3.4023618698120117 1.5293773412704468 0.3922554850578308 1.138649182942923 0.9734761714935303 0.8545026183128357
351 0.6463437080383301 2.8662197575006094 3.403470039367676 1.627175211906433 0.3937525153160095 1.1371353947823604 0.9574328660964966 0.6181760430335999
352 0.6234845519065857 2.879822095775727 3.405808210372925 1.6287424564361572 0.3751036822795868 1.0838581097420719 0.9522435069084167 0.6223795413970947
353 0.6234049201011658 2.8802278139954893 3.404658317565918 1.6284364461898804 0.37511375546455383 1.0833890964198796 0.9628051519393921 0.622730016708374
354 0.6262238621711731 2.8939080212221677 3.4055094718933105 1.623213768005371 0.37841254472732544 1.0720980501155846 0.9601711630821228 0.6348652243614197
355 0.6246932744979858 2.900320477208353 3.403779983520508 1.620285153388977 0.38520950078964233 1.0722834443498914 0.9636253714561462 0.6300014853477478
356 0.6228132843971252 2.9050251395450597 3.401291847229004 1.620840072631836 0.38379064202308655 1.0670949856607566 0.9619588255882263 0.6375741958618164
357 0.6226153373718262 2.9045696015054374 3.4009933471679688 1.6208935976028442 0.3817732632160187 1.0680136851533915 0.9627100825309753 0.6371091604232788
358 0.6226153373718262 2.9045696015054374 3.401202440261841 1.6208935976028442 0.3817732632160187 1.0680136851533915 0.9998760223388672 0.6371091604232788
359 0.6324364542961121 2.8552889569023185 3.401623249053955 1.6208728551864624 0.391257107257843 1.130712649778663 1.0024933815002441 0.6385365128517151
360 0.6321866512298584 2.855334479983595 3.4022247791290283 1.620883584022522 0.39102599024772644 1.130654989861006 0.9994102120399475 0.6385169625282288
361 0.6332803964614868 2.850584669424917 3.401474952697754 1.6206660270690918 0.3923749625682831 1.1254732134331853 0.9978901147842407 0.6402357816696167
362 0.6231127381324768 2.8457993842227345 3.4021687507629395 1.6206330060958862 0.38645580410957336 1.1328571138417185 0.995947539806366 0.6415876746177673
363 0.6231169104576111 2.8457794463411497 3.402190923690796 1.6206347942352295 0.38638535141944885 1.1329145464059693 0.9963399767875671 0.6415497660636902
364 0.6239158511161804 2.849685799146252 3.405182361602783 1.6205544471740723 0.38446280360221863 1.1270905399373279 0.9981134533882141 0.6436898708343506
365 0.6198925971984863 2.8489904767781358 3.4055724143981934 1.6206670999526978 0.3813204765319824 1.1287574231939597 0.9964810609817505 0.644201397895813
366 0.6198931932449341 2.8489906106471525 3.4054629802703857 1.6206669807434082 0.38132205605506897 1.1287582074703417 0.9968079924583435 0.6442011594772339
367 0.6228235960006714 2.8498062119300904 3.4079370498657227 1.619085431098938 0.37805870175361633 1.133550139264528 0.9940602779388428 0.6431824564933777
368 0.6240348815917969 2.8751353879645354 3.41104793548584 1.6217694282531738 0.3725121021270752 1.1435515301283137 0.9916535019874573 0.6403053402900696
369 0.6204442977905273 2.8801001740496104 3.4110379219055176 1.6256283521652222 0.3805759847164154 1.1377421965930732 0.9979364275932312 0.6466253399848938
370 0.6134476661682129 2.8662644083701414 3.405144214630127 1.6147295236587524 0.36494946479797363 1.1450548437132733 0.9915785193443298 0.6350330710411072
371 0.6179694533348083 2.8722337515854086 3.410573959350586 1.6123548746109009 0.37865906953811646 1.1586736789868046 1.0069077014923096 0.6352567672729492
372 0.6177473664283752 2.8696298602776236 3.4108083248138428 1.6124367713928223 0.37843966484069824 1.1680088690705683 1.0061277151107788 0.6350127458572388
373 0.6105040311813354 2.8723813512116014 3.4106626510620117 1.6133906841278076 0.36345958709716797 1.1718454949771808 1.0138920545578003 0.6332332491874695
374 0.6177355647087097 2.885270033991915 3.420266628265381 1.6114161014556885 0.35390716791152954 1.161815149305088 1.0068168640136719 0.6268656253814697
375 0.6095278263092041 2.8848714636223596 3.417576551437378 1.612382411956787 0.35163450241088867 1.175624691142826 1.0015407800674438 0.6262196898460388
376 0.6094525456428528 2.903390686476898 3.4174745082855225 1.6126036643981934 0.3506242632865906 1.1205991740966008 0.9968309998512268 0.6267896294593811
377 0.6093760132789612 2.903259741840487 3.4176740646362305 1.608192801475525 0.35084646940231323 1.1206645290028021 0.9917282462120056 0.6085191369056702
378 0.6121636629104614 2.912198738047177 3.4181180000305176 1.6085048913955688 0.35188809037208557 1.089883466336484 0.9931318163871765 0.6140144467353821
379 0.6139562726020813 2.9110429943814267 3.4176433086395264 1.6078500747680664 0.3525300621986389 1.0886467055746314 0.9918033480644226 0.6165634989738464
380 0.6132717132568359 2.9004944009155764 3.4177987575531006 1.6077485084533691 0.3510950803756714 1.1021061136975692 0.9933555722236633 0.6158624291419983
381 0.6185505390167236 2.904843867103802 3.4198131561279297 1.607385516166687 0.34137198328971863 1.0977502948473798 0.9866870641708374 0.6182072758674622
382 0.618069052696228 2.9042227478643823 3.419039249420166 1.6076598167419434 0.34204432368278503 1.0967810036615209 0.9736901521682739 0.6185648441314697
383 0.6162861585617065 2.8045288164138715 3.4227256774902344 1.607823371887207 0.3436446189880371 1.1994762041362754 1.0202821493148804 0.619051456451416
384 0.6210029125213623 2.8160994391972896 3.426992654800415 1.6098817586898804 0.3419882655143738 1.218441195469564 1.0146971940994263 0.612093985080719
385 0.6111100316047668 2.8274908350509342 3.4245059490203857 1.6161656379699707 0.34667807817459106 1.2012592462590141 1.016664981842041 0.6154249906539917
386 0.6148954629898071 2.8285058062151713 3.424044132232666 1.6166130304336548 0.34786108136177063 1.2021984386149882 1.016188383102417 0.615967333316803
387 0.6157051920890808 2.8312561849773545 3.424884796142578 1.616981863975525 0.3496565520763397 1.1962854212391916 1.0248768329620361 0.6160258054733276
388 0.6186273097991943 2.833981328223125 3.4269931316375732 1.6231210231781006 0.3551724851131439 1.1890237121808604 1.0238808393478394 0.6200827956199646
389 0.6209152936935425 2.8356393105391007 3.4262802600860596 1.6210523843765259 0.3574311137199402 1.1825976216562093 1.0236228704452515 0.6516894102096558
390 0.6305950284004211 2.8387293598685255 3.425520181655884 1.621268630027771 0.3697815537452698 1.1845824623568388 1.040339708328247 0.6524654030799866
391 0.6313126683235168 2.8389007514572286 3.4258079528808594 1.621159315109253 0.36986884474754333 1.1845596369035611 1.039353847503662 0.6517620086669922
392 0.6414411067962646 2.8359972812482375 3.432163953781128 1.6217658519744873 0.3746282756328583 1.1855123950808226 1.0354658365249634 0.6560347080230713
393 0.6418295502662659 2.8361412897034977 3.4323837757110596 1.6216479539871216 0.37331730127334595 1.1855689237278346 1.0354996919631958 0.656218409538269
394 0.6201596856117249 2.83927634756168 3.427830934524536 1.6370158195495605 0.37558624148368835 1.185289743893694 1.043310284614563 0.6527360677719116
395 0.6174584031105042 2.840167267343033 3.42818021774292 1.6368213891983032 0.3711686432361603 1.185125427629589 1.040405511856079 0.6519737839698792
396 0.6188675165176392 2.8398376513608463 3.4295084476470947 1.6439133882522583 0.37351369857788086 1.1870122311741982 1.0390185117721558 0.6497300267219543
397 0.6179352402687073 2.83570677380435 3.428391933441162 1.643667459487915 0.3755160868167877 1.1439158499092947 1.0368784666061401 0.6468366980552673
398 0.6116607785224915 2.844716635057829 3.4282960891723633 1.646307349205017 0.377779483795166 1.1246722804865898 1.038745403289795 0.6500881910324097
399 0.6117333173751831 2.844897754155113 3.4268133640289307 1.6451774835586548 0.3783273696899414 1.12574964550542 1.04507315158844 0.6503475308418274
400 0.6070170402526855 2.844529712096441 3.4284141063690186 1.6449055671691895 0.37563470005989075 1.1280810835187034 1.0326391458511353 0.6488617062568665
