init 0.576325535774231 2.2313220518172314 3.1523547172546387 1.3680521249771118 0.0 0.0 0.0 0.0
1 0.636086642742157 1.7643827898269906 3.168126344680786 1.3592784404754639 0.2932209074497223 1.5900934437196028 0.5516496300697327 0.10399423539638519
2 0.6944343447685242 1.8796809591591974 3.189967632293701 1.3904491662979126 0.36752238869667053 1.5642739759365478 0.612044632434845 0.23434403538703918
3 0.7439497113227844 1.7015623393917014 3.1876466274261475 1.4229685068130493 0.448086142539978 1.4235854723451278 0.6050159335136414 0.38181787729263306
4 0.7412347197532654 1.6543160901446463 3.161651611328125 1.4217188358306885 0.4298161566257477 1.3389682990873193 0.6973772048950195 0.3879402279853821
5 0.7600083947181702 1.7029258431145993 3.166327714920044 1.4604027271270752 0.4519882798194885 1.3269330405781796 0.7584982514381409 0.47766348719596863
6 0.8288512229919434 1.6855992973861416 3.1793994903564453 1.471538782119751 0.5425204038619995 1.4317028613147247 0.8202534317970276 0.5367862582206726
7 0.835339367389679 1.692974826914951 3.18074631690979 1.4802320003509521 0.556604266166687 1.4838202333987096 0.8499087691307068 0.5730403661727905
8 0.8346511125564575 1.6336888179942597 3.2434487342834473 1.4852969646453857 0.5620913505554199 1.4700596356897635 0.978987455368042 0.5809561610221863
9 0.8313310146331787 1.630125024106604 3.2437386512756348 1.435331106185913 0.5624557137489319 1.4806284953108648 0.9934365749359131 0.7785522937774658
10 0.7941844463348389 1.6400933451785868 3.2383077144622803 1.4111320972442627 0.5171777606010437 1.4519045141345817 1.0041277408599854 0.7252601385116577
11 0.79485684633255 1.6452213988554165 3.2462894916534424 1.4140775203704834 0.5181106328964233 1.4443405435913805 1.0183061361312866 0.7360451817512512
12 0.7957338094711304 1.8012213947417541 3.2798891067504883 1.414554476737976 0.5198358297348022 1.534761670312471 1.1549328565597534 0.7374151945114136
13 0.787010669708252 1.8153174577849565 3.2764949798583984 1.4154188632965088 0.5084963440895081 1.4698496413756703 1.139142632484436 0.7307785749435425
14 0.7361225485801697 1.7541587744236014 3.2543301582336426 1.3774774074554443 0.42546772956848145 1.4050147924343335 1.050387978553772 0.6677542328834534
15 0.7082040905952454 1.808162137176487 3.2618587017059326 1.4849071502685547 0.3733460307121277 1.4203987094010444 1.0888749361038208 0.7997716069221497
16 0.7069135308265686 2.013654671859829 3.2620272636413574 1.484748363494873 0.3727632164955139 1.646735965772631 1.1212531328201294 0.799630880355835
17 0.7079613208770752 1.8427553809222408 3.262147903442383 1.4993118047714233 0.38907483220100403 1.446415388004685 1.108241081237793 0.8059942722320557
18 0.6781806945800781 1.9045921635844139 3.2045516967773438 1.497530460357666 0.3134344816207886 1.452687060401617 0.8857122659683228 0.7893310785293579
19 0.6789674758911133 1.8768851826949813 3.2055439949035645 1.4970037937164307 0.3145807385444641 1.2210592015123132 0.8782501220703125 0.7941474318504333
20 0.677651584148407 1.968474715669838 3.202726364135742 1.4969550371170044 0.3118292987346649 1.4430619027233516 0.8928388953208923 0.7942028045654297
21 0.6787846684455872 1.8669006233900236 3.2030222415924072 1.4988312721252441 0.313435822725296 1.2811418046305598 0.8671326041221619 0.7964144945144653
22 0.6754581332206726 1.7374130234926213 3.199089288711548 1.4919182062149048 0.3089803159236908 1.2794108233430734 0.8372936844825745 0.7891791462898254
23 0.6681540012359619 1.746581965605828 3.199754476547241 1.4934099912643433 0.30041688680648804 1.2897286178723346 0.8428227305412292 0.7899726629257202
24 0.6734517812728882 1.801772264315798 3.200968027114868 1.490203857421875 0.3097188174724579 1.3661208721777334 0.8516021966934204 0.7885031700134277
25 0.6744230389595032 1.7603901310058256 3.204486608505249 1.502185583114624 0.3113113343715668 1.3075893553310933 0.8839775323867798 0.806124746799469
26 0.6783350110054016 1.7478189086925988 3.2036237716674805 1.4837638139724731 0.30374717712402344 1.2889850217007632 0.8716776371002197 0.7849764823913574
27 0.6972787976264954 1.7332039733679074 3.210512638092041 1.5084924697875977 0.3278401494026184 1.2841715844202453 0.8857725262641907 0.8188245296478271
28 0.6569874286651611 1.9392104353379591 3.1946544647216797 1.4869661331176758 0.26267072558403015 1.4277599067700097 0.8645246028900146 0.7751060128211975
29 0.656867265701294 1.7731267687692596 3.1946675777435303 1.4869441986083984 0.2625507712364197 1.674881398339331 0.9068981409072876 0.7751543521881104
30 0.651689887046814 1.7760904709377041 3.1943154335021973 1.4868690967559814 0.24869416654109955 1.5850408077578557 0.8941048979759216 0.7740804553031921
31 0.6516076922416687 2.0297575908229124 3.194373607635498 1.486966848373413 0.2483448088169098 1.0859617924955034 0.8170431852340698 0.7742136120796204
32 0.6519608497619629 2.0526110334327163 3.194905996322632 1.4863941669464111 0.25199317932128906 0.9982740278133573 0.8165671229362488 0.7734634876251221
33 0.6567503809928894 2.061462424890361 3.1952648162841797 1.49468994140625 0.2629280686378479 1.016687931071668 0.8224003911018372 0.7820004820823669
34 0.6593050360679626 2.087469417488213 3.195807933807373 1.491673469543457 0.262215793132782 1.010510122112554 0.8271690607070923 0.7797069549560547
35 0.6581922173500061 2.0162194032254313 3.1962289810180664 1.493584394454956 0.26408451795578003 0.9973014491328956 0.8266798853874207 0.7818023562431335
36 0.6512967944145203 2.0269824140560604 3.202441930770874 1.4763059616088867 0.25504717230796814 1.011901149627346 0.8705170154571533 0.7620900869369507
37 0.6527200937271118 1.9310899945928184 3.2042958736419678 1.473252773284912 0.2567654550075531 1.0019229723663299 0.9111521244049072 0.7590400576591492
38 0.6527431607246399 2.038361596891231 3.2018160820007324 1.4751429557800293 0.2575925886631012 0.9401393828368204 0.9022056460380554 0.7614030838012695
39 0.6516280174255371 2.038957197227138 3.200686454772949 1.4764143228530884 0.2562931776046753 0.9365007292184816 0.896260678768158 0.7578219771385193
40 0.6541221141815186 2.0334389194447082 3.2000577449798584 1.4744348526000977 0.261955589056015 0.9406238539311587 0.8908551335334778 0.7563227415084839
41 0.6546664834022522 2.0344984632265692 3.2009854316711426 1.4749846458435059 0.2642274796962738 0.939834453088747 0.9032392501831055 0.7565972208976746
42 0.6565160155296326 2.055319795973038 3.201807975769043 1.4770349264144897 0.27543795108795166 0.9793930126831379 0.8951432108879089 0.758000373840332
43 0.6561132073402405 2.0677824860862697 3.2011423110961914 1.3859443664550781 0.274903804063797 0.9706572703496905 0.8822361826896667 0.653380811214447
44 0.6542137861251831 2.0533947663316297 3.195387363433838 1.3939241170883179 0.2614714205265045 0.9383011278107022 0.8595346212387085 0.6576744318008423
45 0.6558595895767212 2.0326175396392885 3.19565486907959 1.394504189491272 0.26311901211738586 0.9701023826086578 0.8545958995819092 0.6586945652961731
46 0.6561186909675598 2.0278860769449896 3.1942827701568604 1.386111855506897 0.2649615705013275 0.9726505895661451 0.8534209132194519 0.6487723588943481
47 0.6523441076278687 2.0310528109658352 3.194566011428833 1.3953258991241455 0.26209554076194763 0.9715663703615863 0.8553146719932556 0.6610521674156189
48 0.645021378993988 2.018607869596548 3.192932367324829 1.396338701248169 0.24885472655296326 0.9814947212275466 0.8536028265953064 0.6731056571006775
49 0.6446381211280823 2.0191498023853187 3.190607786178589 1.396421194076538 0.24699412286281586 0.9812485174752296 0.8496353030204773 0.673162579536438
50 0.6546353697776794 2.019676275952246 3.197883367538452 1.4102205038070679 0.26220330595970154 0.9860847783632486 0.8701593279838562 0.6933401226997375
51 0.6519680023193359 2.017423416117586 3.1955509185791016 1.4060907363891602 0.2522682547569275 0.98411562054514 0.8616647124290466 0.6842321157455444
52 0.6525110602378845 2.0216116774767507 3.1950857639312744 1.3909213542938232 0.25135836005210876 0.9816497184035501 0.8629857897758484 0.6909281611442566
53 0.6566847562789917 2.021240202474497 3.244943857192993 1.409005880355835 0.2610234320163727 0.9741626859316349 1.0633090734481812 0.7201753854751587
54 0.6584177017211914 2.0310743947848455 3.2458393573760986 1.4152674674987793 0.2639881372451782 0.9639275372116689 1.0645383596420288 0.7293896079063416
55 0.6606025099754333 2.1045809256617485 3.2438852787017822 1.4207435846328735 0.2661236822605133 0.9856200159674782 1.089139461517334 0.7469683289527893
56 0.6610159873962402 2.0194025847534904 3.242385149002075 1.4207786321640015 0.26595476269721985 0.9922053772837718 1.0845187902450562 0.7468884587287903
57 0.6612340807914734 2.016795805077991 3.2152998447418213 1.4210560321807861 0.2674199342727661 0.9823225471329459 0.93767911195755 0.7471709251403809
58 0.6608839631080627 1.8265274985596036 3.215303897857666 1.4211970567703247 0.2666324973106384 1.0871989314372121 0.9460818767547607 0.7466503977775574
59 0.6584540605545044 1.8057048170797039 3.21134877204895 1.4202722311019897 0.2589140832424164 1.1098261018202018 0.9347140789031982 0.7482833862304688
60 0.6571757793426514 1.9867177669004115 3.2103824615478516 1.419189453125 0.25635290145874023 0.988833561674737 0.9218060970306396 0.7444462180137634
61 0.6571865081787109 1.9055708929356616 3.2103803157806396 1.4191936254501343 0.2563680410385132 1.0207463302027164 0.9238496422767639 0.7444472312927246
62 0.6518827676773071 1.7778991065176133 3.210275411605835 1.4134901762008667 0.2518540918827057 1.1941139427883172 0.9329400658607483 0.7397991418838501
63 0.6519497632980347 1.7787250071594465 3.2104251384735107 1.4144631624221802 0.2519085705280304 1.1940353846448473 0.9501892924308777 0.7409952878952026
64 0.6517234444618225 1.7828066047711388 3.2104804515838623 1.4058996438980103 0.23996837437152863 1.1877230875322953 0.952890157699585 0.7349699139595032
65 0.6513764262199402 1.783204710068578 3.2110109329223633 1.4061470031738281 0.24042633175849915 1.199423739168474 0.9569441080093384 0.7353479266166687
66 0.6440284848213196 1.8103493609657848 3.208037853240967 1.4841525554656982 0.22980715334415436 1.154194903229125 0.9647462964057922 0.8394395112991333
67 0.6445950865745544 1.8630006941465989 3.207634210586548 1.4850611686706543 0.23074164986610413 1.1326107252429924 0.9615685343742371 0.8407279849052429
68 0.6444849967956543 2.096456714845028 3.2076380252838135 1.4854340553283691 0.22949078679084778 1.8193289272011453 1.051508903503418 0.8408406376838684
69 0.6444849967956543 2.0714515180599014 3.2075812816619873 1.4854340553283691 0.22949078679084778 1.8153613834331779 1.053078293800354 0.8408406376838684
70 0.6434668302536011 2.067103139610686 3.2081847190856934 1.485343337059021 0.22869545221328735 1.816042820251114 1.0521970987319946 0.8409581184387207
71 0.6380418539047241 2.09854069935555 3.2087290287017822 1.4875928163528442 0.23978039622306824 1.8547064843267294 1.0605554580688477 0.8420411348342896
72 0.6381991505622864 1.730478233995457 3.209230661392212 1.4878431558609009 0.24071860313415527 1.2189730192590789 0.9717910289764404 0.8422254323959351
73 0.636792778968811 2.023837354134036 3.207853078842163 1.4854364395141602 0.23824390769004822 1.6485898148175155 1.005141258239746 0.8343973159790039
74 0.6383969187736511 2.033634894265143 3.197598695755005 1.4863786697387695 0.23982277512550354 1.6522272436045962 0.9422854781150818 0.8362019658088684
75 0.6374630331993103 2.028248379444542 3.1973044872283936 1.4855877161026 0.23832525312900543 1.649278108828512 0.9410363435745239 0.8348093032836914
76 0.6340708136558533 2.033790190262637 3.198768377304077 1.4850481748580933 0.23787835240364075 1.656726893355901 0.9433799982070923 0.8344232439994812
77 0.6381884217262268 2.029969178009825 3.1974542140960693 1.489016056060791 0.2463676631450653 1.540880280970815 0.926193118095398 0.8370822072029114
78 0.6426047682762146 2.0528198741892125 3.199394464492798 1.492724061012268 0.25093719363212585 1.5525724313955478 0.9318415522575378 0.8432778716087341
79 0.6399349570274353 2.1474335650683924 3.1989028453826904 1.5806699991226196 0.24732241034507751 1.227290372733837 0.9030734896659851 0.9885079264640808
80 0.6407217979431152 2.145757848206526 3.198683738708496 1.580679178237915 0.2476770281791687 1.2265467393190004 0.9025442600250244 0.9885358810424805
81 0.6411376595497131 2.1454562625621465 3.2005465030670166 1.5805591344833374 0.247920960187912 1.2263091040522343 0.900972843170166 0.9884892702102661
82 0.6414663195610046 2.212831013767573 3.200085401535034 1.580741286277771 0.24847674369812012 1.2064351064872696 0.9165847897529602 0.9886687397956848
83 0.6414588093757629 2.246329642008845 3.1981194019317627 1.5807433128356934 0.24849535524845123 1.4067765118749092 0.9424691796302795 0.9886689186096191
84 0.6457126140594482 2.0499661051314297 3.198275089263916 1.5805342197418213 0.25628662109375 1.3816597426779589 0.9377971887588501 0.9892246127128601
85 0.6479739546775818 2.322099901782675 3.1978769302368164 1.5790574550628662 0.25525033473968506 1.3630254198580565 0.9298995733261108 0.9877240657806396
86 0.6478965282440186 2.259984574718966 3.197887420654297 1.5791016817092896 0.25535595417022705 1.3755986093604196 0.9316616654396057 0.9877716302871704
87 0.6461509466171265 2.2638308821043083 3.197173595428467 1.578253984451294 0.25372692942619324 1.3915598822761592 0.9371975660324097 0.9850869178771973
88 0.6461509466171265 2.275311988693152 3.1964991092681885 1.578253984451294 0.25372692942619324 1.4430417826594362 0.9350915551185608 0.9850869178771973
89 0.6461509466171265 2.275311988693152 3.1964991092681885 1.578253984451294 0.25372692942619324 1.4430417826594362 0.9350915551185608 0.9850869178771973
90 0.6446757316589355 2.298206557915556 3.197186231613159 1.5786969661712646 0.25125181674957275 1.4508108145246374 0.9330035448074341 0.9857179522514343
91 0.6474639773368835 2.073699394720269 3.199199676513672 1.5799362659454346 0.25430744886398315 1.0058529332323172 0.9366786479949951 0.9884131550788879
92 0.6474841833114624 2.240547480912554 3.202742338180542 1.580426812171936 0.2545640766620636 1.1572196679782165 0.9699394702911377 0.9888631105422974
93 0.648675799369812 2.052798287216163 3.2038090229034424 1.57548987865448 0.25982117652893066 1.2632323518466653 0.9890367984771729 0.9879869818687439
94 0.6474194526672363 2.04178622480523 3.2036550045013428 1.574676275253296 0.2585239112377167 1.2467095633078389 0.9862643480300903 0.9866392612457275
95 0.6454232335090637 2.104039976046212 3.201943874359131 1.5696221590042114 0.2483655959367752 1.4268772280065312 0.9946522116661072 0.9857380390167236
96 0.645168662071228 2.0999235640989613 3.201842784881592 1.5687726736068726 0.24780942499637604 1.4349127257520113 0.9955469965934753 0.9847183227539063
97 0.6429873108863831 2.1452340558055734 3.202241897583008 1.567726492881775 0.24534891545772552 1.637351258871168 1.0254504680633545 0.9840874075889587
98 0.6427487730979919 1.4256703776223414 3.203050374984741 1.5655920505523682 0.2460002452135086 2.307757127942369 1.1270859241485596 0.9819142818450928
99 0.640636682510376 1.4257709135785797 3.203577995300293 1.5668492317199707 0.24235157668590546 2.3055027025443926 1.1272586584091187 0.9824417233467102
100 0.640502393245697 1.4164510351007757 3.205338716506958 1.5671716928482056 0.24237531423568726 2.313014475750916 1.145789623260498 0.9827401638031006
101 0.6408296823501587 1.4154159216161841 3.20532488822937 1.56705904006958 0.24297310411930084 2.3132142506501396 1.14586341381073 0.9827168583869934
102 0.6417983174324036 1.4175871125103012 3.206101655960083 1.5682411193847656 0.25455135107040405 2.3106640323675514 1.141831874847412 0.9831653833389282
103 0.6427037119865417 1.418646837998064 3.206110715866089 1.5690675973892212 0.25714391469955444 2.3101560378136976 1.14131498336792 0.9836760759353638
104 0.6430485844612122 1.4156467029080866 3.2074172496795654 1.570791244506836 0.2573680281639099 2.309689985132652 1.13481605052948 0.9840583205223083
105 0.6430867314338684 1.4159172912300864 3.2012569904327393 1.570823073387146 0.2575758397579193 2.309720974848407 1.1156994104385376 0.9840912818908691
106 0.6419910192489624 1.4258024729206722 3.1999948024749756 1.5712653398513794 0.25014176964759827 2.338988525586412 1.1246365308761597 0.9855970740318298
107 0.6469555497169495 1.4270054281608657 3.200731039047241 1.5660767555236816 0.2624402344226837 2.3411623861623894 1.1243940591812134 0.9754582047462463
108 0.645674467086792 1.4261892051272909 3.201643705368042 1.5674775838851929 0.2635180354118347 2.338656526242173 1.1257990598678589 0.9758959412574768
109 0.6474418044090271 1.4246516657645616 3.207017660140991 1.565933108329773 0.26186197996139526 2.3438453014926957 1.1550076007843018 0.9749898910522461
110 0.6422310471534729 1.4302159560908025 3.2050158977508545 1.5697163343429565 0.2563733458518982 2.3264566726673648 1.151343584060669 0.9806504249572754
111 0.6419976353645325 1.4306141207474825 3.2059786319732666 1.5695699453353882 0.26214808225631714 2.32425454304361 1.1525720357894897 0.9805790185928345
112 0.640766441822052 1.4311770788010785 3.205918073654175 1.5695141553878784 0.26008340716362 2.323971484310231 1.1524289846420288 0.9815545082092285
113 0.6431562900543213 1.440626908411091 3.2077739238739014 1.5722054243087769 0.26658308506011963 2.3231109698559536 1.159398078918457 0.9851371049880981
114 0.6443875432014465 1.4415207694513799 3.2078800201416016 1.573179006576538 0.26896050572395325 2.323223851883284 1.1598843336105347 0.9864484071731567
115 0.6431253552436829 1.4420211041830122 3.2075324058532715 1.5706470012664795 0.2675340473651886 2.323946426506155 1.1595923900604248 0.9806010723114014
116 0.6461915969848633 1.4387737648054637 3.2075023651123047 1.5782063007354736 0.27020400762557983 2.323844819950096 1.159242868423462 0.9873592257499695
117 0.6472651958465576 1.4404108549929076 3.2031161785125732 1.576801061630249 0.26326969265937805 2.3244852085698313 1.1488564014434814 0.9865977168083191
118 0.6475125551223755 1.4405097873785586 3.2060694694519043 1.5767724514007568 0.2643234133720398 2.3249980377141175 1.1610299348831177 0.9865618944168091
119 0.6449018716812134 1.4452342584230775 3.205270528793335 1.5739370584487915 0.2630367577075958 2.3411171770484764 1.1639927625656128 0.9852919578552246
120 0.6448069214820862 1.4454112444015215 3.2451066970825195 1.574405550956726 0.2628478705883026 2.341877786217277 1.3233896493911743 0.985645592212677
121 0.640478253364563 1.4370263331801765 3.241097927093506 1.5775620937347412 0.25521862506866455 2.3417954261536287 1.285269021987915 0.9851418137550354
122 0.6397570371627808 1.433295554655586 3.2422564029693604 1.5776363611221313 0.25546979904174805 2.3372382804619285 1.2868309020996094 0.9845752120018005
123 0.6397731304168701 1.4314383828321249 3.2469065189361572 1.5785068273544312 0.2555507719516754 2.3338257807107547 1.2957056760787964 0.9875752329826355
124 0.6407106518745422 1.4333965860372087 3.2506465911865234 1.5781643390655518 0.26211872696876526 2.333987462455803 1.309956431388855 0.9866653084754944
125 0.6505751609802246 1.4302856829736719 3.255018472671509 1.578574538230896 0.2836017310619354 2.3432013062814625 1.3199331760406494 0.9967954158782959
126 0.6532767415046692 1.4251531845750285 3.258211851119995 1.5808556079864502 0.2833894193172455 2.3435852623145825 1.323168396949768 0.999107837677002
127 0.6603691577911377 1.4279154508952803 3.2600574493408203 1.5870788097381592 0.30593711137771606 2.3430082372594034 1.3282617330551147 1.0102494955062866
128 0.6604320406913757 1.439113674838899 3.2608513832092285 1.59025239944458 0.3150383532047272 2.3463353980175463 1.3327360153198242 1.0264414548873901
129 0.6599258184432983 1.4389104916617053 3.261099100112915 1.5902162790298462 0.31426844000816345 2.3453607505113143 1.333154320716858 1.0264310836791992
130 0.6640082001686096 1.4580472316448914 3.258101224899292 1.5935912132263184 0.31387487053871155 2.3378999404721834 1.3163533210754395 1.029793381690979
131 0.6625092625617981 1.4653992926160415 3.256669759750366 1.5957640409469604 0.3129854202270508 2.3399415578561547 1.3141671419143677 1.0299022197723389
132 0.6645616888999939 1.454560587356868 3.2689764499664307 1.5960497856140137 0.31323444843292236 2.335204056739298 1.3334652185440063 1.0293879508972168
133 0.6720302104949951 1.4335451338551817 3.2815732955932617 1.5953150987625122 0.32142865657806396 2.357495806233137 1.3609040975570679 1.0333280563354492
134 0.6608480215072632 1.404783517304494 3.277737617492676 1.5873490571975708 0.3031974136829376 2.348173465359393 1.3531453609466553 1.0220762491226196
135 0.661977231502533 1.4035486887681294 3.2786049842834473 1.5898247957229614 0.3050636053085327 2.3475472651519844 1.3547145128250122 1.0258378982543945
136 0.6654639840126038 1.3808480367714215 3.275280237197876 1.591313123703003 0.31659507751464844 2.293958272168807 1.3525193929672241 1.0270143747329712
137 0.6650007367134094 1.380385413659261 3.2769925594329834 1.5914703607559204 0.31552010774612427 2.2925667338958085 1.3555564880371094 1.0271251201629639
138 0.6596477031707764 1.3869468285058368 3.28012752532959 1.5932164192199707 0.3010810911655426 2.2940937418558764 1.3508247137069702 1.0234224796295166
139 0.6601128578186035 1.4071599157155226 3.285629987716675 1.5939853191375732 0.3180793225765228 2.3076907506119246 1.3669346570968628 1.024919867515564
140 0.6625206470489502 1.4095761605182984 3.2893764972686768 1.5178117752075195 0.3203965127468109 2.3198646806240575 1.3694703578948975 0.9413627982139587
141 0.6703275442123413 1.4099659244065001 3.284144163131714 1.519027829170227 0.3249515891075134 2.31403628885822 1.353943943977356 0.9469556212425232
142 0.6731981635093689 1.4074657381969093 3.288330316543579 1.5198363065719604 0.33266231417655945 2.3029128093576183 1.365850567817688 0.9469008445739746
143 0.6747337579727173 1.376129535935093 3.292167901992798 1.5192089080810547 0.33465301990509033 2.2999364059458602 1.3795474767684937 0.9457874894142151
144 0.6870639324188232 1.3628905563850067 3.3267433643341064 1.5429441928863525 0.3500198721885681 2.294962413877922 1.4780948162078857 1.0924569368362427
145 0.6834924221038818 1.3650750624554246 3.3238000869750977 1.5430761575698853 0.34440428018569946 2.3019189951140944 1.473008632659912 1.0897408723831177
146 0.6834331154823303 1.3620254377122734 3.3234264850616455 1.5437365770339966 0.34379690885543823 2.3060012410862365 1.4800513982772827 1.0908656120300293
147 0.6834381818771362 1.3620033968595329 3.3234453201293945 1.543373942375183 0.34392738342285156 2.3059237751912285 1.480198621749878 1.0911509990692139
148 0.6816054582595825 1.3557113251989679 3.323056697845459 1.544638991355896 0.3433907926082611 2.2826066560206986 1.4510523080825806 1.0917824506759644
149 0.6668787002563477 1.3864894322752024 3.3242733478546143 1.5311957597732544 0.32177624106407166 2.303018863016657 1.4593322277069092 1.0782243013381958
150 0.6656523942947388 1.386357671748047 3.3228185176849365 1.5305685997009277 0.31529319286346436 2.3046432108244566 1.4560054540634155 1.0779898166656494
151 0.6656523942947388 1.386357671748047 3.321983814239502 1.5305685997009277 0.31529319286346436 2.3046432108244566 1.4628692865371704 1.0779898166656494
152 0.6667479872703552 1.3914631382258622 3.3222992420196533 1.5308858156204224 0.3161870837211609 2.3085274960877635 1.4637565612792969 1.0791395902633667
153 0.6662515997886658 1.391431506447308 3.322467565536499 1.5318509340286255 0.315439909696579 2.308082161685584 1.463675856590271 1.078921914100647
154 0.665241539478302 1.3891713729315347 3.3256731033325195 1.531251072883606 0.31576085090637207 2.3081408256530116 1.4620552062988281 1.0781078338623047
155 0.6662837862968445 1.3894969318136674 3.327955961227417 1.5314209461212158 0.3180328607559204 2.307199257116124 1.4615333080291748 1.075278639793396
156 0.6621596217155457 1.388343112657189 3.3207929134368896 1.505524754524231 0.3184382915496826 2.2993707712479017 1.4467312097549438 1.0132453441619873
157 0.6627784967422485 1.3901845985449974 3.32098388671875 1.5072895288467407 0.3204079568386078 2.2996636305943623 1.4469953775405884 1.0153452157974243
158 0.6604627966880798 1.3713645485884982 3.319695234298706 1.513214349746704 0.3169379234313965 2.306413017675491 1.4378643035888672 1.018715739250183
159 0.6605389714241028 1.3728884833336656 3.3198981285095215 1.5102638006210327 0.3164140284061432 2.305346626682221 1.438484787940979 1.0113118886947632
160 0.6629361510276794 1.38533148488698 3.3192434310913086 1.5099016427993774 0.3216085135936737 2.2955063651409935 1.4349247217178345 1.0068035125732422
161 0.6663652658462524 1.3162246394458228 3.3231236934661865 1.598473072052002 0.3253209888935089 2.279750619166054 1.4571247100830078 1.0859105587005615
162 0.6618560552597046 1.318931596688754 3.320030450820923 1.5934369564056396 0.3140639364719391 2.292298274339788 1.4561676979064941 1.0834532976150513
163 0.6693056225776672 1.329316454522996 3.321955680847168 1.590753197669983 0.3278387486934662 2.3044702755782596 1.4557427167892456 1.0808662176132202
164 0.6763322353363037 1.313868695362417 3.3172409534454346 1.607375144958496 0.34003928303718567 2.296447523680268 1.454261064529419 1.0966355800628662
165 0.6662482023239136 1.322643617123019 3.312648057937622 1.595349669456482 0.3340536653995514 2.2899628974173036 1.4465159177780151 1.0815374851226807
166 0.6712761521339417 1.3206471100728425 3.3116283416748047 1.5959560871124268 0.35160666704177856 2.2890410561500962 1.4449424743652344 1.0824124813079834
167 0.6712761521339417 1.282182839889505 3.3116283416748047 1.5959560871124268 0.35160666704177856 2.3356308797160303 1.4519509077072144 1.0824124813079834
168 0.6713282465934753 1.2673346660367046 3.3115553855895996 1.5960533618927002 0.35236456990242004 2.297845463394854 1.443166732788086 1.0823540687561035
169 0.669468104839325 1.2676514668247563 3.308587074279785 1.595078468322754 0.34743085503578186 2.3013158153766 1.4368640184402466 1.0817285776138306
170 0.669832170009613 1.2688705944262966 3.302700996398926 1.59562349319458 0.34745916724205017 2.3004547923170393 1.4120672941207886 1.0822921991348267
171 0.6718683838844299 1.2789983292468534 3.302734851837158 1.5965452194213867 0.35328444838523865 2.3267650730484526 1.4162981510162354 1.0829553604125977
172 0.672237753868103 1.278987960835074 3.2752907276153564 1.589219570159912 0.3539716303348541 2.3269030621060898 1.3390297889709473 1.074439287185669
173 0.6692227125167847 1.2894191328614635 3.270716905593872 1.5893843173980713 0.34650206565856934 2.326647408062904 1.3308067321777344 1.0768944025039673
174 0.6719304323196411 1.2737372472746427 3.2729766368865967 1.5900063514709473 0.3551523983478546 2.3052437018639633 1.329479694366455 1.0767868757247925
175 0.6738054752349854 1.272620923267367 3.274444818496704 1.606449842453003 0.36093270778656006 2.30382120552878 1.3336220979690552 1.0843422412872314
176 0.6738681197166443 1.265350317633905 3.2745542526245117 1.6068222522735596 0.3607829511165619 2.281920964910606 1.3305743932724 1.0846123695373535
177 0.6736799478530884 1.2803725210000616 3.276064872741699 1.606168270111084 0.36052238941192627 2.280774732676112 1.3432797193527222 1.0839682817459106
178 0.6789665222167969 1.2637260943149429 3.2810373306274414 1.601692795753479 0.3674299716949463 2.250986785359779 1.3395395278930664 1.0804526805877686
179 0.6789665222167969 1.2637260943149429 3.2810373306274414 1.601692795753479 0.3674299716949463 2.250986785359779 1.3395395278930664 1.0804526805877686
180 0.6708699464797974 1.1809115812726587 3.280097484588623 1.5925325155258179 0.3562571704387665 2.326719124337744 1.3557482957839966 1.071041464805603
181 0.6759552955627441 1.1687696954093152 3.2822282314300537 1.5891118049621582 0.3638295531272888 2.3085439415950084 1.358234167098999 1.0682417154312134
182 0.6760432124137878 1.1743694403162799 3.2820558547973633 1.5868825912475586 0.363324373960495 2.3149496729428485 1.3586065769195557 1.0647594928741455
183 0.6768703460693359 1.2177691288262253 3.2818403244018555 1.5849484205245972 0.3637625277042389 2.2913655702245133 1.354296088218689 1.0656925439834595
184 0.6769987344741821 1.2182414033855056 3.2818620204925537 1.5848902463912964 0.3644329905509949 2.291884170868516 1.3545137643814087 1.0658921003341675
185 0.6779919266700745 1.233918418121271 3.279052734375 1.5865191221237183 0.36523157358169556 2.298532731962633 1.346426248550415 1.06779944896698
186 0.6781504154205322 1.2143004937548252 3.2788825035095215 1.5880006551742554 0.3650580048561096 2.327767529736822 1.3516343832015991 1.0680879354476929
187 0.6785662174224854 1.2136958609131434 3.279625415802002 1.590333104133606 0.3652203679084778 2.3266895751192527 1.3532991409301758 1.0675287246704102
188 0.6782038807868958 1.213319353337234 3.2797131538391113 1.5902316570281982 0.36592698097229004 2.3267956169801924 1.3534717559814453 1.0673632621765137
189 0.6782066226005554 1.214462897117097 3.2796924114227295 1.5899821519851685 0.36594676971435547 2.3271585177396226 1.3536168336868286 1.0672444105148315
190 0.6731952428817749 1.2477952566263646 3.2813808917999268 1.5937647819519043 0.3593643605709076 2.3145783104698285 1.3566182851791382 1.068102478981018
191 0.6728277206420898 1.2626264209197906 3.2799458503723145 1.592832326889038 0.35085824131965637 2.322551903685573 1.3510841131210327 1.0675382614135742
192 0.6727127432823181 1.261547619552665 3.2846758365631104 1.5891480445861816 0.3478836715221405 2.3298624058817996 1.3630231618881226 1.0644291639328003
193 0.6759234666824341 1.2548146395700033 3.2850241661071777 1.5907694101333618 0.35064855217933655 2.322187901330572 1.3644195795059204 1.0653811693191528
194 0.6763358116149902 1.2671408510598436 3.2908225059509277 1.5908534526824951 0.3511594235897064 2.3223548945710215 1.3870078325271606 1.065699815750122
195 0.6645480394363403 1.2556711877858246 3.2923810482025146 1.5799535512924194 0.33149170875549316 2.331843418712893 1.382291316986084 1.055679440498352
196 0.6744100451469421 1.2961414064310177 3.279083490371704 1.5665754079818726 0.3507404923439026 2.2711499273017846 1.3446223735809326 1.0422747135162354
197 0.6749438047409058 1.2962089979073343 3.2808837890625 1.566544771194458 0.3515240550041199 2.271270153725322 1.347325325012207 1.0422738790512085
198 0.6749231815338135 1.3042611192409688 3.281008243560791 1.5665191411972046 0.352019339799881 2.3034132678038506 1.3528374433517456 1.0407938957214355
199 0.6754218935966492 1.304559634100929 3.2810187339782715 1.5666931867599487 0.3529422879219055 2.3031766678553476 1.352758526802063 1.040937066078186
200 0.6747956275939941 1.2992480769707013 3.280846357345581 1.5656646490097046 0.35366159677505493 2.270143869080413 1.3477364778518677 1.0402917861938477
201 0.6723368167877197 1.3039443199398064 3.2814502716064453 1.5672755241394043 0.35433340072631836 2.263412508002183 1.3474997282028198 1.0417823791503906
202 0.6692566871643066 1.2963184244460995 3.278775691986084 1.567138671875 0.35476064682006836 2.2372085663838184 1.3432354927062988 1.0401360988616943
203 0.6691868305206299 1.304849953941396 3.2909634113311768 1.5668978691101074 0.36120641231536865 2.2284841303327263 1.3684606552124023 1.0426702499389648
204 0.6691868305206299 1.304849953941396 3.2909634113311768 1.5668978691101074 0.36120641231536865 2.2284841303327263 1.3684606552124023 1.0426702499389648
205 0.6728678345680237 1.3149146432033407 3.2981479167938232 1.5723464488983154 0.3633207380771637 2.251231319757927 1.404173493385315 1.049869418144226
206 0.6696733236312866 1.2998002748822004 3.29813289642334 1.5686720609664917 0.36029693484306335 2.251627354796101 1.406801462173462 1.0363123416900635
207 0.6719315648078918 1.3000404972141335 3.300018787384033 1.5702645778656006 0.36754652857780457 2.247329098119373 1.4108080863952637 1.0374586582183838
208 0.6735460162162781 1.2999300873167066 3.3017079830169678 1.5709645748138428 0.3754410743713379 2.2459237103264376 1.4137578010559082 1.0374871492385864
209 0.6724526882171631 1.2970465091424839 3.3013837337493896 1.5698251724243164 0.3746488690376282 2.247550366546742 1.4131827354431152 1.0360900163650513
210 0.6718586087226868 1.3072636395719375 3.293093204498291 1.56950044631958 0.367666095495224 2.2507779678085034 1.3894296884536743 1.0354509353637695
211 0.6746733784675598 1.3082932209226628 3.2916154861450195 1.5915625095367432 0.3699382543563843 2.2563491400657734 1.3865209817886353 1.0570930242538452
212 0.6709163188934326 1.3102415694425613 3.2882542610168457 1.5942332744598389 0.3602764308452606 2.263241603032198 1.3806688785552979 1.0591022968292236
213 0.6709237694740295 1.3113612417933271 3.263681650161743 1.594152569770813 0.3605302572250366 2.2645945695946805 1.307126522064209 1.0591143369674683
214 0.6709237694740295 1.3113612417933271 3.263681650161743 1.594152569770813 0.3605302572250366 2.2645945695946805 1.307126522064209 1.0591143369674683
215 0.6750158071517944 1.3115704497346965 3.2630674839019775 1.5960253477096558 0.3625907301902771 2.26196015622465 1.3159259557724 1.0601009130477905
216 0.6795365810394287 1.2072942910242614 3.2638912200927734 1.583876132965088 0.36562690138816833 2.288527524077443 1.3166478872299194 1.043208122253418
217 0.6754920482635498 1.2089486478908151 3.263981580734253 1.5852481126785278 0.3586493134498596 2.2882372506064645 1.3202853202819824 1.0434004068374634
218 0.6743589639663696 1.2336077458109485 3.2620437145233154 1.5854030847549438 0.3564468026161194 2.2727312630931995 1.3126455545425415 1.0434406995773315
219 0.6788946390151978 1.2162564598543288 3.300591468811035 1.5874443054199219 0.36537444591522217 2.267345546921493 1.4198051691055298 1.0465025901794434
220 0.6797937154769897 1.2182606302881025 3.297253370285034 1.5049253702163696 0.36576777696609497 2.2668371553351676 1.388594150543213 0.9744550585746765
221 0.6808778047561646 1.218359050407163 3.2964117527008057 1.5122318267822266 0.36909204721450806 2.26507612454756 1.387306809425354 0.9823960065841675
222 0.6802039742469788 1.2202956489988908 3.296323776245117 1.5008914470672607 0.36835911870002747 2.2640000733256374 1.3869987726211548 0.977500319480896
223 0.6802039742469788 1.2202956489988908 3.294689416885376 1.5008914470672607 0.36835911870002747 2.2640000733256374 1.3936282396316528 0.977500319480896
224 0.6806697845458984 1.219723697804301 3.2982044219970703 1.478696346282959 0.3702387809753418 2.26337640203959 1.3876429796218872 0.9516598582267761
225 0.6595162153244019 1.2278153388347812 3.277074098587036 1.470655918121338 0.33520519733428955 2.299845766726179 1.3385581970214844 0.9446297287940979
226 0.6603038907051086 1.2030039611025458 3.2821204662323 1.5591533184051514 0.3326988220214844 2.316068733759416 1.3678280115127563 1.029437780380249
227 0.6603038907051086 1.2030039611025458 3.2821204662323 1.5591533184051514 0.3326988220214844 2.316068733759416 1.3678280115127563 1.029437780380249
228 0.6588861346244812 1.2046005801276967 3.278010845184326 1.563349723815918 0.33578622341156006 2.3101603968485795 1.3567345142364502 1.0312350988388062
229 0.6648627519607544 1.2313864654153333 3.283987522125244 1.5647494792938232 0.3447518050670624 2.3224161205877243 1.376247763633728 1.0333812236785889
230 0.6706120371818542 1.341429096354412 3.2851178646087646 1.5691829919815063 0.351780503988266 2.2277554221147318 1.364627480506897 1.0368214845657349
231 0.6612317562103271 1.3372344378099443 3.281395435333252 1.5639489889144897 0.3456135094165802 2.2360205199802876 1.3603782653808594 1.0286998748779297
232 0.6659431457519531 1.34990375101737 3.281322956085205 1.5738544464111328 0.35586419701576233 2.2540416324201544 1.3570502996444702 1.0428526401519775
233 0.6734809875488281 1.3406136056573972 3.282663583755493 1.5790728330612183 0.3615477383136749 2.2491531959139626 1.3569279909133911 1.0449204444885254
234 0.6693898439407349 1.330379048035251 3.27703595161438 1.586522102355957 0.357313871383667 2.2733400823826067 1.3467127084732056 1.0458916425704956
235 0.6767469644546509 1.3628850735332805 3.282780647277832 1.5782979726791382 0.38368335366249084 2.2985561367695944 1.3858215808868408 1.029640555381775
236 0.6719671487808228 1.376131370753735 3.282200813293457 1.572669267654419 0.3723294734954834 2.29209376715518 1.385324478149414 1.028766393661499
237 0.676211953163147 1.368692536059459 3.283703565597534 1.5804816484451294 0.37514248490333557 2.293233669936612 1.3872690200805664 1.0388060808181763
238 0.6783862113952637 1.3685246303480978 3.2846388816833496 1.5811774730682373 0.3818304240703583 2.3074133068573213 1.394442081451416 1.0410360097885132
239 0.6761267781257629 1.3744907281767813 3.2798476219177246 1.5715985298156738 0.37787261605262756 2.3158485972655027 1.4017033576965332 1.0305531024932861
240 0.6709973216056824 1.3993109145742366 3.316418409347534 1.5708653926849365 0.3704651892185211 2.269608647365828 1.5134168863296509 1.0304311513900757
241 0.6736079454421997 1.3982859619983592 3.3188095092773438 1.5839003324508667 0.3637619912624359 2.2680531754541193 1.5070956945419312 1.0482505559921265
242 0.6736065745353699 1.4003190024740344 3.3188095092773438 1.5839003324508667 0.363766610622406 2.275866498559785 1.5082049369812012 1.0482497215270996
243 0.6755041480064392 1.3956014251970568 3.3184874057769775 1.5822890996932983 0.3636537790298462 2.2783251507958173 1.511765956878662 1.0455255508422852
244 0.679055392742157 1.3671487241823856 3.3222906589508057 1.577050805091858 0.3664599657058716 2.289823327318578 1.5176827907562256 1.0410128831863403
245 0.6784641146659851 1.3682760562818999 3.3210859298706055 1.5766979455947876 0.357037752866745 2.2907217451925668 1.5156420469284058 1.041242241859436
246 0.6748721599578857 1.3691042149684065 3.318558931350708 1.5724787712097168 0.35398751497268677 2.2894642075274247 1.5108972787857056 1.03611421585083
247 0.674538791179657 1.3772149176009076 3.3186073303222656 1.572741985321045 0.35427072644233704 2.306059256658041 1.5085313320159912 1.0363460779190063
248 0.6774979829788208 1.370064327249218 3.319232702255249 1.5755484104156494 0.36332008242607117 2.286052388305994 1.513786792755127 1.0392045974731445
249 0.6773545742034912 1.3731258908883122 3.3161990642547607 1.5755666494369507 0.3629857301712036 2.29506582467112 1.5060638189315796 1.0392413139343262
250 0.6770370006561279 1.3730388052610154 3.315028429031372 1.5743919610977173 0.36146166920661926 2.300659508397519 1.504635214805603 1.038515329360962
251 0.677593469619751 1.3628372741992152 3.318648338317871 1.5717824697494507 0.36423882842063904 2.2974821758883 1.5097018480300903 1.0358572006225586
252 0.6776319146156311 1.3628521241641023 3.3187975883483887 1.57181978225708 0.36416104435920715 2.297252098880239 1.5017423629760742 1.0359313488006592
253 0.6748352646827698 1.3537683745534772 3.316446542739868 1.567729115486145 0.35419219732284546 2.3020154867663747 1.496488332748413 1.0316416025161743
254 0.6787402033805847 1.3656293351656672 3.32380747795105 1.5690220594406128 0.36142268776893616 2.294539223930616 1.509268045425415 1.0313596725463867
255 0.6785862445831299 1.3659373130443264 3.32378888130188 1.5682432651519775 0.3610646724700928 2.2943621347312804 1.5092458724975586 1.0300248861312866
256 0.6777839064598083 1.368367624321766 3.3221492767333984 1.6403400897979736 0.359213650226593 2.2968716083946927 1.5188167095184326 1.1144003868103027
257 0.6741918325424194 1.36770838256113 3.3216402530670166 1.6387916803359985 0.35004696249961853 2.302029317465762 1.5182831287384033 1.1128349304199219
258 0.6762803196907043 1.3697446183691937 3.320380926132202 1.6368821859359741 0.3501168191432953 2.2896635296725707 1.4880449771881104 1.1120543479919434
259 0.6753354668617249 1.3720037773965996 3.320335865020752 1.6375434398651123 0.3489285409450531 2.2871748527641595 1.4881248474121094 1.1138203144073486
260 0.6740879416465759 1.3734385349725784 3.319451332092285 1.6386618614196777 0.35280895233154297 2.289879084525238 1.4887210130691528 1.1140409708023071
261 0.6739561557769775 1.3745467192899326 3.2515053749084473 1.640358328819275 0.3519200086593628 2.290730237012297 1.324269413948059 1.115463137626648
262 0.6730204224586487 1.369595202112655 3.250657558441162 1.6380962133407593 0.353870689868927 2.29680175020856 1.3245911598205566 1.112641453742981
263 0.6725440621376038 1.369331384967317 3.2505860328674316 1.6370468139648438 0.3517312705516815 2.2937697375686 1.3235151767730713 1.1111674308776855
264 0.6706797480583191 1.3678005968314466 3.2503693103790283 1.6321052312850952 0.3496589958667755 2.2932224131431345 1.321505069732666 1.1013245582580566
265 0.6694334745407104 1.3645354386998065 3.254608154296875 1.6301219463348389 0.3436180055141449 2.296988132753757 1.3300999402999878 1.099602222442627
266 0.6643697619438171 1.3918527568007941 3.255048990249634 1.6292386054992676 0.3373050391674042 2.30523872624526 1.330985188484192 1.1017091274261475
267 0.6735143661499023 1.384911400911026 3.257075071334839 1.5503580570220947 0.3452115058898926 2.3131374019320514 1.3289111852645874 1.0173845291137695
268 0.6758066415786743 1.3790643529571638 3.2584452629089355 1.5548006296157837 0.34599190950393677 2.316966533255496 1.3312500715255737 1.0245298147201538
269 0.6760842204093933 1.3784968017848673 3.2571704387664795 1.5554678440093994 0.3458663821220398 2.317396896690005 1.3319395780563354 1.0249806642532349
270 0.6801849603652954 1.2631484836669444 3.2657394409179688 1.5556961297988892 0.34971702098846436 2.387181534863331 1.3539284467697144 1.0251590013504028
271 0.6923182606697083 1.2522445780807412 3.2686731815338135 1.5508017539978027 0.3753277361392975 2.3828822522564765 1.3698608875274658 1.0086106061935425
272 0.6903319358825684 1.242610779798654 3.2684948444366455 1.5416065454483032 0.37309932708740234 2.39630608597104 1.3653559684753418 1.0025204420089722
273 0.694918692111969 1.234831504730033 3.2766189575195313 1.5424903631210327 0.37938717007637024 2.377358520919172 1.3775899410247803 1.0018465518951416
274 0.7028448581695557 1.232299442349857 3.276567220687866 1.640464186668396 0.388301819562912 2.390492198248201 1.390066385269165 1.091635823249817
275 0.6970533728599548 1.2316165341223344 3.2680037021636963 1.6416409015655518 0.3786318302154541 2.3873011671215902 1.3977638483047485 1.0925452709197998
276 0.6994057297706604 1.2299895776496088 3.2729711532592773 1.6416736841201782 0.3813238739967346 2.397226869912162 1.4110528230667114 1.092617154121399
277 0.6889580488204956 1.2124475370784444 3.2720446586608887 1.6372361183166504 0.3761971890926361 2.4105068867645425 1.408341407775879 1.0892871618270874
278 0.6911807060241699 1.2160007762357938 3.2675721645355225 1.6405149698257446 0.3793681859970093 2.407713893519498 1.399796962738037 1.0921199321746826
279 0.6917401552200317 1.2745399854387496 3.2687933444976807 1.641822338104248 0.3789966404438019 2.3637710597934856 1.3960912227630615 1.0993655920028687
280 0.690824031829834 1.2742146259635945 3.2687783241271973 1.64021635055542 0.37546661496162415 2.3671297072420696 1.3864655494689941 1.097784399986267
281 0.6913817524909973 1.288526443263154 3.2671701908111572 1.6410133838653564 0.38260406255722046 2.383781334112628 1.393626093864441 1.098071575164795
282 0.6872487664222717 1.290047932582795 3.2653186321258545 1.6330780982971191 0.37872830033302307 2.3769006547323923 1.3850582838058472 1.0890203714370728
283 0.687917172908783 1.292258435616675 3.26253080368042 1.6331608295440674 0.37798354029655457 2.3760492804343514 1.3746581077575684 1.0903739929199219
284 0.6903209090232849 1.3278498523259574 3.2594246864318848 1.6339770555496216 0.3848941922187805 2.2946336619774623 1.3526190519332886 1.0911543369293213
285 0.6831926703453064 1.2353233372628523 3.258819580078125 1.6354966163635254 0.38184595108032227 2.379640217040617 1.366554856300354 1.0926270484924316
286 0.6830006241798401 1.2809777593944394 3.2593634128570557 1.6356844902038574 0.381594717502594 2.361777623691374 1.3650497198104858 1.0927406549453735
287 0.6856126189231873 1.2781482442298833 3.2627487182617188 1.6382191181182861 0.38593050837516785 2.3576917314028263 1.3748127222061157 1.0960140228271484
288 0.6862086653709412 1.3184538695401355 3.2653379440307617 1.637444257736206 0.38706573843955994 2.341949046656812 1.3807755708694458 1.097629427909851
289 0.6858649849891663 1.315410260083946 3.265535354614258 1.6368945837020874 0.3862495720386505 2.3411028929270197 1.3803579807281494 1.097039818763733
290 0.6857385635375977 1.3146672581646504 3.265582799911499 1.6370707750320435 0.38778480887413025 2.340311973502692 1.3805873394012451 1.0971685647964478
291 0.6855164766311646 1.3178845405953072 3.2653872966766357 1.6368987560272217 0.38711684942245483 2.343007798202506 1.3806768655776978 1.0970832109451294
292 0.6842054128646851 1.3156853660752998 3.2681233882904053 1.5431499481201172 0.38342201709747314 2.341877926747905 1.3699933290481567 0.952351450920105
293 0.6864379644393921 1.3225107850650937 3.2804040908813477 1.561245322227478 0.38468602299690247 2.3339074005909275 1.3949532508850098 0.9639250040054321
294 0.6918367743492126 1.3123282385191275 3.282440662384033 1.475322961807251 0.3830427825450897 2.3270980388331957 1.390219807624817 0.8690973520278931
295 0.6897822022438049 1.3140372549626826 3.2836692333221436 1.4751676321029663 0.3796360492706299 2.330876811760247 1.3927958011627197 0.8696519136428833
296 0.6865302324295044 1.3194645963654315 3.2873096466064453 1.498405933380127 0.3660401701927185 2.332049255885399 1.3949142694473267 0.9084763526916504
297 0.6898184418678284 1.3237860335141505 3.287066698074341 1.5023123025894165 0.38015663623809814 2.3265005749408028 1.394083857536316 0.91231369972229
298 0.6899216175079346 1.328947281368255 3.28767728805542 1.506406307220459 0.37960171699523926 2.3262422508545457 1.3956180810928345 0.9241623282432556
299 0.6879807710647583 1.3298165104384012 3.2782328128814697 1.5055259466171265 0.37216082215309143 2.32864645351189 1.3679121732711792 0.9231716394424438
300 0.6877835392951965 1.3197017683713947 3.278597593307495 1.5023221969604492 0.37147796154022217 2.33552629247793 1.3703665733337402 0.9207935929298401
301 0.6886758208274841 1.3129064139876587 3.2780518531799316 1.498594880104065 0.37602609395980835 2.3298257810471394 1.3629919290542603 0.9134586453437805
302 0.6886846423149109 1.305983868664538 3.2786378860473633 1.495608925819397 0.36746731400489807 2.3385076680452896 1.3639791011810303 0.9135472178459167
303 0.6904560327529907 1.302009152663558 3.27813982963562 1.496273159980774 0.3701770007610321 2.337992485226187 1.3630863428115845 0.9136368632316589
304 0.6866387128829956 1.3035195775577373 3.278000831604004 1.4969372749328613 0.36171525716781616 2.335704636114071 1.3700793981552124 0.9162203073501587
305 0.6850696206092834 1.268493775127389 3.277496337890625 1.4937844276428223 0.36108890175819397 2.3789010365718486 1.4010546207427979 0.912933349609375
306 0.6992223858833313 1.2538174160991638 3.27388858795166 1.494584083557129 0.38810187578201294 2.3708168756069283 1.4049924612045288 0.9194118976593018
307 0.6987022757530212 1.2538501690947688 3.2736711502075195 1.5747714042663574 0.3875054121017456 2.3703425870037296 1.4151567220687866 1.005193829536438
308 0.6984962821006775 1.2535530908195311 3.2986931800842285 1.5769730806350708 0.3872898817062378 2.370602781357224 1.4679814577102661 1.0107077360153198
309 0.7038279175758362 1.2484337702836208 3.3001391887664795 1.5972087383270264 0.3941235840320587 2.3734423851848176 1.4678980112075806 1.0368824005126953
310 0.6856923699378967 1.255529089010543 3.2934892177581787 1.5648070573806763 0.37249624729156494 2.372720576085737 1.4586892127990723 0.9921599626541138
311 0.6862651109695435 1.2480001493685693 3.2939987182617188 1.5645966529846191 0.3740788996219635 2.3764768172370356 1.4607994556427002 0.9920248985290527
312 0.6871953010559082 1.2474665453311 3.2947144508361816 1.5636727809906006 0.3749280273914337 2.3748890586183173 1.4605917930603027 0.9911895990371704
313 0.6908883452415466 1.2444800409493941 3.2946033477783203 1.563305139541626 0.3835798501968384 2.376304959104131 1.461409091949463 0.9920143485069275
314 0.6890278458595276 1.2448698688962252 3.2929513454437256 1.5715121030807495 0.3774903118610382 2.3665442346929173 1.4634325504302979 0.9962485432624817
315 0.6941812038421631 1.3181642584494437 3.2918713092803955 1.56494140625 0.38856080174446106 2.3352209606695107 1.458792805671692 0.9869617819786072
316 0.6973938941955566 1.3163822565761811 3.2718801498413086 1.5663156509399414 0.3912733495235443 2.3285689087487595 1.4440631866455078 0.988067090511322
317 0.6934899687767029 1.331987925362234 3.2715187072753906 1.567003607749939 0.3837684690952301 2.3518856225061295 1.4413269758224487 0.9880498051643372
318 0.691199541091919 1.2719428220389595 3.2711071968078613 1.559779167175293 0.3809278607368469 2.287008179836216 1.43565833568573 0.9778851270675659
319 0.6914932727813721 1.2712877345668943 3.2718796730041504 1.559686541557312 0.38202276825904846 2.286850452425907 1.4325482845306396 0.9778242111206055
320 0.6924160122871399 1.275092757559619 3.272866725921631 1.5594666004180908 0.38363975286483765 2.290571202024809 1.43220853805542 0.9777110815048218
321 0.6975207328796387 1.3462456706283272 3.2680094242095947 1.5659571886062622 0.3944297134876251 2.380783512011205 1.4319993257522583 0.9746289849281311
322 0.6992350816726685 1.3466939417855583 3.2733311653137207 1.5660649538040161 0.397416353225708 2.3803801105099014 1.4443212747573853 0.9750010967254639
323 0.7016756534576416 1.349741099079251 3.27290940284729 1.5661944150924683 0.398752361536026 2.380165961963069 1.4432823657989502 0.9743975400924683
324 0.7009491324424744 1.3498540942041128 3.2729580402374268 1.5665408372879028 0.39746639132499695 2.3800156558026995 1.4431556463241577 0.9726064801216125
325 0.7020052671432495 1.3820502623189141 3.273073673248291 1.5671865940093994 0.40097981691360474 2.3393174940526222 1.4371970891952515 0.9732242822647095
326 0.694286048412323 1.3155420452760105 3.2732620239257813 1.5655224323272705 0.3885360658168793 2.3978647212238036 1.4414511919021606 0.9696908593177795
327 0.7056505680084229 1.2563613047041198 3.270627737045288 1.568138599395752 0.3999508023262024 2.361841626230639 1.4258195161819458 0.972322940826416
328 0.7056505680084229 1.2563613047041198 3.270742893218994 1.571117639541626 0.3999508023262024 2.361841626230639 1.4268450736999512 0.9792290925979614
329 0.6995841860771179 1.2496447848967036 3.264296531677246 1.5714709758758545 0.3824402987957001 2.348355853419683 1.412584900856018 0.9847472906112671
330 0.6989356279373169 1.2568803042524537 3.2664427757263184 1.5787243843078613 0.3798212707042694 2.414352518034151 1.4235646724700928 0.9886107444763184
331 0.6998753547668457 1.2635758077864598 3.2653276920318604 1.5786651372909546 0.39166662096977234 2.4152503456351817 1.430495023727417 0.991184413433075
332 0.6951813697814941 1.2472844838404376 3.2666454315185547 1.5807461738586426 0.39069652557373047 2.36731613960346 1.4253907203674316 0.9923818111419678
333 0.7049086689949036 1.2478498200922117 3.261751174926758 1.5769577026367188 0.3977905809879303 2.3803283682355243 1.4206345081329346 0.989221453666687
334 0.705100953578949 1.246436430613468 3.2617931365966797 1.5772815942764282 0.39838942885398865 2.3762645108158815 1.4214527606964111 0.9894184470176697
335 0.7048909068107605 1.2473520589815388 3.2612571716308594 1.5762207508087158 0.3978736102581024 2.3748867679156564 1.4119499921798706 0.9875726103782654
336 0.7111809253692627 1.2350095468862128 3.25715970993042 1.5762486457824707 0.405009388923645 2.3710784683058144 1.4078879356384277 0.9842309355735779
337 0.6963510513305664 1.276167732124582 3.2555718421936035 1.5776960849761963 0.3821045458316803 2.3751936151266606 1.403826355934143 0.984279990196228
338 0.6947430372238159 1.2671436920272239 3.338311195373535 1.5703707933425903 0.3775567412376404 2.3784379905653266 1.581715703010559 0.9804512858390808
339 0.6928334832191467 1.2810210741373123 3.3370554447174072 1.5691735744476318 0.37020254135131836 2.4020264419964015 1.5767563581466675 0.9793662428855896
340 0.6947323679924011 1.2846202825484294 3.3354971408843994 1.5775293111801147 0.3702303171157837 2.3983993390103833 1.5758278369903564 0.9869232773780823
341 0.6980116963386536 1.2825798284291863 3.336582899093628 1.5791492462158203 0.3743055760860443 2.408651029382083 1.5794365406036377 0.9887647032737732
342 0.6986271739006042 1.28338085565697 3.3362362384796143 1.5790938138961792 0.37581706047058105 2.4096492755364225 1.5787901878356934 0.9886817932128906
343 0.7004900574684143 1.2872649025798264 3.3419508934020996 1.577816128730774 0.37551379203796387 2.415742142918203 1.5936142206192017 0.9873064160346985
344 0.7013735175132751 1.249403833750707 3.344326972961426 1.5858657360076904 0.37857964634895325 2.3903302031300404 1.5917316675186157 1.0020915269851685
345 0.6989784240722656 1.3122489163793405 3.3343589305877686 1.5858951807022095 0.3714596629142761 2.3245638836749407 1.5686122179031372 1.0026394128799438
346 0.7064005136489868 1.3061460783585352 3.3342368602752686 1.5936203002929688 0.38386568427085876 2.3217802118001436 1.5704002380371094 1.0131226778030396
347 0.707641065120697 1.3023273985097839 3.33263897895813 1.5954339504241943 0.38442400097846985 2.3218523233564623 1.56942880153656 1.0191620588302612
348 0.7028663754463196 1.3043243719899666 3.31491756439209 1.5974613428115845 0.3897634446620941 2.3214346160608317 1.5330239534378052 1.022603154182434
349 0.6993666291236877 1.3128068095817547 3.3149235248565674 1.5947760343551636 0.38456523418426514 2.323319832614189 1.5330811738967896 1.0200945138931274
350 0.6970396637916565 1.3410179876283026 3.3174760341644287 1.5929509401321411 0.38073599338531494 2.327892694359661 1.5322235822677612 1.0254682302474976
351 0.6953684091567993 1.3352806303890505 3.31606125831604 1.5869359970092773 0.3764618933200836 2.295805231810313 1.5265206098556519 1.0208669900894165
352 0.6906168460845947 1.3307871322063958 3.3142595291137695 1.5816112756729126 0.3742259740829468 2.2990114165859503 1.5255810022354126 1.0114936828613281
353 0.6840569972991943 1.3299052514736223 3.3076119422912598 1.5832759141921997 0.3674083948135376 2.283662264558575 1.482179045677185 1.009744644165039
354 0.6949811577796936 1.323190833018707 3.3033580780029297 1.58977210521698 0.3774222433567047 2.274553237162891 1.4714393615722656 1.0113006830215454
355 0.697490930557251 1.318326211211609 3.3042848110198975 1.5950138568878174 0.3759567141532898 2.2753667785369696 1.479404091835022 1.018521785736084
356 0.6979127526283264 1.320525404657079 3.3039562702178955 1.5954283475875854 0.37791019678115845 2.274759128176558 1.4813164472579956 1.018680214881897
357 0.6980922818183899 1.3257002719682616 3.304276466369629 1.5938501358032227 0.37805959582328796 2.2807816992262735 1.4758952856063843 1.0169867277145386
358 0.6978684663772583 1.3248316733456038 3.3056962490081787 1.5967000722885132 0.38564860820770264 2.279345295771642 1.4813512563705444 1.0207873582839966
359 0.6894710659980774 1.301625284966836 3.309933662414551 1.583570122718811 0.37153980135917664 2.3099056167580634 1.4918798208236694 1.0046948194503784
360 0.6904502511024475 1.2678531895959582 3.312067747116089 1.583911418914795 0.3733866810798645 2.25516823722451 1.4922139644622803 1.0048900842666626
361 0.6894116401672363 1.2853650697832306 3.30336856842041 1.584839940071106 0.3651295602321625 2.248189644342608 1.4777717590332031 1.0040645599365234
362 0.687425971031189 1.1452880449335254 3.303884744644165 1.583614468574524 0.36257076263427734 2.309017344798978 1.485996961593628 1.0029191970825195
363 0.6840675473213196 1.1449788021029197 3.3045008182525635 1.5859249830245972 0.3619903326034546 2.3093395533013115 1.4872329235076904 1.010609745979309
364 0.6788720488548279 1.1483025510470484 3.306309461593628 1.5886250734329224 0.3540359437465668 2.3031455965501175 1.4876906871795654 1.0131052732467651
365 0.6789863705635071 1.148286142461333 3.306236743927002 1.5885341167449951 0.35434553027153015 2.303464082147554 1.4875534772872925 1.0129867792129517
366 0.6796548962593079 1.150804641621268 3.305734157562256 1.5901610851287842 0.3574596047401428 2.3048222761720663 1.485994815826416 1.0122411251068115
367 0.6795099377632141 1.1517455747158463 3.305377244949341 1.590052604675293 0.35734012722969055 2.3048228878696597 1.483756422996521 1.0122205018997192
368 0.6805528402328491 1.14784811117445 3.307657241821289 1.5898483991622925 0.3582693636417389 2.2968606531194484 1.4869425296783447 1.011948823928833
369 0.6868626475334167 1.1406469070261682 3.304461717605591 1.5881915092468262 0.36769384145736694 2.268190738560262 1.4798740148544312 1.0115834474563599
370 0.6914750337600708 1.1427515362568765 3.311312437057495 1.5879446268081665 0.37140846252441406 2.2694633232465242 1.491263747215271 1.0101284980773926
371 0.6918509006500244 1.1435301063459646 3.3113114833831787 1.5879067182540894 0.3721217215061188 2.2705796746103113 1.4859631061553955 1.010132908821106
372 0.6794640421867371 1.158055551441436 3.309008836746216 1.5956255197525024 0.35771289467811584 2.271248515334318 1.472702980041504 1.0250078439712524
373 0.6838964223861694 1.202044169973527 3.313359260559082 1.6949665546417236 0.3735400438308716 2.265535019022261 1.4958113431930542 1.16241455078125
374 0.683161735534668 1.192071722686278 3.3134562969207764 1.6947693824768066 0.3723817467689514 2.2466100579675436 1.4899253845214844 1.1622259616851807
375 0.683050274848938 1.1950476647203196 3.313401937484741 1.6945757865905762 0.37230464816093445 2.2543660284757583 1.4887604713439941 1.161919116973877
376 0.6839095950126648 1.1932619847294008 3.312293291091919 1.6887246370315552 0.3728771209716797 2.2562479240511597 1.4891297817230225 1.1523997783660889
377 0.6862069964408875 1.194058957007469 3.312746286392212 1.692627191543579 0.3750178813934326 2.2553584873436097 1.4667692184448242 1.1568354368209839
378 0.6857573390007019 1.1915262938157705 3.3153302669525146 1.6967350244522095 0.37429651618003845 2.2710225450247004 1.4703313112258911 1.157050371170044
379 0.6856263279914856 1.1916855478814767 3.315312385559082 1.6968353986740112 0.3741872310638428 2.27061171823236 1.4702785015106201 1.1571725606918335
380 0.6859620213508606 1.1880865134352574 3.315607786178589 1.6968278884887695 0.3748602569103241 2.2707518810319662 1.470827579498291 1.1571505069732666
381 0.6862059235572815 1.188165570929385 3.315491199493408 1.6968443393707275 0.37512460350990295 2.270660898009191 1.470706582069397 1.157152533531189
382 0.6872344017028809 1.170167848789272 3.317836046218872 1.6881314516067505 0.377204030752182 2.2968189767351266 1.4789321422576904 1.1524970531463623
383 0.6855409145355225 1.1689879465965007 3.317265272140503 1.6827442646026611 0.3757193684577942 2.3018883936333943 1.4868204593658447 1.1404204368591309
384 0.6851977705955505 1.1690076672799203 3.3169775009155273 1.6825789213180542 0.3735731244087219 2.3023327726028717 1.498096227645874 1.14031183719635
385 0.6855210065841675 1.182004750113448 3.313032865524292 1.6825207471847534 0.3745132088661194 2.3120932216814722 1.491601586341858 1.140229344367981
386 0.6848864555358887 1.2689950232962373 3.3135387897491455 1.6822856664657593 0.37885329127311707 2.2647558568722794 1.4861621856689453 1.140220046043396
387 0.6788829565048218 1.261973730030748 3.3102219104766846 1.6757405996322632 0.3603317439556122 2.263070387697473 1.4755526781082153 1.1321521997451782
388 0.6767973899841309 1.2678517431953646 3.3052356243133545 1.676655888557434 0.3569927513599396 2.263030353845685 1.4659099578857422 1.1339442729949951
389 0.6797180771827698 1.2688733479636092 3.312300205230713 1.6775633096694946 0.36929646134376526 2.2708788986575987 1.4790294170379639 1.1348686218261719
390 0.6799414157867432 1.2736816027635034 3.305971384048462 1.6779433488845825 0.3673038184642792 2.273272497483032 1.4674583673477173 1.1354053020477295
391 0.6801937818527222 1.2757427608913865 3.302729368209839 1.6778491735458374 0.3677579462528229 2.2686379538402406 1.4486112594604492 1.1352211236953735
392 0.6814521551132202 1.2737471708264976 3.303378105163574 1.6753075122833252 0.3688179850578308 2.267712336113419 1.4480060338974 1.132964015007019
393 0.6784989833831787 1.2830704350599427 3.3037102222442627 1.674703598022461 0.38011085987091064 2.269593941949914 1.4456570148468018 1.1363903284072876
394 0.6758112907409668 1.2824516098963656 3.3066816329956055 1.6721471548080444 0.3790839910507202 2.282585009380911 1.4511157274246216 1.1344635486602783
395 0.6787935495376587 1.27030338051298 3.3104379177093506 1.6734943389892578 0.3827420473098755 2.2231084223891915 1.4424337148666382 1.133723258972168
396 0.676857054233551 1.268292498981502 3.3099513053894043 1.6746751070022583 0.387164443731308 2.2194697180593908 1.4414228200912476 1.1345329284667969
397 0.6746188402175903 1.2675494791521742 3.310483694076538 1.6671960353851318 0.38722366094589233 2.2189261772740925 1.456325888633728 1.140622854232788
398 0.673165500164032 1.257308867219075 3.311147689819336 1.6647320985794067 0.39118894934654236 2.214374311292499 1.4589104652404785 1.1359728574752808
399 0.673165500164032 1.257308867219075 3.3111228942871094 1.6647320985794067 0.39118894934654236 2.214374311292499 1.458799123764038 1.1359728574752808
400 0.6734444499015808 1.2571179500212615 3.31119704246521 1.6647589206695557 0.3914535343647003 2.215691593996862 1.4573293924331665 1.1350103616714478
