init 0.6578864455223083 7.856255170538521 3.32043194770813 2.451056480407715 0.0 0.0 0.0 0.0
1 0.6578864455223083 7.805612657186026 3.3225011825561523 2.4336986541748047 0.0 0.5567356411716171 0.5152280330657959 0.41381967067718506
2 0.6578864455223083 7.1185745837219505 3.3234410285949707 2.4336986541748047 0.0 1.9386086369718178 0.8239039778709412 0.41381967067718506
3 0.6578864455223083 7.1185745837219505 3.3290512561798096 2.3780159950256348 0.0 1.9386086369718178 0.9375201463699341 0.43504461646080017
4 0.6578864455223083 7.1185745837219505 3.3404481410980225 2.3780159950256348 0.0 1.9386086369718178 0.983939528465271 0.43504461646080017
5 0.6578864455223083 7.159656192109492 3.339247703552246 2.3780159950256348 0.0 1.8566015754924468 0.9523085355758667 0.43504461646080017
6 0.6578864455223083 6.989490958739894 3.3460984230041504 2.3796732425689697 0.0 2.283630780549564 1.0850286483764648 0.44391345977783203
7 0.6578864455223083 6.854843710061447 3.346386671066284 2.3796732425689697 0.0 2.541523937746186 1.1474395990371704 0.44391345977783203
8 0.6578864455223083 6.893542027808236 3.3481435775756836 2.4221112728118896 0.0 2.453145228152186 1.1439993381500244 0.5529845356941223
9 0.6578864455223083 6.697630502915306 3.348067045211792 2.4227473735809326 0.0 2.419191256961739 1.1697725057601929 0.5477598309516907
10 0.6578864455223083 6.697630502915306 3.349057912826538 2.4227473735809326 0.0 2.419191256961739 1.1712849140167236 0.5477598309516907
11 0.6578864455223083 7.776487648713002 3.348334550857544 2.4566659927368164 0.0 8.500983770729565 2.9525420665740967 0.6845852732658386
12 0.6578864455223083 7.724486473949088 3.3483943939208984 2.4566659927368164 0.0 8.640512963992993 2.9997081756591797 0.6845852732658386
13 0.6578864455223083 7.705612031047476 3.3444466590881348 2.4412338733673096 0.0 8.644284207948417 3.0040929317474365 0.7184997200965881
14 0.6578864455223083 7.83901102665149 3.338685989379883 2.39383864402771 0.0 8.737730012967505 3.0200247764587402 0.8648401498794556
15 0.6578864455223083 7.8737980959039575 3.341719150543213 2.39383864402771 0.0 8.666393455688432 3.0067555904388428 0.8648401498794556
16 0.6578864455223083 7.873696898273088 3.3417458534240723 2.39383864402771 0.0 8.664967653893752 3.006932020187378 0.8648401498794556
17 0.6578864455223083 7.878970329922529 3.342907190322876 2.3974621295928955 0.0 8.654723088279363 3.0060482025146484 0.9160052537918091
18 0.6578864455223083 7.878970329922529 3.3431148529052734 2.3974621295928955 0.0 8.654723088279363 3.0074124336242676 0.9160052537918091
19 0.6578864455223083 7.878970329922529 3.343700647354126 2.3974621295928955 0.0 8.654723088279363 2.9996790885925293 0.9160052537918091
20 0.6578864455223083 7.898232981157356 3.3436546325683594 2.3974621295928955 0.0 8.650536894180089 2.998806953430176 0.9160052537918091
21 0.6578864455223083 7.879049224378873 3.3427515029907227 2.3974621295928955 0.0 8.650994692431695 3.0047876834869385 0.9160052537918091
22 0.6578864455223083 7.879049224378873 3.3468382358551025 2.3974621295928955 0.0 8.650994692431695 3.0215280055999756 0.9160052537918091
23 0.6578864455223083 7.917226247706763 3.3390297889709473 2.3617947101593018 0.0 8.620620046522951 3.0125632286071777 0.9744105935096741
24 0.6578864455223083 7.899747026104693 3.333427667617798 2.3617947101593018 0.0 8.622265330277708 3.007333993911743 0.9744105935096741
25 0.6578864455223083 7.899747026104693 3.3324973583221436 2.390204906463623 0.0 8.622265330277708 3.0226383209228516 1.0297187566757202
26 0.6578864455223083 7.899747026104693 3.3309898376464844 2.390204906463623 0.0 8.622265330277708 3.024616003036499 1.0297187566757202
27 0.6578864455223083 7.899747026104693 3.3309898376464844 2.390204906463623 0.0 8.622265330277708 3.024616003036499 1.0297187566757202
28 0.6578864455223083 7.900392775705713 3.3309898376464844 2.390204906463623 0.0 8.636357329135913 3.029226064682007 1.0297187566757202
29 0.6578864455223083 7.878142279448968 3.3328702449798584 2.390204906463623 0.0 8.68046401586511 3.040776252746582 1.0297187566757202
30 0.6578864455223083 7.87811761637517 3.3329036235809326 2.390204906463623 0.0 8.680343364791428 3.036118745803833 1.0297187566757202
31 0.6578864455223083 7.87811761637517 3.337754011154175 2.3608083724975586 0.0 8.680343364791428 3.048919677734375 0.9718961119651794
32 0.6578864455223083 7.87811761637517 3.335789680480957 2.3608083724975586 0.0 8.680343364791428 3.04988694190979 0.9718961119651794
33 0.6578864455223083 7.87811761637517 3.335838556289673 2.3610427379608154 0.0 8.680343364791428 3.0505590438842773 0.975291907787323
34 0.6578864455223083 7.87811761637517 3.335838556289673 2.3610427379608154 0.0 8.680343364791428 3.0505590438842773 0.975291907787323
35 0.6578864455223083 7.959896431703138 3.336071014404297 2.3657522201538086 0.0 8.753534088010124 3.0783863067626953 0.9758287072181702
36 0.6578864455223083 7.954085787465247 3.336198091506958 2.3657522201538086 0.0 8.740484684408782 3.0740442276000977 0.9758287072181702
37 0.6578864455223083 7.954085787465247 3.338737726211548 2.3657522201538086 0.0 8.740484684408782 3.0806586742401123 0.9758287072181702
38 0.6578864455223083 7.916559056907379 3.3382232189178467 2.3657522201538086 0.0 8.715877514654919 3.068485736846924 0.9758287072181702
39 0.6578864455223083 7.93293212874022 3.3367934226989746 2.388719081878662 0.0 8.728510902778751 3.072627067565918 1.0191084146499634
40 0.6578864455223083 7.93293212874022 3.331869602203369 2.366856336593628 0.0 8.728510902778751 3.0517091751098633 0.9779266715049744
41 0.6578864455223083 7.944159167561959 3.3305606842041016 2.366856336593628 0.0 8.72065278647441 3.0471534729003906 0.9779266715049744
42 0.6578864455223083 7.944159167561959 3.3305513858795166 2.366856336593628 0.0 8.72065278647441 3.047189235687256 0.9779266715049744
43 0.6578864455223083 7.943733182499356 3.289153575897217 2.366856336593628 0.0 8.72050942615481 3.058610677719116 0.9779266715049744
44 0.6578864455223083 7.931937474190871 3.301635980606079 2.3669397830963135 0.0 8.726707074786848 3.074821710586548 0.9779379963874817
45 0.6578864455223083 7.917238606376562 3.3017466068267822 2.3669397830963135 0.0 8.715347665415923 3.072237014770508 0.9779379963874817
46 0.6578864455223083 7.928979150655303 3.3057048320770264 2.3669397830963135 0.0 8.709125733412185 3.083016872406006 0.9779379963874817
47 0.6578864455223083 7.928979150655303 3.304652690887451 2.3699028491973877 0.0 8.709125733412185 3.0807580947875977 0.9946696758270264
48 0.6578864455223083 7.928979150655303 3.304652690887451 2.3699028491973877 0.0 8.709125733412185 3.0807580947875977 0.9946696758270264
49 0.6578864455223083 7.928979150655303 3.305238962173462 2.371866226196289 0.0 8.709125733412185 3.081570863723755 0.9985849261283875
50 0.6578864455223083 7.920238603287554 3.306525707244873 2.371866226196289 0.0 8.723043145661883 3.0757081508636475 0.9985849261283875
51 0.6578864455223083 7.915169057318106 3.3087785243988037 2.371866226196289 0.0 8.713954365168673 3.0766098499298096 0.9985849261283875
52 0.6578864455223083 7.9327667180286 3.3085947036743164 2.3904314041137695 0.0 8.71356804174308 3.079317808151245 1.0199249982833862
53 0.6578864455223083 7.892122774167744 3.3085882663726807 2.3904314041137695 0.0 8.744384497358514 3.0899672508239746 1.0199249982833862
54 0.6578864455223083 7.918228862072074 3.30841064453125 2.3526511192321777 0.0 8.755779979019158 3.095351219177246 1.1047388315200806
55 0.6578864455223083 7.918228862072074 3.3113722801208496 2.4288058280944824 0.0 8.755779979019158 3.1048741340637207 1.2098987102508545
56 0.6578864455223083 7.918228862072074 3.3112542629241943 2.429506540298462 0.0 8.755779979019158 3.105071544647217 1.2109432220458984
57 0.6578864455223083 7.976585287790683 3.311323642730713 2.4627628326416016 0.0 8.651024073875972 3.068941831588745 1.14681077003479
58 0.6578864455223083 8.038840323406674 3.3120968341827393 2.4627628326416016 0.0 8.555835714812321 3.0404860973358154 1.14681077003479
59 0.6578864455223083 8.040199690443982 3.3133749961853027 2.4630322456359863 0.0 8.559440359597174 3.0430729389190674 1.1471501588821411
60 0.6578864455223083 8.040199690443982 3.3156332969665527 2.4630322456359863 0.0 8.559440359597174 3.039917230606079 1.1471501588821411
61 0.6578864455223083 8.040199690443982 3.337326765060425 2.4630322456359863 0.0 8.559440359597174 3.0702250003814697 1.1471501588821411
62 0.6578864455223083 8.02516548308623 3.3373570442199707 2.4630322456359863 0.0 8.538210849755192 3.0654594898223877 1.1471501588821411
63 0.6578864455223083 8.02516548308623 3.337106943130493 2.4630322456359863 0.0 8.538210849755192 3.0697031021118164 1.1471501588821411
64 0.6578864455223083 8.028769380743281 3.341122627258301 2.4638054370880127 0.0 8.540880836433683 3.082185745239258 1.146338939666748
65 0.6578864455223083 8.051335029928977 3.341174364089966 2.4638054370880127 0.0 8.56266881820749 3.0899252891540527 1.146338939666748
66 0.6578864455223083 8.03674054908434 3.335392475128174 2.469420909881592 0.0 8.546492614563178 3.0695719718933105 1.1390072107315063
67 0.6578864455223083 8.03674054908434 3.335392475128174 2.469420909881592 0.0 8.546492614563178 3.0695719718933105 1.1390072107315063
68 0.6578864455223083 8.045506396858286 3.3352036476135254 2.469420909881592 0.0 8.55547509169893 3.0720057487487793 1.1390072107315063
69 0.6578864455223083 8.047560968370544 3.335261821746826 2.4696359634399414 0.0 8.55171478664586 3.0710532665252686 1.1391607522964478
70 0.6578864455223083 8.047560968370544 3.3353078365325928 2.4696359634399414 0.0 8.55171478664586 3.0710902214050293 1.1391607522964478
71 0.6578864455223083 8.047560968370544 3.36332368850708 2.468907356262207 0.0 8.55171478664586 3.05367112159729 1.1373021602630615
72 0.6578864455223083 8.047560968370544 3.3549270629882813 2.468907356262207 0.0 8.55171478664586 3.040956974029541 1.1373021602630615
73 0.6578864455223083 8.047560968370544 3.3526926040649414 2.468907356262207 0.0 8.55171478664586 3.0434460639953613 1.1373021602630615
74 0.6578864455223083 8.124663784075535 3.3526926040649414 2.468907356262207 0.0 8.537889984625506 3.039156198501587 1.1373021602630615
75 0.6578864455223083 8.124663784075535 3.3526358604431152 2.469407320022583 0.0 8.537889984625506 3.039369583129883 1.1404776573181152
76 0.6578864455223083 8.124663784075535 3.3526358604431152 2.469407320022583 0.0 8.537889984625506 3.039369583129883 1.1404776573181152
77 0.6578864455223083 8.078195720383953 3.3529868125915527 2.4351348876953125 0.0 8.462752457922875 3.020948886871338 1.224717378616333
78 0.6578864455223083 8.067136985416852 3.3529868125915527 2.4351348876953125 0.0 8.456870342688344 3.018299102783203 1.224717378616333
79 0.6578864455223083 8.067136985416852 3.3482301235198975 2.3892548084259033 0.0 8.456870342688344 3.0071141719818115 1.1749383211135864
80 0.6578864455223083 8.067136985416852 3.347942352294922 2.3892548084259033 0.0 8.456870342688344 3.0075080394744873 1.1749383211135864
81 0.6578864455223083 8.087444946518033 3.347942352294922 2.3892548084259033 0.0 8.4187621272642 2.996096134185791 1.1749383211135864
82 0.6578864455223083 8.087444946518033 3.347942352294922 2.3892548084259033 0.0 8.4187621272642 2.996096134185791 1.1749383211135864
83 0.6578864455223083 8.087444946518033 3.3409383296966553 2.367727518081665 0.0 8.4187621272642 2.9823286533355713 1.1398398876190186
84 0.6578864455223083 8.087444946518033 3.3406548500061035 2.367727518081665 0.0 8.4187621272642 2.982964038848877 1.1398398876190186
85 0.6578864455223083 8.087444946518033 3.344956636428833 2.4137802124023438 0.0 8.4187621272642 2.993286609649658 1.1907289028167725
86 0.6578864455223083 8.087444946518033 3.3439090251922607 2.41693115234375 0.0 8.4187621272642 2.9953091144561768 1.1841638088226318
87 0.6578864455223083 8.087444946518033 3.3438799381256104 2.417386770248413 0.0 8.4187621272642 2.9953722953796387 1.1852623224258423
88 0.6578864455223083 8.087444946518033 3.344750165939331 2.419954538345337 0.0 8.4187621272642 2.995572090148926 1.182739019393921
89 0.6578864455223083 8.087444946518033 3.344750165939331 2.419954538345337 0.0 8.4187621272642 2.995572090148926 1.182739019393921
90 0.6578864455223083 8.088836555799839 3.3443691730499268 2.4161128997802734 0.0 8.421058745165464 2.9962565898895264 1.1824548244476318
91 0.6578864455223083 8.088836555799839 3.344491720199585 2.4161243438720703 0.0 8.421058745165464 2.9976699352264404 1.1824568510055542
92 0.6578864455223083 8.088695588057423 3.3430874347686768 2.414372205734253 0.0 8.420733997467039 3.001175880432129 1.174142837524414
93 0.6578864455223083 8.088695588057423 3.3430874347686768 2.414372205734253 0.0 8.420733997467039 3.001175880432129 1.174142837524414
94 0.6578864455223083 8.088695588057423 3.3430018424987793 2.4143283367156982 0.0 8.420733997467039 3.0013225078582764 1.1741924285888672
95 0.6578864455223083 8.088695588057423 3.3430018424987793 2.4143283367156982 0.0 8.420733997467039 3.0013225078582764 1.1741924285888672
96 0.6578864455223083 8.088695588057423 3.342404842376709 2.4143283367156982 0.0 8.420733997467039 2.99971866607666 1.1741924285888672
97 0.6578864455223083 8.072925014786462 3.3443939685821533 2.4218931198120117 0.0 8.410425275976005 3.0010881423950195 1.2493489980697632
98 0.6578864455223083 8.088289180731953 3.3443939685821533 2.4218931198120117 0.0 8.383217557988807 2.9926681518554688 1.2493489980697632
99 0.6578864455223083 8.088289180731953 3.3443939685821533 2.4218931198120117 0.0 8.383217557988807 2.9926681518554688 1.2493489980697632
100 0.6578864455223083 8.088289180731953 3.3443782329559326 2.4218931198120117 0.0 8.383217557988807 2.9926671981811523 1.2493489980697632
101 0.6578864455223083 8.088289180731953 3.345099449157715 2.4218931198120117 0.0 8.383217557988807 2.99285626411438 1.2493489980697632
102 0.6578864455223083 8.10962681333461 3.3397247791290283 2.4218931198120117 0.0 8.418316738810262 2.992882490158081 1.2493489980697632
103 0.6578864455223083 8.10948137117242 3.3397216796875 2.4218931198120117 0.0 8.417835784163081 2.992891550064087 1.2493489980697632
104 0.6578864455223083 8.10948137117242 3.3397216796875 2.4218931198120117 0.0 8.417835784163081 2.992891550064087 1.2493489980697632
105 0.6578864455223083 8.109567332290954 3.337477684020996 2.4131457805633545 0.0 8.418018709374701 2.987992525100708 1.1641108989715576
106 0.6578864455223083 8.132710278880893 3.337494373321533 2.4131457805633545 0.0 8.432924153226887 2.9927470684051514 1.1641108989715576
107 0.6578864455223083 8.132710278880893 3.3382129669189453 2.4132628440856934 0.0 8.432924153226887 2.995725393295288 1.1642946004867554
108 0.6578864455223083 8.132710278880893 3.33945894241333 2.4132628440856934 0.0 8.432924153226887 2.9969046115875244 1.1642946004867554
109 0.6578864455223083 8.132710278880893 3.339451789855957 2.412454843521118 0.0 8.432924153226887 2.9969992637634277 1.1659976243972778
110 0.6578864455223083 8.132710278880893 3.3395001888275146 2.412454843521118 0.0 8.432924153226887 2.9971835613250732 1.1659976243972778
111 0.6578864455223083 8.132710278880893 3.3395001888275146 2.412454843521118 0.0 8.432924153226887 2.9971835613250732 1.1659976243972778
112 0.6578864455223083 8.132710278880893 3.3395001888275146 2.412454843521118 0.0 8.432924153226887 2.9971835613250732 1.1659976243972778
113 0.6578864455223083 8.109555316764263 3.342257261276245 2.412454843521118 0.0 8.475224182251363 3.009152889251709 1.1659976243972778
114 0.6578864455223083 8.109555316764263 3.342257261276245 2.412454843521118 0.0 8.475224182251363 3.009152889251709 1.1659976243972778
115 0.6578864455223083 8.109555316764263 3.3419013023376465 2.412454843521118 0.0 8.475224182251363 3.0087153911590576 1.1659976243972778
116 0.6578864455223083 8.10960644264008 3.3419013023376465 2.412454843521118 0.0 8.475266443604825 3.0087287425994873 1.1659976243972778
117 0.6578864455223083 8.11085776961 3.340987205505371 2.412454843521118 0.0 8.478009961222646 3.0084939002990723 1.1659976243972778
118 0.6578864455223083 8.091979200426422 3.340987205505371 2.412454843521118 0.0 8.46282963981017 3.003769636154175 1.1659976243972778
119 0.6578864455223083 8.091979200426422 3.340987205505371 2.412454843521118 0.0 8.46282963981017 3.003769636154175 1.1659976243972778
120 0.6578864455223083 8.091979200426422 3.341219902038574 2.4131033420562744 0.0 8.46282963981017 3.0039079189300537 1.1702922582626343
121 0.6578864455223083 8.091979200426422 3.3413774967193604 2.4131033420562744 0.0 8.46282963981017 3.003990411758423 1.1702922582626343
122 0.6578864455223083 8.091929544083577 3.3407483100891113 2.4131033420562744 0.0 8.462624598619984 3.0049357414245605 1.1702922582626343
123 0.6578864455223083 8.10908094880598 3.3388805389404297 2.4138083457946777 0.0 8.476382877210575 3.0052146911621094 1.1704028844833374
124 0.6578864455223083 8.10820876978721 3.3389787673950195 2.4138083457946777 0.0 8.47446946665061 3.0044682025909424 1.1704028844833374
125 0.6578864455223083 8.10820876978721 3.3483288288116455 2.4138083457946777 0.0 8.47446946665061 2.9822826385498047 1.1704028844833374
126 0.6578864455223083 8.10820876978721 3.3409247398376465 2.3674464225769043 0.0 8.47446946665061 2.9653358459472656 1.1183712482452393
127 0.6578864455223083 8.10933459195301 3.3409247398376465 2.3674464225769043 0.0 8.476955962865578 2.9657187461853027 1.1183712482452393
128 0.6578864455223083 8.10933459195301 3.3409247398376465 2.3674464225769043 0.0 8.476955962865578 2.9657187461853027 1.1183712482452393
129 0.6578864455223083 8.109081224809543 3.34277606010437 2.3674464225769043 0.0 8.476383573292708 2.9701669216156006 1.1183712482452393
130 0.6578864455223083 8.1091250934833 3.3432366847991943 2.3674464225769043 0.0 8.476482134006327 2.9702184200286865 1.1183712482452393
131 0.6578864455223083 8.1091250934833 3.3427248001098633 2.3659138679504395 0.0 8.476482134006327 2.9704017639160156 1.1197843551635742
132 0.6578864455223083 8.1091250934833 3.342775821685791 2.3659138679504395 0.0 8.476482134006327 2.9706742763519287 1.1197843551635742
133 0.6578864455223083 8.1091250934833 3.3413236141204834 2.3659138679504395 0.0 8.476482134006327 2.9658334255218506 1.1197843551635742
134 0.6578864455223083 8.1091250934833 3.3391056060791016 2.3659138679504395 0.0 8.476482134006327 2.9662485122680664 1.1197843551635742
135 0.6578864455223083 8.1091250934833 3.3391056060791016 2.3659138679504395 0.0 8.476482134006327 2.9662485122680664 1.1197843551635742
136 0.6578864455223083 8.1091250934833 3.3391056060791016 2.3659138679504395 0.0 8.476482134006327 2.9662485122680664 1.1197843551635742
137 0.6578864455223083 8.1091250934833 3.3389077186584473 2.3659138679504395 0.0 8.476482134006327 2.9661710262298584 1.1197843551635742
138 0.6578864455223083 8.1091250934833 3.341243028640747 2.3659138679504395 0.0 8.476482134006327 2.9751644134521484 1.1197843551635742
139 0.6578864455223083 8.1091250934833 3.341243028640747 2.3659138679504395 0.0 8.476482134006327 2.9751644134521484 1.1197843551635742
140 0.6578864455223083 8.1091250934833 3.3442392349243164 2.3659138679504395 0.0 8.476482134006327 2.976212978363037 1.1197843551635742
141 0.6578864455223083 8.1091250934833 3.3462600708007813 2.374114990234375 0.0 8.476482134006327 2.98063325881958 1.199039340019226
142 0.6578864455223083 8.1091250934833 3.3462600708007813 2.374114990234375 0.0 8.476482134006327 2.98063325881958 1.199039340019226
143 0.6578864455223083 8.1091250934833 3.3518025875091553 2.370011806488037 0.0 8.476482134006327 2.9917409420013428 1.1920244693756104
144 0.6578864455223083 8.1091250934833 3.352785348892212 2.370011806488037 0.0 8.476482134006327 2.9898242950439453 1.1920244693756104
145 0.6578864455223083 8.1091250934833 3.352785348892212 2.370011806488037 0.0 8.476482134006327 2.9898242950439453 1.1920244693756104
146 0.6578864455223083 8.1091250934833 3.35280442237854 2.37007212638855 0.0 8.476482134006327 2.9898247718811035 1.19202721118927
147 0.6578864455223083 8.1091250934833 3.3500144481658936 2.37007212638855 0.0 8.476482134006327 2.9885010719299316 1.19202721118927
148 0.6578864455223083 8.1091250934833 3.3500144481658936 2.37007212638855 0.0 8.476482134006327 2.9885010719299316 1.19202721118927
149 0.6578864455223083 8.1091250934833 3.3500144481658936 2.37007212638855 0.0 8.476482134006327 2.9885010719299316 1.19202721118927
150 0.6578864455223083 8.1091250934833 3.3500144481658936 2.37007212638855 0.0 8.476482134006327 2.9885010719299316 1.19202721118927
151 0.6578864455223083 8.100207313962406 3.347432851791382 2.3701071739196777 0.0 8.469247091501837 2.981048583984375 1.1923221349716187
152 0.6578864455223083 8.116944033397246 3.3473503589630127 2.369835615158081 0.0 8.440535345429428 2.971982717514038 1.1918959617614746
153 0.6578864455223083 8.116944033397246 3.347440719604492 2.369835615158081 0.0 8.440535345429428 2.967360258102417 1.1918959617614746
154 0.6578864455223083 8.116944033397246 3.347440719604492 2.369835615158081 0.0 8.440535345429428 2.967360258102417 1.1918959617614746
155 0.6578864455223083 8.116944033397246 3.3475728034973145 2.3702847957611084 0.0 8.440535345429428 2.9676759243011475 1.1973713636398315
156 0.6578864455223083 8.116944033397246 3.3475728034973145 2.3702847957611084 0.0 8.440535345429428 2.9676759243011475 1.1973713636398315
157 0.6578864455223083 8.117293454052806 3.3475728034973145 2.3702847957611084 0.0 8.439924068558328 2.9674837589263916 1.1973713636398315
158 0.6578864455223083 8.117293454052806 3.347553014755249 2.367006301879883 0.0 8.439924068558328 2.9671409130096436 1.1914589405059814
159 0.6578864455223083 8.117293454052806 3.3501780033111572 2.367006301879883 0.0 8.439924068558328 2.9650332927703857 1.1914589405059814
160 0.6578864455223083 8.123798739628738 3.3501780033111572 2.367006301879883 0.0 8.44520437687817 2.966693639755249 1.1914589405059814
161 0.6578864455223083 8.123798739628738 3.329402446746826 2.367006301879883 0.0 8.44520437687817 2.984952449798584 1.1914589405059814
162 0.6578864455223083 8.124119976976866 3.3564045429229736 2.367006301879883 0.0 8.445936888444955 2.966979503631592 1.1914589405059814
163 0.6578864455223083 8.124119976976866 3.3564045429229736 2.367006301879883 0.0 8.445936888444955 2.966979503631592 1.1914589405059814
164 0.6578864455223083 8.124119976976866 3.3563525676727295 2.3661575317382813 0.0 8.445936888444955 2.9668900966644287 1.1899003982543945
165 0.6578864455223083 8.124119976976866 3.352548837661743 2.3661575317382813 0.0 8.445936888444955 2.966144323348999 1.1899003982543945
166 0.6578864455223083 8.124119976976866 3.3506767749786377 2.3661575317382813 0.0 8.445936888444955 2.963740587234497 1.1899003982543945
167 0.6578864455223083 8.124119976976866 3.350658893585205 2.360671281814575 0.0 8.445936888444955 2.9631686210632324 1.1798678636550903
168 0.6578864455223083 8.166482382694834 3.3512020111083984 2.360671281814575 0.0 8.470920504295242 2.9717507362365723 1.1798678636550903
169 0.6578864455223083 8.166482382694834 3.3520679473876953 2.360671281814575 0.0 8.470920504295242 2.9763894081115723 1.1798678636550903
170 0.6578864455223083 8.166482382694834 3.3521769046783447 2.360671281814575 0.0 8.470920504295242 2.976538896560669 1.1798678636550903
171 0.6578864455223083 8.166482382694834 3.3521769046783447 2.360671281814575 0.0 8.470920504295242 2.976538896560669 1.1798678636550903
172 0.6578864455223083 8.166482382694834 3.3519394397735596 2.3861846923828125 0.0 8.470920504295242 2.9812448024749756 1.220482349395752
173 0.6578864455223083 8.166482382694834 3.3516740798950195 2.3861846923828125 0.0 8.470920504295242 2.981330394744873 1.220482349395752
174 0.6578864455223083 8.166482382694834 3.3516740798950195 2.3861846923828125 0.0 8.470920504295242 2.981330394744873 1.220482349395752
175 0.6578864455223083 8.166363183576289 3.3516740798950195 2.3861846923828125 0.0 8.470662770506566 2.9812896251678467 1.220482349395752
176 0.6578864455223083 8.166363183576289 3.3516740798950195 2.3861846923828125 0.0 8.470662770506566 2.9812896251678467 1.220482349395752
177 0.6578864455223083 8.16647514250949 3.351642370223999 2.3861846923828125 0.0 8.470904864313521 2.9812347888946533 1.220482349395752
178 0.6578864455223083 8.16647514250949 3.3516783714294434 2.3861846923828125 0.0 8.470904864313521 2.981564521789551 1.220482349395752
179 0.6578864455223083 8.16647514250949 3.3516783714294434 2.3861846923828125 0.0 8.470904864313521 2.981564521789551 1.220482349395752
180 0.6578864455223083 8.16647514250949 3.3516783714294434 2.3861846923828125 0.0 8.470904864313521 2.981564521789551 1.220482349395752
181 0.6578864455223083 8.16647514250949 3.3516783714294434 2.3861846923828125 0.0 8.470904864313521 2.981564521789551 1.220482349395752
182 0.6578864455223083 8.162596722141737 3.3516783714294434 2.3861846923828125 0.0 8.478024740961374 2.9837989807128906 1.220482349395752
183 0.6578864455223083 8.162596722141737 3.3516783714294434 2.3861846923828125 0.0 8.478024740961374 2.9837989807128906 1.220482349395752
184 0.6578864455223083 8.162596722141737 3.3516783714294434 2.3861846923828125 0.0 8.478024740961374 2.9837989807128906 1.220482349395752
185 0.6578864455223083 8.162596722141737 3.3521976470947266 2.3861846923828125 0.0 8.478024740961374 2.9836645126342773 1.220482349395752
186 0.6578864455223083 8.162720022394788 3.3496034145355225 2.3861846923828125 0.0 8.478878430005327 2.9858272075653076 1.220482349395752
187 0.6578864455223083 8.148958048532165 3.349635362625122 2.3861846923828125 0.0 8.464189545499057 2.981348991394043 1.220482349395752
188 0.6578864455223083 8.148958048532165 3.3507509231567383 2.3861846923828125 0.0 8.464189545499057 2.9776241779327393 1.220482349395752
189 0.6578864455223083 8.149294167582957 3.3508434295654297 2.3861846923828125 0.0 8.464957128361121 2.975754976272583 1.220482349395752
190 0.6578864455223083 8.149294167582957 3.3508567810058594 2.3876991271972656 0.0 8.464957128361121 2.9755773544311523 1.2174298763275146
191 0.6578864455223083 8.149294167582957 3.351820230484009 2.3880867958068848 0.0 8.464957128361121 2.975935697555542 1.2184257507324219
192 0.6578864455223083 8.149294167582957 3.351820230484009 2.3880867958068848 0.0 8.464957128361121 2.975935697555542 1.2184257507324219
193 0.6578864455223083 8.149294167582957 3.3517017364501953 2.3876867294311523 0.0 8.464957128361121 2.971236228942871 1.2174251079559326
194 0.6578864455223083 8.154253695204952 3.3517017364501953 2.3876867294311523 0.0 8.455915514028696 2.968391180038452 1.2174251079559326
195 0.6578864455223083 8.154253695204952 3.351435661315918 2.3876867294311523 0.0 8.455915514028696 2.968242645263672 1.2174251079559326
196 0.6578864455223083 8.154253695204952 3.3520095348358154 2.3918492794036865 0.0 8.455915514028696 2.96894907951355 1.2293859720230103
197 0.6578864455223083 8.154253695204952 3.3520939350128174 2.3918492794036865 0.0 8.455915514028696 2.9688880443573 1.2293859720230103
198 0.6578864455223083 8.156369924629773 3.351902723312378 2.3918492794036865 0.0 8.456238712819227 2.969597101211548 1.2293859720230103
199 0.6578864455223083 8.155627883052999 3.351902723312378 2.3918492794036865 0.0 8.454587114656254 2.969341993331909 1.2293859720230103
200 0.6578864455223083 8.155627883052999 3.3518805503845215 2.366948366165161 0.0 8.454587114656254 2.9645578861236572 1.1898651123046875
201 0.6578864455223083 8.155627883052999 3.351731777191162 2.366948366165161 0.0 8.454587114656254 2.9644758701324463 1.1898651123046875
202 0.6578864455223083 8.155627883052999 3.3493354320526123 2.366948366165161 0.0 8.454587114656254 2.96694016456604 1.1898651123046875
203 0.6578864455223083 8.155627883052999 3.3490805625915527 2.366948366165161 0.0 8.454587114656254 2.967499256134033 1.1898651123046875
204 0.6578864455223083 8.155627883052999 3.346464157104492 2.362617015838623 0.0 8.454587114656254 2.954150438308716 1.1770387887954712
205 0.6578864455223083 8.155627883052999 3.346464157104492 2.362617015838623 0.0 8.454587114656254 2.954150438308716 1.1770387887954712
206 0.6578864455223083 8.155314923118814 3.346464157104492 2.362617015838623 0.0 8.453911043277557 2.9540412425994873 1.1770387887954712
207 0.6578864455223083 8.156461638771365 3.348836898803711 2.362617015838623 0.0 8.456447623314359 2.9545350074768066 1.1770387887954712
208 0.6578864455223083 8.156461638771365 3.348836898803711 2.362617015838623 0.0 8.456447623314359 2.9545350074768066 1.1770387887954712
209 0.6578864455223083 8.156461638771365 3.3486316204071045 2.362617015838623 0.0 8.456447623314359 2.959190845489502 1.1770387887954712
210 0.6578864455223083 8.161119507570303 3.3486316204071045 2.362617015838623 0.0 8.448033955511018 2.956535577774048 1.1770387887954712
211 0.6578864455223083 8.161119507570303 3.3486316204071045 2.362617015838623 0.0 8.448033955511018 2.956535577774048 1.1770387887954712
212 0.6578864455223083 8.161119507570303 3.3486316204071045 2.362617015838623 0.0 8.448033955511018 2.956535577774048 1.1770387887954712
213 0.6578864455223083 8.161119507570303 3.3486316204071045 2.362617015838623 0.0 8.448033955511018 2.956535577774048 1.1770387887954712
214 0.6578864455223083 8.161119507570303 3.348414897918701 2.3628382682800293 0.0 8.448033955511018 2.9568817615509033 1.1778658628463745
215 0.6578864455223083 8.1611539213431 3.348414897918701 2.3628382682800293 0.0 8.448215965196342 2.9568774700164795 1.1778658628463745
216 0.6578864455223083 8.160880353468636 3.3485915660858154 2.3628382682800293 0.0 8.44758938321993 2.9565913677215576 1.1778658628463745
217 0.6578864455223083 8.159299232487534 3.348656177520752 2.3628382682800293 0.0 8.444152977216854 2.9450876712799072 1.1778658628463745
218 0.6578864455223083 8.161533619725654 3.3486361503601074 2.362860679626465 0.0 8.448909959518744 2.9459147453308105 1.1782547235488892
219 0.6578864455223083 8.15535923152894 3.3486361503601074 2.362860679626465 0.0 8.44523602735801 2.944751024246216 1.1782547235488892
220 0.6578864455223083 8.15535923152894 3.3487679958343506 2.3650267124176025 0.0 8.44523602735801 2.9452478885650635 1.182249903678894
221 0.6578864455223083 8.15535923152894 3.3517401218414307 2.3644628524780273 0.0 8.44523602735801 2.9454495906829834 1.1814466714859009
222 0.6578864455223083 8.15535923152894 3.3517401218414307 2.3644628524780273 0.0 8.44523602735801 2.9454495906829834 1.1814466714859009
223 0.6578864455223083 8.155255539985221 3.3517401218414307 2.3644628524780273 0.0 8.444588814856038 2.9454710483551025 1.1814466714859009
224 0.6578864455223083 8.155255539985221 3.362729787826538 2.3644628524780273 0.0 8.444588814856038 2.9593429565429688 1.1814466714859009
225 0.6578864455223083 8.167525845298693 3.362729787826538 2.3644628524780273 0.0 8.466351405198472 2.9661903381347656 1.1814466714859009
226 0.6578864455223083 8.167525845298693 3.3606114387512207 2.3644628524780273 0.0 8.466351405198472 2.967334747314453 1.1814466714859009
227 0.6578864455223083 8.167525845298693 3.3606181144714355 2.3644628524780273 0.0 8.466351405198472 2.9674205780029297 1.1814466714859009
228 0.6578864455223083 8.167525845298693 3.360614061355591 2.364469528198242 0.0 8.466351405198472 2.9674301147460938 1.1814690828323364
229 0.6578864455223083 8.167525845298693 3.360614061355591 2.364469528198242 0.0 8.466351405198472 2.9674301147460938 1.1814690828323364
230 0.6578864455223083 8.167525845298693 3.361137628555298 2.375727653503418 0.0 8.466351405198472 2.9690258502960205 1.2037323713302612
231 0.6578864455223083 8.167566993665073 3.36112117767334 2.375727653503418 0.0 8.466441453193672 2.9690420627593994 1.2037323713302612
232 0.6578864455223083 8.167566993665073 3.36112117767334 2.375727653503418 0.0 8.466441453193672 2.9690420627593994 1.2037323713302612
233 0.6578864455223083 8.167566993665073 3.36112117767334 2.375727653503418 0.0 8.466441453193672 2.9690420627593994 1.2037323713302612
234 0.6578864455223083 8.167566993665073 3.36112117767334 2.375727653503418 0.0 8.466441453193672 2.9690420627593994 1.2037323713302612
235 0.6578864455223083 8.167566993665073 3.3616294860839844 2.376413106918335 0.0 8.466441453193672 2.9690427780151367 1.203996181488037
236 0.6578864455223083 8.167566993665073 3.3616294860839844 2.376413106918335 0.0 8.466441453193672 2.9690427780151367 1.203996181488037
237 0.6578864455223083 8.1640866599657 3.3681986331939697 2.376413106918335 0.0 8.459578921460029 2.980936050415039 1.203996181488037
238 0.6578864455223083 8.152629482706427 3.3681154251098633 2.3764736652374268 0.0 8.429894779270807 2.9719901084899902 1.2041730880737305
239 0.6578864455223083 8.152629482706427 3.34860897064209 2.3764736652374268 0.0 8.429894779270807 2.949420213699341 1.2041730880737305
240 0.6578864455223083 8.152629482706427 3.3478987216949463 2.3764736652374268 0.0 8.429894779270807 2.947643995285034 1.2041730880737305
241 0.6578864455223083 8.159047972671702 3.348088264465332 2.380843162536621 0.0 8.434462807253995 2.9493918418884277 1.2105731964111328
242 0.6578864455223083 8.159047972671702 3.348088264465332 2.380843162536621 0.0 8.434462807253995 2.9493918418884277 1.2105731964111328
243 0.6578864455223083 8.159047972671702 3.3672657012939453 2.380843162536621 0.0 8.434462807253995 2.9713151454925537 1.2105731964111328
244 0.6578864455223083 8.159047972671702 3.3672657012939453 2.380843162536621 0.0 8.434462807253995 2.9713151454925537 1.2105731964111328
245 0.6578864455223083 8.159047972671702 3.367172956466675 2.40268874168396 0.0 8.434462807253995 2.975726366043091 1.2444661855697632
246 0.6578864455223083 8.159047972671702 3.367172956466675 2.40268874168396 0.0 8.434462807253995 2.975726366043091 1.2444661855697632
247 0.6578864455223083 8.159203122778532 3.3689751625061035 2.40268874168396 0.0 8.434735450336156 2.9756503105163574 1.2444661855697632
248 0.6578864455223083 8.159203122778532 3.3609650135040283 2.40268874168396 0.0 8.434735450336156 2.9710333347320557 1.2444661855697632
249 0.6578864455223083 8.159203122778532 3.3606069087982178 2.40268874168396 0.0 8.434735450336156 2.97206711769104 1.2444661855697632
250 0.6578864455223083 8.159203122778532 3.358814001083374 2.40268874168396 0.0 8.434735450336156 2.9675848484039307 1.2444661855697632
251 0.6578864455223083 8.159527007341019 3.358814001083374 2.40268874168396 0.0 8.435644360594667 2.967555284500122 1.2444661855697632
252 0.6578864455223083 8.159527007341019 3.3588192462921143 2.40268874168396 0.0 8.435644360594667 2.9676575660705566 1.2444661855697632
253 0.6578864455223083 8.159527007341019 3.3559823036193848 2.40268874168396 0.0 8.435644360594667 2.9680140018463135 1.2444661855697632
254 0.6578864455223083 8.159527007341019 3.3559823036193848 2.40268874168396 0.0 8.435644360594667 2.9680140018463135 1.2444661855697632
255 0.6578864455223083 8.159527007341019 3.356027126312256 2.40268874168396 0.0 8.435644360594667 2.9679312705993652 1.2444661855697632
256 0.6578864455223083 8.159527007341019 3.356027126312256 2.40268874168396 0.0 8.435644360594667 2.9679312705993652 1.2444661855697632
257 0.6578864455223083 8.159527007341019 3.3537802696228027 2.402414083480835 0.0 8.435644360594667 2.960747718811035 1.2440158128738403
258 0.6578864455223083 8.1587373625093 3.3538742065429688 2.399697780609131 0.0 8.434150053869862 2.96037220954895 1.2433490753173828
259 0.6578864455223083 8.159781619500531 3.3538742065429688 2.399697780609131 0.0 8.436143725110757 2.9607224464416504 1.2433490753173828
260 0.6578864455223083 8.15501321172192 3.353853940963745 2.399697780609131 0.0 8.432451867508387 2.959707021713257 1.2433490753173828
261 0.6578864455223083 8.15501321172192 3.353853940963745 2.399697780609131 0.0 8.432451867508387 2.959707021713257 1.2433490753173828
262 0.6578864455223083 8.15501321172192 3.35306978225708 2.399697780609131 0.0 8.432451867508387 2.955357551574707 1.2433490753173828
263 0.6578864455223083 8.15501321172192 3.353034734725952 2.400385618209839 0.0 8.432451867508387 2.9554193019866943 1.2445778846740723
264 0.6578864455223083 8.15501321172192 3.3527960777282715 2.400385618209839 0.0 8.432451867508387 2.950854778289795 1.2445778846740723
265 0.6578864455223083 8.15501321172192 3.3529739379882813 2.400385618209839 0.0 8.432451867508387 2.9509379863739014 1.2445778846740723
266 0.6578864455223083 8.15501321172192 3.3530232906341553 2.434774875640869 0.0 8.432451867508387 2.9470434188842773 1.1767268180847168
267 0.6578864455223083 8.15501321172192 3.3557770252227783 2.434051990509033 0.0 8.432451867508387 2.950179100036621 1.1764541864395142
268 0.6578864455223083 8.15501321172192 3.3536808490753174 2.4375274181365967 0.0 8.432451867508387 2.9494874477386475 1.1828395128250122
269 0.6578864455223083 8.164763497079052 3.3536808490753174 2.4375274181365967 0.0 8.442946193223074 2.952801465988159 1.1828395128250122
270 0.6578864455223083 8.165095173141966 3.3536808490753174 2.4375274181365967 0.0 8.443589515228345 2.9529125690460205 1.1828395128250122
271 0.6578864455223083 8.165095173141966 3.3536860942840576 2.4375274181365967 0.0 8.443589515228345 2.9528775215148926 1.1828395128250122
272 0.6578864455223083 8.165095173141966 3.3536860942840576 2.4375274181365967 0.0 8.443589515228345 2.9528775215148926 1.1828395128250122
273 0.6578864455223083 8.165095173141966 3.353581428527832 2.4375274181365967 0.0 8.443589515228345 2.952174186706543 1.1828395128250122
274 0.6578864455223083 8.165095173141966 3.353581428527832 2.4375274181365967 0.0 8.443589515228345 2.952174186706543 1.1828395128250122
275 0.6578864455223083 8.165095173141966 3.353581428527832 2.4375274181365967 0.0 8.443589515228345 2.952174186706543 1.1828395128250122
276 0.6578864455223083 8.165095173141966 3.3587074279785156 2.4375274181365967 0.0 8.443589515228345 2.9566738605499268 1.1828395128250122
277 0.6578864455223083 8.165095173141966 3.3587074279785156 2.4375274181365967 0.0 8.443589515228345 2.9566738605499268 1.1828395128250122
278 0.6578864455223083 8.165095173141966 3.3587074279785156 2.4375274181365967 0.0 8.443589515228345 2.9566738605499268 1.1828395128250122
279 0.6578864455223083 8.165095173141966 3.358978509902954 2.4375274181365967 0.0 8.443589515228345 2.956843376159668 1.1828395128250122
280 0.6578864455223083 8.165095173141966 3.3586952686309814 2.439234972000122 0.0 8.443589515228345 2.9565742015838623 1.1862273216247559
281 0.6578864455223083 8.165095173141966 3.356440544128418 2.439234972000122 0.0 8.443589515228345 2.953306198120117 1.1862273216247559
282 0.6578864455223083 8.165095173141966 3.3563573360443115 2.439234972000122 0.0 8.443589515228345 2.9524149894714355 1.1862273216247559
283 0.6578864455223083 8.165095173141966 3.354412794113159 2.439234972000122 0.0 8.443589515228345 2.9501843452453613 1.1862273216247559
284 0.6578864455223083 8.165218354656824 3.354412794113159 2.439234972000122 0.0 8.443832068064891 2.950225591659546 1.1862273216247559
285 0.6578864455223083 8.165218354656824 3.354377269744873 2.439234972000122 0.0 8.443832068064891 2.952677011489868 1.1862273216247559
286 0.6578864455223083 8.165218354656824 3.354377269744873 2.439234972000122 0.0 8.443832068064891 2.952677011489868 1.1862273216247559
287 0.6578864455223083 8.165218354656824 3.3479905128479004 2.439234972000122 0.0 8.443832068064891 2.950518846511841 1.1862273216247559
288 0.6578864455223083 8.165218354656824 3.347994327545166 2.439234972000122 0.0 8.443832068064891 2.950813055038452 1.1862273216247559
289 0.6578864455223083 8.165218354656824 3.347994327545166 2.439234972000122 0.0 8.443832068064891 2.950813055038452 1.1862273216247559
290 0.6578864455223083 8.165218354656824 3.347994327545166 2.439234972000122 0.0 8.443832068064891 2.950813055038452 1.1862273216247559
291 0.6578864455223083 8.165218354656824 3.3479387760162354 2.439234972000122 0.0 8.443832068064891 2.9555206298828125 1.1862273216247559
292 0.6578864455223083 8.165218354656824 3.3479387760162354 2.439234972000122 0.0 8.443832068064891 2.9555206298828125 1.1862273216247559
293 0.6578864455223083 8.165218354656824 3.3374903202056885 2.439234972000122 0.0 8.443832068064891 2.9425690174102783 1.1862273216247559
294 0.6578864455223083 8.165218354656824 3.3374903202056885 2.439234972000122 0.0 8.443832068064891 2.9425690174102783 1.1862273216247559
295 0.6578864455223083 8.163756616847524 3.3555400371551514 2.439234972000122 0.0 8.441082401304767 2.961097478866577 1.1862273216247559
296 0.6578864455223083 8.163756616847524 3.3587570190429688 2.439234972000122 0.0 8.441082401304767 2.9621686935424805 1.1862273216247559
297 0.6578864455223083 8.163756616847524 3.358227252960205 2.4394900798797607 0.0 8.441082401304767 2.96335768699646 1.1919106245040894
298 0.6578864455223083 8.163756616847524 3.358236312866211 2.4394900798797607 0.0 8.441082401304767 2.9635746479034424 1.1919106245040894
299 0.6578864455223083 8.163756616847524 3.345946788787842 2.4394900798797607 0.0 8.441082401304767 2.9583394527435303 1.1919106245040894
300 0.6578864455223083 8.163756616847524 3.3431921005249023 2.4394900798797607 0.0 8.441082401304767 2.9556894302368164 1.1919106245040894
301 0.6578864455223083 8.163756616847524 3.3431921005249023 2.4394900798797607 0.0 8.441082401304767 2.9556894302368164 1.1919106245040894
302 0.6578864455223083 8.163756616847524 3.3417775630950928 2.4394900798797607 0.0 8.441082401304767 2.954821825027466 1.1919106245040894
303 0.6578864455223083 8.15795889417097 3.341780424118042 2.4394900798797607 0.0 8.437016232306764 2.953611373901367 1.1919106245040894
304 0.6578864455223083 8.15795889417097 3.341770648956299 2.4394900798797607 0.0 8.437016232306764 2.9535696506500244 1.1919106245040894
305 0.6578864455223083 8.15795889417097 3.3418734073638916 2.4394900798797607 0.0 8.437016232306764 2.9522705078125 1.1919106245040894
306 0.6578864455223083 8.15795889417097 3.342005729675293 2.4406938552856445 0.0 8.437016232306764 2.9521074295043945 1.1897164583206177
307 0.6578864455223083 8.15795889417097 3.3449745178222656 2.4406938552856445 0.0 8.437016232306764 2.960183620452881 1.1897164583206177
308 0.6578864455223083 8.15795889417097 3.3449745178222656 2.4406938552856445 0.0 8.437016232306764 2.960183620452881 1.1897164583206177
309 0.6578864455223083 8.154123901222299 3.34592866897583 2.4406938552856445 0.0 8.430652523168515 2.9610276222229004 1.1897164583206177
310 0.6578864455223083 8.154123901222299 3.34592866897583 2.4406938552856445 0.0 8.430652523168515 2.9610276222229004 1.1897164583206177
311 0.6578864455223083 8.154123901222299 3.346346139907837 2.4406938552856445 0.0 8.430652523168515 2.9608001708984375 1.1897164583206177
312 0.6578864455223083 8.154123901222299 3.3526370525360107 2.4406938552856445 0.0 8.430652523168515 2.9515380859375 1.1897164583206177
313 0.6578864455223083 8.154123901222299 3.3527586460113525 2.4406938552856445 0.0 8.430652523168515 2.9492878913879395 1.1897164583206177
314 0.6578864455223083 8.154123901222299 3.352569818496704 2.4406938552856445 0.0 8.430652523168515 2.949009895324707 1.1897164583206177
315 0.6578864455223083 8.154123901222299 3.3528599739074707 2.407832145690918 0.0 8.430652523168515 2.953361749649048 1.2540489435195923
316 0.6578864455223083 8.154123901222299 3.3528599739074707 2.407832145690918 0.0 8.430652523168515 2.953361749649048 1.2540489435195923
317 0.6578864455223083 8.154123901222299 3.3528599739074707 2.407832145690918 0.0 8.430652523168515 2.953361749649048 1.2540489435195923
318 0.6578864455223083 8.153959892338401 3.3528738021850586 2.407832145690918 0.0 8.430547144224102 2.9544832706451416 1.2540489435195923
319 0.6578864455223083 8.153959892338401 3.3528738021850586 2.407832145690918 0.0 8.430547144224102 2.9544832706451416 1.2540489435195923
320 0.6578864455223083 8.153959892338401 3.3528106212615967 2.406480312347412 0.0 8.430547144224102 2.9546890258789063 1.2574251890182495
321 0.6578864455223083 8.153959892338401 3.3528106212615967 2.406480312347412 0.0 8.430547144224102 2.9546890258789063 1.2574251890182495
322 0.6578864455223083 8.153959892338401 3.3528051376342773 2.406433582305908 0.0 8.430547144224102 2.95467209815979 1.257148265838623
323 0.6578864455223083 8.153959892338401 3.3559162616729736 2.438784599304199 0.0 8.430547144224102 2.9481210708618164 1.2155072689056396
324 0.6578864455223083 8.150372397947121 3.355896472930908 2.438784599304199 0.0 8.43664747176579 2.9499857425689697 1.2155072689056396
325 0.6578864455223083 8.150372397947121 3.3557181358337402 2.438784599304199 0.0 8.43664747176579 2.9494595527648926 1.2155072689056396
326 0.6578864455223083 8.150372397947121 3.3543107509613037 2.438784599304199 0.0 8.43664747176579 2.948127269744873 1.2155072689056396
327 0.6578864455223083 8.150372397947121 3.353064775466919 2.438784599304199 0.0 8.43664747176579 2.9488325119018555 1.2155072689056396
328 0.6578864455223083 8.19794446355081 3.357194423675537 2.438784599304199 0.0 8.466040152321398 2.958329439163208 1.2155072689056396
329 0.6578864455223083 8.19794446355081 3.357194423675537 2.438784599304199 0.0 8.466040152321398 2.958329439163208 1.2155072689056396
330 0.6578864455223083 8.19794446355081 3.357194423675537 2.438784599304199 0.0 8.466040152321398 2.958329439163208 1.2155072689056396
331 0.6578864455223083 8.19794446355081 3.3569273948669434 2.4382805824279785 0.0 8.466040152321398 2.9584717750549316 1.2162278890609741
332 0.6578864455223083 8.19794446355081 3.355988025665283 2.4382805824279785 0.0 8.466040152321398 2.9549827575683594 1.2162278890609741
333 0.6578864455223083 8.19794446355081 3.355988025665283 2.4382805824279785 0.0 8.466040152321398 2.9549827575683594 1.2162278890609741
334 0.6578864455223083 8.19794446355081 3.355988025665283 2.4382805824279785 0.0 8.466040152321398 2.9549827575683594 1.2162278890609741
335 0.6578864455223083 8.19794446355081 3.3558895587921143 2.4382805824279785 0.0 8.466040152321398 2.955331802368164 1.2162278890609741
336 0.6578864455223083 8.204459869564497 3.3561604022979736 2.4396474361419678 0.0 8.476852599809892 2.95821475982666 1.2129809856414795
337 0.6578864455223083 8.204904654924329 3.365960121154785 2.4396474361419678 0.0 8.477653014311848 2.9769206047058105 1.2129809856414795
338 0.6578864455223083 8.204904654924329 3.3660426139831543 2.4396474361419678 0.0 8.477653014311848 2.9774670600891113 1.2129809856414795
339 0.6578864455223083 8.204744475142908 3.3660426139831543 2.4396474361419678 0.0 8.477550242693624 2.9774343967437744 1.2129809856414795
340 0.6578864455223083 8.204744475142908 3.365959405899048 2.4400599002838135 0.0 8.477550242693624 2.9774649143218994 1.2118927240371704
341 0.6578864455223083 8.202407273064956 3.3658719062805176 2.4400599002838135 0.0 8.481500982700693 2.9785447120666504 1.2118927240371704
342 0.6578864455223083 8.202407273064956 3.3648440837860107 2.4126408100128174 0.0 8.481500982700693 2.9729907512664795 1.1661224365234375
343 0.6578864455223083 8.204085149957592 3.3648440837860107 2.4126408100128174 0.0 8.482580344997325 2.9733307361602783 1.1661224365234375
344 0.6578864455223083 8.204085149957592 3.366291046142578 2.4126408100128174 0.0 8.482580344997325 2.9734370708465576 1.1661224365234375
345 0.6578864455223083 8.204085149957592 3.3694405555725098 2.4864468574523926 0.0 8.482580344997325 2.9849627017974854 1.2630743980407715
346 0.6578864455223083 8.204085149957592 3.3694405555725098 2.4864468574523926 0.0 8.482580344997325 2.9849627017974854 1.2630743980407715
347 0.6578864455223083 8.204085149957592 3.369375228881836 2.4864468574523926 0.0 8.482580344997325 2.9856038093566895 1.2630743980407715
348 0.6578864455223083 8.204085149957592 3.3707122802734375 2.488615036010742 0.0 8.482580344997325 2.9915108680725098 1.2674506902694702
349 0.6578864455223083 8.204085149957592 3.374617576599121 2.542271137237549 0.0 8.482580344997325 2.9959206581115723 1.3386775255203247
350 0.6578864455223083 8.204799035364717 3.375782012939453 2.542271137237549 0.0 8.48392024014636 2.9942727088928223 1.3386775255203247
351 0.6578864455223083 8.203884055425444 3.3802857398986816 2.5455007553100586 0.0 8.483330815986871 2.998176097869873 1.3398948907852173
352 0.6578864455223083 8.203884055425444 3.380032539367676 2.5455007553100586 0.0 8.483330815986871 2.998485565185547 1.3398948907852173
353 0.6578864455223083 8.203884055425444 3.378788948059082 2.5455007553100586 0.0 8.483330815986871 2.9927289485931396 1.3398948907852173
354 0.6578864455223083 8.204138514973888 3.3793320655822754 2.5455007553100586 0.0 8.483842531680422 2.992867946624756 1.3398948907852173
355 0.6578864455223083 8.204138514973888 3.3792896270751953 2.5455007553100586 0.0 8.483842531680422 2.9927642345428467 1.3398948907852173
356 0.6578864455223083 8.204138514973888 3.3792896270751953 2.5455007553100586 0.0 8.483842531680422 2.9927642345428467 1.3398948907852173
357 0.6578864455223083 8.204138514973888 3.3792896270751953 2.5455007553100586 0.0 8.483842531680422 2.9927642345428467 1.3398948907852173
358 0.6578864455223083 8.204138514973888 3.3792896270751953 2.5455007553100586 0.0 8.483842531680422 2.9927642345428467 1.3398948907852173
359 0.6578864455223083 8.203672642346179 3.3791255950927734 2.545480966567993 0.0 8.482942328196167 2.9939212799072266 1.339575171470642
360 0.6578864455223083 8.208795179745065 3.38984751701355 2.5460281372070313 0.0 8.474257243089994 3.0007314682006836 1.3394322395324707
361 0.6578864455223083 8.208795179745065 3.389418363571167 2.5460281372070313 0.0 8.474257243089994 3.0007033348083496 1.3394322395324707
362 0.6578864455223083 8.208795179745065 3.389418363571167 2.5460281372070313 0.0 8.474257243089994 3.0007033348083496 1.3394322395324707
363 0.6578864455223083 8.208795179745065 3.386451482772827 2.5460281372070313 0.0 8.474257243089994 3.0014047622680664 1.3394322395324707
364 0.6578864455223083 8.208795179745065 3.3864920139312744 2.5460281372070313 0.0 8.474257243089994 3.002501964569092 1.3394322395324707
365 0.6578864455223083 8.208795179745065 3.3864920139312744 2.5460281372070313 0.0 8.474257243089994 3.002501964569092 1.3394322395324707
366 0.6578864455223083 8.207224351434718 3.3864920139312744 2.5460281372070313 0.0 8.471433153131668 3.0019795894622803 1.3394322395324707
367 0.6578864455223083 8.207224351434718 3.387568950653076 2.5218636989593506 0.0 8.471433153131668 2.9933133125305176 1.239750623703003
368 0.6578864455223083 8.208159469340705 3.3877456188201904 2.521696090698242 0.0 8.47307269788782 2.994335412979126 1.2397239208221436
369 0.6578864455223083 8.208159469340705 3.3877029418945313 2.521696090698242 0.0 8.47307269788782 2.994901180267334 1.2397239208221436
370 0.6578864455223083 8.208159469340705 3.387688636779785 2.5213046073913574 0.0 8.47307269788782 2.9948601722717285 1.2390294075012207
371 0.6578864455223083 8.208159469340705 3.3895204067230225 2.522005558013916 0.0 8.47307269788782 2.998858690261841 1.2452343702316284
372 0.6578864455223083 8.208742197920468 3.387627124786377 2.522005558013916 0.0 8.47415673643859 2.995154619216919 1.2452343702316284
373 0.6578864455223083 8.208742197920468 3.3876922130584717 2.5200953483581543 0.0 8.47415673643859 2.995070695877075 1.2446881532669067
374 0.6578864455223083 8.208742197920468 3.388768196105957 2.5200953483581543 0.0 8.47415673643859 2.999603271484375 1.2446881532669067
375 0.6578864455223083 8.208742197920468 3.388768196105957 2.5200953483581543 0.0 8.47415673643859 2.999603271484375 1.2446881532669067
376 0.6578864455223083 8.208742197920468 3.388768196105957 2.5200953483581543 0.0 8.47415673643859 2.999603271484375 1.2446881532669067
377 0.6578864455223083 8.207069048975146 3.388768196105957 2.5200953483581543 0.0 8.471181919245351 2.999016284942627 1.2446881532669067
378 0.6578864455223083 8.207069048975146 3.378723382949829 2.5200953483581543 0.0 8.471181919245351 2.9802136421203613 1.2446881532669067
379 0.6578864455223083 8.207069048975146 3.378723382949829 2.5200953483581543 0.0 8.471181919245351 2.9802136421203613 1.2446881532669067
380 0.6578864455223083 8.207069048975146 3.377542495727539 2.5200953483581543 0.0 8.471181919245351 2.9809675216674805 1.2446881532669067
381 0.6578864455223083 8.199343362785523 3.3769681453704834 2.514495849609375 0.0 8.46628422214521 2.979442834854126 1.2442903518676758
382 0.6578864455223083 8.199343362785523 3.3782856464385986 2.514495849609375 0.0 8.46628422214521 2.9833085536956787 1.2442903518676758
383 0.6578864455223083 8.199343362785523 3.377434730529785 2.514495849609375 0.0 8.46628422214521 2.9787404537200928 1.2442903518676758
384 0.6578864455223083 8.199343362785523 3.377413272857666 2.5123283863067627 0.0 8.46628422214521 2.979008913040161 1.2487655878067017
385 0.6578864455223083 8.199343362785523 3.377413272857666 2.5123283863067627 0.0 8.46628422214521 2.979008913040161 1.2487655878067017
386 0.6578864455223083 8.207421441218075 3.3784399032592773 2.5123283863067627 0.0 8.471408459415247 2.985501289367676 1.2487655878067017
387 0.6578864455223083 8.207421441218075 3.377100706100464 2.5123283863067627 0.0 8.471408459415247 2.986398935317993 1.2487655878067017
388 0.6578864455223083 8.207421441218075 3.3769891262054443 2.5123283863067627 0.0 8.471408459415247 2.9855804443359375 1.2487655878067017
389 0.6578864455223083 8.207421441218075 3.376852512359619 2.5123283863067627 0.0 8.471408459415247 2.985156774520874 1.2487655878067017
390 0.6578864455223083 8.207421441218075 3.3752262592315674 2.4937405586242676 0.0 8.471408459415247 2.9890897274017334 1.2809864282608032
391 0.6578864455223083 8.207421441218075 3.3739376068115234 2.4937405586242676 0.0 8.471408459415247 2.9841525554656982 1.2809864282608032
392 0.6578864455223083 8.207421441218075 3.374046564102173 2.4971723556518555 0.0 8.471408459415247 2.984508991241455 1.286766529083252
393 0.6578864455223083 8.207421441218075 3.374046564102173 2.4971723556518555 0.0 8.471408459415247 2.984508991241455 1.286766529083252
394 0.6578864455223083 8.207421441218075 3.374046564102173 2.4971723556518555 0.0 8.471408459415247 2.984508991241455 1.286766529083252
395 0.6578864455223083 8.207421441218075 3.374046564102173 2.4971723556518555 0.0 8.471408459415247 2.984508991241455 1.286766529083252
396 0.6578864455223083 8.207421441218075 3.373739719390869 2.493804931640625 0.0 8.471408459415247 2.9835622310638428 1.2713499069213867
397 0.6578864455223083 8.207325109010142 3.373739719390869 2.493804931640625 0.0 8.47123767490567 2.983567953109741 1.2713499069213867
398 0.6578864455223083 8.207325109010142 3.373739719390869 2.493804931640625 0.0 8.47123767490567 2.983567953109741 1.2713499069213867
399 0.6578864455223083 8.207325109010142 3.373739719390869 2.493804931640625 0.0 8.47123767490567 2.983567953109741 1.2713499069213867
400 0.6578864455223083 8.207325109010142 3.374119520187378 2.493804931640625 0.0 8.47123767490567 2.9821274280548096 1.2713499069213867
