init 0.576325535774231 7.513386166919298 3.1523547172546387 1.3680521249771118 0.0 0.0 0.0 0.0
1 0.576325535774231 7.110278770363205 3.1523547172546387 1.3680521249771118 0.0 1.7437965487713822 0.5352770686149597 0.0
2 0.576325535774231 6.030976577559152 3.1523547172546387 1.3680521249771118 0.0 3.6006321681915594 1.1246446371078491 0.0
3 0.576325535774231 6.002548873116222 3.1523547172546387 1.3680521249771118 0.0 3.3547907182867522 1.0505748987197876 0.0
4 0.576325535774231 6.018467836858399 3.1523547172546387 1.3680521249771118 0.0 3.349686722659982 1.0491269826889038 0.0
5 0.576325535774231 6.01589970104358 3.1523547172546387 1.3680521249771118 0.0 3.351693504911262 1.0499014854431152 0.0
6 0.576325535774231 6.019814125039706 3.1523547172546387 1.3680521249771118 0.0 3.3544273400929394 1.0505889654159546 0.0
7 0.576325535774231 6.019814125039706 3.1523547172546387 1.3680521249771118 0.0 3.3544273400929394 1.0505889654159546 0.0
8 0.576325535774231 6.060861614544117 3.1523547172546387 1.3680521249771118 0.0 3.289046500145262 1.0309269428253174 0.0
9 0.576325535774231 6.060861614544117 3.1523547172546387 1.3680521249771118 0.0 3.289046500145262 1.0309269428253174 0.0
10 0.576325535774231 6.060338830689481 3.1523547172546387 1.3680521249771118 0.0 3.2905490427653503 1.064098834991455 0.0
11 0.576325535774231 6.060552584707012 3.1523547172546387 1.3680521249771118 0.0 3.2897886023223863 1.0643188953399658 0.0
12 0.576325535774231 6.3326364670253605 3.1523547172546387 1.3680521249771118 0.0 3.3284520059461453 1.075843334197998 0.0
13 0.576325535774231 6.3326364670253605 3.1523547172546387 1.3680521249771118 0.0 3.3284520059461453 1.075843334197998 0.0
14 0.576325535774231 6.3326364670253605 3.1523547172546387 1.3680521249771118 0.0 3.3284520059461453 1.075843334197998 0.0
15 0.576325535774231 6.3326364670253605 3.1523547172546387 1.3680521249771118 0.0 3.3284520059461453 1.075843334197998 0.0
16 0.576325535774231 6.3326364670253605 3.1523547172546387 1.3680521249771118 0.0 3.3284520059461453 1.075843334197998 0.0
17 0.576325535774231 6.3326364670253605 3.1523547172546387 1.3680521249771118 0.0 3.3284520059461453 1.075843334197998 0.0
18 0.576325535774231 6.323814734679122 3.1523547172546387 1.3680521249771118 0.0 3.3325731258256663 1.0768181085586548 0.0
19 0.576325535774231 6.270043621453203 3.1523547172546387 1.3680521249771118 0.0 3.350009987309478 1.0795105695724487 0.0
20 0.576325535774231 6.270043621453203 3.1523547172546387 1.3680521249771118 0.0 3.350009987309478 1.0795105695724487 0.0
21 0.576325535774231 6.27357321917385 3.1523547172546387 1.3680521249771118 0.0 3.3492332695839995 1.0794897079467773 0.0
22 0.576325535774231 6.27357321917385 3.1523547172546387 1.3680521249771118 0.0 3.3492332695839995 1.0794897079467773 0.0
23 0.576325535774231 6.293880373988327 3.1523547172546387 1.3680521249771118 0.0 3.3437988047180713 1.0789599418640137 0.0
24 0.576325535774231 6.293880373988327 3.1523547172546387 1.3680521249771118 0.0 3.3437988047180713 1.0789599418640137 0.0
25 0.576325535774231 6.294092593515446 3.1523547172546387 1.3680521249771118 0.0 3.348246623135594 1.080280065536499 0.0
26 0.576325535774231 6.2946128546876645 3.1523547172546387 1.3680521249771118 0.0 3.3474295187820946 1.0805163383483887 0.0
27 0.576325535774231 6.2946128546876645 3.1523547172546387 1.3680521249771118 0.0 3.3474295187820946 1.0805163383483887 0.0
28 0.576325535774231 6.2954121780623895 3.1523547172546387 1.3680521249771118 0.0 3.354766889047644 1.0826903581619263 0.0
29 0.576325535774231 6.2954121780623895 3.1523547172546387 1.3680521249771118 0.0 3.354766889047644 1.0826903581619263 0.0
30 0.576325535774231 6.2954121780623895 3.1523547172546387 1.3680521249771118 0.0 3.354766889047644 1.0826903581619263 0.0
31 0.576325535774231 6.313178921588169 3.1523547172546387 1.3680521249771118 0.0 3.301794323393259 1.0670573711395264 0.0
32 0.576325535774231 6.369076581390562 3.1523547172546387 1.3680521249771118 0.0 3.2600935697034057 1.0551613569259644 0.0
33 0.576325535774231 6.369076581390562 3.1523547172546387 1.3680521249771118 0.0 3.2600935697034057 1.0551613569259644 0.0
34 0.576325535774231 6.369076581390562 3.1523547172546387 1.3680521249771118 0.0 3.2600935697034057 1.0551613569259644 0.0
35 0.576325535774231 6.36961528491566 3.1523547172546387 1.3680521249771118 0.0 3.252404663800107 1.0522724390029907 0.0
36 0.576325535774231 6.36961528491566 3.1523547172546387 1.3680521249771118 0.0 3.252404663800107 1.0522724390029907 0.0
37 0.576325535774231 6.36961528491566 3.1523547172546387 1.3680521249771118 0.0 3.252404663800107 1.0522724390029907 0.0
38 0.576325535774231 6.36961528491566 3.1523547172546387 1.3680521249771118 0.0 3.252404663800107 1.0522724390029907 0.0
39 0.576325535774231 6.36961528491566 3.1523547172546387 1.3680521249771118 0.0 3.252404663800107 1.0522724390029907 0.0
40 0.576325535774231 6.378418520517934 3.1523547172546387 1.3680521249771118 0.0 3.245558079118604 1.0503249168395996 0.0
41 0.576325535774231 6.35632933087665 3.1523547172546387 1.3680521249771118 0.0 3.2505544636332724 1.0521457195281982 0.0
42 0.576325535774231 6.357162758817292 3.1523547172546387 1.3680521249771118 0.0 3.250366147968735 1.0520776510238647 0.0
43 0.576325535774231 6.356795545816754 3.1523547172546387 1.3680521249771118 0.0 3.250761083192636 1.0183125734329224 0.0
44 0.576325535774231 6.356795545816754 3.1523547172546387 1.3680521249771118 0.0 3.250761083192636 1.0183125734329224 0.0
45 0.576325535774231 6.356795545816754 3.1523547172546387 1.3680521249771118 0.0 3.250761083192636 1.0183125734329224 0.0
46 0.576325535774231 6.3677952667209015 3.1523547172546387 1.3680521249771118 0.0 3.2748943537016917 1.0255664587020874 0.0
47 0.576325535774231 6.3677952667209015 3.1523547172546387 1.3680521249771118 0.0 3.2748943537016917 1.0255664587020874 0.0
48 0.576325535774231 6.3677952667209015 3.1523547172546387 1.3680521249771118 0.0 3.2748943537016917 1.0255664587020874 0.0
49 0.576325535774231 6.3677952667209015 3.1523547172546387 1.3680521249771118 0.0 3.2748943537016917 1.0255664587020874 0.0
50 0.576325535774231 6.366903926802031 3.1523547172546387 1.3680521249771118 0.0 3.275117666210931 1.0255814790725708 0.0
51 0.576325535774231 6.366903926802031 3.1523547172546387 1.3680521249771118 0.0 3.275117666210931 1.0255814790725708 0.0
52 0.576325535774231 6.366903926802031 3.1523547172546387 1.3680521249771118 0.0 3.275117666210931 1.0255814790725708 0.0
53 0.576325535774231 6.366903926802031 3.1523547172546387 1.3680521249771118 0.0 3.275117666210931 1.0255814790725708 0.0
54 0.576325535774231 6.366903926802031 3.1523547172546387 1.3680521249771118 0.0 3.275117666210931 1.0255814790725708 0.0
55 0.576325535774231 6.366903926802031 3.1523547172546387 1.3680521249771118 0.0 3.275117666210931 1.0255814790725708 0.0
56 0.576325535774231 6.366903926802031 3.1523547172546387 1.3680521249771118 0.0 3.275117666210931 1.0255814790725708 0.0
57 0.576325535774231 6.366903926802031 3.1523547172546387 1.3680521249771118 0.0 3.275117666210931 1.0255814790725708 0.0
58 0.576325535774231 6.366903926802031 3.1523547172546387 1.3680521249771118 0.0 3.275117666210931 1.0255814790725708 0.0
59 0.576325535774231 6.366903926802031 3.1523547172546387 1.3680521249771118 0.0 3.275117666210931 1.0255814790725708 0.0
60 0.576325535774231 6.366903926802031 3.1523547172546387 1.3680521249771118 0.0 3.275117666210931 1.0255814790725708 0.0
61 0.576325535774231 6.366903926802031 3.1523547172546387 1.3680521249771118 0.0 3.275117666210931 1.0255814790725708 0.0
62 0.576325535774231 6.366903926802031 3.1523547172546387 1.3680521249771118 0.0 3.275117666210931 1.0255814790725708 0.0
63 0.576325535774231 6.366903926802031 3.1523547172546387 1.3680521249771118 0.0 3.275117666210931 1.0255814790725708 0.0
64 0.576325535774231 6.366903926802031 3.1523547172546387 1.3680521249771118 0.0 3.275117666210931 1.0255814790725708 0.0
65 0.576325535774231 6.366903926802031 3.1523547172546387 1.3680521249771118 0.0 3.275117666210931 1.0255814790725708 0.0
66 0.576325535774231 6.366903926802031 3.1523547172546387 1.3680521249771118 0.0 3.275117666210931 1.0255814790725708 0.0
67 0.576325535774231 6.366903926802031 3.1523547172546387 1.3680521249771118 0.0 3.275117666210931 1.0255814790725708 0.0
68 0.576325535774231 6.366903926802031 3.1523547172546387 1.3680521249771118 0.0 3.275117666210931 1.0255814790725708 0.0
69 0.576325535774231 6.366903926802031 3.1523547172546387 1.3680521249771118 0.0 3.275117666210931 1.0255814790725708 0.0
70 0.576325535774231 6.366903926802031 3.1523547172546387 1.3680521249771118 0.0 3.275117666210931 1.0255814790725708 0.0
71 0.576325535774231 6.379749679273532 3.1523547172546387 1.3680521249771118 0.0 3.2656942424570468 1.0228252410888672 0.0
72 0.576325535774231 6.379749679273532 3.1523547172546387 1.3680521249771118 0.0 3.2656942424570468 1.0228252410888672 0.0
73 0.576325535774231 6.389525526967532 3.1523547172546387 1.3680521249771118 0.0 3.2526306092170536 1.0189740657806396 0.0
74 0.576325535774231 6.389525526967532 3.1523547172546387 1.3680521249771118 0.0 3.2526306092170536 1.0189740657806396 0.0
75 0.576325535774231 6.389525526967532 3.1523547172546387 1.3680521249771118 0.0 3.2526306092170536 1.0189740657806396 0.0
76 0.576325535774231 6.389525526967532 3.1523547172546387 1.3680521249771118 0.0 3.2526306092170536 1.0189740657806396 0.0
77 0.576325535774231 6.389525526967532 3.1523547172546387 1.3680521249771118 0.0 3.2526306092170536 1.0189740657806396 0.0
78 0.576325535774231 6.389525526967532 3.1523547172546387 1.3680521249771118 0.0 3.2526306092170536 1.0189740657806396 0.0
79 0.576325535774231 6.389525526967532 3.1523547172546387 1.3680521249771118 0.0 3.2526306092170536 1.0189740657806396 0.0
80 0.576325535774231 6.389525526967532 3.1523547172546387 1.3680521249771118 0.0 3.2526306092170536 1.0189740657806396 0.0
81 0.576325535774231 6.375553481059606 3.1523547172546387 1.3680521249771118 0.0 3.255674634076962 1.0200976133346558 0.0
82 0.576325535774231 6.375553481059606 3.1523547172546387 1.3680521249771118 0.0 3.255674634076962 1.0200976133346558 0.0
83 0.576325535774231 6.375553481059606 3.1523547172546387 1.3680521249771118 0.0 3.255674634076962 1.0200976133346558 0.0
84 0.576325535774231 6.375553481059606 3.1523547172546387 1.3680521249771118 0.0 3.255674634076962 1.0200976133346558 0.0
85 0.576325535774231 6.375553481059606 3.1523547172546387 1.3680521249771118 0.0 3.255674634076962 1.0200976133346558 0.0
86 0.576325535774231 6.375553481059606 3.1523547172546387 1.3680521249771118 0.0 3.255674634076962 1.0200976133346558 0.0
87 0.576325535774231 6.375553481059606 3.1523547172546387 1.3680521249771118 0.0 3.255674634076962 1.0200976133346558 0.0
88 0.576325535774231 6.375553481059606 3.1523547172546387 1.3680521249771118 0.0 3.255674634076962 1.0200976133346558 0.0
89 0.576325535774231 6.375553481059606 3.1523547172546387 1.3680521249771118 0.0 3.255674634076962 1.0200976133346558 0.0
90 0.576325535774231 6.375553481059606 3.1523547172546387 1.3680521249771118 0.0 3.255674634076962 1.0200976133346558 0.0
91 0.576325535774231 6.375553481059606 3.1523547172546387 1.3680521249771118 0.0 3.255674634076962 1.0200976133346558 0.0
92 0.576325535774231 6.375553481059606 3.1523547172546387 1.3680521249771118 0.0 3.255674634076962 1.0200976133346558 0.0
93 0.576325535774231 6.375553481059606 3.1523547172546387 1.3680521249771118 0.0 3.255674634076962 1.0200976133346558 0.0
94 0.576325535774231 6.375550404690455 3.1523547172546387 1.3680521249771118 0.0 3.2556812387568903 1.0200996398925781 0.0
95 0.576325535774231 6.375550404690455 3.1523547172546387 1.3680521249771118 0.0 3.2556812387568903 1.0200996398925781 0.0
96 0.576325535774231 6.3742585723237015 3.1523547172546387 1.3680521249771118 0.0 3.2560131722470294 1.0201282501220703 0.0
97 0.576325535774231 6.3742585723237015 3.1523547172546387 1.3680521249771118 0.0 3.2560131722470294 1.0201282501220703 0.0
98 0.576325535774231 6.3742585723237015 3.1523547172546387 1.3680521249771118 0.0 3.2560131722470294 1.0201282501220703 0.0
99 0.576325535774231 6.3742585723237015 3.1523547172546387 1.3680521249771118 0.0 3.2560131722470294 1.0201282501220703 0.0
100 0.576325535774231 6.3742585723237015 3.1523547172546387 1.3680521249771118 0.0 3.2560131722470294 1.0201282501220703 0.0
101 0.576325535774231 6.3742585723237015 3.1523547172546387 1.3680521249771118 0.0 3.2560131722470294 1.0201282501220703 0.0
102 0.576325535774231 6.359969174166949 3.1523547172546387 1.3680521249771118 0.0 3.259249878297578 1.020248532295227 0.0
103 0.576325535774231 6.359969174166949 3.1523547172546387 1.3680521249771118 0.0 3.259249878297578 1.020248532295227 0.0
104 0.576325535774231 6.359969174166949 3.1523547172546387 1.3680521249771118 0.0 3.259249878297578 1.020248532295227 0.0
105 0.576325535774231 6.359969174166949 3.1523547172546387 1.3680521249771118 0.0 3.259249878297578 1.020248532295227 0.0
106 0.576325535774231 6.359969174166949 3.1523547172546387 1.3680521249771118 0.0 3.259249878297578 1.020248532295227 0.0
107 0.576325535774231 6.359969174166949 3.1523547172546387 1.3680521249771118 0.0 3.259249878297578 1.020248532295227 0.0
108 0.576325535774231 6.359969174166949 3.1523547172546387 1.3680521249771118 0.0 3.259249878297578 1.020248532295227 0.0
109 0.576325535774231 6.359969174166949 3.1523547172546387 1.3680521249771118 0.0 3.259249878297578 1.020248532295227 0.0
110 0.576325535774231 6.359969174166949 3.1523547172546387 1.3680521249771118 0.0 3.259249878297578 1.020248532295227 0.0
111 0.576325535774231 6.359969174166949 3.1523547172546387 1.3680521249771118 0.0 3.259249878297578 1.020248532295227 0.0
112 0.576325535774231 6.359969174166949 3.1523547172546387 1.3680521249771118 0.0 3.259249878297578 1.020248532295227 0.0
113 0.576325535774231 6.359969174166949 3.1523547172546387 1.3680521249771118 0.0 3.259249878297578 1.020248532295227 0.0
114 0.576325535774231 6.363744489938151 3.1523547172546387 1.3680521249771118 0.0 3.258470443835292 1.0202511548995972 0.0
115 0.576325535774231 6.363744489938151 3.1523547172546387 1.3680521249771118 0.0 3.258470443835292 1.0202511548995972 0.0
116 0.576325535774231 6.363744489938151 3.1523547172546387 1.3680521249771118 0.0 3.258470443835292 1.0202511548995972 0.0
117 0.576325535774231 6.363744489938151 3.1523547172546387 1.3680521249771118 0.0 3.258470443835292 1.0202511548995972 0.0
118 0.576325535774231 6.368596345362962 3.1523547172546387 1.3680521249771118 0.0 3.257389495814178 1.0202183723449707 0.0
119 0.576325535774231 6.368596345362962 3.1523547172546387 1.3680521249771118 0.0 3.257389495814178 1.0202183723449707 0.0
120 0.576325535774231 6.368514440460589 3.1523547172546387 1.3680521249771118 0.0 3.257592254230031 1.0202794075012207 0.0
121 0.576325535774231 6.368542295286143 3.1523547172546387 1.3680521249771118 0.0 3.257518857085092 1.0202573537826538 0.0
122 0.576325535774231 6.368542295286143 3.1523547172546387 1.3680521249771118 0.0 3.257518857085092 1.0202573537826538 0.0
123 0.576325535774231 6.368542295286143 3.1523547172546387 1.3680521249771118 0.0 3.257518857085092 1.0202573537826538 0.0
124 0.576325535774231 6.368542295286143 3.1523547172546387 1.3680521249771118 0.0 3.257518857085092 1.0202573537826538 0.0
125 0.576325535774231 6.368542295286143 3.1523547172546387 1.3680521249771118 0.0 3.257518857085092 1.0202573537826538 0.0
126 0.576325535774231 6.368542295286143 3.1523547172546387 1.3680521249771118 0.0 3.257518857085092 1.0202573537826538 0.0
127 0.576325535774231 6.368542295286143 3.1523547172546387 1.3680521249771118 0.0 3.257518857085092 1.0202573537826538 0.0
128 0.576325535774231 6.368542295286143 3.1523547172546387 1.3680521249771118 0.0 3.257518857085092 1.0202573537826538 0.0
129 0.576325535774231 6.368542295286143 3.1523547172546387 1.3680521249771118 0.0 3.257518857085092 1.0202573537826538 0.0
130 0.576325535774231 6.368542295286143 3.1523547172546387 1.3680521249771118 0.0 3.257518857085092 1.0202573537826538 0.0
131 0.576325535774231 6.368542295286143 3.1523547172546387 1.3680521249771118 0.0 3.257518857085092 1.0202573537826538 0.0
132 0.576325535774231 6.368542295286143 3.1523547172546387 1.3680521249771118 0.0 3.257518857085092 1.0202573537826538 0.0
133 0.576325535774231 6.368542295286143 3.1523547172546387 1.3680521249771118 0.0 3.257518857085092 1.0202573537826538 0.0
134 0.576325535774231 6.368542295286143 3.1523547172546387 1.3680521249771118 0.0 3.257518857085092 1.0202573537826538 0.0
135 0.576325535774231 6.368542295286143 3.1523547172546387 1.3680521249771118 0.0 3.257518857085092 1.0202573537826538 0.0
136 0.576325535774231 6.368542295286143 3.1523547172546387 1.3680521249771118 0.0 3.257518857085092 1.0202573537826538 0.0
137 0.576325535774231 6.368542295286143 3.1523547172546387 1.3680521249771118 0.0 3.257518857085092 1.0202573537826538 0.0
138 0.576325535774231 6.368542295286143 3.1523547172546387 1.3680521249771118 0.0 3.257518857085092 1.0202573537826538 0.0
139 0.576325535774231 6.368542295286143 3.1523547172546387 1.3680521249771118 0.0 3.257518857085092 1.0202573537826538 0.0
140 0.576325535774231 6.368542295286143 3.1523547172546387 1.3680521249771118 0.0 3.257518857085092 1.0202573537826538 0.0
141 0.576325535774231 6.368542295286143 3.1523547172546387 1.3680521249771118 0.0 3.257518857085092 1.0202573537826538 0.0
142 0.576325535774231 6.368542295286143 3.1523547172546387 1.3680521249771118 0.0 3.257518857085092 1.0202573537826538 0.0
143 0.576325535774231 6.368542295286143 3.1523547172546387 1.3680521249771118 0.0 3.257518857085092 1.0202573537826538 0.0
144 0.576325535774231 6.368542295286143 3.1523547172546387 1.3680521249771118 0.0 3.257518857085092 1.0202573537826538 0.0
145 0.576325535774231 6.368542295286143 3.1523547172546387 1.3680521249771118 0.0 3.257518857085092 1.0202573537826538 0.0
146 0.576325535774231 6.368542295286143 3.1523547172546387 1.3680521249771118 0.0 3.257518857085092 1.0202573537826538 0.0
147 0.576325535774231 6.368542295286143 3.1523547172546387 1.3680521249771118 0.0 3.257518857085092 1.0202573537826538 0.0
148 0.576325535774231 6.368542295286143 3.1523547172546387 1.3680521249771118 0.0 3.257518857085092 1.0202573537826538 0.0
149 0.576325535774231 6.3660520422162525 3.1523547172546387 1.3680521249771118 0.0 3.2580846376001182 1.0202792882919312 0.0
150 0.576325535774231 6.3660520422162525 3.1523547172546387 1.3680521249771118 0.0 3.2580846376001182 1.0202792882919312 0.0
151 0.576325535774231 6.366275196673279 3.1523547172546387 1.3680521249771118 0.0 3.25840749026089 1.0203746557235718 0.0
152 0.576325535774231 6.366275196673279 3.1523547172546387 1.3680521249771118 0.0 3.25840749026089 1.0203746557235718 0.0
153 0.576325535774231 6.366275196673279 3.1523547172546387 1.3680521249771118 0.0 3.25840749026089 1.0203746557235718 0.0
154 0.576325535774231 6.366275196673279 3.1523547172546387 1.3680521249771118 0.0 3.25840749026089 1.0203746557235718 0.0
155 0.576325535774231 6.366275196673279 3.1523547172546387 1.3680521249771118 0.0 3.25840749026089 1.0203746557235718 0.0
156 0.576325535774231 6.366275196673279 3.1523547172546387 1.3680521249771118 0.0 3.25840749026089 1.0203746557235718 0.0
157 0.576325535774231 6.366275196673279 3.1523547172546387 1.3680521249771118 0.0 3.25840749026089 1.0203746557235718 0.0
158 0.576325535774231 6.366275196673279 3.1523547172546387 1.3680521249771118 0.0 3.25840749026089 1.0203746557235718 0.0
159 0.576325535774231 6.366275196673279 3.1523547172546387 1.3680521249771118 0.0 3.25840749026089 1.0203746557235718 0.0
160 0.576325535774231 6.366275196673279 3.1523547172546387 1.3680521249771118 0.0 3.25840749026089 1.0203746557235718 0.0
161 0.576325535774231 6.366275196673279 3.1523547172546387 1.3680521249771118 0.0 3.25840749026089 1.0203746557235718 0.0
162 0.576325535774231 6.366275196673279 3.1523547172546387 1.3680521249771118 0.0 3.25840749026089 1.0203746557235718 0.0
163 0.576325535774231 6.366275196673279 3.1523547172546387 1.3680521249771118 0.0 3.25840749026089 1.0203746557235718 0.0
164 0.576325535774231 6.366275196673279 3.1523547172546387 1.3680521249771118 0.0 3.25840749026089 1.0203746557235718 0.0
165 0.576325535774231 6.366275196673279 3.1523547172546387 1.3680521249771118 0.0 3.25840749026089 1.0203746557235718 0.0
166 0.576325535774231 6.366275196673279 3.1523547172546387 1.3680521249771118 0.0 3.25840749026089 1.0203746557235718 0.0
167 0.576325535774231 6.366275196673279 3.1523547172546387 1.3680521249771118 0.0 3.25840749026089 1.0203746557235718 0.0
168 0.576325535774231 6.366275196673279 3.1523547172546387 1.3680521249771118 0.0 3.25840749026089 1.0203746557235718 0.0
169 0.576325535774231 6.366275196673279 3.1523547172546387 1.3680521249771118 0.0 3.25840749026089 1.0203746557235718 0.0
170 0.576325535774231 6.366275196673279 3.1523547172546387 1.3680521249771118 0.0 3.25840749026089 1.0203746557235718 0.0
171 0.576325535774231 6.366275196673279 3.1523547172546387 1.3680521249771118 0.0 3.25840749026089 1.0203746557235718 0.0
172 0.576325535774231 6.366275196673279 3.1523547172546387 1.3680521249771118 0.0 3.25840749026089 1.0203746557235718 0.0
173 0.576325535774231 6.366275196673279 3.1523547172546387 1.3680521249771118 0.0 3.25840749026089 1.0203746557235718 0.0
174 0.576325535774231 6.366275196673279 3.1523547172546387 1.3680521249771118 0.0 3.25840749026089 1.0203746557235718 0.0
175 0.576325535774231 6.366275196673279 3.1523547172546387 1.3680521249771118 0.0 3.25840749026089 1.0203746557235718 0.0
176 0.576325535774231 6.366275196673279 3.1523547172546387 1.3680521249771118 0.0 3.25840749026089 1.0203746557235718 0.0
177 0.576325535774231 6.366275196673279 3.1523547172546387 1.3680521249771118 0.0 3.25840749026089 1.0203746557235718 0.0
178 0.576325535774231 6.366275196673279 3.1523547172546387 1.3680521249771118 0.0 3.25840749026089 1.0203746557235718 0.0
179 0.576325535774231 6.366275196673279 3.1523547172546387 1.3680521249771118 0.0 3.25840749026089 1.0203746557235718 0.0
180 0.576325535774231 6.366275196673279 3.1523547172546387 1.3680521249771118 0.0 3.25840749026089 1.0203746557235718 0.0
181 0.576325535774231 6.366275196673279 3.1523547172546387 1.3680521249771118 0.0 3.25840749026089 1.0203746557235718 0.0
182 0.576325535774231 6.366275196673279 3.1523547172546387 1.3680521249771118 0.0 3.25840749026089 1.0203746557235718 0.0
183 0.576325535774231 6.366275196673279 3.1523547172546387 1.3680521249771118 0.0 3.25840749026089 1.0203746557235718 0.0
184 0.576325535774231 6.366275196673279 3.1523547172546387 1.3680521249771118 0.0 3.25840749026089 1.0203746557235718 0.0
185 0.576325535774231 6.366275196673279 3.1523547172546387 1.3680521249771118 0.0 3.25840749026089 1.0203746557235718 0.0
186 0.576325535774231 6.366275196673279 3.1523547172546387 1.3680521249771118 0.0 3.25840749026089 1.0203746557235718 0.0
187 0.576325535774231 6.366275196673279 3.1523547172546387 1.3680521249771118 0.0 3.25840749026089 1.0203746557235718 0.0
188 0.576325535774231 6.366275196673279 3.1523547172546387 1.3680521249771118 0.0 3.25840749026089 1.0203746557235718 0.0
189 0.576325535774231 6.366275196673279 3.1523547172546387 1.3680521249771118 0.0 3.25840749026089 1.0203746557235718 0.0
190 0.576325535774231 6.366275196673279 3.1523547172546387 1.3680521249771118 0.0 3.25840749026089 1.0203746557235718 0.0
191 0.576325535774231 6.366275196673279 3.1523547172546387 1.3680521249771118 0.0 3.25840749026089 1.0203746557235718 0.0
192 0.576325535774231 6.366275196673279 3.1523547172546387 1.3680521249771118 0.0 3.25840749026089 1.0203746557235718 0.0
193 0.576325535774231 6.366275196673279 3.1523547172546387 1.3680521249771118 0.0 3.25840749026089 1.0203746557235718 0.0
194 0.576325535774231 6.366275196673279 3.1523547172546387 1.3680521249771118 0.0 3.25840749026089 1.0203746557235718 0.0
195 0.576325535774231 6.366275196673279 3.1523547172546387 1.3680521249771118 0.0 3.25840749026089 1.0203746557235718 0.0
196 0.576325535774231 6.366275196673279 3.1523547172546387 1.3680521249771118 0.0 3.25840749026089 1.0203746557235718 0.0
197 0.576325535774231 6.366275196673279 3.1523547172546387 1.3680521249771118 0.0 3.25840749026089 1.0203746557235718 0.0
198 0.576325535774231 6.366275196673279 3.1523547172546387 1.3680521249771118 0.0 3.25840749026089 1.0203746557235718 0.0
199 0.576325535774231 6.366275196673279 3.1523547172546387 1.3680521249771118 0.0 3.25840749026089 1.0203746557235718 0.0
200 0.576325535774231 6.366275196673279 3.1523547172546387 1.3680521249771118 0.0 3.25840749026089 1.0203746557235718 0.0
201 0.576325535774231 6.366275196673279 3.1523547172546387 1.3680521249771118 0.0 3.25840749026089 1.0203746557235718 0.0
202 0.576325535774231 6.366275196673279 3.1523547172546387 1.3680521249771118 0.0 3.25840749026089 1.0203746557235718 0.0
203 0.576325535774231 6.366275196673279 3.1523547172546387 1.3680521249771118 0.0 3.25840749026089 1.0203746557235718 0.0
204 0.576325535774231 6.366275196673279 3.1523547172546387 1.3680521249771118 0.0 3.25840749026089 1.0203746557235718 0.0
205 0.576325535774231 6.366275196673279 3.1523547172546387 1.3680521249771118 0.0 3.25840749026089 1.0203746557235718 0.0
206 0.576325535774231 6.366275196673279 3.1523547172546387 1.3680521249771118 0.0 3.25840749026089 1.0203746557235718 0.0
207 0.576325535774231 6.366275196673279 3.1523547172546387 1.3680521249771118 0.0 3.25840749026089 1.0203746557235718 0.0
208 0.576325535774231 6.366275196673279 3.1523547172546387 1.3680521249771118 0.0 3.25840749026089 1.0203746557235718 0.0
209 0.576325535774231 6.366275196673279 3.1523547172546387 1.3680521249771118 0.0 3.25840749026089 1.0203746557235718 0.0
210 0.576325535774231 6.366275196673279 3.1523547172546387 1.3680521249771118 0.0 3.25840749026089 1.0203746557235718 0.0
211 0.576325535774231 6.366275196673279 3.1523547172546387 1.3680521249771118 0.0 3.25840749026089 1.0203746557235718 0.0
212 0.576325535774231 6.366275196673279 3.1523547172546387 1.3680521249771118 0.0 3.25840749026089 1.0203746557235718 0.0
213 0.576325535774231 6.367360301443313 3.1523547172546387 1.3680521249771118 0.0 3.2581639277446794 1.0203666687011719 0.0
214 0.576325535774231 6.367360301443313 3.1523547172546387 1.3680521249771118 0.0 3.2581639277446794 1.0203666687011719 0.0
215 0.576325535774231 6.367360301443313 3.1523547172546387 1.3680521249771118 0.0 3.2581639277446794 1.0203666687011719 0.0
216 0.576325535774231 6.367360301443313 3.1523547172546387 1.3680521249771118 0.0 3.2581639277446794 1.0203666687011719 0.0
217 0.576325535774231 6.367360301443313 3.1523547172546387 1.3680521249771118 0.0 3.2581639277446794 1.0203666687011719 0.0
218 0.576325535774231 6.367360301443313 3.1523547172546387 1.3680521249771118 0.0 3.2581639277446794 1.0203666687011719 0.0
219 0.576325535774231 6.367360301443313 3.1523547172546387 1.3680521249771118 0.0 3.2581639277446794 1.0203666687011719 0.0
220 0.576325535774231 6.367360301443313 3.1523547172546387 1.3680521249771118 0.0 3.2581639277446794 1.0203666687011719 0.0
221 0.576325535774231 6.367360301443313 3.1523547172546387 1.3680521249771118 0.0 3.2581639277446794 1.0203666687011719 0.0
222 0.576325535774231 6.367360301443313 3.1523547172546387 1.3680521249771118 0.0 3.2581639277446794 1.0203666687011719 0.0
223 0.576325535774231 6.367360301443313 3.1523547172546387 1.3680521249771118 0.0 3.2581639277446794 1.0203666687011719 0.0
224 0.576325535774231 6.367360301443313 3.1523547172546387 1.3680521249771118 0.0 3.2581639277446794 1.0203666687011719 0.0
225 0.576325535774231 6.367360301443313 3.1523547172546387 1.3680521249771118 0.0 3.2581639277446794 1.0203666687011719 0.0
226 0.576325535774231 6.367360301443313 3.1523547172546387 1.3680521249771118 0.0 3.2581639277446794 1.0203666687011719 0.0
227 0.576325535774231 6.367360301443313 3.1523547172546387 1.3680521249771118 0.0 3.2581639277446794 1.0203666687011719 0.0
228 0.576325535774231 6.367360301443313 3.1523547172546387 1.3680521249771118 0.0 3.2581639277446794 1.0203666687011719 0.0
229 0.576325535774231 6.367360301443313 3.1523547172546387 1.3680521249771118 0.0 3.2581639277446794 1.0203666687011719 0.0
230 0.576325535774231 6.367360301443313 3.1523547172546387 1.3680521249771118 0.0 3.2581639277446794 1.0203666687011719 0.0
231 0.576325535774231 6.388546542034963 3.1523547172546387 1.3680521249771118 0.0 3.2423130431515252 1.015736699104309 0.0
232 0.576325535774231 6.388546542034963 3.1523547172546387 1.3680521249771118 0.0 3.2423130431515252 1.015736699104309 0.0
233 0.576325535774231 6.388546542034963 3.1523547172546387 1.3680521249771118 0.0 3.2423130431515252 1.015736699104309 0.0
234 0.576325535774231 6.388546542034963 3.1523547172546387 1.3680521249771118 0.0 3.2423130431515252 1.015736699104309 0.0
235 0.576325535774231 6.388546542034963 3.1523547172546387 1.3680521249771118 0.0 3.2423130431515252 1.015736699104309 0.0
236 0.576325535774231 6.388546542034963 3.1523547172546387 1.3680521249771118 0.0 3.2423130431515252 1.015736699104309 0.0
237 0.576325535774231 6.388546542034963 3.1523547172546387 1.3680521249771118 0.0 3.2423130431515252 1.015736699104309 0.0
238 0.576325535774231 6.388546542034963 3.1523547172546387 1.3680521249771118 0.0 3.2423130431515252 1.015736699104309 0.0
239 0.576325535774231 6.388546542034963 3.1523547172546387 1.3680521249771118 0.0 3.2423130431515252 1.015736699104309 0.0
240 0.576325535774231 6.388546542034963 3.1523547172546387 1.3680521249771118 0.0 3.2423130431515252 1.015736699104309 0.0
241 0.576325535774231 6.388546542034963 3.1523547172546387 1.3680521249771118 0.0 3.2423130431515252 1.015736699104309 0.0
242 0.576325535774231 6.388546542034963 3.1523547172546387 1.3680521249771118 0.0 3.2423130431515252 1.015736699104309 0.0
243 0.576325535774231 6.388546542034963 3.1523547172546387 1.3680521249771118 0.0 3.2423130431515252 1.015736699104309 0.0
244 0.576325535774231 6.388546542034963 3.1523547172546387 1.3680521249771118 0.0 3.2423130431515252 1.015736699104309 0.0
245 0.576325535774231 6.388546542034963 3.1523547172546387 1.3680521249771118 0.0 3.2423130431515252 1.015736699104309 0.0
246 0.576325535774231 6.388546542034963 3.1523547172546387 1.3680521249771118 0.0 3.2423130431515252 1.015736699104309 0.0
247 0.576325535774231 6.389270796854524 3.1523547172546387 1.3680521249771118 0.0 3.243335203783735 1.0160398483276367 0.0
248 0.576325535774231 6.389270796854524 3.1523547172546387 1.3680521249771118 0.0 3.243335203783735 1.0160398483276367 0.0
249 0.576325535774231 6.389270796854524 3.1523547172546387 1.3680521249771118 0.0 3.243335203783735 1.0160398483276367 0.0
250 0.576325535774231 6.389270796854524 3.1523547172546387 1.3680521249771118 0.0 3.243335203783735 1.0160398483276367 0.0
251 0.576325535774231 6.389270796854524 3.1523547172546387 1.3680521249771118 0.0 3.243335203783735 1.0160398483276367 0.0
252 0.576325535774231 6.389512113020313 3.1523547172546387 1.3680521249771118 0.0 3.2436665374908693 1.0161380767822266 0.0
253 0.576325535774231 6.389512113020313 3.1523547172546387 1.3680521249771118 0.0 3.2436665374908693 1.0161380767822266 0.0
254 0.576325535774231 6.389512113020313 3.1523547172546387 1.3680521249771118 0.0 3.2436665374908693 1.0161380767822266 0.0
255 0.576325535774231 6.389512113020313 3.1523547172546387 1.3680521249771118 0.0 3.2436665374908693 1.0161380767822266 0.0
256 0.576325535774231 6.389512113020313 3.1523547172546387 1.3680521249771118 0.0 3.2436665374908693 1.0161380767822266 0.0
257 0.576325535774231 6.389512113020313 3.1523547172546387 1.3680521249771118 0.0 3.2436665374908693 1.0161380767822266 0.0
258 0.576325535774231 6.389512113020313 3.1523547172546387 1.3680521249771118 0.0 3.2436665374908693 1.0161380767822266 0.0
259 0.576325535774231 6.389512113020313 3.1523547172546387 1.3680521249771118 0.0 3.2436665374908693 1.0161380767822266 0.0
260 0.576325535774231 6.389512113020313 3.1523547172546387 1.3680521249771118 0.0 3.2436665374908693 1.0161380767822266 0.0
261 0.576325535774231 6.389512113020313 3.1523547172546387 1.3680521249771118 0.0 3.2436665374908693 1.0161380767822266 0.0
262 0.576325535774231 6.389512113020313 3.1523547172546387 1.3680521249771118 0.0 3.2436665374908693 1.0161380767822266 0.0
263 0.576325535774231 6.389512113020313 3.1523547172546387 1.3680521249771118 0.0 3.2436665374908693 1.0161380767822266 0.0
264 0.576325535774231 6.389512113020313 3.1523547172546387 1.3680521249771118 0.0 3.2436665374908693 1.0161380767822266 0.0
265 0.576325535774231 6.389512113020313 3.1523547172546387 1.3680521249771118 0.0 3.2436665374908693 1.0161380767822266 0.0
266 0.576325535774231 6.389512113020313 3.1523547172546387 1.3680521249771118 0.0 3.2436665374908693 1.0161380767822266 0.0
267 0.576325535774231 6.389512113020313 3.1523547172546387 1.3680521249771118 0.0 3.2436665374908693 1.0161380767822266 0.0
268 0.576325535774231 6.386836613411637 3.1523547172546387 1.3680521249771118 0.0 3.244288267597807 1.0161681175231934 0.0
269 0.576325535774231 6.386836613411637 3.1523547172546387 1.3680521249771118 0.0 3.244288267597807 1.0161681175231934 0.0
270 0.576325535774231 6.386836613411637 3.1523547172546387 1.3680521249771118 0.0 3.244288267597807 1.0161681175231934 0.0
271 0.576325535774231 6.386836613411637 3.1523547172546387 1.3680521249771118 0.0 3.244288267597807 1.0161681175231934 0.0
272 0.576325535774231 6.386836613411637 3.1523547172546387 1.3680521249771118 0.0 3.244288267597807 1.0161681175231934 0.0
273 0.576325535774231 6.386836613411637 3.1523547172546387 1.3680521249771118 0.0 3.244288267597807 1.0161681175231934 0.0
274 0.576325535774231 6.386836613411637 3.1523547172546387 1.3680521249771118 0.0 3.244288267597807 1.0161681175231934 0.0
275 0.576325535774231 6.386836613411637 3.1523547172546387 1.3680521249771118 0.0 3.244288267597807 1.0161681175231934 0.0
276 0.576325535774231 6.386836613411637 3.1523547172546387 1.3680521249771118 0.0 3.244288267597807 1.0161681175231934 0.0
277 0.576325535774231 6.386836613411637 3.1523547172546387 1.3680521249771118 0.0 3.244288267597807 1.0161681175231934 0.0
278 0.576325535774231 6.375374612514511 3.1523547172546387 1.3680521249771118 0.0 3.2579314802653383 1.0202724933624268 0.0
279 0.576325535774231 6.375374612514511 3.1523547172546387 1.3680521249771118 0.0 3.2579314802653383 1.0202724933624268 0.0
280 0.576325535774231 6.375374612514511 3.1523547172546387 1.3680521249771118 0.0 3.2579314802653383 1.0202724933624268 0.0
281 0.576325535774231 6.358322444127753 3.1523547172546387 1.3680521249771118 0.0 3.2707647661309385 1.0240179300308228 0.0
282 0.576325535774231 6.358322444127753 3.1523547172546387 1.3680521249771118 0.0 3.2707647661309385 1.0240179300308228 0.0
283 0.576325535774231 6.358322444127753 3.1523547172546387 1.3680521249771118 0.0 3.2707647661309385 1.0240179300308228 0.0
284 0.576325535774231 6.358322444127753 3.1523547172546387 1.3680521249771118 0.0 3.2707647661309385 1.0240179300308228 0.0
285 0.576325535774231 6.3622176147395395 3.1523547172546387 1.3680521249771118 0.0 3.2698612177632502 1.0239801406860352 0.0
286 0.576325535774231 6.3622176147395395 3.1523547172546387 1.3680521249771118 0.0 3.2698612177632502 1.0239801406860352 0.0
287 0.576325535774231 6.3622176147395395 3.1523547172546387 1.3680521249771118 0.0 3.2698612177632502 1.0239801406860352 0.0
288 0.576325535774231 6.3622176147395395 3.1523547172546387 1.3680521249771118 0.0 3.2698612177632502 1.0239801406860352 0.0
289 0.576325535774231 6.3622176147395395 3.1523547172546387 1.3680521249771118 0.0 3.2698612177632502 1.0239801406860352 0.0
290 0.576325535774231 6.3622176147395395 3.1523547172546387 1.3680521249771118 0.0 3.2698612177632502 1.0239801406860352 0.0
291 0.576325535774231 6.3622176147395395 3.1523547172546387 1.3680521249771118 0.0 3.2698612177632502 1.0239801406860352 0.0
292 0.576325535774231 6.393764615363408 3.1523547172546387 1.3680521249771118 0.0 3.2458728751462504 1.0169587135314941 0.0
293 0.576325535774231 6.393764615363408 3.1523547172546387 1.3680521249771118 0.0 3.2458728751462504 1.0169587135314941 0.0
294 0.576325535774231 6.393764615363408 3.1523547172546387 1.3680521249771118 0.0 3.2458728751462504 1.0169587135314941 0.0
295 0.576325535774231 6.393764615363408 3.1523547172546387 1.3680521249771118 0.0 3.2458728751462504 1.0169587135314941 0.0
296 0.576325535774231 6.393764615363408 3.1523547172546387 1.3680521249771118 0.0 3.2458728751462504 1.0169587135314941 0.0
297 0.576325535774231 6.393764615363408 3.1523547172546387 1.3680521249771118 0.0 3.2458728751462504 1.0169587135314941 0.0
298 0.576325535774231 6.393764615363408 3.1523547172546387 1.3680521249771118 0.0 3.2458728751462504 1.0169587135314941 0.0
299 0.576325535774231 6.393764615363408 3.1523547172546387 1.3680521249771118 0.0 3.2458728751462504 1.0169587135314941 0.0
300 0.576325535774231 6.371718499221839 3.1523547172546387 1.3680521249771118 0.0 3.251177937462105 1.0188795328140259 0.0
301 0.576325535774231 6.371718499221839 3.1523547172546387 1.3680521249771118 0.0 3.251177937462105 1.0188795328140259 0.0
302 0.576325535774231 6.371718499221839 3.1523547172546387 1.3680521249771118 0.0 3.251177937462105 1.0188795328140259 0.0
303 0.576325535774231 6.371718499221839 3.1523547172546387 1.3680521249771118 0.0 3.251177937462105 1.0188795328140259 0.0
304 0.576325535774231 6.371718499221839 3.1523547172546387 1.3680521249771118 0.0 3.251177937462105 1.0188795328140259 0.0
305 0.576325535774231 6.371718499221839 3.1523547172546387 1.3680521249771118 0.0 3.251177937462105 1.0188795328140259 0.0
306 0.576325535774231 6.371718499221839 3.1523547172546387 1.3680521249771118 0.0 3.251177937462105 1.0188795328140259 0.0
307 0.576325535774231 6.371718499221839 3.1523547172546387 1.3680521249771118 0.0 3.251177937462105 1.0188795328140259 0.0
308 0.576325535774231 6.371718499221839 3.1523547172546387 1.3680521249771118 0.0 3.251177937462105 1.0188795328140259 0.0
309 0.576325535774231 6.371718499221839 3.1523547172546387 1.3680521249771118 0.0 3.251177937462105 1.0188795328140259 0.0
310 0.576325535774231 6.371718499221839 3.1523547172546387 1.3680521249771118 0.0 3.251177937462105 1.0188795328140259 0.0
311 0.576325535774231 6.371718499221839 3.1523547172546387 1.3680521249771118 0.0 3.251177937462105 1.0188795328140259 0.0
312 0.576325535774231 6.369006838006277 3.1523547172546387 1.3680521249771118 0.0 3.2532293615218 1.0194796323776245 0.0
313 0.576325535774231 6.369006838006277 3.1523547172546387 1.3680521249771118 0.0 3.2532293615218 1.0194796323776245 0.0
314 0.576325535774231 6.369006838006277 3.1523547172546387 1.3680521249771118 0.0 3.2532293615218 1.0194796323776245 0.0
315 0.576325535774231 6.3690529007972785 3.1523547172546387 1.3680521249771118 0.0 3.2531182186113514 1.0194462537765503 0.0
316 0.576325535774231 6.3690529007972785 3.1523547172546387 1.3680521249771118 0.0 3.2531182186113514 1.0194462537765503 0.0
317 0.576325535774231 6.3690529007972785 3.1523547172546387 1.3680521249771118 0.0 3.2531182186113514 1.0194462537765503 0.0
318 0.576325535774231 6.3690529007972785 3.1523547172546387 1.3680521249771118 0.0 3.2531182186113514 1.0194462537765503 0.0
319 0.576325535774231 6.3690529007972785 3.1523547172546387 1.3680521249771118 0.0 3.2531182186113514 1.0194462537765503 0.0
320 0.576325535774231 6.3690529007972785 3.1523547172546387 1.3680521249771118 0.0 3.2531182186113514 1.0194462537765503 0.0
321 0.576325535774231 6.3690529007972785 3.1523547172546387 1.3680521249771118 0.0 3.2531182186113514 1.0194462537765503 0.0
322 0.576325535774231 6.3690529007972785 3.1523547172546387 1.3680521249771118 0.0 3.2531182186113514 1.0194462537765503 0.0
323 0.576325535774231 6.3690529007972785 3.1523547172546387 1.3680521249771118 0.0 3.2531182186113514 1.0194462537765503 0.0
324 0.576325535774231 6.3690529007972785 3.1523547172546387 1.3680521249771118 0.0 3.2531182186113514 1.0194462537765503 0.0
325 0.576325535774231 6.3690529007972785 3.1523547172546387 1.3680521249771118 0.0 3.2531182186113514 1.0194462537765503 0.0
326 0.576325535774231 6.3690529007972785 3.1523547172546387 1.3680521249771118 0.0 3.2531182186113514 1.0194462537765503 0.0
327 0.576325535774231 6.3690529007972785 3.1523547172546387 1.3680521249771118 0.0 3.2531182186113514 1.0194462537765503 0.0
328 0.576325535774231 6.3690529007972785 3.1523547172546387 1.3680521249771118 0.0 3.2531182186113514 1.0194462537765503 0.0
329 0.576325535774231 6.3690529007972785 3.1523547172546387 1.3680521249771118 0.0 3.2531182186113514 1.0194462537765503 0.0
330 0.576325535774231 6.3690529007972785 3.1523547172546387 1.3680521249771118 0.0 3.2531182186113514 1.0194462537765503 0.0
331 0.576325535774231 6.369039297715209 3.1523547172546387 1.3680521249771118 0.0 3.253149682844367 1.0194556713104248 0.0
332 0.576325535774231 6.369061071199427 3.1523547172546387 1.3680521249771118 0.0 3.253099575522024 1.0194406509399414 0.0
333 0.576325535774231 6.369061071199427 3.1523547172546387 1.3680521249771118 0.0 3.253099575522024 1.0194406509399414 0.0
334 0.576325535774231 6.369061071199427 3.1523547172546387 1.3680521249771118 0.0 3.253099575522024 1.0194406509399414 0.0
335 0.576325535774231 6.369061071199427 3.1523547172546387 1.3680521249771118 0.0 3.253099575522024 1.0194406509399414 0.0
336 0.576325535774231 6.369061071199427 3.1523547172546387 1.3680521249771118 0.0 3.253099575522024 1.0194406509399414 0.0
337 0.576325535774231 6.369061071199427 3.1523547172546387 1.3680521249771118 0.0 3.253099575522024 1.0194406509399414 0.0
338 0.576325535774231 6.373353200332588 3.1523547172546387 1.3680521249771118 0.0 3.2520820815642355 1.0190738439559937 0.0
339 0.576325535774231 6.373353200332588 3.1523547172546387 1.3680521249771118 0.0 3.2520820815642355 1.0190738439559937 0.0
340 0.576325535774231 6.373353200332588 3.1523547172546387 1.3680521249771118 0.0 3.2520820815642355 1.0190738439559937 0.0
341 0.576325535774231 6.373353200332588 3.1523547172546387 1.3680521249771118 0.0 3.2520820815642355 1.0190738439559937 0.0
342 0.576325535774231 6.373353200332588 3.1523547172546387 1.3680521249771118 0.0 3.2520820815642355 1.0190738439559937 0.0
343 0.576325535774231 6.364713492915388 3.1523547172546387 1.3680521249771118 0.0 3.2540716769167877 1.0191682577133179 0.0
344 0.576325535774231 6.364713492915388 3.1523547172546387 1.3680521249771118 0.0 3.2540716769167877 1.0191682577133179 0.0
345 0.576325535774231 6.364713492915388 3.1523547172546387 1.3680521249771118 0.0 3.2540716769167877 1.0191682577133179 0.0
346 0.576325535774231 6.364713492915388 3.1523547172546387 1.3680521249771118 0.0 3.2540716769167877 1.0191682577133179 0.0
347 0.576325535774231 6.364713492915388 3.1523547172546387 1.3680521249771118 0.0 3.2540716769167877 1.0191682577133179 0.0
348 0.576325535774231 6.364713492915388 3.1523547172546387 1.3680521249771118 0.0 3.2540716769167877 1.0191682577133179 0.0
349 0.576325535774231 6.364713492915388 3.1523547172546387 1.3680521249771118 0.0 3.2540716769167877 1.0191682577133179 0.0
350 0.576325535774231 6.370971827485993 3.1523547172546387 1.3680521249771118 0.0 3.252659127557713 1.0191130638122559 0.0
351 0.576325535774231 6.370971827485993 3.1523547172546387 1.3680521249771118 0.0 3.252659127557713 1.0191130638122559 0.0
352 0.576325535774231 6.3811785368442555 3.1523547172546387 1.3680521249771118 0.0 3.2502381488139993 1.018233299255371 0.0
353 0.576325535774231 6.3811785368442555 3.1523547172546387 1.3680521249771118 0.0 3.2502381488139993 1.018233299255371 0.0
354 0.576325535774231 6.3811785368442555 3.1523547172546387 1.3680521249771118 0.0 3.2502381488139993 1.018233299255371 0.0
355 0.576325535774231 6.3811785368442555 3.1523547172546387 1.3680521249771118 0.0 3.2502381488139993 1.018233299255371 0.0
356 0.576325535774231 6.370695634889344 3.1523547172546387 1.3680521249771118 0.0 3.2582143756784863 1.0205652713775635 0.0
357 0.576325535774231 6.370695634889344 3.1523547172546387 1.3680521249771118 0.0 3.2582143756784863 1.0205652713775635 0.0
358 0.576325535774231 6.370695634889344 3.1523547172546387 1.3680521249771118 0.0 3.2582143756784863 1.0205652713775635 0.0
359 0.576325535774231 6.370695634889344 3.1523547172546387 1.3680521249771118 0.0 3.2582143756784863 1.0205652713775635 0.0
360 0.576325535774231 6.370695634889344 3.1523547172546387 1.3680521249771118 0.0 3.2582143756784863 1.0205652713775635 0.0
361 0.576325535774231 6.370695634889344 3.1523547172546387 1.3680521249771118 0.0 3.2582143756784863 1.0205652713775635 0.0
362 0.576325535774231 6.370695634889344 3.1523547172546387 1.3680521249771118 0.0 3.2582143756784863 1.0205652713775635 0.0
363 0.576325535774231 6.370695634889344 3.1523547172546387 1.3680521249771118 0.0 3.2582143756784863 1.0205652713775635 0.0
364 0.576325535774231 6.370695634889344 3.1523547172546387 1.3680521249771118 0.0 3.2582143756784863 1.0205652713775635 0.0
365 0.576325535774231 6.370695634889344 3.1523547172546387 1.3680521249771118 0.0 3.2582143756784863 1.0205652713775635 0.0
366 0.576325535774231 6.370695634889344 3.1523547172546387 1.3680521249771118 0.0 3.2582143756784863 1.0205652713775635 0.0
367 0.576325535774231 6.370695634889344 3.1523547172546387 1.3680521249771118 0.0 3.2582143756784863 1.0205652713775635 0.0
368 0.576325535774231 6.370695634889344 3.1523547172546387 1.3680521249771118 0.0 3.2582143756784863 1.0205652713775635 0.0
369 0.576325535774231 6.370695634889344 3.1523547172546387 1.3680521249771118 0.0 3.2582143756784863 1.0205652713775635 0.0
370 0.576325535774231 6.370695634889344 3.1523547172546387 1.3680521249771118 0.0 3.2582143756784863 1.0205652713775635 0.0
371 0.576325535774231 6.370695634889344 3.1523547172546387 1.3680521249771118 0.0 3.2582143756784863 1.0205652713775635 0.0
372 0.576325535774231 6.370695634889344 3.1523547172546387 1.3680521249771118 0.0 3.2582143756784863 1.0205652713775635 0.0
373 0.576325535774231 6.370695634889344 3.1523547172546387 1.3680521249771118 0.0 3.2582143756784863 1.0205652713775635 0.0
374 0.576325535774231 6.370695634889344 3.1523547172546387 1.3680521249771118 0.0 3.2582143756784863 1.0205652713775635 0.0
375 0.576325535774231 6.370695634889344 3.1523547172546387 1.3680521249771118 0.0 3.2582143756784863 1.0205652713775635 0.0
376 0.576325535774231 6.370695634889344 3.1523547172546387 1.3680521249771118 0.0 3.2582143756784863 1.0205652713775635 0.0
377 0.576325535774231 6.370695634889344 3.1523547172546387 1.3680521249771118 0.0 3.2582143756784863 1.0205652713775635 0.0
378 0.576325535774231 6.370695634889344 3.1523547172546387 1.3680521249771118 0.0 3.2582143756784863 1.0205652713775635 0.0
379 0.576325535774231 6.370695634889344 3.1523547172546387 1.3680521249771118 0.0 3.2582143756784863 1.0205652713775635 0.0
380 0.576325535774231 6.370695634889344 3.1523547172546387 1.3680521249771118 0.0 3.2582143756784863 1.0205652713775635 0.0
381 0.576325535774231 6.370695634889344 3.1523547172546387 1.3680521249771118 0.0 3.2582143756784863 1.0205652713775635 0.0
382 0.576325535774231 6.370695634889344 3.1523547172546387 1.3680521249771118 0.0 3.2582143756784863 1.0205652713775635 0.0
383 0.576325535774231 6.372734890052786 3.1523547172546387 1.3680521249771118 0.0 3.2577434662366254 1.020392894744873 0.0
384 0.576325535774231 6.372734890052786 3.1523547172546387 1.3680521249771118 0.0 3.2577434662366254 1.020392894744873 0.0
385 0.576325535774231 6.372734890052786 3.1523547172546387 1.3680521249771118 0.0 3.2577434662366254 1.020392894744873 0.0
386 0.576325535774231 6.372734890052786 3.1523547172546387 1.3680521249771118 0.0 3.2577434662366254 1.020392894744873 0.0
387 0.576325535774231 6.372734890052786 3.1523547172546387 1.3680521249771118 0.0 3.2577434662366254 1.020392894744873 0.0
388 0.576325535774231 6.372734890052786 3.1523547172546387 1.3680521249771118 0.0 3.2577434662366254 1.020392894744873 0.0
389 0.576325535774231 6.372734890052786 3.1523547172546387 1.3680521249771118 0.0 3.2577434662366254 1.020392894744873 0.0
390 0.576325535774231 6.372734890052786 3.1523547172546387 1.3680521249771118 0.0 3.2577434662366254 1.020392894744873 0.0
391 0.576325535774231 6.372734890052786 3.1523547172546387 1.3680521249771118 0.0 3.2577434662366254 1.020392894744873 0.0
392 0.576325535774231 6.372734890052786 3.1523547172546387 1.3680521249771118 0.0 3.2577434662366254 1.020392894744873 0.0
393 0.576325535774231 6.372734890052786 3.1523547172546387 1.3680521249771118 0.0 3.2577434662366254 1.020392894744873 0.0
394 0.576325535774231 6.372734890052786 3.1523547172546387 1.3680521249771118 0.0 3.2577434662366254 1.020392894744873 0.0
395 0.576325535774231 6.376667662497269 3.1523547172546387 1.3680521249771118 0.0 3.2879476676772157 1.0607421398162842 0.0
396 0.576325535774231 6.376667662497269 3.1523547172546387 1.3680521249771118 0.0 3.2879476676772157 1.0607421398162842 0.0
397 0.576325535774231 6.3766606394836565 3.1523547172546387 1.3680521249771118 0.0 3.2878042573512243 1.0607837438583374 0.0
398 0.576325535774231 6.3766606394836565 3.1523547172546387 1.3680521249771118 0.0 3.2878042573512243 1.0607837438583374 0.0
399 0.576325535774231 6.3766606394836565 3.1523547172546387 1.3680521249771118 0.0 3.2878042573512243 1.0607837438583374 0.0
400 0.576325535774231 6.3766606394836565 3.1523547172546387 1.3680521249771118 0.0 3.2878042573512243 1.0607837438583374 0.0
