init 1.2523988485336304 9.95460488535511 3.3385589122772217 2.1636741161346436 0.0 0.0 0.0 0.0
1 1.2523988485336304 10.218188394153689 3.3385589122772217 2.1636741161346436 0.0 0.8114914788819984 0.2805246412754059 0.0
2 1.2523988485336304 10.07619878562535 3.3385589122772217 2.1636741161346436 0.0 1.1288180246035613 0.415120005607605 0.0
3 1.2523988485336304 10.08539467701309 3.3385589122772217 2.1636741161346436 0.0 1.175697281968999 0.42818987369537354 0.0
4 1.2523988485336304 10.086178194303415 3.3385589122772217 2.1636741161346436 0.0 1.1898135221406447 0.426384836435318 0.0
5 1.2523988485336304 10.10772215174901 3.3385589122772217 2.1636741161346436 0.0 1.4291775697905464 0.4610856771469116 0.0
6 1.2523988485336304 10.219561464318732 3.3385589122772217 2.1636741161346436 0.0 1.3962950855188028 0.4505230188369751 0.0
7 1.2523988485336304 10.216852091543606 3.3385589122772217 2.1636741161346436 0.0 1.4007911599448701 0.45180752873420715 0.0
8 1.2523988485336304 10.215268319083778 3.3385589122772217 2.1636741161346436 0.0 1.4034646162782236 0.45255517959594727 0.0
9 1.2523988485336304 10.219042924943972 3.3385589122772217 2.1636741161346436 0.0 1.4508093131310462 0.4675951898097992 0.0
10 1.2523988485336304 10.168086477366476 3.3385589122772217 2.1636741161346436 0.0 1.509745615669423 0.4863271713256836 0.0
11 1.2523988485336304 10.168086477366476 3.3385589122772217 2.1636741161346436 0.0 1.509745615669423 0.4863271713256836 0.0
12 1.2523988485336304 10.168086477366476 3.3385589122772217 2.1636741161346436 0.0 1.509745615669423 0.4863271713256836 0.0
13 1.2523988485336304 10.234719677417011 3.3385589122772217 2.1636741161346436 0.0 1.4704523243759073 0.4738372564315796 0.0
14 1.2523988485336304 10.239283313670143 3.3385589122772217 2.1636741161346436 0.0 1.4633079217515044 0.47184768319129944 0.0
15 1.2523988485336304 10.239809173707615 3.3385589122772217 2.1636741161346436 0.0 1.4625252755616993 0.4716317057609558 0.0
16 1.2523988485336304 10.238297361552153 3.3385589122772217 2.1636741161346436 0.0 1.4648272513375256 0.472362756729126 0.0
17 1.2523988485336304 10.238297361552153 3.3385589122772217 2.1636741161346436 0.0 1.4648272513375256 0.472362756729126 0.0
18 1.2523988485336304 10.224433370713776 3.3385589122772217 2.1636741161346436 0.0 1.4882594209365063 0.47897282242774963 0.0
19 1.2523988485336304 10.253854906867721 3.3385589122772217 2.1636741161346436 0.0 1.8997117793149698 0.64692223072052 0.0
20 1.2523988485336304 10.343354351700391 3.3385589122772217 2.1636741161346436 0.0 2.057139312265911 0.6656849384307861 0.0
21 1.2523988485336304 10.352651076923086 3.3385589122772217 2.1636741161346436 0.0 2.0446380445147176 0.6621288061141968 0.0
22 1.2523988485336304 10.24033649709985 3.3385589122772217 2.1636741161346436 0.0 1.988269461505095 0.6440132856369019 0.0
23 1.2523988485336304 10.239774092904357 3.3385589122772217 2.1636741161346436 0.0 1.9854952856508619 0.6404438614845276 0.0
24 1.2523988485336304 10.239838683859157 3.3385589122772217 2.1636741161346436 0.0 1.9854060953341852 0.6404154896736145 0.0
25 1.2523988485336304 10.239838683859157 3.3385589122772217 2.1636741161346436 0.0 1.9854060953341852 0.6404154896736145 0.0
26 1.2523988485336304 10.23718544397358 3.3385589122772217 2.1636741161346436 0.0 2.0016045521407437 0.6453723907470703 0.0
27 1.2523988485336304 10.237550057896348 3.3385589122772217 2.1636741161346436 0.0 2.001123322527403 0.6452195644378662 0.0
28 1.2523988485336304 10.22821960694717 3.3385589122772217 2.1636741161346436 0.0 2.0143975381977532 0.6494358777999878 0.0
29 1.2523988485336304 10.233885063803243 3.3385589122772217 2.1636741161346436 0.0 2.0156148868570085 0.650338351726532 0.0
30 1.2523988485336304 10.298694240894907 3.3385589122772217 2.1636741161346436 0.0 2.0303766140420585 0.6551551818847656 0.0
31 1.2523988485336304 10.299994066681311 3.3385589122772217 2.1636741161346436 0.0 2.0287040982899076 0.6546798944473267 0.0
32 1.2523988485336304 10.29127909874535 3.3385589122772217 2.1636741161346436 0.0 2.040661621021972 0.6581078171730042 0.0
33 1.2523988485336304 10.29127909874535 3.3385589122772217 2.1636741161346436 0.0 2.040661621021972 0.6581078171730042 0.0
34 1.2523988485336304 10.295867325632857 3.3385589122772217 2.1636741161346436 0.0 2.1096765986137327 0.6767376661300659 0.0
35 1.2523988485336304 10.294402948335021 3.3385589122772217 2.1636741161346436 0.0 2.108844582192222 0.6779933571815491 0.0
36 1.2523988485336304 10.283846882577564 3.3385589122772217 2.1636741161346436 0.0 1.939785536910732 0.6544881463050842 0.0
37 1.2523988485336304 10.290234801676496 3.3385589122772217 2.1636741161346436 0.0 1.930205623091717 0.6518523097038269 0.0
38 1.2523988485336304 10.290962765634918 3.3385589122772217 2.1636741161346436 0.0 1.9329618786274834 0.6505036354064941 0.0
39 1.2523988485336304 10.264251283538872 3.3385589122772217 2.1636741161346436 0.0 1.6869655958401133 0.5919148325920105 0.0
40 1.2523988485336304 10.24458121947851 3.3385589122772217 2.1636741161346436 0.0 1.6760178690797438 0.5887212753295898 0.0
41 1.2523988485336304 10.240995236086874 3.3385589122772217 2.1636741161346436 0.0 1.6627582909560394 0.5946100950241089 0.0
42 1.2523988485336304 10.240995236086874 3.3385589122772217 2.1636741161346436 0.0 1.6627582909560394 0.5946100950241089 0.0
43 1.2523988485336304 10.240995236086874 3.3385589122772217 2.1636741161346436 0.0 1.6627582909560394 0.5946100950241089 0.0
44 1.2523988485336304 10.246231379205177 3.3385589122772217 2.1636741161346436 0.0 1.6683467739477502 0.5864856839179993 0.0
45 1.2523988485336304 10.26975530336649 3.3385589122772217 2.1636741161346436 0.0 1.6779296228476837 0.5895175337791443 0.0
46 1.2523988485336304 10.26975530336649 3.3385589122772217 2.1636741161346436 0.0 1.6779296228476837 0.5895175337791443 0.0
47 1.2523988485336304 10.26975530336649 3.3385589122772217 2.1636741161346436 0.0 1.6779296228476837 0.5895175337791443 0.0
48 1.2523988485336304 10.266007449842249 3.3385589122772217 2.1636741161346436 0.0 1.6837800227798496 0.5912233591079712 0.0
49 1.2523988485336304 10.27221485645238 3.3385589122772217 2.1636741161346436 0.0 1.6742962493385858 0.5884586572647095 0.0
50 1.2523988485336304 10.265147870478406 3.3385589122772217 2.1636741161346436 0.0 1.6888580022401947 0.5927047729492188 0.0
51 1.2523988485336304 10.26809382253345 3.3385589122772217 2.1636741161346436 0.0 1.684138296098974 0.5913278460502625 0.0
52 1.2523988485336304 10.264393991656153 3.3385589122772217 2.1636741161346436 0.0 1.6901032354717835 0.5930681824684143 0.0
53 1.2523988485336304 10.264393991656153 3.3385589122772217 2.1636741161346436 0.0 1.6901032354717835 0.5930681824684143 0.0
54 1.2523988485336304 10.264287017623557 3.3385589122772217 2.1636741161346436 0.0 1.6968042750500818 0.5960224270820618 0.0
55 1.2523988485336304 10.264287017623557 3.3385589122772217 2.1636741161346436 0.0 1.6968042750500818 0.5960224270820618 0.0
56 1.2523988485336304 10.265546658751699 3.3385589122772217 2.1636741161346436 0.0 1.6947400276050217 0.5954206585884094 0.0
57 1.2523988485336304 10.262460337089273 3.3385589122772217 2.1636741161346436 0.0 1.6998752263437171 0.5969178676605225 0.0
58 1.2523988485336304 10.267557511454637 3.3385589122772217 2.1636741161346436 0.0 1.7747912054004433 0.6207606792449951 0.0
59 1.2523988485336304 10.270227700043508 3.3385589122772217 2.1636741161346436 0.0 1.7686564880529458 0.6189230680465698 0.0
60 1.2523988485336304 10.267335996677557 3.3385589122772217 2.1636741161346436 0.0 1.7706911971390515 0.621254026889801 0.0
61 1.2523988485336304 10.267335996677557 3.3385589122772217 2.1636741161346436 0.0 1.7706911971390515 0.621254026889801 0.0
62 1.2523988485336304 10.267335996677557 3.3385589122772217 2.1636741161346436 0.0 1.7706911971390515 0.621254026889801 0.0
63 1.2523988485336304 10.267335996677557 3.3385589122772217 2.1636741161346436 0.0 1.7706911971390515 0.621254026889801 0.0
64 1.2523988485336304 10.26649544055123 3.3385589122772217 2.1636741161346436 0.0 1.7709700779197766 0.6232469081878662 0.0
65 1.2523988485336304 10.296661746669088 3.3385589122772217 2.1636741161346436 0.0 1.7969872443364248 0.6306296586990356 0.0
66 1.2523988485336304 10.296661746669088 3.3385589122772217 2.1636741161346436 0.0 1.7969872443364248 0.6306296586990356 0.0
67 1.2523988485336304 10.284841396974356 3.3385589122772217 2.1636741161346436 0.0 1.8310319948022349 0.6403872966766357 0.0
68 1.2523988485336304 10.284832859561366 3.3385589122772217 2.1636741161346436 0.0 1.8292454887012013 0.6396820545196533 0.0
69 1.2523988485336304 10.282518522420757 3.3385589122772217 2.1636741161346436 0.0 1.8322299319359996 0.6406573057174683 0.0
70 1.2523988485336304 10.28232251900314 3.3385589122772217 2.1636741161346436 0.0 1.821225928664632 0.6338257193565369 0.0
71 1.2523988485336304 10.293443283024626 3.3385589122772217 2.1636741161346436 0.0 1.819592007820822 0.6325308084487915 0.0
72 1.2523988485336304 10.290559702380042 3.3385589122772217 2.1636741161346436 0.0 1.8224796367739289 0.6333816647529602 0.0
73 1.2523988485336304 10.283088170216654 3.3385589122772217 2.1636741161346436 0.0 1.8309478919334186 0.6358779072761536 0.0
74 1.2523988485336304 10.283088170216654 3.3385589122772217 2.1636741161346436 0.0 1.8309478919334186 0.6358779072761536 0.0
75 1.2523988485336304 10.287138542698615 3.3385589122772217 2.1636741161346436 0.0 1.826179260265824 0.6344720125198364 0.0
76 1.2523988485336304 10.293890380382908 3.3385589122772217 2.1636741161346436 0.0 1.7897933379789317 0.6259493231773376 0.0
77 1.2523988485336304 10.293890380382908 3.3385589122772217 2.1636741161346436 0.0 1.7897933379789317 0.6259493231773376 0.0
78 1.2523988485336304 10.282767019856156 3.3385589122772217 2.1636741161346436 0.0 1.8042107548558683 0.6301738023757935 0.0
79 1.2523988485336304 10.282767019856156 3.3385589122772217 2.1636741161346436 0.0 1.8042107548558683 0.6301738023757935 0.0
80 1.2523988485336304 10.281646132567339 3.3385589122772217 2.1636741161346436 0.0 1.8130516445167997 0.6327670216560364 0.0
81 1.2523988485336304 10.281646132567339 3.3385589122772217 2.1636741161346436 0.0 1.8130516445167997 0.6327670216560364 0.0
82 1.2523988485336304 10.281646132567339 3.3385589122772217 2.1636741161346436 0.0 1.8130516445167997 0.6327670216560364 0.0
83 1.2523988485336304 10.280344116339629 3.3385589122772217 2.1636741161346436 0.0 1.814944897070879 0.6333225965499878 0.0
84 1.2523988485336304 10.268641924045983 3.3385589122772217 2.1636741161346436 0.0 1.8914292118640221 0.6512640714645386 0.0
85 1.2523988485336304 10.273135473631278 3.3385589122772217 2.1636741161346436 0.0 1.8856004843468255 0.6496192216873169 0.0
86 1.2523988485336304 10.26980065880639 3.3385589122772217 2.1636741161346436 0.0 1.8899530841135619 0.6508250832557678 0.0
87 1.2523988485336304 10.25985597443927 3.3385589122772217 2.1636741161346436 0.0 1.9037394733683242 0.6549270749092102 0.0
88 1.2523988485336304 10.278519850438608 3.3385589122772217 2.1636741161346436 0.0 1.8735477112804426 0.6459492444992065 0.0
89 1.2523988485336304 10.278519850438608 3.3385589122772217 2.1636741161346436 0.0 1.8735477112804426 0.6459492444992065 0.0
90 1.2523988485336304 10.278519850438608 3.3385589122772217 2.1636741161346436 0.0 1.8735477112804426 0.6459492444992065 0.0
91 1.2523988485336304 10.271187987682932 3.3385589122772217 2.1636741161346436 0.0 1.8820619547066118 0.6484790444374084 0.0
92 1.2523988485336304 10.283604640534396 3.3385589122772217 2.1636741161346436 0.0 1.8197003220799437 0.6334388852119446 0.0
93 1.2523988485336304 10.26748843855009 3.3385589122772217 2.1636741161346436 0.0 1.7794742624305309 0.6216251850128174 0.0
94 1.2523988485336304 10.26748843855009 3.3385589122772217 2.1636741161346436 0.0 1.7794742624305309 0.6216251850128174 0.0
95 1.2523988485336304 10.26748843855009 3.3385589122772217 2.1636741161346436 0.0 1.7794742624305309 0.6216251850128174 0.0
96 1.2523988485336304 10.272121394945744 3.3385589122772217 2.1636741161346436 0.0 1.7736451510197369 0.6199167966842651 0.0
97 1.2523988485336304 10.274350924088896 3.3385589122772217 2.1636741161346436 0.0 1.7645343264208155 0.616736888885498 0.0
98 1.2523988485336304 10.274350924088896 3.3385589122772217 2.1636741161346436 0.0 1.7645343264208155 0.616736888885498 0.0
99 1.2523988485336304 10.273449569226006 3.3385589122772217 2.1636741161346436 0.0 1.7655714327815488 0.617040753364563 0.0
100 1.2523988485336304 10.271060428320308 3.3385589122772217 2.1636741161346436 0.0 1.7684256393908457 0.6178772449493408 0.0
101 1.2523988485336304 10.271160324119194 3.3385589122772217 2.1636741161346436 0.0 1.7735383820555637 0.6198021173477173 0.0
102 1.2523988485336304 10.271160324119194 3.3385589122772217 2.1636741161346436 0.0 1.7735383820555637 0.6198021173477173 0.0
103 1.2523988485336304 10.261646537634729 3.3385589122772217 2.1636741161346436 0.0 1.776235431345054 0.6205925345420837 0.0
104 1.2523988485336304 10.26112385270556 3.3385589122772217 2.1636741161346436 0.0 1.7961930588675106 0.6274927258491516 0.0
105 1.2523988485336304 10.261438701217715 3.3385589122772217 2.1636741161346436 0.0 1.794642804293366 0.6271306872367859 0.0
106 1.2523988485336304 10.253916894555257 3.3385589122772217 2.1636741161346436 0.0 1.8070880301027967 0.6304479241371155 0.0
107 1.2523988485336304 10.251408310339786 3.3385589122772217 2.1636741161346436 0.0 1.8192422260633643 0.6333049535751343 0.0
108 1.2523988485336304 10.259246428931625 3.3385589122772217 2.1636741161346436 0.0 1.8063967411572093 0.6298746466636658 0.0
109 1.2523988485336304 10.258730301239336 3.3385589122772217 2.1636741161346436 0.0 1.8082807450060283 0.6305785775184631 0.0
110 1.2523988485336304 10.258775925360483 3.3385589122772217 2.1636741161346436 0.0 1.8021829824750148 0.6283501982688904 0.0
111 1.2523988485336304 10.261483858036758 3.3385589122772217 2.1636741161346436 0.0 1.7942422526325634 0.6254913806915283 0.0
112 1.2523988485336304 10.261378647191423 3.3385589122772217 2.1636741161346436 0.0 1.8002238530522177 0.6277952194213867 0.0
113 1.2523988485336304 10.261378647191423 3.3385589122772217 2.1636741161346436 0.0 1.8002238530522177 0.6277952194213867 0.0
114 1.2523988485336304 10.260723245894297 3.3385589122772217 2.1636741161346436 0.0 1.8011184653189245 0.6280871033668518 0.0
115 1.2523988485336304 10.2674687183508 3.3385589122772217 2.1636741161346436 0.0 1.7924495938565292 0.6252388954162598 0.0
116 1.2523988485336304 10.255891641643231 3.3385589122772217 2.1636741161346436 0.0 1.8080701629969134 0.6303418874740601 0.0
117 1.2523988485336304 10.25692056292992 3.3385589122772217 2.1636741161346436 0.0 1.8065371779763997 0.629846453666687 0.0
118 1.2523988485336304 10.269083610838063 3.3385589122772217 2.1636741161346436 0.0 1.7905521292213717 0.6246084570884705 0.0
119 1.2523988485336304 10.267736889510227 3.3385589122772217 2.1636741161346436 0.0 1.7921303891588838 0.6251330375671387 0.0
120 1.2523988485336304 10.267736889510227 3.3385589122772217 2.1636741161346436 0.0 1.7921303891588838 0.6251330375671387 0.0
121 1.2523988485336304 10.277521341847754 3.3385589122772217 2.1636741161346436 0.0 1.7794198149996716 0.6225081086158752 0.0
122 1.2523988485336304 10.258135065146105 3.3385589122772217 2.1636741161346436 0.0 1.8209050463086913 0.6338637471199036 0.0
123 1.2523988485336304 10.252298295448902 3.3385589122772217 2.1636741161346436 0.0 1.828905216051049 0.6364722847938538 0.0
124 1.2523988485336304 10.257806710848092 3.3385589122772217 2.1636741161346436 0.0 1.8213313518047887 0.6340036988258362 0.0
125 1.2523988485336304 10.255550843054248 3.3385589122772217 2.1636741161346436 0.0 1.824336046835573 0.6349864602088928 0.0
126 1.2523988485336304 10.267752760138997 3.3385589122772217 2.1636741161346436 0.0 1.8096562744404954 0.630125105381012 0.0
127 1.2523988485336304 10.258138032821215 3.3385589122772217 2.1636741161346436 0.0 1.816800081165355 0.6356222629547119 0.0
128 1.2523988485336304 10.266328808580091 3.3385589122772217 2.1636741161346436 0.0 1.8048108685761062 0.6316107511520386 0.0
129 1.2523988485336304 10.266924253383726 3.3385589122772217 2.1636741161346436 0.0 1.7940711660006976 0.6274790167808533 0.0
130 1.2523988485336304 10.249732917948304 3.3385589122772217 2.1636741161346436 0.0 1.7799183613251635 0.6235038638114929 0.0
131 1.2523988485336304 10.257267720993523 3.3385589122772217 2.1636741161346436 0.0 1.774052920104727 0.621850848197937 0.0
132 1.2523988485336304 10.255983027855041 3.3385589122772217 2.1636741161346436 0.0 1.7811125141170756 0.6183753609657288 0.0
133 1.2523988485336304 10.253656782944452 3.3385589122772217 2.1636741161346436 0.0 1.7837617269073618 0.6191568970680237 0.0
134 1.2523988485336304 10.250024194759204 3.3385589122772217 2.1636741161346436 0.0 1.7881851334174834 0.62046217918396 0.0
135 1.2523988485336304 10.250024194759204 3.3385589122772217 2.1636741161346436 0.0 1.7881851334174834 0.62046217918396 0.0
136 1.2523988485336304 10.263204934190203 3.3385589122772217 2.1636741161346436 0.0 1.796501616376372 0.6229175925254822 0.0
137 1.2523988485336304 10.249027722311794 3.3385589122772217 2.1636741161346436 0.0 1.8206016667980722 0.6305974721908569 0.0
138 1.2523988485336304 10.24836521907354 3.3385589122772217 2.1636741161346436 0.0 1.8193391134371188 0.6302242279052734 0.0
139 1.2523988485336304 10.26916438644394 3.3385589122772217 2.1636741161346436 0.0 1.7846580820350841 0.6193317174911499 0.0
140 1.2523988485336304 10.257218787183922 3.3385589122772217 2.1636741161346436 0.0 1.7993877636899136 0.6236811876296997 0.0
141 1.2523988485336304 10.259781440957429 3.3385589122772217 2.1636741161346436 0.0 1.7959235508184863 0.6226577758789063 0.0
142 1.2523988485336304 10.252544736631908 3.3385589122772217 2.1636741161346436 0.0 1.8086259813435321 0.6264117360115051 0.0
143 1.2523988485336304 10.25111106473939 3.3385589122772217 2.1636741161346436 0.0 1.8106291861095438 0.627004086971283 0.0
144 1.2523988485336304 10.25241252991329 3.3385589122772217 2.1636741161346436 0.0 1.8334459658677196 0.6342110633850098 0.0
145 1.2523988485336304 10.266451472569965 3.3385589122772217 2.1636741161346436 0.0 1.8304004908339633 0.6342591047286987 0.0
146 1.2523988485336304 10.263373221993437 3.3385589122772217 2.1636741161346436 0.0 1.804534633164857 0.6266226172447205 0.0
147 1.2523988485336304 10.278317319194098 3.3385589122772217 2.1636741161346436 0.0 1.8052954794769265 0.6268470287322998 0.0
148 1.2523988485336304 10.281571890167278 3.3385589122772217 2.1636741161346436 0.0 1.8028754299409844 0.626133382320404 0.0
149 1.2523988485336304 10.281847141720117 3.3385589122772217 2.1636741161346436 0.0 1.80097659838218 0.6255735158920288 0.0
150 1.2523988485336304 10.338025139352206 3.3385589122772217 2.1636741161346436 0.0 2.011160547902343 0.6856685876846313 0.0
151 1.2523988485336304 10.227422123762496 3.3385589122772217 2.1636741161346436 0.0 1.9758287955610276 0.6750668883323669 0.0
152 1.2523988485336304 10.414373058352645 3.3385589122772217 2.1636741161346436 0.0 2.045116820310554 0.695492148399353 0.0
153 1.2523988485336304 10.523597370626476 3.3385589122772217 2.1636741161346436 0.0 2.2681993620955 0.763053297996521 0.0
154 1.2523988485336304 10.552834969307089 3.3385589122772217 2.1636741161346436 0.0 2.187489957091808 0.7385270595550537 0.0
155 1.2523988485336304 10.5488150163755 3.3385589122772217 2.1636741161346436 0.0 2.189992874484906 0.7392863035202026 0.0
156 1.2523988485336304 10.548751933035527 3.3385589122772217 2.1636741161346436 0.0 2.1899102387957408 0.7392461895942688 0.0
157 1.2523988485336304 10.801189418781124 3.3385589122772217 2.1636741161346436 0.0 3.132802181547222 1.0297826528549194 0.0
158 1.2523988485336304 10.783080582263196 3.3385589122772217 2.1636741161346436 0.0 3.1105446942401396 1.022849678993225 0.0
159 1.2523988485336304 10.619845823284637 3.3385589122772217 2.1636741161346436 0.0 2.349838646754143 0.7879326343536377 0.0
160 1.2523988485336304 10.596493633195953 3.3385589122772217 2.1636741161346436 0.0 2.358714128676196 0.7906438112258911 0.0
161 1.2523988485336304 10.583716933156936 3.3385589122772217 2.1636741161346436 0.0 2.356082756482323 0.830985426902771 0.0
162 1.2523988485336304 10.581784627597402 3.3385589122772217 2.1636741161346436 0.0 2.358498425960301 0.8317577242851257 0.0
163 1.2523988485336304 10.593793633676333 3.3385589122772217 2.1636741161346436 0.0 2.349447194982748 0.8288764953613281 0.0
164 1.2523988485336304 10.588256616855285 3.3385589122772217 2.1636741161346436 0.0 2.356153406512916 0.8297843337059021 0.0
165 1.2523988485336304 10.584547618523954 3.3385589122772217 2.1636741161346436 0.0 2.359123251467714 0.83073890209198 0.0
166 1.2523988485336304 10.573368614357538 3.3385589122772217 2.1636741161346436 0.0 2.369895326777476 0.834132969379425 0.0
167 1.2523988485336304 10.555417477748898 3.3385589122772217 2.1636741161346436 0.0 2.2990797025041703 0.8132834434509277 0.0
168 1.2523988485336304 10.619721283684681 3.3385589122772217 2.1636741161346436 0.0 2.4653128188716598 0.8617066144943237 0.0
169 1.2523988485336304 10.618607657229157 3.3385589122772217 2.1636741161346436 0.0 2.4634495161776946 0.8622515797615051 0.0
170 1.2523988485336304 10.615548062296062 3.3385589122772217 2.1636741161346436 0.0 2.4659252759437 0.8630366325378418 0.0
171 1.2523988485336304 10.615548062296062 3.3385589122772217 2.1636741161346436 0.0 2.4659252759437 0.8630366325378418 0.0
172 1.2523988485336304 10.826928460471224 3.3385589122772217 2.1636741161346436 0.0 3.4625270966868786 1.154473900794983 0.0
173 1.2523988485336304 10.82794274846915 3.3385589122772217 2.1636741161346436 0.0 3.4460687790340963 1.1482958793640137 0.0
174 1.2523988485336304 10.818014114684091 3.3385589122772217 2.1636741161346436 0.0 3.4358112568187664 1.1455905437469482 0.0
175 1.2523988485336304 10.816923433983552 3.3385589122772217 2.1636741161346436 0.0 3.429763002681243 1.1438032388687134 0.0
176 1.2523988485336304 10.816923433983552 3.3385589122772217 2.1636741161346436 0.0 3.429763002681243 1.1438032388687134 0.0
177 1.2523988485336304 10.814923765431104 3.3385589122772217 2.1636741161346436 0.0 3.4279578192412883 1.1433351039886475 0.0
178 1.2523988485336304 10.81395316957077 3.3385589122772217 2.1636741161346436 0.0 3.4270947659419972 1.1431115865707397 0.0
179 1.2523988485336304 10.847953921311467 3.3385589122772217 2.1636741161346436 0.0 3.462369821609486 1.1524056196212769 0.0
180 1.2523988485336304 10.804352441062822 3.3385589122772217 2.1636741161346436 0.0 3.4189892189593025 1.1410274505615234 0.0
181 1.2523988485336304 10.804352441062822 3.3385589122772217 2.1636741161346436 0.0 3.4189892189593025 1.1410274505615234 0.0
182 1.2523988485336304 10.807430341518717 3.3385589122772217 2.1636741161346436 0.0 3.422214919582849 1.1400649547576904 0.0
183 1.2523988485336304 10.821634802956698 3.3385589122772217 2.1636741161346436 0.0 3.434688029961388 1.1431525945663452 0.0
184 1.2523988485336304 10.819773613795965 3.3385589122772217 2.1636741161346436 0.0 3.432954756795379 1.1427192687988281 0.0
185 1.2523988485336304 10.830755301367054 3.3385589122772217 2.1636741161346436 0.0 3.4436164607846367 1.145402193069458 0.0
186 1.2523988485336304 10.826596752549984 3.3385589122772217 2.1636741161346436 0.0 3.4390245301529294 1.1240242719650269 0.0
187 1.2523988485336304 10.839922096179214 3.3385589122772217 2.1636741161346436 0.0 3.442429166351236 1.1434296369552612 0.0
188 1.2523988485336304 10.850657999694869 3.3385589122772217 2.1636741161346436 0.0 3.454527192362058 1.1464903354644775 0.0
189 1.2523988485336304 10.839855711768656 3.3385589122772217 2.1636741161346436 0.0 3.3383190310527846 1.1120976209640503 0.0
190 1.2523988485336304 10.82634466959408 3.3385589122772217 2.1636741161346436 0.0 3.3246162457330857 1.1087112426757813 0.0
191 1.2523988485336304 10.842620824851045 3.3385589122772217 2.1636741161346436 0.0 3.3772482955107757 1.124348759651184 0.0
192 1.2523988485336304 10.827322234417474 3.3385589122772217 2.1636741161346436 0.0 3.372591613103898 1.1238123178482056 0.0
193 1.2523988485336304 10.823194796868938 3.3385589122772217 2.1636741161346436 0.0 3.367816469240751 1.1026360988616943 0.0
194 1.2523988485336304 10.704797370811418 3.3385589122772217 2.1636741161346436 0.0 3.332794288627776 1.0916838645935059 0.0
195 1.2523988485336304 10.704374801404684 3.3385589122772217 2.1636741161346436 0.0 3.3338647379378217 1.0917624235153198 0.0
196 1.2523988485336304 10.700064158958499 3.3385589122772217 2.1636741161346436 0.0 3.3342767426824116 1.0922996997833252 0.0
197 1.2523988485336304 10.72227081129564 3.3385589122772217 2.1636741161346436 0.0 3.3553409505480665 1.0988855361938477 0.0
198 1.2523988485336304 10.704822493330798 3.3385589122772217 2.1636741161346436 0.0 3.3351487734278873 1.0921379327774048 0.0
199 1.2523988485336304 10.720347824200422 3.3385589122772217 2.1636741161346436 0.0 3.3482091804032676 1.116726040840149 0.0
200 1.2523988485336304 10.707028443713066 3.3385589122772217 2.1636741161346436 0.0 3.335933992386746 1.1137012243270874 0.0
201 1.2523988485336304 10.715472720595022 3.3385589122772217 2.1636741161346436 0.0 3.3435185859571357 1.1155612468719482 0.0
202 1.2523988485336304 10.713393084311281 3.3385589122772217 2.1636741161346436 0.0 3.340405458847364 1.09378182888031 0.0
203 1.2523988485336304 10.712979107878207 3.3385589122772217 2.1636741161346436 0.0 3.3408730943168594 1.094024896621704 0.0
204 1.2523988485336304 10.717097321243715 3.3385589122772217 2.1636741161346436 0.0 3.345753919988915 1.0955514907836914 0.0
205 1.2523988485336304 10.719660212234716 3.3385589122772217 2.1636741161346436 0.0 3.3482526168987734 1.0963329076766968 0.0
206 1.2523988485336304 10.719660212234716 3.3385589122772217 2.1636741161346436 0.0 3.3482526168987734 1.0963329076766968 0.0
207 1.2523988485336304 10.7167791755799 3.3385589122772217 2.1636741161346436 0.0 3.3445072613137508 1.0951615571975708 0.0
208 1.2523988485336304 10.699588637029724 3.3385589122772217 2.1636741161346436 0.0 3.2783199823553653 1.0742664337158203 0.0
209 1.2523988485336304 10.689788824626142 3.3385589122772217 2.1636741161346436 0.0 3.3333552912207174 1.0907151699066162 0.0
210 1.2523988485336304 10.700231558629792 3.3385589122772217 2.1636741161346436 0.0 3.3543071928580765 1.097273588180542 0.0
211 1.2523988485336304 10.717856871527246 3.3385589122772217 2.1636741161346436 0.0 3.3703354338947014 1.1023629903793335 0.0
212 1.2523988485336304 10.697893769631522 3.3385589122772217 2.1636741161346436 0.0 3.350751537234957 1.0962319374084473 0.0
213 1.2523988485336304 10.697893769631522 3.3385589122772217 2.1636741161346436 0.0 3.350751537234957 1.0962319374084473 0.0
214 1.2523988485336304 10.711758734178517 3.3385589122772217 2.1636741161346436 0.0 3.363925923011675 1.100356101989746 0.0
215 1.2523988485336304 10.711862470772362 3.3385589122772217 2.1636741161346436 0.0 3.364031608726301 1.1003892421722412 0.0
216 1.2523988485336304 10.696898937974733 3.3385589122772217 2.1636741161346436 0.0 3.349739167103419 1.0958446264266968 0.0
217 1.2523988485336304 10.71217102407619 3.3385589122772217 2.1636741161346436 0.0 3.3641464743520997 1.1003551483154297 0.0
218 1.2523988485336304 10.694851190054266 3.3385589122772217 2.1636741161346436 0.0 3.3478409603641333 1.0952504873275757 0.0
219 1.2523988485336304 10.716797040829793 3.3385589122772217 2.1636741161346436 0.0 3.3508947192337417 1.096996784210205 0.0
220 1.2523988485336304 10.715644441257286 3.3385589122772217 2.1636741161346436 0.0 3.3563556745827863 1.0991332530975342 0.0
221 1.2523988485336304 10.715644441257286 3.3385589122772217 2.1636741161346436 0.0 3.3563556745827863 1.0991332530975342 0.0
222 1.2523988485336304 10.714464112396922 3.3385589122772217 2.1636741161346436 0.0 3.3551038744733335 1.122714638710022 0.0
223 1.2523988485336304 10.71414889457495 3.3385589122772217 2.1636741161346436 0.0 3.354687299246344 1.1224576234817505 0.0
224 1.2523988485336304 10.721855172311603 3.3385589122772217 2.1636741161346436 0.0 3.362944524877961 1.1246691942214966 0.0
225 1.2523988485336304 10.728507739274022 3.3385589122772217 2.1636741161346436 0.0 3.370576696386624 1.126726508140564 0.0
226 1.2523988485336304 10.71866813209406 3.3385589122772217 2.1636741161346436 0.0 3.359454840692135 1.1237326860427856 0.0
227 1.2523988485336304 10.708671372333635 3.3385589122772217 2.1636741161346436 0.0 3.349176630914205 1.0967557430267334 0.0
228 1.2523988485336304 10.702698371654462 3.3385589122772217 2.1636741161346436 0.0 3.3435191897522385 1.0949865579605103 0.0
229 1.2523988485336304 10.692770263342055 3.3385589122772217 2.1636741161346436 0.0 3.335831741555002 1.0925827026367188 0.0
230 1.2523988485336304 10.71417054922038 3.3385589122772217 2.1636741161346436 0.0 3.355322354303707 1.0986777544021606 0.0
231 1.2523988485336304 10.719411070767388 3.3385589122772217 2.1636741161346436 0.0 3.360793006857619 1.100388765335083 0.0
232 1.2523988485336304 10.696443278339615 3.3385589122772217 2.1636741161346436 0.0 3.338858277031073 1.0935291051864624 0.0
233 1.2523988485336304 10.719275298589997 3.3385589122772217 2.1636741161346436 0.0 3.360648409238246 1.1003435850143433 0.0
234 1.2523988485336304 10.705287590784213 3.3385589122772217 2.1636741161346436 0.0 3.3466838947396234 1.0959761142730713 0.0
235 1.2523988485336304 10.708924389823647 3.3385589122772217 2.1636741161346436 0.0 3.3501248893014415 1.0970522165298462 0.0
236 1.2523988485336304 10.696516541022902 3.3385589122772217 2.1636741161346436 0.0 3.332927131152636 1.113309383392334 0.0
237 1.2523988485336304 10.718674811714127 3.3385589122772217 2.1636741161346436 0.0 3.35371030285504 1.118487000465393 0.0
238 1.2523988485336304 10.714517730827703 3.3385589122772217 2.1636741161346436 0.0 3.3494372398610985 1.1174061298370361 0.0
239 1.2523988485336304 10.69699620425366 3.3385589122772217 2.1636741161346436 0.0 3.3333263694607824 1.1134066581726074 0.0
240 1.2523988485336304 10.696196852704007 3.3385589122772217 2.1636741161346436 0.0 3.3320324208509224 1.113086223602295 0.0
241 1.2523988485336304 10.692320443247004 3.3385589122772217 2.1636741161346436 0.0 3.3275895271639975 1.0894138813018799 0.0
242 1.2523988485336304 10.712850307914147 3.3385589122772217 2.1636741161346436 0.0 3.3463382472339234 1.095279335975647 0.0
243 1.2523988485336304 10.710449026041939 3.3385589122772217 2.1636741161346436 0.0 3.3439273286293965 1.0945249795913696 0.0
244 1.2523988485336304 10.711939475684016 3.3385589122772217 2.1636741161346436 0.0 3.3454167069021445 1.0949910879135132 0.0
245 1.2523988485336304 10.709671071388133 3.3385589122772217 2.1636741161346436 0.0 3.3431265781122836 1.1183525323867798 0.0
246 1.2523988485336304 10.71350999981146 3.3385589122772217 2.1636741161346436 0.0 3.3469671616880365 1.119368314743042 0.0
247 1.2523988485336304 10.70977512683021 3.3385589122772217 2.1636741161346436 0.0 3.343228902506234 1.1183795928955078 0.0
248 1.2523988485336304 10.714779957143733 3.3385589122772217 2.1636741161346436 0.0 3.3556316309549894 1.0986236333847046 0.0
249 1.2523988485336304 10.707020178336577 3.3385589122772217 2.1636741161346436 0.0 3.35798986126049 1.0993812084197998 0.0
250 1.2523988485336304 10.704477878961152 3.3385589122772217 2.1636741161346436 0.0 3.3554373941774442 1.0985828638076782 0.0
251 1.2523988485336304 10.683560600209953 3.3385589122772217 2.1636741161346436 0.0 3.3368082750122476 1.0927563905715942 0.0
252 1.2523988485336304 10.689235167964968 3.3385589122772217 2.1636741161346436 0.0 3.34144961984317 1.0942078828811646 0.0
253 1.2523988485336304 10.703931006525302 3.3385589122772217 2.1636741161346436 0.0 3.3548958006661573 1.098413348197937 0.0
254 1.2523988485336304 10.696040766898538 3.3385589122772217 2.1636741161346436 0.0 3.3471276009273483 1.1160824298858643 0.0
255 1.2523988485336304 10.720122406373399 3.3385589122772217 2.1636741161346436 0.0 3.3718131670125544 1.1222472190856934 0.0
256 1.2523988485336304 10.709282536104416 3.3385589122772217 2.1636741161346436 0.0 3.3582620289309686 1.122572898864746 0.0
257 1.2523988485336304 10.70576306500755 3.3385589122772217 2.1636741161346436 0.0 3.354576175996997 1.1216039657592773 0.0
258 1.2523988485336304 10.696783497794296 3.3385589122772217 2.1636741161346436 0.0 3.345732201785111 1.1192954778671265 0.0
259 1.2523988485336304 10.710661564542466 3.3385589122772217 2.1636741161346436 0.0 3.3597416489750334 1.1229630708694458 0.0
260 1.2523988485336304 10.725253008837019 3.3385589122772217 2.1636741161346436 0.0 3.376602810515997 1.1274445056915283 0.0
261 1.2523988485336304 10.725810545874234 3.3385589122772217 2.1636741161346436 0.0 3.377291466962478 1.1276288032531738 0.0
262 1.2523988485336304 10.718655430887623 3.3385589122772217 2.1636741161346436 0.0 3.3687020118046016 1.125336766242981 0.0
263 1.2523988485336304 10.718655430887623 3.3385589122772217 2.1636741161346436 0.0 3.3687020118046016 1.125336766242981 0.0
264 1.2523988485336304 10.719833995105663 3.3385589122772217 2.1636741161346436 0.0 3.3700792071656673 1.1257033348083496 0.0
265 1.2523988485336304 10.713170635061077 3.3385589122772217 2.1636741161346436 0.0 3.3624827023660386 1.1236871480941772 0.0
266 1.2523988485336304 10.705375293947165 3.3385589122772217 2.1636741161346436 0.0 3.3549959037083625 1.0984447002410889 0.0
267 1.2523988485336304 10.704577557760578 3.3385589122772217 2.1636741161346436 0.0 3.3541880139904894 1.0981919765472412 0.0
268 1.2523988485336304 10.707941821699242 3.3385589122772217 2.1636741161346436 0.0 3.357635197632694 1.099270224571228 0.0
269 1.2523988485336304 10.67242872849202 3.3385589122772217 2.1636741161346436 0.0 3.329937818348106 1.1133157014846802 0.0
270 1.2523988485336304 10.688134844909232 3.3385589122772217 2.1636741161346436 0.0 3.3476574169924462 1.1179587841033936 0.0
271 1.2523988485336304 10.677125788363 3.3385589122772217 2.1636741161346436 0.0 3.3354193910159284 1.0923221111297607 0.0
272 1.2523988485336304 10.67717160471726 3.3385589122772217 2.1636741161346436 0.0 3.3350178958741292 1.092163324356079 0.0
273 1.2523988485336304 10.67717160471726 3.3385589122772217 2.1636741161346436 0.0 3.3350178958741292 1.092163324356079 0.0
274 1.2523988485336304 10.674660639072897 3.3385589122772217 2.1636741161346436 0.0 3.3323010340093497 1.0913137197494507 0.0
275 1.2523988485336304 10.680476293789235 3.3385589122772217 2.1636741161346436 0.0 3.3387856380799796 1.093341588973999 0.0
276 1.2523988485336304 10.665415540596772 3.3385589122772217 2.1636741161346436 0.0 3.322758035280857 1.110555648803711 0.0
277 1.2523988485336304 10.670660421134432 3.3385589122772217 2.1636741161346436 0.0 3.327991097028346 1.1118874549865723 0.0
278 1.2523988485336304 10.67376180081858 3.3385589122772217 2.1636741161346436 0.0 3.3312150717896043 1.1127129793167114 0.0
279 1.2523988485336304 10.677237642047317 3.3385589122772217 2.1636741161346436 0.0 3.334941040368734 1.1136711835861206 0.0
280 1.2523988485336304 10.680207913123372 3.3385589122772217 2.1636741161346436 0.0 3.34043077087259 1.1152983903884888 0.0
281 1.2523988485336304 10.68003171492954 3.3385589122772217 2.1636741161346436 0.0 3.3404778531998365 1.0940243005752563 0.0
282 1.2523988485336304 10.685046598569729 3.3385589122772217 2.1636741161346436 0.0 3.3456768618561017 1.1183685064315796 0.0
283 1.2523988485336304 10.677207686157812 3.3385589122772217 2.1636741161346436 0.0 3.336709838721295 1.1159874200820923 0.0
284 1.2523988485336304 10.680566946655217 3.3385589122772217 2.1636741161346436 0.0 3.341604867281071 1.094376802444458 0.0
285 1.2523988485336304 10.675721601365257 3.3385589122772217 2.1636741161346436 0.0 3.4399239658405194 1.1251410245895386 0.0
286 1.2523988485336304 10.66867019666391 3.3385589122772217 2.1636741161346436 0.0 3.4328408869869986 1.122923493385315 0.0
287 1.2523988485336304 10.669170449052688 3.3385589122772217 2.1636741161346436 0.0 3.4333285295838145 1.1230762004852295 0.0
288 1.2523988485336304 10.668553960402635 3.3385589122772217 2.1636741161346436 0.0 3.432727618146923 1.1228879690170288 0.0
289 1.2523988485336304 10.67044400728221 3.3385589122772217 2.1636741161346436 0.0 3.435678790474059 1.123811960220337 0.0
290 1.2523988485336304 10.684759528062777 3.3385589122772217 2.1636741161346436 0.0 3.450592245149127 1.1284816265106201 0.0
291 1.2523988485336304 10.659523446093273 3.3385589122772217 2.1636741161346436 0.0 3.4234568167487924 1.119985818862915 0.0
292 1.2523988485336304 10.658458929565322 3.3385589122772217 2.1636741161346436 0.0 3.4223724153591997 1.1196463108062744 0.0
293 1.2523988485336304 10.675445702332077 3.3385589122772217 2.1636741161346436 0.0 3.4389832098462323 1.1248465776443481 0.0
294 1.2523988485336304 10.683584295013246 3.3385589122772217 2.1636741161346436 0.0 3.447878189205885 1.127631664276123 0.0
295 1.2523988485336304 10.691789819439444 3.3385589122772217 2.1636741161346436 0.0 3.4574863770055484 1.1306405067443848 0.0
296 1.2523988485336304 10.691789819439444 3.3385589122772217 2.1636741161346436 0.0 3.4574863770055484 1.1306405067443848 0.0
297 1.2523988485336304 10.682342182151285 3.3385589122772217 2.1636741161346436 0.0 3.4462971191443175 1.1483943462371826 0.0
298 1.2523988485336304 10.674241308222074 3.3385589122772217 2.1636741161346436 0.0 3.4376255723650524 1.1461188793182373 0.0
299 1.2523988485336304 10.674241308222074 3.3385589122772217 2.1636741161346436 0.0 3.4376255723650524 1.1461188793182373 0.0
300 1.2523988485336304 10.675285285156345 3.3385589122772217 2.1636741161346436 0.0 3.4389678354864546 1.1248418092727661 0.0
301 1.2523988485336304 10.677801183699222 3.3385589122772217 2.1636741161346436 0.0 3.441423204350969 1.1256104707717896 0.0
302 1.2523988485336304 10.675838764789148 3.3385589122772217 2.1636741161346436 0.0 3.4393392975023116 1.1249580383300781 0.0
303 1.2523988485336304 10.682368964599537 3.3385589122772217 2.1636741161346436 0.0 3.4464143681642034 1.1271733045578003 0.0
304 1.2523988485336304 10.682368964599537 3.3385589122772217 2.1636741161346436 0.0 3.4464143681642034 1.1271733045578003 0.0
305 1.2523988485336304 10.680145553917779 3.3385589122772217 2.1636741161346436 0.0 3.443960945502223 1.126405119895935 0.0
306 1.2523988485336304 10.693604291383153 3.3385589122772217 2.1636741161346436 0.0 3.45953327876222 1.1312816143035889 0.0
307 1.2523988485336304 10.674989279076517 3.3385589122772217 2.1636741161346436 0.0 3.4396856844353594 1.1435625553131104 0.0
308 1.2523988485336304 10.671043961856585 3.3385589122772217 2.1636741161346436 0.0 3.4357404142349255 1.142577052116394 0.0
309 1.2523988485336304 10.684031560347606 3.3385589122772217 2.1636741161346436 0.0 3.449261882964232 1.1459769010543823 0.0
310 1.2523988485336304 10.670081476643993 3.3385589122772217 2.1636741161346436 0.0 3.4340650541720974 1.144574761390686 0.0
311 1.2523988485336304 10.67039603772925 3.3385589122772217 2.1636741161346436 0.0 3.434287776520643 1.1234101057052612 0.0
312 1.2523988485336304 10.67039603772925 3.3385589122772217 2.1636741161346436 0.0 3.434287776520643 1.1234101057052612 0.0
313 1.2523988485336304 10.660505431795247 3.3385589122772217 2.1636741161346436 0.0 3.424811375751342 1.1204437017440796 0.0
314 1.2523988485336304 10.673786054782159 3.3385589122772217 2.1636741161346436 0.0 3.437811742210037 1.1245135068893433 0.0
315 1.2523988485336304 10.673786054782159 3.3385589122772217 2.1636741161346436 0.0 3.437811742210037 1.1245135068893433 0.0
316 1.2523988485336304 10.686469850199346 3.3385589122772217 2.1636741161346436 0.0 3.451624807074539 1.1288385391235352 0.0
317 1.2523988485336304 10.686469850199346 3.3385589122772217 2.1636741161346436 0.0 3.451624807074539 1.1288385391235352 0.0
318 1.2523988485336304 10.686469850199346 3.3385589122772217 2.1636741161346436 0.0 3.451624807074539 1.1288385391235352 0.0
319 1.2523988485336304 10.69431765323894 3.3385589122772217 2.1636741161346436 0.0 3.460933704007047 1.1317535638809204 0.0
320 1.2523988485336304 10.684857581861783 3.3385589122772217 2.1636741161346436 0.0 3.449784781422406 1.1282622814178467 0.0
321 1.2523988485336304 10.688048621863286 3.3385589122772217 2.1636741161346436 0.0 3.454391464994822 1.1297048330307007 0.0
322 1.2523988485336304 10.690111537425402 3.3385589122772217 2.1636741161346436 0.0 3.4567703820623623 1.1304497718811035 0.0
323 1.2523988485336304 10.693302709636674 3.3385589122772217 2.1636741161346436 0.0 3.4605320998651576 1.1316277980804443 0.0
324 1.2523988485336304 10.695619901869081 3.3385589122772217 2.1636741161346436 0.0 3.4633238023353785 1.1325020790100098 0.0
325 1.2523988485336304 10.688981994105783 3.3385589122772217 2.1636741161346436 0.0 3.4554631596369685 1.1300404071807861 0.0
326 1.2523988485336304 10.688981994105783 3.3385589122772217 2.1636741161346436 0.0 3.4554631596369685 1.1300404071807861 0.0
327 1.2523988485336304 10.653163373585041 3.3385589122772217 2.1636741161346436 0.0 3.418301749951837 1.1415058374404907 0.0
328 1.2523988485336304 10.717658688777577 3.3385589122772217 2.1636741161346436 0.0 3.530302004131833 1.1752973794937134 0.0
329 1.2523988485336304 10.712301181179416 3.3385589122772217 2.1636741161346436 0.0 3.5254382224061835 1.1740328073501587 0.0
330 1.2523988485336304 10.712301181179416 3.3385589122772217 2.1636741161346436 0.0 3.5254382224061835 1.1740328073501587 0.0
331 1.2523988485336304 10.711953495741525 3.3385589122772217 2.1636741161346436 0.0 3.525208160586087 1.1744836568832397 0.0
332 1.2523988485336304 10.723846443056544 3.3385589122772217 2.1636741161346436 0.0 3.5363140799721533 1.1774102449417114 0.0
333 1.2523988485336304 10.718636746059737 3.3385589122772217 2.1636741161346436 0.0 3.524318054182995 1.1709696054458618 0.0
334 1.2523988485336304 10.727642001008475 3.3385589122772217 2.1636741161346436 0.0 3.5329501940727495 1.1731419563293457 0.0
335 1.2523988485336304 10.694759484629632 3.3385589122772217 2.1636741161346436 0.0 3.5039339471953 1.1673966646194458 0.0
336 1.2523988485336304 10.720533512813446 3.3385589122772217 2.1636741161346436 0.0 3.5254027342434147 1.1728310585021973 0.0
337 1.2523988485336304 10.72258144170793 3.3385589122772217 2.1636741161346436 0.0 3.5281063356000453 1.1524851322174072 0.0
338 1.2523988485336304 10.715422512887518 3.3385589122772217 2.1636741161346436 0.0 3.5334799480425967 1.1541699171066284 0.0
339 1.2523988485336304 10.715422512887518 3.3385589122772217 2.1636741161346436 0.0 3.5334799480425967 1.1541699171066284 0.0
340 1.2523988485336304 10.803378110534068 3.3385589122772217 2.1636741161346436 0.0 3.5479911725481297 1.1587198972702026 0.0
341 1.2523988485336304 10.83292717031376 3.3385589122772217 2.1636741161346436 0.0 3.574669516252648 1.1866343021392822 0.0
342 1.2523988485336304 10.824211497726784 3.3385589122772217 2.1636741161346436 0.0 3.566205547272243 1.184478759765625 0.0
343 1.2523988485336304 10.82551014318092 3.3385589122772217 2.1636741161346436 0.0 3.5674223488290786 1.1847871541976929 0.0
344 1.2523988485336304 10.82551014318092 3.3385589122772217 2.1636741161346436 0.0 3.5674223488290786 1.1847871541976929 0.0
345 1.2523988485336304 10.827521119065205 3.3385589122772217 2.1636741161346436 0.0 3.569337992281541 1.18527352809906 0.0
346 1.2523988485336304 10.832175439130472 3.3385589122772217 2.1636741161346436 0.0 3.5739126360250646 1.1864405870437622 0.0
347 1.2523988485336304 10.822376247981115 3.3385589122772217 2.1636741161346436 0.0 3.5645099147559876 1.18405020236969 0.0
348 1.2523988485336304 10.817027214854008 3.3385589122772217 2.1636741161346436 0.0 3.530151539259801 1.1748723983764648 0.0
349 1.2523988485336304 10.834987671918432 3.3385589122772217 2.1636741161346436 0.0 3.547411364159482 1.1793396472930908 0.0
350 1.2523988485336304 10.82417844309774 3.3385589122772217 2.1636741161346436 0.0 3.5366626536982713 1.1765453815460205 0.0
351 1.2523988485336304 10.821221080866037 3.3385589122772217 2.1636741161346436 0.0 3.5339129808796574 1.1758368015289307 0.0
352 1.2523988485336304 10.815134166489516 3.3385589122772217 2.1636741161346436 0.0 3.528565921359182 1.1742770671844482 0.0
353 1.2523988485336304 10.813056958732227 3.3385589122772217 2.1636741161346436 0.0 3.3828008656053656 1.1301162242889404 0.0
354 1.2523988485336304 10.814327932505096 3.3385589122772217 2.1636741161346436 0.0 3.3755074595671606 1.1276156902313232 0.0
355 1.2523988485336304 10.829034687924779 3.3385589122772217 2.1636741161346436 0.0 3.389519216799095 1.108803391456604 0.0
356 1.2523988485336304 10.801137960004931 3.3385589122772217 2.1636741161346436 0.0 3.3642163372581346 1.1008834838867188 0.0
357 1.2523988485336304 10.803318269334143 3.3385589122772217 2.1636741161346436 0.0 3.367238266809535 1.101829171180725 0.0
358 1.2523988485336304 10.798489310921315 3.3385589122772217 2.1636741161346436 0.0 3.3591842447768614 1.0995043516159058 0.0
359 1.2523988485336304 10.811352746319542 3.3385589122772217 2.1636741161346436 0.0 3.370013136379258 1.124045968055725 0.0
360 1.2523988485336304 10.823570339536415 3.3385589122772217 2.1636741161346436 0.0 3.380825330148319 1.1062763929367065 0.0
361 1.2523988485336304 10.826311776325149 3.3385589122772217 2.1636741161346436 0.0 3.3846597565203274 1.1074278354644775 0.0
362 1.2523988485336304 10.825593656905996 3.3385589122772217 2.1636741161346436 0.0 3.3896469150028907 1.108988881111145 0.0
363 1.2523988485336304 10.825593656905996 3.3385589122772217 2.1636741161346436 0.0 3.3896469150028907 1.108988881111145 0.0
364 1.2523988485336304 10.807320394620755 3.3385589122772217 2.1636741161346436 0.0 3.373130660401366 1.1038196086883545 0.0
365 1.2523988485336304 10.806754691603167 3.3385589122772217 2.1636741161346436 0.0 3.3723152916585493 1.127577781677246 0.0
366 1.2523988485336304 10.826604200084269 3.3385589122772217 2.1636741161346436 0.0 3.3933788321847795 1.1101571321487427 0.0
367 1.2523988485336304 10.842800980131672 3.3385589122772217 2.1636741161346436 0.0 3.4076192556307263 1.1146152019500732 0.0
368 1.2523988485336304 10.827223816118485 3.3385589122772217 2.1636741161346436 0.0 3.3909467069362362 1.1093957424163818 0.0
369 1.2523988485336304 10.830810081384133 3.3385589122772217 2.1636741161346436 0.0 3.4622944498785935 1.1317391395568848 0.0
370 1.2523988485336304 10.809503768651252 3.3385589122772217 2.1636741161346436 0.0 3.442541456309076 1.1483012437820435 0.0
371 1.2523988485336304 10.808917869842444 3.3385589122772217 2.1636741161346436 0.0 3.4420709062263586 1.148183822631836 0.0
372 1.2523988485336304 10.821502807280778 3.3385589122772217 2.1636741161346436 0.0 3.4528937712747783 1.1509150266647339 0.0
373 1.2523988485336304 10.820782504812541 3.3385589122772217 2.1636741161346436 0.0 3.4522328730411536 1.1507465839385986 0.0
374 1.2523988485336304 10.838244644407224 3.3385589122772217 2.1636741161346436 0.0 3.4697098763382264 1.1552566289901733 0.0
375 1.2523988485336304 10.82365099403567 3.3385589122772217 2.1636741161346436 0.0 3.454894504194034 1.1514261960983276 0.0
376 1.2523988485336304 10.800286005078885 3.3385589122772217 2.1636741161346436 0.0 3.4355176942961623 1.1465649604797363 0.0
377 1.2523988485336304 10.800286005078885 3.3385589122772217 2.1636741161346436 0.0 3.4355176942961623 1.1465649604797363 0.0
378 1.2523988485336304 10.839449079788961 3.3385589122772217 2.1636741161346436 0.0 3.4714809724876083 1.1544597148895264 0.0
379 1.2523988485336304 10.828070608284625 3.3385589122772217 2.1636741161346436 0.0 3.4600390953160636 1.1510151624679565 0.0
380 1.2523988485336304 10.809400552175008 3.3385589122772217 2.1636741161346436 0.0 3.4439892414732207 1.1471192836761475 0.0
381 1.2523988485336304 10.825980923249665 3.3385589122772217 2.1636741161346436 0.0 3.4535335933817533 1.1286280155181885 0.0
382 1.2523988485336304 10.825980923249665 3.3385589122772217 2.1636741161346436 0.0 3.4535335933817533 1.1286280155181885 0.0
383 1.2523988485336304 10.825292066751063 3.3385589122772217 2.1636741161346436 0.0 3.4612472403352523 1.1317521333694458 0.0
384 1.2523988485336304 10.811788994256421 3.3385589122772217 2.1636741161346436 0.0 3.4491536400890386 1.127964735031128 0.0
385 1.2523988485336304 10.830094262183955 3.3385589122772217 2.1636741161346436 0.0 3.4659801711782747 1.1332346200942993 0.0
386 1.2523988485336304 10.830457613965812 3.3385589122772217 2.1636741161346436 0.0 3.4662566597170352 1.1543492078781128 0.0
387 1.2523988485336304 10.833847466552218 3.3385589122772217 2.1636741161346436 0.0 3.469900260226216 1.155296802520752 0.0
388 1.2523988485336304 10.810821943191034 3.3385589122772217 2.1636741161346436 0.0 3.4485331606663028 1.149893045425415 0.0
389 1.2523988485336304 10.810821943191034 3.3385589122772217 2.1636741161346436 0.0 3.4485331606663028 1.149893045425415 0.0
390 1.2523988485336304 10.810821943191034 3.3385589122772217 2.1636741161346436 0.0 3.4485331606663028 1.149893045425415 0.0
391 1.2523988485336304 10.810821943191034 3.3385589122772217 2.1636741161346436 0.0 3.4485331606663028 1.149893045425415 0.0
392 1.2523988485336304 10.836032012205154 3.3385589122772217 2.1636741161346436 0.0 3.472200887000874 1.1558895111083984 0.0
393 1.2523988485336304 10.817902317841346 3.3385589122772217 2.1636741161346436 0.0 3.4540375919457253 1.1526284217834473 0.0
394 1.2523988485336304 10.82666823542821 3.3385589122772217 2.1636741161346436 0.0 3.462262081399758 1.1547738313674927 0.0
395 1.2523988485336304 10.843054687429872 3.3385589122772217 2.1636741161346436 0.0 3.3840250320293292 1.1304343938827515 0.0
396 1.2523988485336304 10.811712062080366 3.3385589122772217 2.1636741161346436 0.0 3.343634705433543 1.1198362112045288 0.0
397 1.2523988485336304 10.81227310808751 3.3385589122772217 2.1636741161346436 0.0 3.344123718332759 1.1199617385864258 0.0
398 1.2523988485336304 10.826125889588738 3.3385589122772217 2.1636741161346436 0.0 3.3572410347855905 1.1233725547790527 0.0
399 1.2523988485336304 10.830268498281706 3.3385589122772217 2.1636741161346436 0.0 3.361569965994948 1.12451171875 0.0
400 1.2523988485336304 10.837783635403794 3.3385589122772217 2.1636741161346436 0.0 3.3699102983436773 1.1267218589782715 0.0
