init 1.6017569303512573 7.739159416195929 3.7545011043548584 2.616873264312744 0.0 0.0 0.0 0.0
1 1.6206719875335693 7.901621711039137 3.7731316089630127 2.6089000701904297 0.2658444344997406 1.1149544038339245 0.35762444138526917 0.13379263877868652
2 1.668907642364502 8.157515415190307 3.757514476776123 2.5763447284698486 0.3112848401069641 1.2605076336919459 0.59540855884552 0.2590204179286957
3 1.6738486289978027 8.159138813485145 3.7572312355041504 2.577501058578491 0.3251570165157318 1.291525875208839 0.612369179725647 0.26866456866264343
4 1.66517174243927 8.185197690640388 3.7533254623413086 2.5787739753723145 0.31749486923217773 1.3211117856461025 0.6572319865226746 0.24606993794441223
5 1.661983609199524 8.494484899050663 3.760774850845337 2.6365439891815186 0.29430583119392395 1.7437499891761041 0.7685332298278809 0.6081857681274414
6 1.6610034704208374 8.522953686528894 3.7713582515716553 2.6283960342407227 0.2999874949455261 1.6803777119874024 0.7635326385498047 0.6445778608322144
7 1.6755380630493164 8.56574932804077 3.8012545108795166 2.622912645339966 0.2867690324783325 1.7275853277749775 0.8151590824127197 0.6508342623710632
8 1.6769399642944336 8.5579361115022 3.800386428833008 2.622483968734741 0.290130615234375 1.7183844519892417 0.8200618028640747 0.6533445119857788
9 1.6861441135406494 8.769604111019843 3.813239574432373 2.6186156272888184 0.30522391200065613 1.95152077429913 0.8525070548057556 0.669547438621521
10 1.6834906339645386 8.781772251027778 3.8103675842285156 2.6170740127563477 0.3110264837741852 1.9665027476918995 0.8703781366348267 0.6659379601478577
11 1.6878750324249268 8.777390619612774 3.810080051422119 2.616071939468384 0.32385820150375366 1.9490178173010564 0.9054982662200928 0.6730535626411438
12 1.7201216220855713 8.750948297117976 3.8198843002319336 2.6105570793151855 0.33388087153434753 1.9120756657409597 0.9870151877403259 0.6945357322692871
13 1.7431073188781738 8.757700656258288 3.82395339012146 2.608694076538086 0.39257168769836426 1.8838404258227879 1.1038272380828857 0.7240279316902161
14 1.722764015197754 8.755503050102735 3.8192553520202637 2.6093013286590576 0.3840460777282715 1.886902126283799 1.1509536504745483 0.6929519176483154
15 1.7282899618148804 8.637186376757747 3.8237369060516357 2.6089184284210205 0.3981911540031433 1.7177258267506814 1.1490800380706787 0.6962108612060547
16 1.7252088785171509 8.53798251675606 3.8226072788238525 2.609029769897461 0.4001254737377167 1.581447313694954 1.1688108444213867 0.6876872181892395
17 1.7532103061676025 8.457627993845506 3.837843179702759 2.6056251525878906 0.4388393461704254 1.671204976621955 1.1977134943008423 0.7357804775238037
18 1.7389577627182007 8.373012770523054 3.831008195877075 2.6047823429107666 0.44793713092803955 1.6187756476625959 1.2077802419662476 0.7241461873054504
19 1.7574065923690796 8.548324122808534 3.8327856063842773 2.6050503253936768 0.45083990693092346 1.6068420131355088 1.1913971900939941 0.7525745034217834
20 1.7483270168304443 7.9943696938558055 3.835543632507324 2.605990171432495 0.41714930534362793 1.2059503212993734 1.1207352876663208 0.7476157546043396
21 1.7582024335861206 8.320033567116813 3.8230669498443604 2.5982463359832764 0.4229844808578491 1.3796001381090253 1.1446655988693237 0.7458115816116333
22 1.7496618032455444 8.32604608082614 3.823798179626465 2.5999436378479004 0.4115695059299469 1.400011240294803 1.1551153659820557 0.7269497513771057
23 1.7437822818756104 8.551660401178314 3.832740068435669 2.6035056114196777 0.40344467759132385 1.648993256353563 1.2038800716400146 0.709967315196991
24 1.7434600591659546 8.383157682600405 3.834460735321045 2.6038260459899902 0.4032360017299652 1.3848598297383394 1.1490442752838135 0.7097871899604797
25 1.7434600591659546 8.383157682600405 3.8357162475585938 2.605839490890503 0.4032360017299652 1.3848598297383394 1.1563589572906494 0.7007119059562683
26 1.7547447681427002 8.400985121273076 3.8527090549468994 2.6031768321990967 0.4416045546531677 1.4106703976064277 1.2301472425460815 0.706710934638977
27 1.7504942417144775 8.36883355941371 3.851062059402466 2.60168719291687 0.42955338954925537 1.3891496894736013 1.204403042793274 0.707186222076416
28 1.7462306022644043 8.359007782340637 3.8496689796447754 2.6032822132110596 0.4281843900680542 1.4522998409480425 1.185007929801941 0.691116452217102
29 1.7462018728256226 8.352081139643639 3.849123477935791 2.6032721996307373 0.42660585045814514 1.403392398566152 1.1504160165786743 0.6910359263420105
30 1.7462018728256226 8.362475528487057 3.849123477935791 2.6032721996307373 0.42660585045814514 1.3895640818498582 1.162240982055664 0.6910359263420105
31 1.746305227279663 8.36588935511038 3.8497674465179443 2.6041269302368164 0.4265309274196625 1.3875886475668666 1.164036512374878 0.691612720489502
32 1.7469452619552612 8.367673531960268 3.843062400817871 2.547546148300171 0.42792364954948425 1.387606418301437 1.1436599493026733 0.47008275985717773
33 1.7554192543029785 8.378190087806805 3.8391318321228027 2.549243211746216 0.4251013696193695 1.8437964770530892 1.1865679025650024 0.48934194445610046
34 1.7493929862976074 8.365056539610352 3.837839365005493 2.5503287315368652 0.42423978447914124 1.843042686603591 1.1890579462051392 0.47658687829971313
35 1.7493597269058228 8.337722899496471 3.83773136138916 2.5503201484680176 0.4241362512111664 1.3575051562705802 1.1474778652191162 0.4766080677509308
36 1.736829161643982 8.357856354956152 3.8202505111694336 2.55007004737854 0.41745075583457947 1.3887552906409442 1.146254301071167 0.45573893189430237
37 1.7456239461898804 8.369777151013748 3.8276920318603516 2.546318769454956 0.43241190910339355 1.4007719458464492 1.2360621690750122 0.47514912486076355
38 1.7536135911941528 8.395319153515043 3.834190845489502 2.5456290245056152 0.44641929864883423 1.4282314137388656 1.2395378351211548 0.49737870693206787
39 1.7561988830566406 8.391842958622448 3.8357551097869873 2.545419216156006 0.4601406455039978 1.4353496509757762 1.2661327123641968 0.49601852893829346
40 1.7561426162719727 8.355136901327507 3.832606792449951 2.54609751701355 0.4586814343929291 1.3568119033974644 1.254278540611267 0.49648967385292053
41 1.741881012916565 8.646775082893244 3.8279764652252197 2.5461504459381104 0.4383905529975891 1.7147258648721477 1.2621115446090698 0.46692681312561035
42 1.743343472480774 8.614560330793074 3.8300373554229736 2.547407388687134 0.44042763113975525 2.04717417927722 1.3039387464523315 0.46989578008651733
43 1.7127388715744019 8.660668156129592 3.8244471549987793 2.558002233505249 0.4022156596183777 2.1289528776105846 1.2738564014434814 0.3922650218009949
44 1.720864176750183 8.015018885812532 3.824828624725342 2.5560028553009033 0.4051116108894348 1.9161784194701734 1.2486258745193481 0.40953245759010315
45 1.7221603393554688 7.988018754770805 3.8253233432769775 2.5594289302825928 0.407561719417572 1.9215828308976197 1.2422902584075928 0.39466384053230286
46 1.7184604406356812 8.156036010119392 3.820953369140625 2.5602614879608154 0.40502244234085083 1.8650659680544053 1.2129707336425781 0.3931290805339813
47 1.7059509754180908 8.64747251656764 3.818437337875366 2.565582513809204 0.40390875935554504 2.0802098867056054 1.247024655342102 0.3838718831539154
48 1.7071597576141357 8.474637758228765 3.820103645324707 2.5661439895629883 0.4058947265148163 1.9883810777036766 1.3591201305389404 0.38690903782844543
49 1.7096214294433594 8.369087069057395 3.819566249847412 2.564511299133301 0.4041076898574829 1.9156381097052004 1.3510243892669678 0.3890591561794281
50 1.7134382724761963 8.399301820964281 3.8229000568389893 2.5629255771636963 0.4086242616176605 1.9183540080872672 1.3666083812713623 0.3957049548625946
51 1.713395118713379 8.39939220495525 3.822126626968384 2.5629262924194336 0.4084431529045105 1.9179518629960048 1.3757617473602295 0.395548939704895
52 1.713310956954956 8.386178396264867 3.81980562210083 2.56245756149292 0.4069201946258545 1.9304064490611963 1.3752752542495728 0.39620164036750793
53 1.717206597328186 8.395170055834088 3.8217034339904785 2.558518886566162 0.4147711992263794 1.9383186430893362 1.3732774257659912 0.4090888202190399
54 1.7192184925079346 8.421522414608631 3.8282785415649414 2.5625216960906982 0.39816814661026 1.9779130804977352 1.3427083492279053 0.3897089660167694
55 1.7163037061691284 8.424122631969363 3.828251600265503 2.5638389587402344 0.39293646812438965 1.98129354671588 1.3333967924118042 0.3816126883029938
56 1.7162113189697266 8.424450751759966 3.8280460834503174 2.563847780227661 0.3928147852420807 1.9817485932985854 1.3239878416061401 0.38150736689567566
57 1.7147859334945679 8.43006178927505 3.8265700340270996 2.564910411834717 0.3899194002151489 1.985213429694512 1.3366763591766357 0.37744659185409546
58 1.7128324508666992 8.41961884960829 3.823462724685669 2.5657193660736084 0.3848661780357361 1.99442630250069 1.3297739028930664 0.3677566945552826
59 1.7109835147857666 8.403437836631618 3.8194358348846436 2.5627381801605225 0.3918817341327667 1.9854074912131505 1.3421921730041504 0.4095897078514099
60 1.7109835147857666 8.408702255944254 3.8194611072540283 2.5626392364501953 0.3918817341327667 1.9171319042827608 1.3347930908203125 0.4095880091190338
61 1.711405873298645 8.369259363931441 3.8191256523132324 2.5631959438323975 0.389964759349823 1.9035677984286774 1.331057071685791 0.4075683355331421
62 1.706059455871582 8.352433606887736 3.8137221336364746 2.562260150909424 0.38528990745544434 1.8904415629516587 1.3093533515930176 0.4098089635372162
63 1.709212303161621 8.34895777805922 3.820472002029419 2.562246084213257 0.3819836974143982 1.8917847231261922 1.3156745433807373 0.41018393635749817
64 1.7098443508148193 8.348092649516591 3.8215129375457764 2.5621962547302246 0.3829224407672882 1.9703661502749175 1.3309667110443115 0.4118095934391022
65 1.7210270166397095 8.325798208939695 3.826169967651367 2.557023048400879 0.3990761339664459 1.8917309658801342 1.3385173082351685 0.4432624280452728
66 1.7250688076019287 8.632225446142556 3.8239169120788574 2.556535482406616 0.4079742431640625 2.127592850842053 1.365512490272522 0.4540623724460602
67 1.7274049520492554 8.630814604678019 3.8269460201263428 2.556274175643921 0.40679267048835754 2.128813627479279 1.2649635076522827 0.44718673825263977
68 1.7273668050765991 8.308127038198709 3.826277494430542 2.556173086166382 0.40641412138938904 1.9278175531569541 1.254819631576538 0.44710177183151245
69 1.7178614139556885 8.279715849467339 3.809044361114502 2.5592246055603027 0.3867611289024353 1.9555592833409416 1.2338250875473022 0.4374918043613434
70 1.7174924612045288 8.48913070803096 3.811321973800659 2.559591293334961 0.38692861795425415 2.089293974979595 1.2580205202102661 0.4443047046661377
71 1.7220464944839478 8.264337561146192 3.8123619556427 2.559295177459717 0.39133989810943604 1.9940414579298587 1.2487579584121704 0.45006152987480164
72 1.7177131175994873 7.922726194010218 3.8095455169677734 2.559363603591919 0.3831315040588379 1.8409799045243165 1.2227619886398315 0.46225354075431824
73 1.71304452419281 8.339919211279433 3.8018999099731445 2.561446189880371 0.38138386607170105 1.942164897967169 1.2265143394470215 0.4513235092163086
74 1.7093336582183838 8.153483145506858 3.8003978729248047 2.5637035369873047 0.36639073491096497 2.0211080759010485 1.2250864505767822 0.43997782468795776
75 1.7089403867721558 8.114961197606979 3.7957780361175537 2.558767080307007 0.37378832697868347 1.5416601674055899 1.1701555252075195 0.43981412053108215
76 1.7084380388259888 8.102061018535066 3.7939627170562744 2.5596165657043457 0.3743003308773041 1.557661329571493 1.1669645309448242 0.4329227805137634
77 1.7120007276535034 8.091401506015576 3.794908046722412 2.5594632625579834 0.3776995539665222 1.5422885300074152 1.1704133749008179 0.4378475248813629
78 1.7120007276535034 8.299236979368839 3.7954022884368896 2.465414047241211 0.3776995539665222 1.4392628193965409 1.1729035377502441 0.8119105100631714
79 1.7139484882354736 8.302646970240923 3.8058395385742188 2.4648475646972656 0.3756904900074005 1.4271422982203767 1.2023544311523438 0.8137824535369873
80 1.7139333486557007 8.326634704147688 3.8058078289031982 2.4648537635803223 0.37561362981796265 1.4471536157905414 1.2036319971084595 0.8137762546539307
81 1.713929533958435 8.331588917263325 3.8057174682617188 2.4648611545562744 0.3757287859916687 1.4626761021025994 1.207410216331482 0.8117972612380981
82 1.713580846786499 8.329322700838683 3.8097338676452637 2.4688851833343506 0.3842153251171112 1.457258074619219 1.2140302658081055 0.7992487549781799
83 1.7081658840179443 8.02098531436377 3.8076000213623047 2.5281567573547363 0.37568753957748413 1.3163733499960892 1.2222758531570435 0.9424519538879395
84 1.7013437747955322 8.05327909372584 3.8036530017852783 2.527362108230591 0.3619740903377533 1.3240235470801838 1.2662135362625122 0.9447692632675171
85 1.7111015319824219 8.056503494443092 3.8077306747436523 2.5258896350860596 0.3819233477115631 1.4221384533143593 1.2811229228973389 0.9571510553359985
86 1.7115797996520996 8.05581734238113 3.8074307441711426 2.525883197784424 0.3815954625606537 1.4219716189071547 1.251054048538208 0.9571055769920349
87 1.711464762687683 7.979534105313058 3.808098077774048 2.5261149406433105 0.3817960023880005 1.390088732497981 1.2508244514465332 0.9567180871963501
88 1.7120693922042847 7.981094847874275 3.8025734424591064 2.5262513160705566 0.38333848118782043 1.3915248548036525 1.2208237648010254 0.9560679793357849
89 1.715551733970642 7.9869867457986325 3.806933641433716 2.525726556777954 0.3840689957141876 1.3051055099105875 1.2185579538345337 0.9564542770385742
90 1.7135097980499268 7.998315382168299 3.8072080612182617 2.526216506958008 0.3826795518398285 1.283220609637299 1.2163079977035522 0.9571281671524048
91 1.7130107879638672 8.004700541537472 3.805006265640259 2.524606227874756 0.3837713301181793 1.2701061900817252 1.2105578184127808 0.9603071808815002
92 1.7167466878890991 8.004670832095755 3.8023312091827393 2.525541067123413 0.38837796449661255 1.2606598877381998 1.2083793878555298 0.9608014822006226
93 1.714600920677185 7.988900171579642 3.803990364074707 2.526573657989502 0.38385605812072754 1.3814911941251353 1.2413080930709839 0.9569732546806335
94 1.714501976966858 7.977679197235906 3.80403995513916 2.5268497467041016 0.3848702609539032 1.3791863288883541 1.2447198629379272 0.9568713903427124
95 1.7113192081451416 8.296361798917845 3.7994160652160645 2.52718186378479 0.3830336034297943 1.4592927265764515 1.2439557313919067 0.9602345824241638
96 1.7113988399505615 8.300008248464163 3.7995877265930176 2.5271759033203125 0.3828725516796112 1.4485614634285298 1.2369650602340698 0.9602886438369751
97 1.7117843627929688 8.129755818226226 3.7996418476104736 2.5272107124328613 0.3825564682483673 1.9385309849683738 1.2967827320098877 0.9600483775138855
98 1.7168916463851929 8.2282314222394 3.804950714111328 2.5276269912719727 0.383481502532959 1.9940118477515871 1.2991793155670166 0.9655003547668457
99 1.716874599456787 8.188205288182429 3.804708957672119 2.5276753902435303 0.3827495574951172 1.9343510798320682 1.2880316972732544 0.9655460715293884
100 1.717400074005127 8.176336268505608 3.8055434226989746 2.5279433727264404 0.3832864463329315 1.4132057434317233 1.23812735080719 0.9662277102470398
101 1.717400074005127 8.081671697640433 3.805540084838867 2.5279433727264404 0.3832864463329315 1.5267085245783212 1.2461891174316406 0.9662277102470398
102 1.7238271236419678 8.107331140315663 3.806983709335327 2.5291922092437744 0.3916245698928833 1.459233963038603 1.2445708513259888 0.9768796563148499
103 1.7238271236419678 7.869225021423053 3.806983709335327 2.5291922092437744 0.3916245698928833 1.163309694482184 1.2271541357040405 0.9768796563148499
104 1.7237602472305298 8.44931747223445 3.806837320327759 2.529094696044922 0.39136576652526855 1.497880294858759 1.2536622285842896 0.9760457277297974
105 1.723359227180481 8.019624707972232 3.8125619888305664 2.52925181388855 0.39191094040870667 1.3419944796525973 1.2294683456420898 0.9691927433013916
106 1.7327591180801392 8.007538090044157 3.8103864192962646 2.5305285453796387 0.3942506015300751 1.3552614044905258 1.231651782989502 0.9753161668777466
107 1.7170721292495728 8.004345869311049 3.7945404052734375 2.5306503772735596 0.382210373878479 1.3475018922145519 1.225947618484497 0.9669068455696106
108 1.7150517702102661 8.158940861653129 3.7948338985443115 2.5314433574676514 0.38159802556037903 1.4641489616537482 1.2367793321609497 0.9659937620162964
109 1.7076891660690308 8.317387882097275 3.7902183532714844 2.5318830013275146 0.3777702748775482 1.4998726478523452 1.2421396970748901 0.9679227471351624
110 1.7128726243972778 8.407846988231665 3.7990307807922363 2.5304830074310303 0.3953453600406647 1.5090746528771153 1.2504360675811768 0.9737822413444519
111 1.7249329090118408 8.441732382517277 3.8024826049804688 2.5325372219085693 0.40136951208114624 1.5427454073265396 1.1358102560043335 0.972034752368927
112 1.7198988199234009 8.44058983796249 3.7976527214050293 2.5334620475769043 0.40429824590682983 1.5354965983022064 1.1180636882781982 0.9761748909950256
113 1.7198988199234009 8.177423717995797 3.7977254390716553 2.5339531898498535 0.40429824590682983 1.3206363260709082 1.0975596904754639 0.9762594103813171
114 1.7134902477264404 8.177007577066865 3.80056095123291 2.5370407104492188 0.40358665585517883 1.3347969553302235 1.130883812904358 0.9521081447601318
115 1.7135984897613525 8.095794119541393 3.8004872798919678 2.536895990371704 0.4033324420452118 1.3598760641251055 1.120596170425415 0.9519248008728027
116 1.7104984521865845 8.081886380971902 3.7951529026031494 2.536356210708618 0.4011763036251068 1.3688374409678363 1.11058509349823 0.9525973796844482
117 1.732345700263977 8.212625375920211 3.8013813495635986 2.531264066696167 0.4532999098300934 1.616628867355246 1.162000298500061 0.9689034223556519
118 1.7315750122070313 7.9200732679047885 3.7997071743011475 2.5294594764709473 0.45671966671943665 1.3883484295518729 1.1428492069244385 0.9687750339508057
119 1.7189593315124512 8.242809539157856 3.80322265625 2.534893274307251 0.419558048248291 1.500993414092766 1.1644741296768188 0.9490062594413757
120 1.7203456163406372 8.094689191942724 3.803468704223633 2.5352094173431396 0.4160110056400299 1.4360875037123986 1.2869914770126343 0.9475984573364258
121 1.7836081981658936 8.276166397593768 3.813563585281372 2.51788067817688 0.4977683424949646 1.713066110050553 1.3089659214019775 1.0200263261795044
122 1.7827801704406738 7.89387402068581 3.8125815391540527 2.517099618911743 0.49573731422424316 1.3680811053249626 1.251170039176941 1.0251595973968506
123 1.7671706676483154 7.891670416313655 3.811617136001587 2.518249750137329 0.4814642369747162 1.3423344701730116 1.3344172239303589 1.0035046339035034
124 1.7775517702102661 7.88866258149816 3.8123345375061035 2.5220131874084473 0.47724422812461853 1.360809054399176 1.42081880569458 1.0096282958984375
125 1.7768123149871826 7.577127420422724 3.8132877349853516 2.5218045711517334 0.4745633900165558 1.4863323648250713 1.4296088218688965 1.0087586641311646
126 1.7775049209594727 7.983290340066295 3.814115047454834 2.5227551460266113 0.4767145812511444 1.312125288952111 1.418526530265808 1.0084092617034912
127 1.7385176420211792 8.031408559773412 3.8092761039733887 2.530034303665161 0.4287138879299164 1.41898127402037 1.408551573753357 0.9578911066055298
128 1.7309836149215698 8.049507020442727 3.808138847351074 2.5302367210388184 0.41204217076301575 1.420342348690367 1.4072927236557007 0.9545755386352539
129 1.733911156654358 8.064964107113237 3.806093454360962 2.5292441844940186 0.42355549335479736 1.378183658386407 1.4333966970443726 0.9570204019546509
130 1.732890009880066 7.901655020428336 3.8079373836517334 2.5291175842285156 0.42991435527801514 1.1984206039827818 1.464880108833313 0.9598433971405029
131 1.746113896369934 7.925757956722257 3.811948299407959 2.5286877155303955 0.4380395710468292 1.2407486983927036 1.4662333726882935 0.9761376976966858
132 1.7460099458694458 7.941584851282297 3.811566114425659 2.5286877155303955 0.4386070966720581 1.2238917962311553 1.464726209640503 0.9760401248931885
133 1.7466967105865479 7.942494542755823 3.8123385906219482 2.528695821762085 0.43909960985183716 1.2251713846644163 1.4626202583312988 0.9762114882469177
134 1.7516814470291138 7.938482150164982 3.810365915298462 2.5269877910614014 0.4439498484134674 1.2085427173290455 1.462620496749878 0.9856798648834229
135 1.7536073923110962 7.935369697823452 3.812131404876709 2.5269386768341064 0.45017823576927185 1.2138076136745488 1.435887098312378 0.9846463203430176
136 1.7366317510604858 7.958785840032986 3.8122472763061523 2.5316874980926514 0.4310353696346283 1.2319113375473196 1.430930256843567 0.9690940976142883
137 1.7366317510604858 7.958740622033122 3.8122472763061523 2.5316874980926514 0.4310353696346283 1.2317211041467977 1.4309179782867432 0.9690940976142883
138 1.73642098903656 7.972322068677594 3.813480854034424 2.5341298580169678 0.42768415808677673 1.2306606267508369 1.430660605430603 0.9676164388656616
139 1.740045189857483 7.94996971399951 3.8159167766571045 2.533824920654297 0.4269014298915863 1.2429723542867184 1.4313465356826782 0.9631853103637695
140 1.7289551496505737 7.962915656729823 3.811495304107666 2.534921407699585 0.4229465126991272 1.2473350968122616 1.4317389726638794 0.9575303196907043
141 1.730209231376648 7.9604217333967 3.8094494342803955 2.5345091819763184 0.4235973060131073 1.245660166769048 1.4384843111038208 0.9569804668426514
142 1.7308588027954102 7.961778878640888 3.8096137046813965 2.534528970718384 0.42450395226478577 1.2465152922635157 1.4381881952285767 0.9576889872550964
143 1.7255687713623047 8.304300542678195 3.8070714473724365 2.5275702476501465 0.41853785514831543 1.3660131987729214 1.4402655363082886 0.9582574367523193
144 1.7261676788330078 8.390235410067865 3.8067569732666016 2.5279250144958496 0.4189588725566864 1.5860853766186611 1.4603872299194336 0.9594742059707642
145 1.7261595726013184 8.294808522236007 3.8112218379974365 2.5226545333862305 0.4164913296699524 1.4220423663826722 1.4693007469177246 0.9511523246765137
146 1.7383875846862793 8.293870734327184 3.815582036972046 2.5199167728424072 0.4249463677406311 1.406609385820064 1.4635474681854248 0.9673447608947754
147 1.7373560667037964 8.163653592174365 3.8153810501098633 2.5198934078216553 0.4217459261417389 1.5734809230870492 1.4764935970306396 0.966157853603363
148 1.7373590469360352 8.267782758589183 3.815355062484741 2.5198702812194824 0.4215652346611023 1.4513530743421819 1.46711003780365 0.9661099314689636
149 1.731296181678772 8.308571929827096 3.8133533000946045 2.5231668949127197 0.4249816834926605 1.4866907627345343 1.4771318435668945 0.9841774106025696
150 1.7304080724716187 8.2342164033763 3.81447434425354 2.528939723968506 0.42564088106155396 1.3945092998191775 1.4745997190475464 0.9941410422325134
151 1.7315298318862915 8.248473760147016 3.815167188644409 2.531494379043579 0.426784485578537 1.8510688649911902 1.5059672594070435 0.9995232224464417
152 1.7300162315368652 8.196256679137266 3.8139469623565674 2.532698154449463 0.4195694029331207 1.881227847305457 1.5075870752334595 0.9983981251716614
153 1.7286396026611328 8.112611435552617 3.812434673309326 2.5321967601776123 0.41211482882499695 1.8278679709521617 1.5056804418563843 0.996320903301239
154 1.7198948860168457 8.13779454604135 3.8124732971191406 2.531888484954834 0.41879481077194214 1.7213438904918357 1.480590581893921 1.0061124563217163
155 1.708640217781067 8.11434225048929 3.8121485710144043 2.5338315963745117 0.40526270866394043 1.785149213939514 1.4787055253982544 0.9921938180923462
156 1.693575382232666 8.546025683925496 3.8111846446990967 2.5338103771209717 0.3973124325275421 2.0275398909203655 1.5027424097061157 0.9794664978981018
157 1.6938687562942505 8.495675602069268 3.8134799003601074 2.5339887142181396 0.39469677209854126 2.002083108012648 1.5145384073257446 0.9830751419067383
158 1.6957331895828247 8.496655384693986 3.813364267349243 2.533994436264038 0.398121178150177 2.00349047362071 1.5098397731781006 0.9836651682853699
159 1.6936843395233154 8.344528842628785 3.808356761932373 2.534450054168701 0.39801454544067383 1.8921681731846955 1.5094207525253296 0.982934832572937
160 1.7047621011734009 8.2190937535761 3.8096272945404053 2.5270259380340576 0.3959903419017792 1.866857860876874 1.4996949434280396 0.9692084789276123
161 1.7042797803878784 8.230482586619742 3.806063652038574 2.5270755290985107 0.3928159475326538 1.869792250142148 1.4997626543045044 0.9756001830101013
162 1.693064570426941 8.216646701785127 3.803023099899292 2.530466318130493 0.3809089958667755 1.855258683821684 1.4353852272033691 0.9713525772094727
163 1.7103848457336426 8.177979712311686 3.798021078109741 2.530066967010498 0.3892940282821655 1.8805923944371237 1.4354504346847534 0.9745903015136719
164 1.711072564125061 8.302621440034653 3.7980010509490967 2.5290212631225586 0.3932233154773712 2.024230091693212 1.4483696222305298 0.9762141108512878
165 1.7109121084213257 8.305874107691595 3.802281141281128 2.528195381164551 0.401023805141449 2.02226267134872 1.4492897987365723 0.9789457321166992
166 1.7127125263214111 8.305006297689946 3.8020431995391846 2.528994560241699 0.40076491236686707 2.0206110615211026 1.442158579826355 0.9773569107055664
167 1.7135436534881592 8.304632398014977 3.802158832550049 2.5286991596221924 0.40255117416381836 2.0191931698794363 1.4420788288116455 0.9774498343467712
168 1.7135659456253052 8.080635603736166 3.802213430404663 2.529667615890503 0.40254533290863037 1.8037112750904092 1.4206452369689941 0.9779338836669922
169 1.7135659456253052 8.080635603736166 3.8020145893096924 2.529667615890503 0.40254533290863037 1.8037112750904092 1.4397377967834473 0.9779338836669922
170 1.7162706851959229 7.994038699631156 3.7999391555786133 2.5295259952545166 0.40564432740211487 1.8580327585139296 1.4464462995529175 0.9778524041175842
171 1.7162706851959229 8.028206280343491 3.7999391555786133 2.5295259952545166 0.40564432740211487 1.927616657792248 1.4532175064086914 0.9778524041175842
172 1.716123104095459 8.04279585387002 3.8002841472625732 2.5298798084259033 0.40341442823410034 1.8244356682397336 1.4423692226409912 0.9775765538215637
173 1.7162039279937744 8.04265955693565 3.801671266555786 2.530677080154419 0.3974389433860779 1.8303519921735603 1.4399394989013672 0.9752464890480042
174 1.7131794691085815 7.986144149162785 3.804421901702881 2.5295839309692383 0.3978356420993805 1.9431818485856207 1.4519292116165161 0.9760727882385254
175 1.7135019302368164 7.984418166657234 3.802615165710449 2.5278992652893066 0.4034949839115143 1.9398711107025421 1.443907380104065 0.9761156439781189
176 1.7105190753936768 8.150489511314452 3.8009347915649414 2.5278072357177734 0.40085944533348083 1.9012183974529733 1.4415408372879028 0.9722391366958618
177 1.7158032655715942 8.227859251473008 3.801358699798584 2.528179883956909 0.400482177734375 1.8552005406929215 1.432571291923523 0.9728295803070068
178 1.7200251817703247 8.118492695429191 3.8036704063415527 2.615389585494995 0.4109112322330475 1.8779051121269033 1.444867730140686 0.6895985007286072
179 1.7199989557266235 8.11778716531096 3.803671360015869 2.6153957843780518 0.4108756482601166 1.8794222149743396 1.444981336593628 0.6895235776901245
180 1.7200239896774292 8.117793577717899 3.803621530532837 2.6153640747070313 0.4107568562030792 1.879278446578011 1.4748972654342651 0.6895127296447754
181 1.7232387065887451 8.120030619233285 3.8024749755859375 2.616182565689087 0.41811197996139526 1.8747619902297488 1.4378365278244019 0.6908543109893799
182 1.7199015617370605 8.125598164559689 3.7995729446411133 2.6161108016967773 0.4196799695491791 1.8725037692961664 1.4418292045593262 0.6901983022689819
183 1.7198153734207153 8.140596162353626 3.799347400665283 2.616234540939331 0.4188932776451111 1.8147253375025283 1.435836911201477 0.6895184516906738
184 1.7183867692947388 8.110165686833692 3.79995059967041 2.6160495281219482 0.4162287712097168 1.3589227060962041 1.4047995805740356 0.6987093687057495
185 1.7129353284835815 8.051396663651127 3.798273801803589 2.615412473678589 0.412950724363327 1.4174037395251837 1.4060600996017456 0.6850388050079346
186 1.7133172750473022 8.022760624718702 3.797759771347046 2.6138832569122314 0.417814701795578 1.4639859918802625 1.4120094776153564 0.6890702843666077
187 1.7133002281188965 8.037703666330012 3.7977304458618164 2.6138758659362793 0.41816768050193787 1.3745196752761548 1.4045039415359497 0.6890594959259033
188 1.7258929014205933 8.05936076774048 3.792365789413452 2.6149377822875977 0.43582797050476074 1.424434874953243 1.4191129207611084 0.701833188533783
189 1.7312601804733276 8.145427127104183 3.7948853969573975 2.6146907806396484 0.4389427900314331 1.383293211269921 1.4405447244644165 0.7049597501754761
190 1.73047935962677 8.14572364098325 3.7887120246887207 2.5593719482421875 0.4354580044746399 1.3863646241338952 1.418850064277649 0.48791518807411194
191 1.7268630266189575 8.153648818097505 3.7894232273101807 2.560426950454712 0.429877907037735 1.3693910357405015 1.4227502346038818 0.47765374183654785
192 1.7260407209396362 8.105965375546965 3.7896058559417725 2.5601820945739746 0.4241608679294586 1.4722125258347498 1.4021384716033936 0.4784110188484192
193 1.7179418802261353 8.115303438037786 3.7826218605041504 2.5625855922698975 0.4187230169773102 1.4877893851893145 1.4161570072174072 0.47949647903442383
194 1.7178199291229248 8.117755677203514 3.7831883430480957 2.562790632247925 0.417109876871109 1.4919986966474834 1.4059758186340332 0.4782336950302124
195 1.7176941633224487 8.117782442790874 3.783350706100464 2.562628746032715 0.4167572557926178 1.4920940065358044 1.4078952074050903 0.4776637554168701
196 1.718068242073059 8.120360733621947 3.779078245162964 2.5637125968933105 0.4244484603404999 1.4983005655521675 1.4125784635543823 0.49862566590309143
197 1.724353551864624 8.158679805859132 3.786423683166504 2.5572080612182617 0.45247820019721985 1.614669367423304 1.5017532110214233 0.5208983421325684
198 1.724353551864624 8.158679805859132 3.7864301204681396 2.5572080612182617 0.4524424076080322 1.6146788826497966 1.500878930091858 0.5208950638771057
199 1.7244077920913696 8.158331227968588 3.7863664627075195 2.5571470260620117 0.45252731442451477 1.6108849777012966 1.491473913192749 0.5209617614746094
200 1.7074711322784424 8.210798648150249 3.786587953567505 2.5588948726654053 0.4369601309299469 1.6175244788733785 1.4902799129486084 0.5106395483016968
201 1.706763744354248 8.199606578996592 3.7770965099334717 2.478116035461426 0.4331994652748108 1.607200347301754 1.4701287746429443 0.8443005084991455
202 1.71254301071167 8.25445502426474 3.791137933731079 2.476661443710327 0.43786337971687317 1.6369972351759046 1.4919993877410889 0.8540800213813782
203 1.7002137899398804 8.26257150537667 3.7881369590759277 2.479339838027954 0.42785584926605225 1.667452816901013 1.512328863143921 0.8365964889526367
204 1.6898467540740967 8.27921227389319 3.7837812900543213 2.5566036701202393 0.3980097472667694 1.6885208714826945 1.4954016208648682 0.5063226222991943
205 1.6901415586471558 8.417708663526447 3.784665584564209 2.556605577468872 0.39862456917762756 1.6972841931289564 1.493908405303955 0.5058120489120483
206 1.7035717964172363 8.373366669138617 3.788093328475952 2.552891492843628 0.3994097411632538 1.7488727758606377 1.4908933639526367 0.4942573010921478
207 1.7038466930389404 8.416376850271638 3.788985013961792 2.5528502464294434 0.40769410133361816 1.6579062138283935 1.497328758239746 0.49620914459228516
208 1.7028639316558838 8.413749251919652 3.7888903617858887 2.5529215335845947 0.40524426102638245 1.6500102287079805 1.4951034784317017 0.49620211124420166
209 1.704116940498352 8.217195587075814 3.7899723052978516 2.552464008331299 0.4073096215724945 1.483220055454203 1.4789923429489136 0.48651084303855896
210 1.7005664110183716 8.224486329770231 3.792609691619873 2.5557360649108887 0.4084894359111786 1.495583239950961 1.4869509935379028 0.5005841255187988
211 1.7008476257324219 8.2246581133243 3.7927613258361816 2.555671453475952 0.4087072014808655 1.4954357577223525 1.4810926914215088 0.5010032653808594
212 1.7014539241790771 8.226695024192553 3.7938544750213623 2.555497169494629 0.4101164638996124 1.4918579221234114 1.4846208095550537 0.5016318559646606
213 1.7014319896697998 8.225445842114864 3.7941675186157227 2.5554544925689697 0.40979987382888794 1.4810165397088302 1.4738401174545288 0.5016071200370789
214 1.7013081312179565 8.225360528605588 3.793121337890625 2.5550224781036377 0.41634780168533325 1.47866048780444 1.4748964309692383 0.503137469291687
215 1.6988402605056763 8.22385464801812 3.7915358543395996 2.5549821853637695 0.41415634751319885 1.4827600989393555 1.4753798246383667 0.49878349900245667
216 1.705164909362793 8.237382848241383 3.7884318828582764 2.555812358856201 0.41617125272750854 1.4916343831678829 1.4717787504196167 0.5024060606956482
217 1.7057509422302246 8.25779316844984 3.786027193069458 2.5551602840423584 0.41792455315589905 1.4987519751507545 1.4709033966064453 0.5014969706535339
218 1.7022075653076172 8.250879513317939 3.784282922744751 2.5555458068847656 0.4124380946159363 1.4934420688615078 1.469881534576416 0.49534326791763306
219 1.7099076509475708 8.230160677179413 3.785738706588745 2.5538930892944336 0.41946831345558167 1.4922427358371984 1.4770296812057495 0.5112508535385132
220 1.708583950996399 8.228886567944581 3.7854137420654297 2.559401035308838 0.41872236132621765 1.4916756923967207 1.3981815576553345 0.4932468831539154
221 1.7096470594406128 8.21108237768955 3.786607503890991 2.5648913383483887 0.42436203360557556 1.4773496195631382 1.3935986757278442 0.48553940653800964
222 1.7109134197235107 8.213320462866609 3.7865548133850098 2.5655014514923096 0.4236351549625397 1.4804473763976613 1.40611732006073 0.48564499616622925
223 1.7124006748199463 8.213567247402576 3.784428358078003 2.566185712814331 0.42488566040992737 1.4831413803497628 1.410964846611023 0.4862169325351715
224 1.711344838142395 8.210772896588054 3.7831921577453613 2.565807580947876 0.4223046898841858 1.48063074380292 1.4108556509017944 0.48446351289749146
225 1.7106986045837402 8.209939942011586 3.783399820327759 2.5655646324157715 0.4231793284416199 1.483129725763349 1.4086066484451294 0.4882620871067047
226 1.709656000137329 8.353144230630054 3.793565273284912 2.5715439319610596 0.39998263120651245 1.564219133329752 1.4041868448257446 0.4597233533859253
227 1.712337613105774 8.341826799622357 3.7930445671081543 2.5721304416656494 0.40575653314590454 1.4617157500116857 1.400841474533081 0.47367870807647705
228 1.7121670246124268 8.32971898487628 3.795071840286255 2.5743560791015625 0.40010741353034973 1.5645323287793582 1.4070014953613281 0.46720606088638306
229 1.7205660343170166 8.331137920595935 3.7985177040100098 2.5759124755859375 0.42232558131217957 1.5484350721604068 1.4189649820327759 0.48522302508354187
230 1.721030831336975 8.33791255470857 3.800408363342285 2.5750343799591064 0.4245623052120209 1.562285692643776 1.4257564544677734 0.48669978976249695
231 1.7269128561019897 8.27308617950466 3.8015074729919434 2.5721609592437744 0.43978846073150635 1.4704782395358005 1.417224407196045 0.49421095848083496
232 1.727063775062561 8.276465842467116 3.802349328994751 2.570741653442383 0.4360184073448181 1.3829353872442687 1.414068579673767 0.47093847393989563
233 1.7260068655014038 8.288741053829558 3.7973854541778564 2.5598340034484863 0.43219679594039917 1.3642775291482823 1.4095124006271362 0.5083208680152893
234 1.7261567115783691 8.306780127228892 3.7970683574676514 2.559459924697876 0.4333379864692688 1.4568798549278414 1.415486454963684 0.5144022703170776
235 1.7064828872680664 8.303085299384776 3.7990024089813232 2.5545647144317627 0.4238627851009369 1.4470809820495945 1.4060471057891846 0.48977169394493103
236 1.7067030668258667 8.303861996310951 3.7987799644470215 2.554624319076538 0.42255833745002747 1.4494101094331246 1.399500846862793 0.49046340584754944
237 1.7083512544631958 8.31820081168552 3.8025431632995605 2.554575204849243 0.42976003885269165 1.4604309960097868 1.403720498085022 0.49196916818618774
238 1.7083512544631958 8.31820081168552 3.8025431632995605 2.554575204849243 0.42976003885269165 1.4604309960097868 1.403720498085022 0.49196916818618774
239 1.7085649967193604 8.315954044496781 3.802335262298584 2.549182176589966 0.4333849251270294 1.4643994798094497 1.4023865461349487 0.505574107170105
240 1.7093168497085571 8.308494032768238 3.802199125289917 2.548964738845825 0.4342776834964752 1.4709789909893756 1.403407096862793 0.5084179639816284
241 1.7078807353973389 8.142958020191807 3.8074467182159424 2.5494015216827393 0.4326823353767395 1.3042858680248233 1.4176979064941406 0.5067220330238342
242 1.7079660892486572 8.3252024016578 3.801783800125122 2.549370050430298 0.43254226446151733 1.6242140459511185 1.4167256355285645 0.5068992376327515
243 1.731791615486145 8.072205015399916 3.8038127422332764 2.547435760498047 0.4557226598262787 1.2777637296956261 1.405916452407837 0.5684837102890015
244 1.699643850326538 8.434609867975235 3.798053741455078 2.553192138671875 0.4181441068649292 1.8906690155029466 1.4366672039031982 0.5017510652542114
245 1.7061445713043213 8.074499421097029 3.799415349960327 2.554137706756592 0.40618273615837097 1.324211873290608 1.371313452720642 0.5030240416526794
246 1.7157145738601685 8.036824034983553 3.795642852783203 2.554117441177368 0.40593627095222473 1.2761135728064783 1.3652076721191406 0.5311951041221619
247 1.7135767936706543 8.245833371352377 3.7954485416412354 2.5537354946136475 0.40623947978019714 1.5100229544907504 1.380894422531128 0.5265693068504333
248 1.7076456546783447 8.090102774170676 3.790005683898926 2.5630342960357666 0.4058515429496765 1.3175245091069658 1.3739819526672363 0.5136920809745789
249 1.7082921266555786 8.087418635433538 3.789003372192383 2.563265562057495 0.4043966829776764 1.3173609603408438 1.380915641784668 0.5117805600166321
250 1.7075010538101196 8.095982173566648 3.7884414196014404 2.5628631114959717 0.4043511152267456 1.319353994634092 1.3809113502502441 0.5133607983589172
251 1.724374532699585 8.191625167424515 3.7909140586853027 2.5576207637786865 0.43412354588508606 1.34259200418607 1.3911058902740479 0.5551385283470154
252 1.7212457656860352 8.194500937285161 3.788356065750122 2.5581586360931396 0.4393950402736664 1.3360081067219667 1.4038437604904175 0.5553749799728394
253 1.719870924949646 8.210724558441083 3.7946650981903076 2.5591044425964355 0.42892733216285706 1.5069431870754642 1.4179706573486328 0.5279800891876221
254 1.7035216093063354 8.242304962794087 3.7946765422821045 2.561575174331665 0.40112146735191345 1.5241012997032688 1.408853530883789 0.49026042222976685
255 1.7015109062194824 8.209934515395586 3.798534631729126 2.562940835952759 0.39552268385887146 1.4939029784675661 1.404737114906311 0.46031931042671204
256 1.7049235105514526 8.201377315557941 3.7971293926239014 2.5616295337677 0.39850229024887085 1.5217352554275858 1.4096648693084717 0.46623313426971436
257 1.7149088382720947 8.247465711969445 3.809687376022339 2.568612813949585 0.39300060272216797 1.5233543867540675 1.3909176588058472 0.45171812176704407
258 1.7154642343521118 8.244806947559228 3.810736894607544 2.569326162338257 0.39711618423461914 1.5249401736285269 1.3987573385238647 0.45433610677719116
259 1.717978596687317 8.228416004042794 3.8101422786712646 2.5695059299468994 0.3994660973548889 1.501578601634025 1.397323727607727 0.4556524455547333
260 1.7145129442214966 8.079388706956324 3.8046317100524902 2.571152687072754 0.3846214711666107 1.241946773656459 1.359162449836731 0.451571524143219
261 1.7222111225128174 8.243792803748565 3.8047661781311035 2.5735831260681152 0.3858506977558136 2.0570598572044894 1.4344936609268188 0.4631803035736084
262 1.721971035003662 8.253380000581133 3.804989814758301 2.57366943359375 0.38571587204933167 2.053530546273375 1.4340626001358032 0.46103519201278687
263 1.7462749481201172 8.294118144767248 3.8201069831848145 2.567307233810425 0.4089987576007843 2.079447842224969 1.4466125965118408 0.4922619163990021
264 1.7472130060195923 8.293573439935015 3.8199846744537354 2.5674118995666504 0.4139603078365326 2.0810419780908305 1.462527871131897 0.4942494034767151
265 1.7353261709213257 8.289376423602642 3.8196728229522705 2.5687272548675537 0.4019985795021057 2.074018859635288 1.457316517829895 0.466660737991333
266 1.735419511795044 8.290350842313684 3.8201935291290283 2.5690858364105225 0.40002405643463135 2.074453435214498 1.4580107927322388 0.46653512120246887
267 1.7362306118011475 8.271350861151273 3.817289352416992 2.5700414180755615 0.4032061994075775 2.066560378468156 1.4446371793746948 0.4783672094345093
268 1.734793782234192 8.258704534823051 3.814894199371338 2.5689234733581543 0.3957359492778778 2.0657784045878396 1.4426157474517822 0.4792119562625885
269 1.7304211854934692 8.368015086659844 3.8138363361358643 2.569638252258301 0.3883448541164398 2.0779420223075453 1.4422131776809692 0.47314462065696716
270 1.730594515800476 8.365287106950154 3.814234972000122 2.5697171688079834 0.38898730278015137 2.0800432103763997 1.4411295652389526 0.47333887219429016
271 1.7304208278656006 8.364337354779185 3.813852548599243 2.5695574283599854 0.38919514417648315 2.080813553361259 1.441236972808838 0.4734879732131958
272 1.7268152236938477 8.369346081458133 3.814028739929199 2.5697596073150635 0.3869888186454773 2.0878521232807317 1.4427684545516968 0.46510785818099976
273 1.7277376651763916 8.368991124004559 3.814035654067993 2.5700109004974365 0.3880082368850708 2.084142820782007 1.427103877067566 0.4647936522960663
274 1.7277376651763916 8.370143852758085 3.8125782012939453 2.5700109004974365 0.3880082368850708 2.0829698865887765 1.427527904510498 0.4647936522960663
275 1.7115062475204468 8.40535305637073 3.7811121940612793 2.5701630115509033 0.36800137162208557 2.117780272149317 1.4121617078781128 0.45544061064720154
276 1.7115243673324585 8.457445469694692 3.7808732986450195 2.570378541946411 0.36783599853515625 2.0407804261961693 1.4079020023345947 0.4613885283470154
277 1.7194814682006836 8.30890007654952 3.7783899307250977 2.5653586387634277 0.40005767345428467 1.5214441682892519 1.3753641843795776 0.48100611567497253
278 1.7196545600891113 8.310516421811833 3.7779290676116943 2.5650429725646973 0.4006422162055969 1.5207893170781375 1.3680227994918823 0.479087769985199
279 1.7195770740509033 8.313857922375911 3.780327796936035 2.5638086795806885 0.392453134059906 1.5254011796684446 1.3855149745941162 0.4782380163669586
280 1.7185178995132446 8.066597246314618 3.7779929637908936 2.5644237995147705 0.39584189653396606 1.3371305832394884 1.370055079460144 0.4790172874927521
281 1.7185178995132446 8.075203237194145 3.7779929637908936 2.5644237995147705 0.39584189653396606 1.3301600115565024 1.358688473701477 0.4790172874927521
282 1.7045615911483765 8.067674045598302 3.77703595161438 2.5625016689300537 0.38595259189605713 1.3139430987134204 1.4345526695251465 0.4560387134552002
283 1.7045011520385742 8.064714115605643 3.776923179626465 2.5624732971191406 0.3854190409183502 1.3154456565929091 1.4229873418807983 0.4561539590358734
284 1.7055444717407227 8.071617602333943 3.7768003940582275 2.5624845027923584 0.3857249915599823 1.3104370519997433 1.422351598739624 0.4567020535469055
285 1.704716682434082 8.08421071357561 3.7786924839019775 2.5622336864471436 0.39242270588874817 1.2996321091519674 1.4380680322647095 0.456897109746933
286 1.7050977945327759 8.118818003727243 3.778870105743408 2.5621414184570313 0.3941863775253296 1.346573414029065 1.440956711769104 0.45753321051597595
287 1.7022761106491089 8.122027291640151 3.7775139808654785 2.5615086555480957 0.3889276385307312 1.3626798597450072 1.439729928970337 0.45066699385643005
288 1.7012642621994019 8.147564860870501 3.782249927520752 2.5590221881866455 0.3977523148059845 1.2341900454612718 1.4332835674285889 0.4518965184688568
289 1.7069724798202515 8.152518372524264 3.7891855239868164 2.560070753097534 0.3990201950073242 1.283353444635559 1.4357166290283203 0.45209547877311707
290 1.7048925161361694 8.271657564475 3.7894439697265625 2.5603950023651123 0.3977760076522827 1.2947351433243135 1.4390015602111816 0.4540547728538513
291 1.710423469543457 8.247987650531472 3.782867908477783 2.5536725521087646 0.43407779932022095 1.3737845236725765 1.4693962335586548 0.47972777485847473
292 1.7077476978302002 8.252015630653464 3.774207592010498 2.5538437366485596 0.4371556043624878 1.3780505513087522 1.4910557270050049 0.47847360372543335
293 1.7070399522781372 8.251404037787479 3.7765603065490723 2.5539894104003906 0.4412447512149811 1.4558113301635 1.5197057723999023 0.4792962372303009
294 1.7232835292816162 8.2540801414847 3.775402545928955 2.5504157543182373 0.4546242952346802 1.4793327890487653 1.525166630744934 0.5137777328491211
295 1.7232290506362915 8.256674193301746 3.7751834392547607 2.5498969554901123 0.45586687326431274 1.4751847860637015 1.53152334690094 0.5149993896484375
296 1.7123609781265259 8.212625982993487 3.76552414894104 2.4612197875976563 0.43735548853874207 1.4137559970939657 1.565146803855896 0.8518986105918884
297 1.7123609781265259 8.212625982993487 3.7654101848602295 2.461275339126587 0.43735548853874207 1.4137559970939657 1.5518271923065186 0.8525965809822083
298 1.711059808731079 8.363580665298596 3.760788917541504 2.460785388946533 0.44119101762771606 1.589193919006952 1.5281198024749756 0.8534249067306519
299 1.70673668384552 8.0850054275834 3.7470033168792725 2.4572229385375977 0.43715935945510864 1.2554887910396353 1.4996545314788818 0.8554263710975647
300 1.7066447734832764 8.084768569029016 3.7491700649261475 2.5467019081115723 0.4332582652568817 1.2503155248390232 1.4741400480270386 0.49722227454185486
301 1.7115380764007568 8.085370141424429 3.7529711723327637 2.546412706375122 0.43403497338294983 1.2496625123638494 1.4732407331466675 0.5017905831336975
302 1.7210224866867065 8.338587162384604 3.775738000869751 2.544483184814453 0.4428870975971222 1.4732012591675525 1.4856443405151367 0.5142181515693665
303 1.7208479642868042 8.095455926073145 3.7762632369995117 2.544851064682007 0.44303804636001587 1.3146165417321058 1.455230712890625 0.5131294131278992
304 1.7139698266983032 8.100952874474096 3.7757909297943115 2.5463571548461914 0.4350658357143402 1.3349328689103515 1.4517508745193481 0.498110294342041
305 1.7143223285675049 8.104357139079806 3.7750229835510254 2.5467681884765625 0.43060019612312317 1.338139622419163 1.4505993127822876 0.4930174648761749
306 1.714269757270813 8.10387499331608 3.7743959426879883 2.546643018722534 0.42787906527519226 1.3378656470913102 1.4692529439926147 0.4938173294067383
307 1.7005597352981567 8.0568578231048 3.7764766216278076 2.5522687435150146 0.4150915741920471 1.3703031587083965 1.4636701345443726 0.4549364447593689
308 1.7006094455718994 8.060321725729613 3.7778477668762207 2.5514447689056396 0.4110848903656006 1.3662076940817656 1.4677708148956299 0.45758888125419617
309 1.6972393989562988 8.079049229365086 3.769399881362915 2.5531373023986816 0.40920063853263855 1.8511907950352635 1.5093977451324463 0.45234477519989014
310 1.697366714477539 8.27638769227176 3.7697551250457764 2.4707956314086914 0.4092654287815094 1.965182651421664 1.5305759906768799 0.8202803134918213
311 1.6954809427261353 8.329029899255646 3.7695388793945313 2.47127366065979 0.3993777334690094 1.9132980715163106 1.4830172061920166 0.8177229762077332
312 1.692777156829834 8.329131237078588 3.7693402767181396 2.4713778495788574 0.39926186203956604 1.9131397900241711 1.4849101305007935 0.8156211972236633
313 1.6870440244674683 8.363988829839888 3.7741506099700928 2.470362663269043 0.40061119198799133 1.9370132944907328 1.4466317892074585 0.8124462962150574
314 1.6936315298080444 8.358878668339562 3.7783262729644775 2.474269151687622 0.3936651945114136 1.9422757402283592 1.4428714513778687 0.809860110282898
315 1.6971241235733032 8.42428161976025 3.772113561630249 2.4703216552734375 0.400949627161026 1.9821929063614463 1.4468766450881958 0.8194570541381836
316 1.696757435798645 8.428075076211062 3.7723093032836914 2.470585346221924 0.40034061670303345 1.9847569811830241 1.4468339681625366 0.8184770941734314
317 1.6740546226501465 8.405143508693786 3.763723611831665 2.477459192276001 0.3808894157409668 1.953941559935743 1.441725254058838 0.7979587316513062
318 1.6726082563400269 8.406964412405575 3.7647483348846436 2.4791252613067627 0.3747328221797943 1.958104005219494 1.4398746490478516 0.795836865901947
319 1.6726082563400269 8.357090061704431 3.7647483348846436 2.4791252613067627 0.3747328221797943 1.9526482505026201 1.4618958234786987 0.795836865901947
320 1.6729930639266968 8.287270005050308 3.764796733856201 2.4793403148651123 0.3763607442378998 1.9564278970111857 1.460808515548706 0.796197772026062
321 1.674755334854126 8.285195303492873 3.7647268772125244 2.4813392162323 0.37840497493743896 1.9578839971599573 1.4723670482635498 0.7943820357322693
322 1.6800954341888428 8.282060804290357 3.7629940509796143 2.4761221408843994 0.39333438873291016 1.9717815172046638 1.4682971239089966 0.8109710812568665
323 1.680182695388794 8.305108358219396 3.768517017364502 2.4754409790039063 0.39593052864074707 2.021224267568467 1.4977812767028809 0.8116573095321655
324 1.6784125566482544 8.351131336139925 3.7683939933776855 2.47571063041687 0.3996759355068207 1.9654323160738187 1.4947863817214966 0.8110235929489136
325 1.6830567121505737 8.34050567544729 3.7711057662963867 2.4769153594970703 0.39874646067619324 1.9622812878069713 1.4900399446487427 0.8107365369796753
326 1.6832671165466309 8.339884578053255 3.771836996078491 2.476912021636963 0.39799535274505615 1.9675562312703971 1.4712634086608887 0.8107795715332031
327 1.6925476789474487 8.304816009408608 3.765704870223999 2.4769716262817383 0.412350594997406 1.9452512545122307 1.4704747200012207 0.8146530389785767
328 1.7220441102981567 8.249465621382708 3.763300657272339 2.473015069961548 0.4188592731952667 1.9675156575639736 1.4634222984313965 0.846132218837738
329 1.722784161567688 8.053263254057175 3.765475034713745 2.472919464111328 0.41847822070121765 1.8119241261707766 1.451026201248169 0.8464506268501282
330 1.7320537567138672 8.234712806920076 3.762512683868408 2.4725077152252197 0.42736107110977173 1.9496114292533513 1.4860920906066895 0.850518524646759
331 1.7320564985275269 8.213763997508886 3.7615373134613037 2.4729695320129395 0.4374726712703705 1.9511588034767173 1.4703214168548584 0.8510475158691406
332 1.7320564985275269 8.213763997508886 3.7605643272399902 2.4726767539978027 0.4374726712703705 1.9511588034767173 1.4568567276000977 0.8471698760986328
333 1.726906180381775 8.208861519583397 3.762254476547241 2.4734058380126953 0.42568278312683105 1.9536511400675096 1.44961416721344 0.8406373858451843
334 1.7266933917999268 8.211517870868665 3.7642157077789307 2.4735279083251953 0.4233707785606384 1.9537571940314098 1.451137661933899 0.8401033878326416
335 1.734154462814331 8.201659681741724 3.7659082412719727 2.469496965408325 0.4475457966327667 1.9327662116909756 1.4608783721923828 0.8531109690666199
336 1.7347004413604736 8.201516349455948 3.7666640281677246 2.469496250152588 0.45027217268943787 1.9319276729008779 1.4722024202346802 0.8535236716270447
337 1.721609115600586 8.224614998833646 3.7693123817443848 2.46950626373291 0.44273245334625244 1.9083901927018716 1.4674288034439087 0.8422229290008545
338 1.7213553190231323 8.224916784497609 3.769317388534546 2.469714641571045 0.44221264123916626 1.9088100903895344 1.539101243019104 0.8418113589286804
339 1.712287425994873 8.237357775081726 3.7683606147766113 2.4709441661834717 0.4330911934375763 1.9148365423202547 1.5330264568328857 0.8341723680496216
340 1.7108964920043945 8.236206352367002 3.7634315490722656 2.4713873863220215 0.4353153705596924 1.9053601393456394 1.5376447439193726 0.8332211375236511
341 1.7035001516342163 8.254142391678219 3.7663462162017822 2.474039077758789 0.44125857949256897 1.9334044398774266 1.5478347539901733 0.823050856590271
342 1.7210371494293213 7.942326310060711 3.7656102180480957 2.4668965339660645 0.45980942249298096 1.8564560120561675 1.549166202545166 0.8547136783599854
343 1.7162905931472778 7.885754519454191 3.7652149200439453 2.466817855834961 0.47066789865493774 1.9433628775920024 1.57707941532135 0.8574880361557007
344 1.714935302734375 7.887298488624819 3.761704444885254 2.4672720432281494 0.4741304814815521 1.940365545135148 1.584108591079712 0.8562617897987366
345 1.7115792036056519 7.891068292325673 3.7610602378845215 2.4676826000213623 0.461129367351532 1.9248177800926314 1.5727025270462036 0.8498733043670654
346 1.7096024751663208 7.942912079434716 3.7618446350097656 2.4678843021392822 0.45836731791496277 2.034440465587945 1.6282023191452026 0.8485372066497803
347 1.7120847702026367 7.9433836772302655 3.7624263763427734 2.468987226486206 0.4514494836330414 2.035542173575113 1.6251527070999146 0.8484182953834534
348 1.7118005752563477 7.694081731305868 3.762571096420288 2.469160795211792 0.45116811990737915 2.0229751644798704 1.624006748199463 0.848081648349762
349 1.7104929685592651 7.8889685889781855 3.7626521587371826 2.4694929122924805 0.44949308037757874 1.8859786037602861 1.610276222229004 0.8462172746658325
350 1.711601972579956 7.852996015258203 3.763211965560913 2.4698991775512695 0.448795348405838 1.9108338931845954 1.6184548139572144 0.8451338410377502
351 1.711601972579956 7.859870138020168 3.763211965560913 2.4698991775512695 0.448795348405838 1.8991194267193223 1.6174267530441284 0.8451338410377502
352 1.709968090057373 7.893867121715246 3.763972043991089 2.4691052436828613 0.44576990604400635 1.8277666888513628 1.612133264541626 0.8455095291137695
353 1.7100404500961304 7.988060460629357 3.764050245285034 2.469879388809204 0.44465187191963196 1.9171333025118178 1.622538447380066 0.842946469783783
354 1.7057185173034668 7.998023641355501 3.7568113803863525 2.4697604179382324 0.4489881098270416 1.9071027639757927 1.631555199623108 0.8428443074226379
355 1.7026095390319824 7.99804095063245 3.756143808364868 2.4678452014923096 0.4426940679550171 1.905918774891231 1.6217267513275146 0.8426110148429871
356 1.7014596462249756 7.998152036022499 3.755133867263794 2.4705801010131836 0.4380997121334076 1.9583184842919223 1.6118698120117188 0.8407865166664124
357 1.7014596462249756 7.566350954018077 3.755133867263794 2.4705801010131836 0.4380997121334076 1.9481719682736576 1.5233105421066284 0.8407865166664124
358 1.6979320049285889 7.575516464473456 3.754732370376587 2.471027374267578 0.43368959426879883 1.9461014831571446 1.457618236541748 0.8371427059173584
359 1.6975609064102173 7.894846369375246 3.7547013759613037 2.4735043048858643 0.4349514842033386 1.9232004920722592 1.5384182929992676 0.8326696753501892
360 1.6979376077651978 7.892809188097984 3.754305601119995 2.4727747440338135 0.43532127141952515 1.9227616356625128 1.603994369506836 0.8356358408927917
361 1.7035819292068481 8.115835562029462 3.7613754272460938 2.469621419906616 0.44057607650756836 1.826578089777301 1.5952914953231812 0.839584231376648
362 1.7037285566329956 8.26650603457238 3.7613720893859863 2.4696099758148193 0.4408937394618988 1.9595457224134183 1.607068657875061 0.8396428823471069
363 1.7028535604476929 8.256913166380185 3.7623541355133057 2.468764543533325 0.4439157247543335 1.970935965022378 1.6186373233795166 0.8404911160469055
364 1.7074649333953857 8.127330335896527 3.7688591480255127 2.534316301345825 0.4529423713684082 1.8750669340540813 1.6340718269348145 1.016625165939331
365 1.7081918716430664 8.127433285648033 3.768888473510742 2.5335934162139893 0.4555208683013916 1.8736295076120573 1.5933932065963745 1.016474723815918
366 1.7073036432266235 8.071393141500504 3.7689738273620605 2.533602714538574 0.4548872113227844 1.3937858892726274 1.5539145469665527 1.0165021419525146
367 1.7055332660675049 8.072423470683878 3.767134428024292 2.610002279281616 0.45612967014312744 1.3946589429282779 1.543689489364624 0.7625863552093506
368 1.705548882484436 8.056952502774875 3.7681868076324463 2.610910654067993 0.4550749957561493 1.3950130531285505 1.5430269241333008 0.7636798620223999
369 1.7042075395584106 7.743194418064473 3.768113374710083 2.6102094650268555 0.45449578762054443 1.8678362832128392 1.5752149820327759 0.7648751735687256
370 1.6810773611068726 7.786484039472363 3.7550718784332275 2.617764711380005 0.4191739559173584 1.8830083320889768 1.5616719722747803 0.7354081869125366
371 1.6812677383422852 7.791043239226262 3.7500357627868652 2.6167004108428955 0.41213464736938477 1.9199917740372712 1.574288010597229 0.7320636510848999
372 1.6943764686584473 7.526236510614952 3.7608132362365723 2.616063117980957 0.431823194026947 2.086100582506859 1.5908586978912354 0.7429339289665222
373 1.693802833557129 7.655563485684521 3.7605388164520264 2.616745948791504 0.4298017919063568 1.9513875899626456 1.5837751626968384 0.7420060038566589
374 1.7074215412139893 8.172386960996104 3.7592809200286865 2.6148765087127686 0.4538946747779846 1.920180077061922 1.5699130296707153 0.7512030601501465
375 1.7072563171386719 8.132479665769583 3.7562198638916016 2.614898204803467 0.45624852180480957 1.9125524429455525 1.5736188888549805 0.7508563995361328
376 1.7080944776535034 8.130534249422928 3.7581169605255127 2.6147587299346924 0.4591601490974426 1.911649220950944 1.5760643482208252 0.751369833946228
377 1.7098112106323242 7.973346122407633 3.7643942832946777 2.61472749710083 0.4543677568435669 2.004213509293337 1.5803954601287842 0.7495517730712891
378 1.6913245916366577 7.959956725894787 3.7553982734680176 2.616833448410034 0.4287680387496948 1.835660076206 1.5830520391464233 0.7282398343086243
379 1.6951905488967896 7.948287091978445 3.7649855613708496 2.618445634841919 0.4454517364501953 1.8422336012054934 1.638735055923462 0.7253072261810303
380 1.6996737718582153 7.947851810097291 3.7664496898651123 2.6168816089630127 0.451074481010437 1.8347181730516102 1.6442734003067017 0.7329438924789429
381 1.6996314525604248 7.947760465336464 3.7665719985961914 2.616870641708374 0.4517674446105957 1.8351481848386038 1.6451226472854614 0.7326202392578125
382 1.6978847980499268 7.830188260707275 3.774684429168701 2.6196072101593018 0.4535388648509979 2.0101305510000653 1.6656513214111328 0.7409554123878479
383 1.705130934715271 8.044976017979014 3.776901960372925 2.6202518939971924 0.45938655734062195 1.915124415610829 1.6604498624801636 0.7437792420387268
384 1.7105350494384766 8.16172961325477 3.781907320022583 2.619612216949463 0.46688351035118103 2.012812720848739 1.6761723756790161 0.7558189034461975
385 1.7148007154464722 7.903221716891226 3.783334255218506 2.6190340518951416 0.4874493181705475 2.018709891800148 1.7078169584274292 0.7588299512863159
386 1.7094875574111938 7.883560162626343 3.786156415939331 2.618645191192627 0.48580801486968994 2.029087728367317 1.702193021774292 0.7537428736686707
387 1.708778738975525 8.049731406150011 3.7849740982055664 2.6189754009246826 0.4868168234825134 2.0057805696552444 1.6976712942123413 0.7537943124771118
388 1.708778738975525 8.047005068704921 3.7851881980895996 2.6188859939575195 0.4868168234825134 2.0996683741525244 1.7039486169815063 0.7544184923171997
389 1.7104380130767822 8.052094361405219 3.7845613956451416 2.618290662765503 0.48205670714378357 2.0975731561416513 1.696730375289917 0.7599084973335266
390 1.7074223756790161 8.099160025333077 3.7834343910217285 2.617934465408325 0.48326292634010315 2.1291741302992806 1.701097011566162 0.7552086114883423
391 1.711747646331787 7.70247227602654 3.7863526344299316 2.6168391704559326 0.4805260896682739 1.8888205171273604 1.6846715211868286 0.7522315382957458
392 1.7201597690582275 7.698573758339038 3.7882091999053955 2.6162519454956055 0.49085286259651184 1.9005947277017938 1.6953248977661133 0.7636657953262329
393 1.7196617126464844 7.694517291091153 3.785618543624878 2.6105566024780273 0.4978325366973877 1.8932445927397414 1.6841543912887573 0.766796350479126
394 1.723479986190796 7.738479584746852 3.7883570194244385 2.612255573272705 0.5087054967880249 2.108654024824547 1.7080566883087158 0.7710207104682922
395 1.7157460451126099 7.654993799244265 3.7904858589172363 2.6141788959503174 0.4910115897655487 2.0370415381122764 1.7021445035934448 0.7594525218009949
396 1.724105954170227 8.082753347522948 3.7979371547698975 2.614678382873535 0.500254213809967 2.084172408584433 1.6916967630386353 0.7640659809112549
397 1.747865080833435 8.009197240211865 3.7962541580200195 2.61765456199646 0.5138031840324402 2.125378230164028 1.7039837837219238 0.7794963121414185
398 1.7497450113296509 8.012232613807681 3.7985801696777344 2.6198925971984863 0.5179325342178345 2.1147784777760577 1.6622768640518188 0.7728700041770935
399 1.7395539283752441 8.017788092434543 3.799504518508911 2.618242025375366 0.5157873034477234 2.1247379928442 1.672324299812317 0.769538164138794
400 1.7378231287002563 8.066137653329594 3.798572301864624 2.6229209899902344 0.5120235681533813 2.1584396464779325 1.6729921102523804 0.745326817035675
