init 1.141810655593872 10.575583889133913 3.3424439430236816 4.636297702789307 0.0 0.0 0.0 0.0
1 1.1642297506332397 10.924347038095668 3.3350143432617188 4.683992862701416 0.23674388229846954 4.015780808552169 1.3259111642837524 0.39664626121520996
2 1.227319359779358 10.790500271509373 3.3094260692596436 4.743356704711914 0.4157727062702179 4.12907333221439 1.4632307291030884 0.6403824687004089
3 1.241868495941162 10.927748141162652 3.3208248615264893 4.788332462310791 0.4144003987312317 4.176732011652473 1.47152841091156 0.7119243741035461
4 1.2298380136489868 10.892091918201343 3.319786310195923 4.758543014526367 0.40459299087524414 4.1979558586294035 1.4701014757156372 0.6967818737030029
5 1.2293950319290161 10.886294869721572 3.3190696239471436 4.7492265701293945 0.4159819483757019 4.3504526534065375 1.5191936492919922 0.7044649720191956
6 1.219129204750061 10.874757305211293 3.318519353866577 4.74293851852417 0.40732720494270325 4.346080487771899 1.5149697065353394 0.7162550687789917
7 1.2197282314300537 10.846122712081891 3.3178954124450684 4.740193843841553 0.4015709161758423 4.399423674911857 1.5355724096298218 0.7129077315330505
8 1.2253373861312866 10.832929483415143 3.3266029357910156 4.755149841308594 0.3809780776500702 4.413747576281884 1.5568358898162842 0.6932737231254578
9 1.2293965816497803 10.872287687380974 3.331116199493408 4.765025615692139 0.39660266041755676 4.42633412045629 1.5853358507156372 0.7133855819702148
10 1.2316737174987793 10.870974757226678 3.331014633178711 4.770146369934082 0.39574718475341797 4.259878851309451 1.5304747819900513 0.7115228772163391
11 1.2335264682769775 10.872562377607837 3.333142042160034 4.768277645111084 0.3943009376525879 4.258448309134068 1.531009554862976 0.7071163654327393
12 1.2333661317825317 10.929803231551707 3.335289478302002 4.76858377456665 0.3943117558956146 4.217044321841715 1.5214252471923828 0.7081218361854553
13 1.244383454322815 10.896365739948232 3.3410513401031494 4.780187129974365 0.4055148661136627 4.058689372314491 1.4809397459030151 0.7022523283958435
14 1.2517433166503906 10.937188904354775 3.349121570587158 4.787173748016357 0.4985966384410858 4.104338788552039 1.5313371419906616 0.845609724521637
15 1.2558070421218872 11.013092383899695 3.369184732437134 4.802017688751221 0.5063626170158386 4.0931360370628225 1.5678766965866089 0.844733476638794
16 1.2585632801055908 11.002318684594767 3.376283884048462 4.8019185066223145 0.5111938118934631 4.207874284455137 1.6083670854568481 0.8456735014915466
17 1.2585632801055908 10.876197806286486 3.376283884048462 4.8019185066223145 0.5111938118934631 4.20639015398101 1.6079692840576172 0.8456735014915466
18 1.2434768676757813 10.879976892832838 3.3739521503448486 4.795269966125488 0.47420287132263184 4.183943424736539 1.597964882850647 0.802327573299408
19 1.2395241260528564 10.960699806057734 3.377469301223755 4.792180061340332 0.4659211039543152 4.108292297136047 1.5836313962936401 0.7919144630432129
20 1.223831057548523 10.973374349742592 3.371918201446533 4.773806095123291 0.4510737359523773 4.1053969974703595 1.5749589204788208 0.7565593123435974
21 1.225307583808899 11.042221174073935 3.3613948822021484 4.783041954040527 0.4185681939125061 4.085520282021835 1.543041467666626 0.7389857769012451
22 1.2206814289093018 11.097268178111154 3.362600564956665 4.779806137084961 0.4286085069179535 3.960092777948541 1.520080804824829 0.7637485861778259
23 1.2145369052886963 11.0775968445105 3.362565517425537 4.766829013824463 0.42566975951194763 4.0577985027559835 1.546413779258728 0.7544000744819641
24 1.2164946794509888 11.074502435909801 3.3584091663360596 4.753530502319336 0.3921789526939392 4.017976149141035 1.5320185422897339 0.7648114562034607
25 1.2075854539871216 10.962251251699728 3.3545634746551514 4.744298934936523 0.3644609749317169 4.4507030879482725 1.6321276426315308 0.7391601204872131
26 1.2088580131530762 10.962767889181803 3.354604482650757 4.746083736419678 0.36611810326576233 4.467257860260434 1.633734941482544 0.7367386817932129
27 1.2104243040084839 10.933025604103081 3.3599705696105957 4.74833869934082 0.37053945660591125 4.466277670196484 1.6639031171798706 0.7428234815597534
28 1.2238205671310425 10.912440351046051 3.3597254753112793 4.761075019836426 0.3809691071510315 4.479828985400581 1.6627326011657715 0.7562395930290222
29 1.235066533088684 10.940958176311051 3.359323501586914 4.771296977996826 0.37470129132270813 4.4725985788123905 1.6519964933395386 0.7462480068206787
30 1.234950065612793 10.952585202923956 3.356344223022461 4.803109169006348 0.374434232711792 4.458745529209503 1.6570446491241455 0.9115203619003296
31 1.2371217012405396 10.949682304282671 3.3558237552642822 4.800495147705078 0.3792957663536072 4.455144754953491 1.6528161764144897 0.910420298576355
32 1.2410200834274292 10.949947136319372 3.357299566268921 4.807329177856445 0.3837333619594574 4.454412128203827 1.6537132263183594 0.919562578201294
33 1.2418876886367798 10.950460984867558 3.361478805541992 4.808290958404541 0.3865695893764496 4.455706519372929 1.6714742183685303 0.9201613664627075
34 1.2243688106536865 10.987791016260118 3.349320650100708 4.757238864898682 0.3453497588634491 4.470155086466865 1.6414177417755127 0.7086306214332581
35 1.2229883670806885 10.981347705472317 3.3492164611816406 4.759092330932617 0.3412160277366638 4.476907983239211 1.6438651084899902 0.7096289992332458
36 1.204896092414856 11.067785499563145 3.3464698791503906 4.730091571807861 0.277399480342865 4.393208914259683 1.6041152477264404 0.6139187216758728
37 1.203843355178833 11.06799003890508 3.3457376956939697 4.7266716957092285 0.2772658169269562 4.393381192614642 1.5987646579742432 0.6136307120323181
38 1.204940915107727 11.041382375422078 3.345778465270996 4.727636814117432 0.2780593931674957 4.424710172437693 1.5921423435211182 0.614561915397644
39 1.196458101272583 10.949679348593833 3.347611665725708 4.7273173332214355 0.2720487117767334 4.437363419782151 1.5970346927642822 0.6098864674568176
40 1.1907718181610107 10.935626948959674 3.374831199645996 4.719240665435791 0.2773708999156952 4.441460768207459 1.6845424175262451 0.617606520652771
41 1.190580129623413 10.954551192744761 3.373417854309082 4.72011137008667 0.28132906556129456 4.4883944489125005 1.7004953622817993 0.610841691493988
42 1.182625651359558 10.938892781710026 3.3753180503845215 4.694664001464844 0.2792811393737793 4.484497392069645 1.6954063177108765 0.5994725823402405
43 1.1883862018585205 10.935422327795779 3.3798115253448486 4.69011926651001 0.2975766658782959 4.480188061933828 1.6968715190887451 0.6016529202461243
44 1.1852151155471802 10.9537229480334 3.377167224884033 4.677374839782715 0.2928285002708435 4.482728756381138 1.6976279020309448 0.5975991487503052
45 1.1854734420776367 10.94783289916284 3.3785934448242188 4.676125526428223 0.3021430969238281 4.469448904397414 1.696652889251709 0.6110354065895081
46 1.1812512874603271 10.977741945053634 3.38603138923645 4.666595935821533 0.3066525161266327 4.477576059750901 1.7191717624664307 0.6102545857429504
47 1.1735005378723145 10.970797611808036 3.3904876708984375 4.666761875152588 0.3003026843070984 4.479409319984743 1.721669316291809 0.6167643070220947
48 1.1731733083724976 11.012157138581792 3.389681577682495 4.665380954742432 0.29888877272605896 4.454279984771326 1.7114739418029785 0.6159882545471191
49 1.1752923727035522 11.019331370912129 3.3868422508239746 4.666179180145264 0.2994818389415741 4.44713445674287 1.7085636854171753 0.6127640604972839
50 1.1674169301986694 11.175031984797476 3.3809125423431396 4.641873359680176 0.3040907084941864 4.435350808333499 1.7153987884521484 0.6069252490997314
51 1.1661196947097778 11.178059475264567 3.380261182785034 4.645821571350098 0.30307433009147644 4.441332761780903 1.7269132137298584 0.6068136692047119
52 1.1695201396942139 11.190087138997264 3.37992787361145 4.652229309082031 0.30296871066093445 4.44171962352101 1.715626835823059 0.6051955819129944
53 1.171180248260498 11.18989364253064 3.384566068649292 4.6553473472595215 0.3165956139564514 4.450566890044063 1.7274816036224365 0.6132602691650391
54 1.1594241857528687 11.169709826230367 3.389914035797119 4.634404182434082 0.3028177320957184 4.424608891186817 1.7329764366149902 0.5990025401115417
55 1.1587581634521484 11.204876211199961 3.38936710357666 4.638564109802246 0.30221208930015564 4.443089899477115 1.736579179763794 0.599166989326477
56 1.1601474285125732 11.19788407267799 3.3927454948425293 4.641178131103516 0.31853994727134705 4.471547056653692 1.7465649843215942 0.6037585139274597
57 1.159857153892517 11.197828983522843 3.3915207386016846 4.64091682434082 0.316889226436615 4.471125577482393 1.7471710443496704 0.6035631895065308
58 1.1651074886322021 11.229282283752818 3.3925137519836426 4.640294551849365 0.3209606111049652 4.425282526908576 1.7341978549957275 0.6010245680809021
59 1.1746526956558228 11.26524083344758 3.3846538066864014 4.654516696929932 0.31624269485473633 4.4201631340242935 1.7215956449508667 0.5833339691162109
60 1.1794883012771606 11.207121695903039 3.387363910675049 4.6620259284973145 0.32668086886405945 4.490994204836884 1.7458847761154175 0.6038443446159363
61 1.178789496421814 11.213232550585772 3.3897268772125244 4.657431602478027 0.35060226917266846 4.496765767435829 1.753799319267273 0.6180017590522766
62 1.1773459911346436 11.21049524930128 3.388644218444824 4.647323131561279 0.3526580035686493 4.498206684080283 1.7557467222213745 0.6379517912864685
63 1.1768302917480469 11.208501610753531 3.38861346244812 4.647778511047363 0.35109958052635193 4.49707675372696 1.754193902015686 0.6369728446006775
64 1.1750203371047974 11.208623480522347 3.38995361328125 4.649206161499023 0.35052889585494995 4.497096686698564 1.7636371850967407 0.6440233588218689
65 1.174820899963379 11.20542676287398 3.3834362030029297 4.648232460021973 0.3474539816379547 4.4984931411367715 1.743963360786438 0.6430200934410095
66 1.174820899963379 11.20542676287398 3.3834362030029297 4.648232460021973 0.3474539816379547 4.4984931411367715 1.743963360786438 0.6430200934410095
67 1.1721868515014648 11.20985624462729 3.3819782733917236 4.654237747192383 0.3384504020214081 4.515403830655283 1.7517327070236206 0.6406230330467224
68 1.1799544095993042 11.224978096227089 3.3872439861297607 4.6615891456604 0.3431621491909027 4.5294201158348315 1.7536766529083252 0.6167029142379761
69 1.16840398311615 11.200815604725888 3.3848376274108887 4.650180339813232 0.34170472621917725 4.5247513815055 1.7557493448257446 0.6312690377235413
70 1.1832150220870972 11.136455986413313 3.386265277862549 4.670253276824951 0.38258489966392517 4.489136832788826 1.759376049041748 0.6794173717498779
71 1.180968165397644 11.135468529552606 3.386155128479004 4.670755386352539 0.3808806538581848 4.490493619528018 1.7592098712921143 0.6789600849151611
72 1.1844102144241333 11.141149841947236 3.38474440574646 4.6783857345581055 0.39346012473106384 4.4992942258423305 1.7636692523956299 0.6797856688499451
73 1.1853519678115845 11.145406641683422 3.384211301803589 4.6817426681518555 0.39151278138160706 4.502637388022417 1.7669544219970703 0.6808043122291565
74 1.1852911710739136 11.153312379155038 3.384939432144165 4.681702613830566 0.39142224192619324 4.502424579549801 1.7810136079788208 0.6807442903518677
75 1.1789766550064087 11.159859090157816 3.3827590942382813 4.672738552093506 0.3741103708744049 4.500079133293424 1.779741883277893 0.6627991199493408
76 1.179131031036377 11.309411745227534 3.3817784786224365 4.669650077819824 0.3719572424888611 4.636759137686942 1.8037620782852173 0.6666395664215088
77 1.17784583568573 11.309437239815818 3.3819334506988525 4.670010566711426 0.37293320894241333 4.6380874264626835 1.8046852350234985 0.6670559048652649
78 1.177862286567688 11.309999665419657 3.381869077682495 4.670257568359375 0.37238651514053345 4.6380804350768035 1.8045954704284668 0.6667308211326599
79 1.1779253482818604 11.306691032711361 3.381537914276123 4.6882758140563965 0.3724849820137024 4.638714252752933 1.812267541885376 0.7926098108291626
80 1.188416838645935 11.31976327221384 3.3865766525268555 4.716065883636475 0.39106494188308716 4.657637494015304 1.8282333612442017 0.8575776219367981
81 1.1708623170852661 11.333471602194804 3.3919360637664795 4.689201831817627 0.3741123676300049 4.611481176049217 1.838286280632019 0.8422166705131531
82 1.1683557033538818 11.324544100128337 3.3975844383239746 4.68320894241333 0.37145087122917175 4.618697435797051 1.8060756921768188 0.8401764631271362
83 1.1676180362701416 11.322361184260028 3.39707612991333 4.680260181427002 0.36565354466438293 4.61191419962564 1.801676869392395 0.838576078414917
84 1.1674975156784058 11.32238142716592 3.3970632553100586 4.679821968078613 0.36504989862442017 4.610923327287329 1.801170825958252 0.8385158181190491
85 1.167535662651062 11.322417229555027 3.393265962600708 4.659214973449707 0.36496368050575256 4.611034071412323 1.7977030277252197 0.7339722514152527
86 1.1588598489761353 11.29030317541233 3.3949508666992188 4.651038646697998 0.38193005323410034 4.600995566937787 1.8047733306884766 0.7683242559432983
87 1.1615700721740723 11.46275613302196 3.3940701484680176 4.655099391937256 0.3824755549430847 4.60405953638902 1.8045508861541748 0.7687463164329529
88 1.1592872142791748 11.314671749578556 3.3912415504455566 4.641980171203613 0.38014519214630127 4.500255735514429 1.7729201316833496 0.7601508498191833
89 1.1593225002288818 11.31464963331553 3.3912224769592285 4.642000198364258 0.38037464022636414 4.500296144622555 1.7729148864746094 0.7601370215415955
90 1.1595321893692017 11.343135722427224 3.366129159927368 4.6463518142700195 0.3930147886276245 4.588281606173778 1.7789112329483032 0.7585877180099487
91 1.1572012901306152 11.345695493046966 3.36521053314209 4.643167495727539 0.38505759835243225 4.583936949291276 1.7666916847229004 0.7456365823745728
92 1.166491985321045 11.350044681582048 3.3699896335601807 4.647834777832031 0.4161055088043213 4.5712437876400625 1.7699834108352661 0.7713668346405029
93 1.166078805923462 11.333833562356808 3.372915029525757 4.6227922439575195 0.40618211030960083 4.5930113995685105 1.7627599239349365 0.5925777554512024
94 1.1705509424209595 11.343082454146858 3.3745672702789307 4.633485794067383 0.4094683825969696 4.576201828456824 1.7610657215118408 0.5965715050697327
95 1.1705485582351685 11.340938649934479 3.3745779991149902 4.633506774902344 0.40925174951553345 4.581247673614652 1.7623975276947021 0.5966047644615173
96 1.1681524515151978 11.328041822825824 3.3748960494995117 4.628238677978516 0.41406330466270447 4.576743355663591 1.7615141868591309 0.6067830920219421
97 1.169317603111267 11.326914919881924 3.3677358627319336 4.622792720794678 0.4153343737125397 4.571115714023794 1.7535381317138672 0.6009056568145752
98 1.1693564653396606 11.326370959051483 3.3673620223999023 4.624995708465576 0.41572749614715576 4.569965402630894 1.7472379207611084 0.6012917757034302
99 1.1667760610580444 11.329892604559717 3.3654348850250244 4.624843597412109 0.41074326634407043 4.56956773920292 1.7477868795394897 0.5998141169548035
100 1.1667289733886719 11.328892460197869 3.371464490890503 4.625150203704834 0.4107847511768341 4.571047882710157 1.7682698965072632 0.5998291969299316
101 1.1661436557769775 11.327204577704046 3.3713645935058594 4.624344348907471 0.4110719859600067 4.570480494340889 1.768302321434021 0.6010355353355408
102 1.1624897718429565 11.315205254857164 3.3712379932403564 4.6160993576049805 0.40643906593322754 4.564182873368195 1.7666635513305664 0.5988870859146118
103 1.1673789024353027 11.313331880560627 3.370255947113037 4.641136169433594 0.4045643210411072 4.562448460615081 1.7624024152755737 0.5939316749572754
104 1.1724286079406738 11.315940840772326 3.3720176219940186 4.643879413604736 0.40723946690559387 4.564143452324052 1.7646440267562866 0.5979992151260376
105 1.1668261289596558 11.34285721397655 3.377032995223999 4.647435665130615 0.36701709032058716 4.568152598483371 1.7599128484725952 0.5502344965934753
106 1.1775007247924805 11.370666821534382 3.3791728019714355 4.659392833709717 0.3555224537849426 4.5790725742653375 1.7571920156478882 0.5219959020614624
107 1.1809015274047852 11.363404978266827 3.3767054080963135 4.661983489990234 0.357769250869751 4.578002795568289 1.7524908781051636 0.5114656090736389
108 1.1813076734542847 11.36446848869578 3.3773491382598877 4.664306163787842 0.3571550250053406 4.577106801966303 1.757715106010437 0.519297182559967
109 1.1730501651763916 11.38080181592984 3.377094268798828 4.650233745574951 0.3554934859275818 4.563054456100169 1.7563819885253906 0.5190346240997314
110 1.1711565256118774 11.381847307844055 3.3751237392425537 4.664750576019287 0.35203108191490173 4.546748944698527 1.762939691543579 0.5374150276184082
111 1.1696101427078247 11.422795446459434 3.369638681411743 4.6593194007873535 0.3457041382789612 4.576444824234406 1.7727645635604858 0.5303797125816345
112 1.1684976816177368 11.461792041917624 3.3551933765411377 4.636029243469238 0.34331628680229187 4.567144600918273 1.7296069860458374 0.5170586109161377
113 1.1677818298339844 11.4630837824286 3.3533318042755127 4.636931419372559 0.3403290808200836 4.56858062393462 1.7352906465530396 0.5185924172401428
114 1.1695739030838013 11.451176539223825 3.3506343364715576 4.637135028839111 0.33829307556152344 4.570547822557921 1.741409182548523 0.5119790434837341
115 1.1489156484603882 11.427216849024537 3.340568780899048 4.623754978179932 0.30104753375053406 4.547917791488878 1.7282280921936035 0.5233071446418762
116 1.1464627981185913 11.421454119345595 3.340541362762451 4.624162673950195 0.29539600014686584 4.55380636134864 1.7303249835968018 0.5220146179199219
117 1.1508524417877197 11.421983866246938 3.3438172340393066 4.625609874725342 0.3058547377586365 4.5559497307513155 1.7323445081710815 0.5277162194252014
118 1.150083303451538 11.476278627820552 3.343878746032715 4.625128269195557 0.30476438999176025 4.581541670586891 1.7391269207000732 0.5291410684585571
119 1.1523305177688599 11.476051768049123 3.3444645404815674 4.630632400512695 0.3035992383956909 4.585185164890741 1.7335158586502075 0.5224648714065552
120 1.1515138149261475 11.478374035105473 3.345327377319336 4.633399963378906 0.30429524183273315 4.587671786004544 1.7362840175628662 0.5258397459983826
121 1.152250051498413 11.477441953850175 3.3453941345214844 4.634072780609131 0.30396851897239685 4.586914954943486 1.7359850406646729 0.525631844997406
122 1.1531082391738892 11.48092255407862 3.349597930908203 4.637302398681641 0.3020727038383484 4.585069519227267 1.744583010673523 0.525988757610321
123 1.1528304815292358 11.483667369085131 3.3505828380584717 4.637779235839844 0.3018759489059448 4.584343994916427 1.746886134147644 0.5265434384346008
124 1.1528304815292358 11.525507150787593 3.3500428199768066 4.6377787590026855 0.3018757998943329 4.485603374523459 1.7196948528289795 0.5265427827835083
125 1.1536344289779663 11.525024598135495 3.3499464988708496 4.638007164001465 0.303647518157959 4.487436589921971 1.7207154035568237 0.5263847708702087
126 1.158960223197937 11.529105968415617 3.351482629776001 4.636120796203613 0.3126400411128998 4.482593943802105 1.719258189201355 0.5219150185585022
127 1.159096121788025 11.529977392138967 3.3613979816436768 4.636097431182861 0.3126296401023865 4.481706246422763 1.7529544830322266 0.5214673280715942
128 1.1610310077667236 11.536437692269535 3.3608269691467285 4.65470027923584 0.32205599546432495 4.465700400725014 1.7582197189331055 0.5395424365997314
129 1.1571627855300903 11.541105954076652 3.3600070476531982 4.649231433868408 0.31071221828460693 4.453279376606138 1.748625636100769 0.5189834237098694
130 1.157043695449829 11.540401107156304 3.359245777130127 4.650247097015381 0.316352903842926 4.451802934139592 1.750684142112732 0.5287100076675415
131 1.1548453569412231 11.541856227253223 3.364818572998047 4.649701118469238 0.30759233236312866 4.449704851997002 1.768883466720581 0.5266968011856079
132 1.1544939279556274 11.489945702109429 3.3708508014678955 4.62883996963501 0.3330012559890747 4.458198982965949 1.7783023118972778 0.5294765830039978
133 1.1581565141677856 11.491269172602397 3.3745760917663574 4.630420207977295 0.3450443744659424 4.4588418835439185 1.7822871208190918 0.5285340547561646
134 1.159782886505127 11.500580658074217 3.374000310897827 4.633480072021484 0.3411608934402466 4.456571024839766 1.7790937423706055 0.5288565754890442
135 1.159782886505127 11.498870732827227 3.3739099502563477 4.633480072021484 0.3411608934402466 4.458248939875876 1.7794688940048218 0.5288565754890442
136 1.1612094640731812 11.4965239391472 3.372861623764038 4.637280464172363 0.3418976664543152 4.455599659491407 1.7741724252700806 0.5357335209846497
137 1.1649632453918457 11.510477686246425 3.371472120285034 4.63953971862793 0.3440992832183838 4.440199374692163 1.7735017538070679 0.5376445651054382
138 1.1676048040390015 11.532018884243023 3.37540340423584 4.640803813934326 0.34937185049057007 4.481659727735303 1.7959522008895874 0.5372803807258606
139 1.1656445264816284 11.53097751009377 3.373812675476074 4.6392059326171875 0.34378358721733093 4.47865791503407 1.792336106300354 0.536471426486969
140 1.1682541370391846 11.53720554972136 3.3761353492736816 4.638430595397949 0.3420066833496094 4.485669243568685 1.7921993732452393 0.5190691947937012
141 1.168083667755127 11.53633659873553 3.3760573863983154 4.639138698577881 0.3495062589645386 4.486372720359183 1.7919542789459229 0.520889163017273
142 1.1705793142318726 11.539529029453375 3.3760297298431396 4.638862609863281 0.35091087222099304 4.48331329504121 1.795243263244629 0.5207684636116028
143 1.1704843044281006 11.539218484781406 3.3757951259613037 4.638620376586914 0.35076892375946045 4.483155307554542 1.794551134109497 0.5203611850738525
144 1.1717487573623657 11.538807705665931 3.375732421875 4.637908935546875 0.3550799489021301 4.48196247709775 1.7807190418243408 0.5206437110900879
145 1.1678454875946045 11.529703912996158 3.3698017597198486 4.636186122894287 0.35058167576789856 4.482985838931675 1.7701810598373413 0.5282363891601563
146 1.1671125888824463 11.518117230023362 3.3685333728790283 4.635208606719971 0.3494386672973633 4.493517292242838 1.7709333896636963 0.5290654301643372
147 1.1689492464065552 11.513727358864601 3.3709890842437744 4.631972312927246 0.35515332221984863 4.490292039656937 1.783018946647644 0.5319786667823792
148 1.1689938306808472 11.51427045657498 3.37095308303833 4.632199764251709 0.35491910576820374 4.49091380853805 1.783056616783142 0.5318179726600647
149 1.1622055768966675 11.516873760627021 3.368863105773926 4.629631519317627 0.355703204870224 4.473940652718452 1.7664084434509277 0.5364264845848083
150 1.1621204614639282 11.519187199379799 3.367833137512207 4.632228374481201 0.3575074076652527 4.473003019734689 1.7676775455474854 0.5409847497940063
151 1.1616668701171875 11.512650646695212 3.365631103515625 4.631088733673096 0.35713478922843933 4.477814936015493 1.7684786319732666 0.5428013205528259
152 1.1582423448562622 11.50287729988652 3.3676047325134277 4.624474048614502 0.3615078628063202 4.457908449841153 1.771270990371704 0.5423583388328552
153 1.1582423448562622 11.50287729988652 3.3671696186065674 4.624474048614502 0.36150693893432617 4.457911128430865 1.7644761800765991 0.5423586368560791
154 1.1585566997528076 11.502925814851425 3.3646011352539063 4.623654365539551 0.3647978901863098 4.456066022722111 1.7618117332458496 0.5420645475387573
155 1.1595536470413208 11.510498578874735 3.365769863128662 4.624868869781494 0.36160165071487427 4.463133644569992 1.7616465091705322 0.5446137189865112
156 1.1595536470413208 11.510498578874735 3.365769863128662 4.624868869781494 0.36160165071487427 4.463133644569992 1.7616465091705322 0.5446137189865112
157 1.1591219902038574 11.522691476006981 3.366321563720703 4.625282287597656 0.3603404760360718 4.464931650734725 1.7630627155303955 0.5447234511375427
158 1.1583704948425293 11.529345503081084 3.3687682151794434 4.625634670257568 0.35922321677207947 4.451997410991379 1.7638942003250122 0.5453845262527466
159 1.1611428260803223 11.498246466405016 3.3718502521514893 4.625674247741699 0.35767441987991333 4.493010753537852 1.7770801782608032 0.5336380004882813
160 1.1614906787872314 11.498333639387265 3.3737359046936035 4.627692222595215 0.3586806654930115 4.494415691920307 1.7755757570266724 0.5269525051116943
161 1.1601088047027588 11.505036895998078 3.3732268810272217 4.629956245422363 0.36207273602485657 4.500647089498751 1.779237151145935 0.5290172100067139
162 1.1600830554962158 11.504837696289684 3.3742644786834717 4.6296796798706055 0.36099621653556824 4.500094352087451 1.773110032081604 0.528744637966156
163 1.1698544025421143 11.49178927103723 3.36736798286438 4.639367580413818 0.35215941071510315 4.490366242665836 1.757739543914795 0.516735315322876
164 1.170285701751709 11.490873157555692 3.370532751083374 4.631826400756836 0.3646996319293976 4.485229054794609 1.759657382965088 0.5235887169837952
165 1.171223521232605 11.491838662805996 3.374959945678711 4.63179874420166 0.3649800419807434 4.484485474162637 1.7679322957992554 0.522972822189331
166 1.16867196559906 11.49106437212209 3.3697452545166016 4.631398677825928 0.3564487099647522 4.484626899597967 1.7582757472991943 0.5232969522476196
167 1.1685320138931274 11.479607068251664 3.3902671337127686 4.630314350128174 0.35606279969215393 4.483887286252463 1.7730768918991089 0.5180626511573792
168 1.1675913333892822 11.476028494659742 3.3837034702301025 4.628264427185059 0.3460843563079834 4.487109902455829 1.7629607915878296 0.5070995688438416
169 1.1672910451889038 11.44234037331283 3.410602569580078 4.626176357269287 0.3464561998844147 4.519277484106513 1.7297303676605225 0.506211519241333
170 1.1672910451889038 11.44234037331283 3.410602569580078 4.626176357269287 0.3464561998844147 4.519277484106513 1.7297303676605225 0.506211519241333
171 1.1705087423324585 11.442567517063578 3.412187099456787 4.63136100769043 0.35609105229377747 4.517333485119254 1.7304131984710693 0.5015605092048645
172 1.1705087423324585 11.450644861723323 3.4123144149780273 4.6318678855896 0.35609105229377747 4.507472647786865 1.729004979133606 0.49215415120124817
173 1.170512318611145 11.446965611073088 3.411036252975464 4.631868362426758 0.3560948371887207 4.487303059461196 1.7294570207595825 0.492154061794281
174 1.170750617980957 11.44654033285068 3.4204907417297363 4.631712436676025 0.3576357364654541 4.486763679493279 1.7395683526992798 0.4930420219898224
175 1.170750617980957 11.451330871514571 3.423128604888916 4.631712436676025 0.3576357364654541 4.472873903538548 1.7525041103363037 0.4930420219898224
176 1.1706205606460571 11.450324602266706 3.4229509830474854 4.630412578582764 0.3573858439922333 4.472042248614038 1.7523075342178345 0.48919668793678284
177 1.1678452491760254 11.448923129782278 3.423785448074341 4.634176731109619 0.3529600501060486 4.479967008989692 1.7554163932800293 0.48953163623809814
178 1.1678452491760254 11.4446116745494 3.4239115715026855 4.619935512542725 0.3529600501060486 4.487725539899502 1.750270128250122 0.3866865336894989
179 1.163666009902954 11.442934813056056 3.421114683151245 4.620810031890869 0.3455095887184143 4.490041009195432 1.7454168796539307 0.3883149027824402
180 1.1602503061294556 11.439028241441303 3.4206628799438477 4.621865272521973 0.3408844769001007 4.494829516521838 1.744405746459961 0.39123526215553284
181 1.1614463329315186 11.441923461456108 3.4199540615081787 4.62349796295166 0.3411238491535187 4.488357889524896 1.7425616979599 0.3911869525909424
182 1.161403775215149 11.414047216192712 3.418198823928833 4.623266220092773 0.34139832854270935 4.496089940671606 1.720123052597046 0.39121827483177185
183 1.161537766456604 11.415246329221246 3.4192986488342285 4.624724864959717 0.34217265248298645 4.501731575420145 1.722951889038086 0.38667264580726624
184 1.1569643020629883 11.413991203201656 3.417116165161133 4.626797676086426 0.3332797884941101 4.506577523389677 1.7223587036132813 0.3888794183731079
185 1.1569643020629883 11.413991203201656 3.417290449142456 4.626797676086426 0.3332797884941101 4.506577523389677 1.7231369018554688 0.3888794183731079
186 1.1601537466049194 11.41058572765567 3.4220495223999023 4.6223368644714355 0.3492322266101837 4.497612818665763 1.7256535291671753 0.3957870900630951
187 1.1591694355010986 11.408866869016686 3.4211199283599854 4.625513553619385 0.3494715094566345 4.492238288467431 1.7235933542251587 0.4049333930015564
188 1.1609991788864136 11.42447273833424 3.420363664627075 4.627143383026123 0.35275593400001526 4.4808173443291235 1.7165768146514893 0.40285372734069824
189 1.1517727375030518 11.430129395324094 3.4205968379974365 4.611501216888428 0.3587550222873688 4.481474402051297 1.7193694114685059 0.42348694801330566
190 1.1487839221954346 11.433213905737086 3.423412322998047 4.62322998046875 0.3700689971446991 4.474386528442916 1.7312217950820923 0.5402381420135498
191 1.1430822610855103 11.415862516865964 3.4213707447052 4.612560749053955 0.37172144651412964 4.462677926733339 1.7290468215942383 0.5504074096679688
192 1.1557118892669678 11.465107556506677 3.4169626235961914 4.638363838195801 0.36142081022262573 4.48080055353177 1.7245601415634155 0.5307431817054749
193 1.1576052904129028 11.459487528468783 3.422358751296997 4.631916522979736 0.36420658230781555 4.4741750224644745 1.7264498472213745 0.5330995917320251
194 1.162362813949585 11.452916696771185 3.4227592945098877 4.635438442230225 0.3643395006656647 4.47148649677752 1.7262498140335083 0.5261422991752625
195 1.1662448644638062 11.452144542746886 3.4247334003448486 4.63550329208374 0.3730212152004242 4.468991188064933 1.722883939743042 0.5230796933174133
196 1.1660555601119995 11.440144530991589 3.425725221633911 4.640578746795654 0.37859684228897095 4.479875232815768 1.72895348072052 0.5307503938674927
197 1.1661128997802734 11.440138805047125 3.4252521991729736 4.640536308288574 0.3784860372543335 4.479788145399894 1.7298029661178589 0.5306578874588013
198 1.168466329574585 11.445633770532966 3.4255847930908203 4.644006729125977 0.37647098302841187 4.485686656065627 1.7291457653045654 0.5260180234909058
199 1.1667547225952148 11.432182853873213 3.4269914627075195 4.640101432800293 0.3818914294242859 4.488897186577126 1.732602834701538 0.5343447923660278
200 1.1665980815887451 11.431020376728135 3.425903081893921 4.639488220214844 0.38163813948631287 4.488486123570175 1.729739785194397 0.5344773530960083
201 1.1667016744613647 11.430776637875946 3.425801992416382 4.638223648071289 0.3808467388153076 4.488331576229376 1.7286356687545776 0.5246766209602356
202 1.1667016744613647 11.427207679192799 3.4257915019989014 4.638001918792725 0.3808467388153076 4.496701901699596 1.730830430984497 0.5238891839981079
203 1.1692595481872559 11.422923500922607 3.4268338680267334 4.644838809967041 0.37792885303497314 4.496295753438635 1.7318718433380127 0.5176175832748413
204 1.1697829961776733 11.422526134050807 3.4268221855163574 4.64353609085083 0.38102245330810547 4.494116378911385 1.7307952642440796 0.5168843865394592
205 1.1700592041015625 11.424993019663628 3.4264392852783203 4.643986225128174 0.3802002966403961 4.495337790707339 1.731015920639038 0.5125163793563843
206 1.1693954467773438 11.415737003250726 3.428443670272827 4.640955448150635 0.37830811738967896 4.5156479953526825 1.7451634407043457 0.5076693892478943
207 1.1711392402648926 11.413611546574 3.429259777069092 4.6400651931762695 0.38171908259391785 4.513352499395574 1.747115135192871 0.5129790306091309
208 1.1809619665145874 11.454216866591082 3.435692310333252 4.658905506134033 0.3861149251461029 4.5568197628188605 1.7664690017700195 0.5048238039016724
209 1.1602479219436646 11.438549637484044 3.426197052001953 4.6303019523620605 0.3692186176776886 4.526507852827475 1.7434247732162476 0.5206432938575745
210 1.1547905206680298 11.415888793064186 3.429311752319336 4.625185012817383 0.37004196643829346 4.513417234167543 1.7412644624710083 0.5305905342102051
211 1.153978705406189 11.424521795548214 3.427506446838379 4.62294340133667 0.366701602935791 4.5668429670135415 1.7560365200042725 0.5430672764778137
212 1.154430866241455 11.424588136093462 3.427661657333374 4.623054027557373 0.36763352155685425 4.567056443836145 1.7562007904052734 0.5433552265167236
213 1.1544179916381836 11.42468874896854 3.4276633262634277 4.623043537139893 0.3675577938556671 4.566996348397028 1.7561652660369873 0.5432989597320557
214 1.1536980867385864 11.422915939877555 3.4218382835388184 4.621933460235596 0.3665781021118164 4.564910211454598 1.75090754032135 0.5437117218971252
215 1.152461290359497 11.417826189076651 3.421943187713623 4.621878147125244 0.3658143877983093 4.566069505932682 1.7514535188674927 0.5435933470726013
216 1.1525269746780396 11.415395269889087 3.420539617538452 4.621896743774414 0.36576563119888306 4.570148059547386 1.7494924068450928 0.5437756180763245
217 1.1577728986740112 11.414513448262063 3.428333282470703 4.629542827606201 0.3783128559589386 4.55965116664749 1.7602612972259521 0.5474020838737488
218 1.1631264686584473 11.411688167800092 3.4283385276794434 4.624691009521484 0.38391321897506714 4.5479028477249805 1.753718614578247 0.5411418676376343
219 1.162291169166565 11.405986427260611 3.425253391265869 4.6300272941589355 0.37357011437416077 4.568173370500928 1.7554253339767456 0.5283756852149963
220 1.1518917083740234 11.430426734588412 3.4225645065307617 4.609267234802246 0.3941241204738617 4.575576468049903 1.7683900594711304 0.5741730332374573
221 1.1494224071502686 11.4289567586282 3.418665647506714 4.609663486480713 0.38631144165992737 4.578405359078851 1.7636725902557373 0.5664500594139099
222 1.1495709419250488 11.417467392903122 3.415670156478882 4.603031635284424 0.4004051685333252 4.568172485678966 1.7611658573150635 0.5875685811042786
223 1.1494204998016357 11.416839242756144 3.4157612323760986 4.603188991546631 0.4004153609275818 4.568555060596641 1.7614045143127441 0.5875728130340576
224 1.151859998703003 11.421481555263988 3.4168782234191895 4.603154182434082 0.4007546901702881 4.571465466308577 1.7619768381118774 0.5772877335548401
225 1.1547560691833496 11.441865399815056 3.425152540206909 4.606369972229004 0.3920542597770691 4.553155378550797 1.775983214378357 0.5582695007324219
226 1.166803240776062 11.454126800212848 3.4241280555725098 4.614362716674805 0.40785351395606995 4.543206573765708 1.7762281894683838 0.5721322894096375
227 1.16774320602417 11.457153266153131 3.4236578941345215 4.617203235626221 0.40997618436813354 4.539099306430896 1.775592565536499 0.5729639530181885
228 1.1667219400405884 11.458981526370106 3.4234280586242676 4.6187872886657715 0.40291792154312134 4.5492484413303576 1.7776669263839722 0.5637572407722473
229 1.167413592338562 11.458692684555833 3.423715829849243 4.618799209594727 0.404839426279068 4.549713693920059 1.7780500650405884 0.5639607310295105
230 1.166151523590088 11.454213072783855 3.4208102226257324 4.617466449737549 0.40673044323921204 4.547576097151393 1.7833234071731567 0.5687372088432312
231 1.1640392541885376 11.452210688708679 3.420354127883911 4.619385719299316 0.39916157722473145 4.554519863872995 1.7864516973495483 0.5659376978874207
232 1.1672557592391968 11.460412836155463 3.4254555702209473 4.623367786407471 0.40505242347717285 4.552077203688084 1.8147987127304077 0.5650454163551331
233 1.1633663177490234 11.457857137603913 3.4239659309387207 4.623598098754883 0.3976605236530304 4.553436377026492 1.8142385482788086 0.5654742121696472
234 1.1617650985717773 11.45808503673901 3.4249274730682373 4.622646808624268 0.3954296410083771 4.550246585825803 1.8143250942230225 0.5679476857185364
235 1.1617650985717773 11.45808503673901 3.4249274730682373 4.622646808624268 0.3954296410083771 4.550246585825803 1.8143250942230225 0.5679476857185364
236 1.1615266799926758 11.457951864344194 3.424915313720703 4.622526168823242 0.39504489302635193 4.55027104991909 1.8139032125473022 0.5676422119140625
237 1.1585474014282227 11.45220723120334 3.425091505050659 4.621328353881836 0.39108654856681824 4.553424935646781 1.8037647008895874 0.5640175342559814
238 1.150540828704834 11.443453438197643 3.4258406162261963 4.612016677856445 0.3809860050678253 4.535720256916897 1.7964272499084473 0.5642125010490417
239 1.1488639116287231 11.4359326820112 3.4259297847747803 4.610576152801514 0.3852596879005432 4.531321156147469 1.8009918928146362 0.5755923986434937
240 1.1490918397903442 11.300168089377241 3.4255754947662354 4.6114068031311035 0.38529106974601746 4.40599846485853 1.7685760259628296 0.5757731199264526
241 1.1499755382537842 11.301233121660522 3.425785779953003 4.611995697021484 0.3860345780849457 4.4063318696998435 1.768782138824463 0.5755543112754822
242 1.150856614112854 11.275539896730248 3.4200093746185303 4.621695518493652 0.3910369873046875 4.4974650367784035 1.7922247648239136 0.58088618516922
243 1.1503576040267944 11.275424075075023 3.4183948040008545 4.6197052001953125 0.38873329758644104 4.501760771882967 1.7923574447631836 0.576757550239563
244 1.1509236097335815 11.298435077166173 3.418456792831421 4.620301723480225 0.3898082673549652 4.468493708718655 1.7807996273040771 0.5775576233863831
245 1.1529572010040283 11.306388537034087 3.419567346572876 4.632429599761963 0.38939279317855835 4.475707561350431 1.785538673400879 0.6015164256095886
246 1.159631371498108 11.300576240411566 3.4204797744750977 4.627950191497803 0.40491124987602234 4.46870105654603 1.7861515283584595 0.6054438948631287
247 1.161948561668396 11.305021596828713 3.420755386352539 4.630679607391357 0.4029313623905182 4.473648118760126 1.7855387926101685 0.5946170091629028
248 1.1635587215423584 11.392959265984354 3.415348768234253 4.6303558349609375 0.3978489339351654 4.522415402790171 1.787213921546936 0.5946865081787109
249 1.1635587215423584 11.392959265984354 3.415348768234253 4.6303558349609375 0.3978489339351654 4.522415402790171 1.787213921546936 0.5946865081787109
250 1.162217140197754 11.35326765646829 3.417055368423462 4.629569053649902 0.39798030257225037 4.516620529355952 1.7817147970199585 0.596483051776886
251 1.1690007448196411 11.365256904309005 3.4173812866210938 4.633753299713135 0.40636295080184937 4.512785664667803 1.7830575704574585 0.5903634428977966
252 1.1682307720184326 11.36772413336898 3.4170799255371094 4.6343584060668945 0.40383824706077576 4.514252003071892 1.783158302307129 0.5885956287384033
253 1.1652569770812988 11.341351353967166 3.4188714027404785 4.619301795959473 0.4077110290527344 4.499440080255222 1.7795928716659546 0.5932936668395996
254 1.154114007949829 11.36703449106578 3.415469169616699 4.604506492614746 0.3977533280849457 4.520175456558422 1.781886100769043 0.6009067296981812
255 1.1504063606262207 11.356474523205208 3.412550449371338 4.6022562980651855 0.3907896876335144 4.551282561465588 1.7647572755813599 0.6007463335990906
256 1.1502033472061157 11.362354670372511 3.4117085933685303 4.6016035079956055 0.3944636881351471 4.527955443009337 1.7598779201507568 0.6070133447647095
257 1.150319218635559 11.36170472463128 3.4092376232147217 4.60172176361084 0.39599165320396423 4.527595894675709 1.7588685750961304 0.6093078255653381
258 1.153506875038147 11.359248361906381 3.409196615219116 4.602253437042236 0.40196770429611206 4.54132648219768 1.7682276964187622 0.6130379438400269
259 1.1474453210830688 11.3422301708424 3.4087672233581543 4.593850612640381 0.40201830863952637 4.533830616783162 1.7671083211898804 0.6236838102340698
260 1.1515074968338013 11.333801163055641 3.4084036350250244 4.596628665924072 0.4142676591873169 4.5447474132474435 1.770527720451355 0.6388306617736816
261 1.1514495611190796 11.333807164291805 3.4100499153137207 4.595447540283203 0.413626492023468 4.543920560879355 1.7743545770645142 0.6360518932342529
262 1.1512290239334106 11.337425405498273 3.4148354530334473 4.5959601402282715 0.40890267491340637 4.530374335801654 1.7695683240890503 0.631104588508606
263 1.1501654386520386 11.334650997820427 3.414935350418091 4.596474647521973 0.40801069140434265 4.529996285243644 1.769853115081787 0.6320550441741943
264 1.1494065523147583 11.33465396847851 3.4146335124969482 4.596352577209473 0.4054671823978424 4.5297120576484575 1.768499493598938 0.630978524684906
265 1.1431770324707031 11.333793839726756 3.411285877227783 4.59490966796875 0.39145582914352417 4.52734966223489 1.7635202407836914 0.6287146806716919
266 1.1433091163635254 11.33392821709679 3.4160609245300293 4.595049858093262 0.3918696343898773 4.5275388980452576 1.7686725854873657 0.6285929679870605
267 1.1429229974746704 11.333922314517615 3.417947292327881 4.595651149749756 0.39015236496925354 4.529625455112893 1.7686549425125122 0.6266955733299255
268 1.149289846420288 11.352890241201159 3.4169249534606934 4.597577095031738 0.3950931131839752 4.546850031790925 1.7695704698562622 0.6186699867248535
269 1.149289846420288 11.353721612053128 3.4169249534606934 4.597577095031738 0.3950931131839752 4.547106751052614 1.7696380615234375 0.6186699867248535
270 1.1493349075317383 11.354050770939299 3.4170684814453125 4.6001105308532715 0.3952219784259796 4.547401688479268 1.7697714567184448 0.6304641962051392
271 1.150141954421997 11.353472275420504 3.409383773803711 4.599658489227295 0.39545178413391113 4.546808200250209 1.766157865524292 0.6306227445602417
272 1.1437677145004272 11.352568770196264 3.4076950550079346 4.602273941040039 0.3823118805885315 4.552214077988641 1.7663309574127197 0.6302136778831482
273 1.1449168920516968 11.352509858363051 3.408930540084839 4.597776889801025 0.3910110592842102 4.547487926451815 1.7616046667099 0.6284245848655701
274 1.1477285623550415 11.355817921298463 3.410266876220703 4.5968451499938965 0.39491569995880127 4.544082239471239 1.7617305517196655 0.626636266708374
275 1.1464561223983765 11.35082351834426 3.410637855529785 4.59461784362793 0.3937920033931732 4.542852496620374 1.7579624652862549 0.6287437677383423
276 1.1463381052017212 11.35117070221638 3.4093239307403564 4.594663619995117 0.3942857086658478 4.542569037425739 1.7581963539123535 0.6289586424827576
277 1.1471213102340698 11.359766222816948 3.4093754291534424 4.595198154449463 0.39333710074424744 4.5540803854983585 1.7614703178405762 0.6296907663345337
278 1.1465603113174438 11.391754219080248 3.4093422889709473 4.594435214996338 0.393636554479599 4.474823743431816 1.7411260604858398 0.630875825881958
279 1.1496679782867432 11.39434370502233 3.411613702774048 4.594201564788818 0.39250659942626953 4.46930441038947 1.7467858791351318 0.6314439177513123
280 1.1496679782867432 11.39434370502233 3.411613702774048 4.594201564788818 0.39250659942626953 4.46930441038947 1.7467858791351318 0.6314439177513123
281 1.1481488943099976 11.395208255723723 3.4149887561798096 4.599178791046143 0.3930266499519348 4.478408368338213 1.7574938535690308 0.6287901997566223
282 1.148145318031311 11.395198465672538 3.417602062225342 4.5991740226745605 0.39303144812583923 4.478402109756774 1.763307809829712 0.6287959814071655
283 1.151001214981079 11.397093182062315 3.414503574371338 4.607906818389893 0.39621928334236145 4.470987224046909 1.7672196626663208 0.6288763284683228
284 1.1641876697540283 11.42080467382881 3.421607255935669 4.614664077758789 0.39534440636634827 4.471290139485312 1.778761386871338 0.6180776953697205
285 1.1601113080978394 11.416414137605337 3.422513484954834 4.61712121963501 0.3905033469200134 4.481349533610537 1.7800333499908447 0.6224651336669922
286 1.1663002967834473 11.416734984450779 3.4247639179229736 4.643671989440918 0.38868510723114014 4.480755477572377 1.7765456438064575 0.6050995588302612
287 1.166642427444458 11.417042052705137 3.422675132751465 4.643486499786377 0.38879305124282837 4.480313815193105 1.7747746706008911 0.604668915271759
288 1.1655808687210083 11.38940378100654 3.422895908355713 4.640040874481201 0.388368159532547 4.481359043539666 1.775243878364563 0.6041427254676819
289 1.1627286672592163 11.388150337065714 3.4195034503936768 4.641368865966797 0.38043147325515747 4.48863571843085 1.7562353610992432 0.5991040468215942
290 1.1588174104690552 11.37995421500128 3.4153547286987305 4.629847049713135 0.3741646111011505 4.492475042924948 1.7489726543426514 0.5955103039741516
291 1.1627603769302368 11.386797191544447 3.415138006210327 4.637294292449951 0.37103644013404846 4.502629194083963 1.7538305521011353 0.5895377397537231
292 1.1476843357086182 11.391091920435652 3.4149231910705566 4.619722366333008 0.38289183378219604 4.521490125129856 1.7593445777893066 0.6235857605934143
293 1.148359775543213 11.389125633900141 3.4150500297546387 4.618189334869385 0.38328734040260315 4.519363346204516 1.7612711191177368 0.6236000061035156
294 1.1469480991363525 11.402191561238034 3.4138541221618652 4.627571105957031 0.3644246757030487 4.537974521003061 1.7603765726089478 0.6108006834983826
295 1.147595763206482 11.411620896961347 3.4127559661865234 4.625147819519043 0.36327823996543884 4.534918122946632 1.7530813217163086 0.6049562096595764
296 1.149945616722107 11.468334875369072 3.416874408721924 4.631278038024902 0.36338332295417786 4.551203453113095 1.7630385160446167 0.6013335585594177
297 1.149114966392517 11.476078845041204 3.416546583175659 4.632096290588379 0.3586973547935486 4.554733415895256 1.7629543542861938 0.6002177000045776
298 1.155428409576416 11.465068361732497 3.419471263885498 4.6266889572143555 0.39005041122436523 4.552529781188523 1.76694655418396 0.6020626425743103
299 1.1520243883132935 11.460849099130131 3.420292377471924 4.622002601623535 0.38618990778923035 4.544699412967853 1.7639349699020386 0.6002354025840759
300 1.1517490148544312 11.460150840766197 3.422248363494873 4.619123458862305 0.3856329917907715 4.540034062091008 1.763590931892395 0.5973132252693176
301 1.1504136323928833 11.457244694207539 3.4245595932006836 4.619889259338379 0.38816383481025696 4.542330101501083 1.769946575164795 0.6036489605903625
302 1.1523571014404297 11.457065295785213 3.424724817276001 4.618919372558594 0.3923616111278534 4.53925477623045 1.7692925930023193 0.605887234210968
303 1.1526131629943848 11.45843941028473 3.4241180419921875 4.6199951171875 0.39241477847099304 4.540942898458635 1.7696524858474731 0.6055424809455872
304 1.152280330657959 11.436809770023835 3.4225199222564697 4.622368335723877 0.3928399384021759 4.542169448992943 1.7684268951416016 0.5993613600730896
305 1.1524560451507568 11.432403417532912 3.4220633506774902 4.621819972991943 0.39304399490356445 4.5539305058842015 1.7719208002090454 0.6010729074478149
306 1.153030514717102 11.405022553657796 3.4223339557647705 4.621525287628174 0.39485761523246765 4.561696157497335 1.7742799520492554 0.6009585857391357
307 1.1479374170303345 11.40479051724578 3.421046733856201 4.621506690979004 0.3859412670135498 4.561535024950323 1.7690081596374512 0.5998443961143494
308 1.1479374170303345 11.40479051724578 3.421046733856201 4.621506690979004 0.3859412670135498 4.561535024950323 1.7690081596374512 0.5998443961143494
309 1.1471635103225708 11.408815659744958 3.420719623565674 4.621447563171387 0.38116729259490967 4.560669411460333 1.7681124210357666 0.5923619866371155
310 1.1428033113479614 11.407614457506924 3.421481132507324 4.607204437255859 0.37209275364875793 4.532177035872324 1.7560527324676514 0.5728636980056763
311 1.1439251899719238 11.405277709674712 3.4214885234832764 4.608670234680176 0.3693268597126007 4.539690142690283 1.7567386627197266 0.567051351070404
312 1.133456826210022 11.393613267041383 3.4199509620666504 4.607115745544434 0.36259302496910095 4.539317491522468 1.7579023838043213 0.5830405950546265
313 1.133206844329834 11.393636916351468 3.4193036556243896 4.606921672821045 0.36211490631103516 4.539216065006333 1.7563008069992065 0.5822030901908875
314 1.132616639137268 11.454386611494808 3.419365406036377 4.607261657714844 0.3594377636909485 4.540978234570007 1.7489433288574219 0.5818154811859131
315 1.132616639137268 11.452650807880387 3.4172518253326416 4.60766077041626 0.3594377636909485 4.54150723927795 1.7515028715133667 0.5818056464195251
316 1.1341251134872437 11.449342457955701 3.416320562362671 4.593508243560791 0.3628807067871094 4.565525909664744 1.7497979402542114 0.4792482852935791
317 1.1344982385635376 11.44936436909308 3.421489953994751 4.627899646759033 0.3648381531238556 4.565338832010632 1.7695320844650269 0.6286363005638123
318 1.1339725255966187 11.453550634451815 3.4151012897491455 4.632040023803711 0.3562612235546112 4.570814007031623 1.76414155960083 0.6265871524810791
319 1.132739543914795 11.447268267362567 3.416665554046631 4.647224426269531 0.34874358773231506 4.574657770476851 1.7697144746780396 0.6294496655464172
320 1.1334850788116455 11.443884614518645 3.4165730476379395 4.648343086242676 0.3492485582828522 4.571385869738354 1.7692744731903076 0.6299408674240112
321 1.132866382598877 11.442861408982093 3.414334535598755 4.6484270095825195 0.34856200218200684 4.5722650692113165 1.77181077003479 0.6308294534683228
322 1.1325987577438354 11.44346030502052 3.4146008491516113 4.648567199707031 0.34793320298194885 4.57224463105312 1.7716788053512573 0.6305927634239197
323 1.1369394063949585 11.445300598790821 3.424884557723999 4.639552593231201 0.35857102274894714 4.574684144405661 1.7891933917999268 0.6500217318534851
324 1.1388689279556274 11.462709135130071 3.427680015563965 4.641345500946045 0.3527933955192566 4.581404509103631 1.792635202407837 0.6488772630691528
325 1.1347113847732544 11.46222047888168 3.4218978881835938 4.639909267425537 0.34325429797172546 4.578432620388809 1.7865291833877563 0.6491091847419739
326 1.1343872547149658 11.461508106991516 3.4240925312042236 4.639150142669678 0.34499675035476685 4.579914452668671 1.7836581468582153 0.6504694223403931
327 1.1349287033081055 11.466080748685481 3.422029733657837 4.643024444580078 0.35440242290496826 4.582821334760412 1.7878297567367554 0.6565483212471008
328 1.1350492238998413 11.466614539903 3.4217121601104736 4.643754482269287 0.35432738065719604 4.5858985012532525 1.7889689207077026 0.6531305313110352
329 1.1352882385253906 11.46708094776521 3.420607328414917 4.640578746795654 0.355611115694046 4.585231356738763 1.7884745597839355 0.647190511226654
330 1.1351571083068848 11.467238956461403 3.42083477973938 4.640734672546387 0.3554730713367462 4.585478320192434 1.787986397743225 0.6472095847129822
331 1.1342369318008423 11.470255489456731 3.4185657501220703 4.641997814178467 0.3500233590602875 4.587174978110806 1.7859179973602295 0.6459477543830872
332 1.1342369318008423 11.47055736738815 3.4185657501220703 4.641997814178467 0.3500233590602875 4.587350965557125 1.7859642505645752 0.6459477543830872
333 1.1342369318008423 11.47055736738815 3.4185657501220703 4.641997814178467 0.3500233590602875 4.587350965557125 1.7859642505645752 0.6459477543830872
334 1.1326560974121094 11.465988371243428 3.419311761856079 4.641324520111084 0.3490132689476013 4.5876647348554345 1.779573678970337 0.6474617719650269
335 1.1336736679077148 11.473131981269956 3.4191336631774902 4.645441055297852 0.3402670621871948 4.5906455909295785 1.7771145105361938 0.6408502459526062
336 1.137196660041809 11.477587545924544 3.41845703125 4.6606035232543945 0.3391110301017761 4.603230480087424 1.7757693529129028 0.6382668018341064
337 1.137196660041809 11.477871408425552 3.4189844131469727 4.6606035232543945 0.3391110301017761 4.603594558957499 1.77690851688385 0.6382668018341064
338 1.1375471353530884 11.407713203052353 3.420912742614746 4.662013530731201 0.3521474301815033 4.5599234142875975 1.7704027891159058 0.6487661004066467
339 1.139758586883545 11.40411598079223 3.4231464862823486 4.6641035079956055 0.3540855050086975 4.550771198112853 1.7712211608886719 0.646742582321167
340 1.1423691511154175 11.405674591187221 3.4225974082946777 4.6645894050598145 0.3583270013332367 4.54967053337851 1.770309567451477 0.649402916431427
341 1.145890474319458 11.3809356264986 3.4227583408355713 4.6722211837768555 0.36198124289512634 4.636285593970003 1.7953850030899048 0.6526914238929749
342 1.1443285942077637 11.405051898802686 3.4218640327453613 4.672586441040039 0.3636731207370758 4.637305941727493 1.7966316938400269 0.656354546546936
343 1.1461137533187866 11.409747548211962 3.4213669300079346 4.675097942352295 0.3695679008960724 4.6362258703953865 1.7973376512527466 0.6588461995124817
344 1.1473573446273804 11.410673144314256 3.421571731567383 4.675483226776123 0.37170326709747314 4.6387987308753935 1.7983520030975342 0.6596659421920776
345 1.1468257904052734 11.41297274626657 3.4203805923461914 4.674905300140381 0.36973583698272705 4.6370044895749905 1.798081874847412 0.6627395749092102
346 1.146823763847351 11.413176293425865 3.420516014099121 4.674972057342529 0.36977168917655945 4.637079957312824 1.7981327772140503 0.6626760959625244
347 1.1468511819839478 11.4132511298024 3.420492649078369 4.6757988929748535 0.3697926998138428 4.637583225444973 1.7977126836776733 0.6565161943435669
348 1.1469660997390747 11.412026934674099 3.4221601486206055 4.674989223480225 0.37137654423713684 4.636649031532079 1.8013839721679688 0.6558834314346313
349 1.143973469734192 11.434391668406345 3.4205098152160645 4.668257236480713 0.3712662160396576 4.6334673574885334 1.797325849533081 0.6548802256584167
350 1.1478826999664307 11.4538282474579 3.4206295013427734 4.675447940826416 0.36629098653793335 4.636253083045099 1.7970789670944214 0.6438242793083191
351 1.1487438678741455 11.451025900790354 3.4219233989715576 4.674716949462891 0.36834076046943665 4.636068051333006 1.8016166687011719 0.64478600025177
352 1.1504725217819214 11.453466369321118 3.4200356006622314 4.675705432891846 0.37111857533454895 4.63459359483326 1.8034366369247437 0.6473336815834045
353 1.150084376335144 11.446849662837803 3.4204092025756836 4.675143718719482 0.3763628602027893 4.626931341770714 1.8022109270095825 0.6506105065345764
354 1.1479226350784302 11.406434200949562 3.421759843826294 4.672877311706543 0.38022124767303467 4.592915413061437 1.8017889261245728 0.6588636040687561
355 1.1536072492599487 11.407566877490757 3.4263429641723633 4.672454833984375 0.39122360944747925 4.592963462513385 1.807610273361206 0.6600193977355957
356 1.1504435539245605 11.406279129681877 3.428192138671875 4.672369956970215 0.3835657835006714 4.598302026556773 1.8092129230499268 0.6596721410751343
357 1.151770830154419 11.407598195643782 3.4285712242126465 4.670077800750732 0.3817604184150696 4.5932867756235565 1.8071390390396118 0.6546299457550049
358 1.1563005447387695 11.408283357566376 3.428571939468384 4.67561674118042 0.3776914179325104 4.590199037265921 1.7991219758987427 0.6372243762016296
359 1.1504079103469849 11.406025560556413 3.429623603820801 4.665233135223389 0.3698483109474182 4.595233323499998 1.7919272184371948 0.6309019327163696
360 1.1523017883300781 11.40397598591476 3.4301624298095703 4.666909694671631 0.37318578362464905 4.592258042745303 1.7938644886016846 0.6342934966087341
361 1.1492639780044556 11.397738218541543 3.4331274032592773 4.666014194488525 0.37747707962989807 4.592985771091396 1.8052202463150024 0.6413124799728394
362 1.1517828702926636 11.39599860997161 3.432035207748413 4.663169860839844 0.38327649235725403 4.587753542273432 1.7986592054367065 0.6401028037071228
363 1.1474626064300537 11.393559017924762 3.4282515048980713 4.667707443237305 0.375961035490036 4.592444671439601 1.801919937133789 0.6456987261772156
364 1.1491590738296509 11.39738887387732 3.428284168243408 4.671182632446289 0.38043341040611267 4.581659123684675 1.8015556335449219 0.6491199731826782
365 1.1496723890304565 11.39815539066756 3.428759813308716 4.672647953033447 0.3806617558002472 4.581787920170976 1.8023128509521484 0.6547394394874573
366 1.1498180627822876 11.399031823121794 3.430737257003784 4.672821998596191 0.38379156589508057 4.581723773613059 1.8022561073303223 0.6555030941963196
367 1.152124285697937 11.395840039951615 3.434753656387329 4.684938430786133 0.3886319696903229 4.576726700753675 1.8126376867294312 0.7776397466659546
368 1.15299654006958 11.444690741245582 3.4352762699127197 4.684591293334961 0.3895774185657501 4.654707350213111 1.8343397378921509 0.7778805494308472
369 1.1514928340911865 11.445427474521754 3.431380033493042 4.683173656463623 0.39038801193237305 4.652756150930433 1.828027606010437 0.779671847820282
370 1.154473900794983 11.440586361853565 3.450134038925171 4.6820759773254395 0.3864319622516632 4.651844028760283 1.865660309791565 0.7750138640403748
371 1.1528509855270386 11.443708827609504 3.450387716293335 4.682185173034668 0.38130512833595276 4.65554868214175 1.864341139793396 0.7700605988502502
372 1.1519832611083984 11.4438080303291 3.449004650115967 4.677238941192627 0.38142725825309753 4.656005015027274 1.8639456033706665 0.769771933555603
373 1.1612392663955688 11.436482761753064 3.4551141262054443 4.666943073272705 0.402549147605896 4.6420238680719805 1.8685722351074219 0.7699137330055237
374 1.1648999452590942 11.436504715865466 3.4554636478424072 4.664440631866455 0.4070967733860016 4.639847641980332 1.8678163290023804 0.7635102868080139
375 1.1643049716949463 11.43957735896205 3.454531192779541 4.664205074310303 0.4057867228984833 4.640032797128983 1.8676420450210571 0.7634568810462952
376 1.1624583005905151 11.443196336201456 3.4540555477142334 4.66554594039917 0.40190696716308594 4.6428981742369935 1.8683505058288574 0.7628383040428162
377 1.1619234085083008 11.442977430172416 3.453744888305664 4.664312362670898 0.4004754424095154 4.638892019815597 1.8641546964645386 0.7635312676429749
378 1.1611286401748657 11.442431418884727 3.4529945850372314 4.66348123550415 0.39864206314086914 4.637099439990567 1.8624268770217896 0.7623386979103088
379 1.1483819484710693 11.442913936155449 3.4489693641662598 4.646490097045898 0.3887450695037842 4.641929288821302 1.863451600074768 0.7732893824577332
380 1.1598713397979736 11.489089068113445 3.4493863582611084 4.67732048034668 0.3815334141254425 4.678630085523063 1.8741393089294434 0.7606673240661621
381 1.1542398929595947 11.479229079161431 3.4487242698669434 4.669337749481201 0.3806007206439972 4.663687436170551 1.8704699277877808 0.7621011137962341
382 1.1534435749053955 11.499826605385929 3.4485650062561035 4.668613433837891 0.3807131052017212 4.6676585830655615 1.8708373308181763 0.7621257305145264
383 1.1510417461395264 11.495549717375924 3.4537246227264404 4.664735317230225 0.375288724899292 4.662932845416293 1.8753187656402588 0.7608243823051453
384 1.1510411500930786 11.495546524289958 3.453723669052124 4.664735317230225 0.3752916157245636 4.662931403026712 1.875319004058838 0.7608461380004883
385 1.1592023372650146 11.519343448453123 3.455873727798462 4.669443607330322 0.3703920245170593 4.662819024834052 1.8760896921157837 0.7451168894767761
386 1.159570574760437 11.515233060552003 3.456637382507324 4.667206764221191 0.3698767423629761 4.681352366285288 1.8824870586395264 0.7388291358947754
387 1.1615461111068726 11.510935860447331 3.45554780960083 4.666329860687256 0.3729217052459717 4.674719764011166 1.8804744482040405 0.7422683835029602
388 1.161760926246643 11.51553887588943 3.4541962146759033 4.673727512359619 0.3712437152862549 4.679342992296369 1.8765445947647095 0.7451552748680115
389 1.1649751663208008 11.516365253587505 3.4558863639831543 4.6730241775512695 0.3816683888435364 4.677377614455062 1.881434440612793 0.7459033131599426
390 1.1646769046783447 11.520850297964206 3.457522392272949 4.678945064544678 0.37965530157089233 4.683421211835733 1.886128306388855 0.7473931312561035
391 1.169169545173645 11.529219533849393 3.456338882446289 4.696018695831299 0.38681063055992126 4.684501978086179 1.8954929113388062 0.7777382135391235
392 1.167794942855835 11.456636375923399 3.4567131996154785 4.694150447845459 0.38373300433158875 4.657461225936322 1.8887039422988892 0.7761613726615906
393 1.1629494428634644 11.468310693453008 3.4555823802948 4.700721263885498 0.3746255040168762 4.663163942986298 1.8904242515563965 0.7834014296531677
394 1.163045048713684 11.468575253105735 3.4490222930908203 4.70084285736084 0.3747830092906952 4.663264695959665 1.8817546367645264 0.7834033370018005
395 1.1626840829849243 11.465660325184801 3.4480865001678467 4.696048736572266 0.38153988122940063 4.660391010213049 1.8814325332641602 0.7801429033279419
396 1.1569268703460693 11.45953254446457 3.4471688270568848 4.678622245788574 0.38558509945869446 4.668077249663798 1.8823368549346924 0.779383659362793
397 1.1558034420013428 11.45963509282834 3.447690486907959 4.678870677947998 0.3857366144657135 4.669244398403237 1.88203763961792 0.7792454957962036
398 1.1485261917114258 11.449895879971578 3.4366848468780518 4.668532848358154 0.3991692066192627 4.647759223102023 1.8796069622039795 0.7832311391830444
399 1.1484891176223755 11.450134639103208 3.436699628829956 4.667817115783691 0.3990735709667206 4.648106313913747 1.8794379234313965 0.7785639762878418
400 1.1489036083221436 11.451665052327598 3.4357495307922363 4.6729736328125 0.3992747664451599 4.6538624379559845 1.88022780418396 0.780659019947052
