init 1.0235326290130615 2.3730773969795464 3.3017847537994385 2.088191509246826 0.0 0.0 0.0 0.0
1 1.0235326290130615 2.2328924493438493 3.369541645050049 2.088191509246826 0.0 0.8813266928139003 0.8303491473197937 0.0
2 1.0235326290130615 2.2364645118612962 3.3717973232269287 2.088191509246826 0.0 0.7750734497735915 0.7991278767585754 0.0
3 1.0235326290130615 2.352296517405997 3.3703205585479736 2.08837628364563 0.0 0.8121237596822921 0.8538093566894531 0.0100571159273386
4 1.0235326290130615 2.3382587299735906 3.3716204166412354 2.08837628364563 0.0 0.7516476098084731 0.8594628572463989 0.0100571159273386
5 1.0235326290130615 2.3382587299735906 3.3323991298675537 2.08837628364563 0.0 0.7516476098084731 0.9210907816886902 0.0100571159273386
6 1.0235326290130615 5.353839374365432 3.332423686981201 2.087796211242676 0.0 5.79525474033965 1.7864593267440796 0.018783992156386375
7 1.0235326290130615 5.360244591939884 3.329298734664917 2.08689284324646 0.0 5.799733851628095 1.768337607383728 0.023524820804595947
8 1.0235326290130615 5.368838832181088 3.3317999839782715 2.08689284324646 0.0 5.808224267650684 1.7534934282302856 0.023524820804595947
9 1.0235326290130615 5.368838832181088 3.320413112640381 2.08689284324646 0.0 5.808224267650684 1.716463565826416 0.023524820804595947
10 1.0235326290130615 5.38475581642028 3.3204169273376465 2.08689284324646 0.0 5.8110781397432385 1.7249462604522705 0.023524820804595947
11 1.0235326290130615 5.38475581642028 3.357168674468994 2.08689284324646 0.0 5.8110781397432385 1.693077564239502 0.023524820804595947
12 1.0235326290130615 5.38397031777145 3.3551712036132813 2.08689284324646 0.0 5.810206823429084 1.6847074031829834 0.023524820804595947
13 1.0235326290130615 5.38397031777145 3.3656296730041504 2.08689284324646 0.0 5.810206823429084 1.7294585704803467 0.023524820804595947
14 1.0235326290130615 5.38397031777145 3.3668203353881836 2.0871570110321045 0.0 5.810206823429084 1.7246744632720947 0.024797558784484863
15 1.0235326290130615 5.38397031777145 3.3675403594970703 2.0871570110321045 0.0 5.810206823429084 1.7272676229476929 0.024797558784484863
16 1.0235326290130615 5.38397031777145 3.3675403594970703 2.0871570110321045 0.0 5.810206823429084 1.7272676229476929 0.024797558784484863
17 1.0235326290130615 5.461787091577677 3.3370485305786133 2.0871570110321045 0.0 5.84100898586499 1.7133680582046509 0.024797558784484863
18 1.0235326290130615 5.5004971054058664 3.336979866027832 2.0805656909942627 0.0 5.868576394598006 1.7204573154449463 0.09883126616477966
19 1.0235326290130615 5.50105448734395 3.33586049079895 2.0805656909942627 0.0 5.869121577129822 1.735203504562378 0.09883126616477966
20 1.0235326290130615 5.50105448734395 3.3358399868011475 2.0805656909942627 0.0 5.869121577129822 1.735270380973816 0.09883126616477966
21 1.0235326290130615 5.50105448734395 3.3352086544036865 2.0805656909942627 0.0 5.869121577129822 1.7343380451202393 0.09883126616477966
22 1.0235326290130615 5.50105448734395 3.3351426124572754 2.0805656909942627 0.0 5.869121577129822 1.7341489791870117 0.09883126616477966
23 1.0235326290130615 5.500156199825209 3.335073947906494 2.0805656909942627 0.0 5.868128052048631 1.7344831228256226 0.09883126616477966
24 1.0235326290130615 5.500156199825209 3.335118293762207 2.07292103767395 0.0 5.868128052048631 1.7345218658447266 0.17254120111465454
25 1.0235326290130615 5.500156199825209 3.335118293762207 2.07292103767395 0.0 5.868128052048631 1.7345218658447266 0.17254120111465454
26 1.0235326290130615 5.500156199825209 3.3349955081939697 2.07292103767395 0.0 5.868128052048631 1.7341444492340088 0.17254120111465454
27 1.0235326290130615 5.424211011948 3.328378915786743 2.07292103767395 0.0 5.833438450998147 1.7142314910888672 0.17254120111465454
28 1.0235326290130615 5.424211011948 3.328378915786743 2.07292103767395 0.0 5.833438450998147 1.7142314910888672 0.17254120111465454
29 1.0235326290130615 5.426064248718597 3.3196723461151123 2.07292103767395 0.0 5.836584414921598 1.7344788312911987 0.17254120111465454
30 1.0235326290130615 5.425617410624547 3.3204402923583984 2.07292103767395 0.0 5.834992403715381 1.7288594245910645 0.17254120111465454
31 1.0235326290130615 5.425617410624547 3.319929838180542 2.07292103767395 0.0 5.834992403715381 1.7335755825042725 0.17254120111465454
32 1.0235326290130615 5.425617410624547 3.322017192840576 2.07292103767395 0.0 5.834992403715381 1.7331485748291016 0.17254120111465454
33 1.0235326290130615 5.425617410624547 3.3219759464263916 2.07292103767395 0.0 5.834992403715381 1.73340904712677 0.17254120111465454
34 1.0235326290130615 5.425617410624547 3.3219759464263916 2.07292103767395 0.0 5.834992403715381 1.73340904712677 0.17254120111465454
35 1.0235326290130615 5.425617410624547 3.322033405303955 2.07292103767395 0.0 5.834992403715381 1.7335573434829712 0.17254120111465454
36 1.0235326290130615 5.425753803443334 3.322033405303955 2.07292103767395 0.0 5.8351464057158084 1.7335203886032104 0.17254120111465454
37 1.0235326290130615 5.425753803443334 3.322033405303955 2.07292103767395 0.0 5.8351464057158084 1.7335203886032104 0.17254120111465454
38 1.0235326290130615 5.425753803443334 3.322033405303955 2.07292103767395 0.0 5.8351464057158084 1.7335203886032104 0.17254120111465454
39 1.0235326290130615 5.425753803443334 3.322033405303955 2.07292103767395 0.0 5.8351464057158084 1.7335203886032104 0.17254120111465454
40 1.0235326290130615 5.425753803443334 3.3199098110198975 2.071988344192505 0.0 5.8351464057158084 1.735347867012024 0.17365556955337524
41 1.0235326290130615 5.425753803443334 3.3199522495269775 2.071988344192505 0.0 5.8351464057158084 1.736086368560791 0.17365556955337524
42 1.0235326290130615 5.425753803443334 3.319735527038574 2.071988344192505 0.0 5.8351464057158084 1.7405391931533813 0.17365556955337524
43 1.0235326290130615 5.425753803443334 3.319753646850586 2.071988344192505 0.0 5.8351464057158084 1.7413328886032104 0.17365556955337524
44 1.0235326290130615 5.425783175427208 3.319803476333618 2.071988344192505 0.0 5.835179555893491 1.7416893243789673 0.17365556955337524
45 1.0235326290130615 5.425783175427208 3.3145554065704346 2.071988344192505 0.0 5.835179555893491 1.7346460819244385 0.17365556955337524
46 1.0235326290130615 5.425783175427208 3.314725637435913 2.071988344192505 0.0 5.835179555893491 1.7348073720932007 0.17365556955337524
47 1.0235326290130615 5.425783175427208 3.3199942111968994 2.071988344192505 0.0 5.835179555893491 1.7559771537780762 0.17365556955337524
48 1.0235326290130615 5.425783175427208 3.3199942111968994 2.071988344192505 0.0 5.835179555893491 1.7559771537780762 0.17365556955337524
49 1.0235326290130615 5.425783175427208 3.3086540699005127 2.071988344192505 0.0 5.835179555893491 1.7421469688415527 0.17365556955337524
50 1.0235326290130615 5.425783175427208 3.3141586780548096 2.0720694065093994 0.0 5.835179555893491 1.751780390739441 0.17380322515964508
51 1.0235326290130615 5.425783175427208 3.3142828941345215 2.001225471496582 0.0 5.835179555893491 1.7595914602279663 0.5870628356933594
52 1.0235326290130615 5.425783175427208 3.317779064178467 2.001225471496582 0.0 5.835179555893491 1.7559298276901245 0.5870628356933594
53 1.0235326290130615 5.425783175427208 3.3177764415740967 2.001225471496582 0.0 5.835179555893491 1.7559319734573364 0.5870628356933594
54 1.0235326290130615 5.425783175427208 3.317561388015747 2.002153158187866 0.0 5.835179555893491 1.7590612173080444 0.5882097482681274
55 1.0235326290130615 5.425783175427208 3.317561388015747 2.002153158187866 0.0 5.835179555893491 1.7590612173080444 0.5882097482681274
56 1.0235326290130615 5.425783175427208 3.317561388015747 2.002153158187866 0.0 5.835179555893491 1.7590612173080444 0.5882097482681274
57 1.0235326290130615 5.425783175427208 3.317549228668213 2.002153158187866 0.0 5.835179555893491 1.750825047492981 0.5882097482681274
58 1.0235326290130615 5.425783175427208 3.3177199363708496 2.002153158187866 0.0 5.835179555893491 1.751372218132019 0.5882097482681274
59 1.0235326290130615 5.425783175427208 3.31856632232666 2.0020344257354736 0.0 5.835179555893491 1.7458833456039429 0.5869487524032593
60 1.0235326290130615 5.425783175427208 3.318096160888672 1.991563081741333 0.0 5.835179555893491 1.7476528882980347 0.6247959733009338
61 1.0235326290130615 5.425783175427208 3.31842041015625 1.991563081741333 0.0 5.835179555893491 1.7487837076187134 0.6247959733009338
62 1.0235326290130615 5.425783175427208 3.31842041015625 1.991563081741333 0.0 5.835179555893491 1.7487837076187134 0.6247959733009338
63 1.0235326290130615 5.425783175427208 3.31842041015625 1.991563081741333 0.0 5.835179555893491 1.7487837076187134 0.6247959733009338
64 1.0235326290130615 5.425783175427208 3.31842041015625 1.991563081741333 0.0 5.835179555893491 1.7487837076187134 0.6247959733009338
65 1.0235326290130615 5.425783175427208 3.2957396507263184 1.9916292428970337 0.0 5.835179555893491 1.7844767570495605 0.6290157437324524
66 1.0235326290130615 5.425783175427208 3.2960009574890137 1.9922529458999634 0.0 5.835179555893491 1.7845690250396729 0.6320071816444397
67 1.0235326290130615 5.425783175427208 3.2960009574890137 1.9922529458999634 0.0 5.835179555893491 1.7845690250396729 0.6320071816444397
68 1.0235326290130615 5.425783175427208 3.2962400913238525 1.9922529458999634 0.0 5.835179555893491 1.78425133228302 0.6320071816444397
69 1.0235326290130615 5.425783175427208 3.2963240146636963 1.9922529458999634 0.0 5.835179555893491 1.7865638732910156 0.6320071816444397
70 1.0235326290130615 5.425783175427208 3.2965574264526367 1.9922529458999634 0.0 5.835179555893491 1.7859876155853271 0.6320071816444397
71 1.0235326290130615 5.425783175427208 3.2965574264526367 1.9922529458999634 0.0 5.835179555893491 1.7859876155853271 0.6320071816444397
72 1.0235326290130615 5.425783175427208 3.296509265899658 1.9922529458999634 0.0 5.835179555893491 1.787436842918396 0.6320071816444397
73 1.0235326290130615 5.425783175427208 3.296509265899658 1.9922529458999634 0.0 5.835179555893491 1.787436842918396 0.6320071816444397
74 1.0235326290130615 5.425783175427208 3.296509265899658 1.9922529458999634 0.0 5.835179555893491 1.787436842918396 0.6320071816444397
75 1.0235326290130615 5.425783175427208 3.29671049118042 1.9936347007751465 0.0 5.835179555893491 1.7903506755828857 0.6343465447425842
76 1.0235326290130615 5.425783175427208 3.2966275215148926 1.9937981367111206 0.0 5.835179555893491 1.789194941520691 0.6351392269134521
77 1.0235326290130615 5.425783175427208 3.2966275215148926 1.9937981367111206 0.0 5.835179555893491 1.789194941520691 0.6351392269134521
78 1.0235326290130615 5.426468037470266 3.2966275215148926 1.9937981367111206 0.0 5.8359613659968 1.7890129089355469 0.6351392269134521
79 1.0235326290130615 5.426468037470266 3.296595573425293 1.9937981367111206 0.0 5.8359613659968 1.785800576210022 0.6351392269134521
80 1.0235326290130615 5.426468037470266 3.297018527984619 1.9937981367111206 0.0 5.8359613659968 1.7859270572662354 0.6351392269134521
81 1.0235326290130615 5.426468037470266 3.2984700202941895 1.9937981367111206 0.0 5.8359613659968 1.784605622291565 0.6351392269134521
82 1.0235326290130615 5.426468037470266 3.3076727390289307 1.9937981367111206 0.0 5.8359613659968 1.7693012952804565 0.6351392269134521
83 1.0235326290130615 5.426468037470266 3.304716110229492 2.062260627746582 0.0 5.8359613659968 1.7667856216430664 0.31267842650413513
84 1.0235326290130615 5.426468037470266 3.303804397583008 2.056934356689453 0.0 5.8359613659968 1.7663853168487549 0.25377368927001953
85 1.0235326290130615 5.426468037470266 3.3037803173065186 2.056405782699585 0.0 5.8359613659968 1.7664037942886353 0.25450029969215393
86 1.0235326290130615 5.426468037470266 3.3035430908203125 2.056405782699585 0.0 5.8359613659968 1.7576197385787964 0.25450029969215393
87 1.0235326290130615 5.426468037470266 3.3035430908203125 2.056405782699585 0.0 5.8359613659968 1.7576197385787964 0.25450029969215393
88 1.0235326290130615 5.426468037470266 3.3035430908203125 2.056405782699585 0.0 5.8359613659968 1.7576197385787964 0.25450029969215393
89 1.0235326290130615 5.426484596890554 3.3037195205688477 2.056405782699585 0.0 5.835980158877619 1.7595981359481812 0.25450029969215393
90 1.0235326290130615 5.426484596890554 3.30330753326416 2.056405782699585 0.0 5.835980158877619 1.7602156400680542 0.25450029969215393
91 1.0235326290130615 5.426484596890554 3.306528091430664 2.056405782699585 0.0 5.835980158877619 1.757334589958191 0.25450029969215393
92 1.0235326290130615 5.426484596890554 3.306528091430664 2.056405782699585 0.0 5.835980158877619 1.757334589958191 0.25450029969215393
93 1.0235326290130615 5.426484596890554 3.306528091430664 2.056405782699585 0.0 5.835980158877619 1.757334589958191 0.25450029969215393
94 1.0235326290130615 5.426484596890554 3.306528091430664 2.056405782699585 0.0 5.835980158877619 1.757334589958191 0.25450029969215393
95 1.0235326290130615 5.426484596890554 3.308309316635132 2.125636577606201 0.0 5.835980158877619 1.769199252128601 0.6074028015136719
96 1.0235326290130615 5.426484596890554 3.3075108528137207 2.125636577606201 0.0 5.835980158877619 1.7696315050125122 0.6074028015136719
97 1.0235326290130615 5.426484596890554 3.3075108528137207 2.125636577606201 0.0 5.835980158877619 1.7696315050125122 0.6074028015136719
98 1.0235326290130615 5.426484596890554 3.305877447128296 2.078422784805298 0.0 5.835980158877619 1.7627348899841309 0.2614036500453949
99 1.0235326290130615 5.426484596890554 3.305877447128296 2.078422784805298 0.0 5.835980158877619 1.7627348899841309 0.2614036500453949
100 1.0235326290130615 5.426484596890554 3.305877447128296 2.078422784805298 0.0 5.835980158877619 1.7627348899841309 0.2614036500453949
101 1.0235326290130615 5.426484596890554 3.3062636852264404 2.078422784805298 0.0 5.835980158877619 1.762672781944275 0.2614036500453949
102 1.0235326290130615 5.426484596890554 3.3062803745269775 2.078422784805298 0.0 5.835980158877619 1.762679934501648 0.2614036500453949
103 1.0235326290130615 5.426484596890554 3.3062803745269775 2.078422784805298 0.0 5.835980158877619 1.762679934501648 0.2614036500453949
104 1.0235326290130615 5.426484596890554 3.3065009117126465 2.078422784805298 0.0 5.835980158877619 1.7623673677444458 0.2614036500453949
105 1.0235326290130615 5.426484596890554 3.306382417678833 2.012079954147339 0.0 5.835980158877619 1.7780940532684326 0.6015859842300415
106 1.0235326290130615 5.426252241647782 3.306382417678833 2.012079954147339 0.0 5.836363356287497 1.7780048847198486 0.6015859842300415
107 1.0235326290130615 5.426252241647782 3.306382417678833 2.012079954147339 0.0 5.836363356287497 1.7780048847198486 0.6015859842300415
108 1.0235326290130615 5.426252241647782 3.306382417678833 2.012079954147339 0.0 5.836363356287497 1.7780048847198486 0.6015859842300415
109 1.0235326290130615 5.314037600403227 3.3063769340515137 2.012079954147339 0.0 5.789580932837821 1.7671629190444946 0.6015859842300415
110 1.0235326290130615 5.314037600403227 3.306058168411255 2.012079954147339 0.0 5.789580932837821 1.7552870512008667 0.6015859842300415
111 1.0235326290130615 5.310563121404683 3.3060128688812256 2.012079954147339 0.0 5.785240201311009 1.7433866262435913 0.6015859842300415
112 1.0235326290130615 5.310563121404683 3.306039333343506 2.012079954147339 0.0 5.785240201311009 1.7433933019638062 0.6015859842300415
113 1.0235326290130615 5.310563121404683 3.306039333343506 2.012079954147339 0.0 5.785240201311009 1.7433933019638062 0.6015859842300415
114 1.0235326290130615 5.311512737365856 3.306039333343506 2.012079954147339 0.0 5.786236506903961 1.7452523708343506 0.6015859842300415
115 1.0235326290130615 5.311512737365856 3.3017754554748535 2.012079954147339 0.0 5.786236506903961 1.7313817739486694 0.6015859842300415
116 1.0235326290130615 5.311512737365856 3.3017754554748535 2.012079954147339 0.0 5.786236506903961 1.7313817739486694 0.6015859842300415
117 1.0235326290130615 5.311512737365856 3.301758289337158 2.012079954147339 0.0 5.786236506903961 1.731394648551941 0.6015859842300415
118 1.0235326290130615 5.311512737365856 3.301758289337158 2.012079954147339 0.0 5.786236506903961 1.731394648551941 0.6015859842300415
119 1.0235326290130615 5.311512737365856 3.301758289337158 2.012079954147339 0.0 5.786236506903961 1.731394648551941 0.6015859842300415
120 1.0235326290130615 5.311512737365856 3.3007586002349854 2.012079954147339 0.0 5.786236506903961 1.7234382629394531 0.6015859842300415
121 1.0235326290130615 5.311512737365856 3.3007023334503174 2.012079954147339 0.0 5.786236506903961 1.7318016290664673 0.6015859842300415
122 1.0235326290130615 5.311512737365856 3.299960136413574 2.012079954147339 0.0 5.786236506903961 1.7316416501998901 0.6015859842300415
123 1.0235326290130615 5.311512737365856 3.2998738288879395 2.015106439590454 0.0 5.786236506903961 1.7320590019226074 0.6152047514915466
124 1.0235326290130615 5.312641688965783 3.300468683242798 2.015106439590454 0.0 5.787375909747737 1.739800214767456 0.6152047514915466
125 1.0235326290130615 5.312641688965783 3.3006772994995117 2.015106439590454 0.0 5.787375909747737 1.7494516372680664 0.6152047514915466
126 1.0235326290130615 5.312641688965783 3.301360845565796 2.015106439590454 0.0 5.787375909747737 1.7509346008300781 0.6152047514915466
127 1.0235326290130615 5.312641688965783 3.301360845565796 2.015106439590454 0.0 5.787375909747737 1.7509346008300781 0.6152047514915466
128 1.0235326290130615 5.312641688965783 3.301360845565796 2.015106439590454 0.0 5.787375909747737 1.7509346008300781 0.6152047514915466
129 1.0235326290130615 5.312918116849255 3.2984373569488525 2.015106439590454 0.0 5.787678409911373 1.7545689344406128 0.6152047514915466
130 1.0235326290130615 5.312125677218327 3.2984237670898438 2.0151243209838867 0.0 5.786817440116346 1.7551689147949219 0.6152501702308655
131 1.0235326290130615 5.312125677218327 3.299811840057373 2.0151243209838867 0.0 5.786817440116346 1.7536864280700684 0.6152501702308655
132 1.0235326290130615 5.312125677218327 3.32145357131958 2.0151243209838867 0.0 5.786817440116346 1.8291980028152466 0.6152501702308655
133 1.0235326290130615 5.312125677218327 3.32145357131958 2.0151243209838867 0.0 5.786817440116346 1.8291980028152466 0.6152501702308655
134 1.0235326290130615 5.312125677218327 3.323470115661621 2.0151243209838867 0.0 5.786817440116346 1.828141212463379 0.6152501702308655
135 1.0235326290130615 5.312125677218327 3.323423385620117 2.0151243209838867 0.0 5.786817440116346 1.8275610208511353 0.6152501702308655
136 1.0235326290130615 5.312125677218327 3.325489044189453 2.0151243209838867 0.0 5.786817440116346 1.8329161405563354 0.6152501702308655
137 1.0235326290130615 5.312125677218327 3.3250627517700195 2.0151243209838867 0.0 5.786817440116346 1.8270045518875122 0.6152501702308655
138 1.0235326290130615 5.312125677218327 3.3251240253448486 2.0151243209838867 0.0 5.786817440116346 1.8191920518875122 0.6152501702308655
139 1.0235326290130615 5.312125677218327 3.3251240253448486 2.0151243209838867 0.0 5.786817440116346 1.8191920518875122 0.6152501702308655
140 1.0235326290130615 5.312125677218327 3.3280327320098877 2.0151243209838867 0.0 5.786817440116346 1.8306138515472412 0.6152501702308655
141 1.0235326290130615 5.312125677218327 3.327968120574951 2.0151243209838867 0.0 5.786817440116346 1.8301365375518799 0.6152501702308655
142 1.0235326290130615 5.312125677218327 3.327968120574951 2.0151243209838867 0.0 5.786817440116346 1.8301365375518799 0.6152501702308655
143 1.0235326290130615 5.312125677218327 3.324795961380005 2.0151243209838867 0.0 5.786817440116346 1.8258099555969238 0.6152501702308655
144 1.0235326290130615 5.311783815585743 3.324795961380005 2.0151243209838867 0.0 5.78645165538307 1.8258925676345825 0.6152501702308655
145 1.0235326290130615 5.311783815585743 3.346627950668335 2.0151243209838867 0.0 5.78645165538307 1.8521748781204224 0.6152501702308655
146 1.0235326290130615 5.311783815585743 3.3525853157043457 2.0151243209838867 0.0 5.78645165538307 1.8574542999267578 0.6152501702308655
147 1.0235326290130615 5.311783815585743 3.352726697921753 2.0151243209838867 0.0 5.78645165538307 1.858120322227478 0.6152501702308655
148 1.0235326290130615 5.311513057519066 3.352778673171997 2.0151243209838867 0.0 5.7861643635674795 1.8503395318984985 0.6152501702308655
149 1.0235326290130615 5.311513057519066 3.3529043197631836 2.0151243209838867 0.0 5.7861643635674795 1.8498539924621582 0.6152501702308655
150 1.0235326290130615 5.311513057519066 3.3529183864593506 2.0151243209838867 0.0 5.7861643635674795 1.85029935836792 0.6152501702308655
151 1.0235326290130615 5.311513057519066 3.3529469966888428 2.0151243209838867 0.0 5.7861643635674795 1.850322961807251 0.6152501702308655
152 1.0235326290130615 5.311513057519066 3.35268497467041 2.0151243209838867 0.0 5.7861643635674795 1.8498865365982056 0.6152501702308655
153 1.0235326290130615 5.311513057519066 3.35268497467041 2.0151243209838867 0.0 5.7861643635674795 1.8498865365982056 0.6152501702308655
154 1.0235326290130615 5.311513057519066 3.3503799438476563 2.0151243209838867 0.0 5.7861643635674795 1.8539642095565796 0.6152501702308655
155 1.0235326290130615 5.311513057519066 3.3503799438476563 2.0151243209838867 0.0 5.7861643635674795 1.8536204099655151 0.6152501702308655
156 1.0235326290130615 5.311513057519066 3.368435859680176 2.0151243209838867 0.0 5.7861643635674795 1.8471848964691162 0.6152501702308655
157 1.0235326290130615 5.311513057519066 3.367929220199585 2.0151243209838867 0.0 5.7861643635674795 1.8463881015777588 0.6152501702308655
158 1.0235326290130615 5.311513057519066 3.367713451385498 2.0151243209838867 0.0 5.7861643635674795 1.8455785512924194 0.6152501702308655
159 1.0235326290130615 5.311513057519066 3.367713451385498 2.0151243209838867 0.0 5.7861643635674795 1.8455785512924194 0.6152501702308655
160 1.0235326290130615 5.311513057519066 3.364147186279297 2.0151243209838867 0.0 5.7861643635674795 1.9264271259307861 0.6152501702308655
161 1.0235326290130615 5.3109683080388255 3.364590644836426 2.082738161087036 0.0 5.785593252174403 1.9207669496536255 0.27632102370262146
162 1.0235326290130615 5.312301622572822 3.3646340370178223 2.082738161087036 0.0 5.787085013117822 1.9097853899002075 0.27632102370262146
163 1.0235326290130615 5.312301622572822 3.367123603820801 2.082738161087036 0.0 5.787085013117822 1.8275038003921509 0.27632102370262146
164 1.0235326290130615 5.312783277598356 3.3870930671691895 2.082738161087036 0.0 5.787612371842354 1.844883680343628 0.27632102370262146
165 1.0235326290130615 5.312494101438841 3.3894598484039307 2.082738161087036 0.0 5.787295003376201 1.8469727039337158 0.27632102370262146
166 1.0235326290130615 5.311641902479764 3.3865225315093994 2.082738161087036 0.0 5.786300810032768 1.8560587167739868 0.27632102370262146
167 1.0235326290130615 5.311641902479764 3.385890007019043 2.083458423614502 0.0 5.786300810032768 1.8555063009262085 0.2214491218328476
168 1.0235326290130615 5.311641902479764 3.386131525039673 2.083458423614502 0.0 5.786300810032768 1.859752893447876 0.2214491218328476
169 1.0235326290130615 5.312890482309349 3.392564058303833 2.083458423614502 0.0 5.7877303557976 1.8551439046859741 0.2214491218328476
170 1.0235326290130615 5.312890482309349 3.3906443119049072 2.083458423614502 0.0 5.7877303557976 1.8503375053405762 0.2214491218328476
171 1.0235326290130615 5.312890482309349 3.390526533126831 2.0823988914489746 0.0 5.7877303557976 1.8501259088516235 0.21574164927005768
172 1.0235326290130615 5.31258400592039 3.390526533126831 2.0823988914489746 0.0 5.787393275217694 1.8500503301620483 0.21574164927005768
173 1.0235326290130615 5.31258400592039 3.391235828399658 2.0823988914489746 0.0 5.787393275217694 1.849902868270874 0.21574164927005768
174 1.0235326290130615 5.31258400592039 3.3913092613220215 2.0823988914489746 0.0 5.787393275217694 1.8493648767471313 0.21574164927005768
175 1.0235326290130615 5.31258400592039 3.3913252353668213 2.0823988914489746 0.0 5.787393275217694 1.849328875541687 0.21574164927005768
176 1.0235326290130615 5.31258400592039 3.3921144008636475 2.0823988914489746 0.0 5.787393275217694 1.8489048480987549 0.21574164927005768
177 1.0235326290130615 5.31258400592039 3.3921144008636475 2.0823988914489746 0.0 5.787393275217694 1.8489048480987549 0.21574164927005768
178 1.0235326290130615 5.31258400592039 3.392627239227295 2.0823988914489746 0.0 5.787393275217694 1.8463202714920044 0.21574164927005768
179 1.0235326290130615 5.31258400592039 3.3926570415496826 2.0844545364379883 0.0 5.787393275217694 1.845870018005371 0.2153731882572174
180 1.0235326290130615 5.312487856680559 3.3940248489379883 2.1493465900421143 0.0 5.78728808661413 1.8578917980194092 0.5893251299858093
181 1.0235326290130615 5.312487856680559 3.3940200805664063 2.1493465900421143 0.0 5.78728808661413 1.8579069375991821 0.5893251299858093
182 1.0235326290130615 5.312487856680559 3.3940229415893555 2.1493465900421143 0.0 5.78728808661413 1.8581093549728394 0.5893251299858093
183 1.0235326290130615 5.312487856680559 3.393787384033203 2.1493465900421143 0.0 5.78728808661413 1.8501228094100952 0.5893251299858093
184 1.0235326290130615 5.312487856680559 3.3937222957611084 2.1493465900421143 0.0 5.78728808661413 1.8442292213439941 0.5893251299858093
185 1.0235326290130615 5.31179704056373 3.386206865310669 2.1493465900421143 0.0 5.786465798792091 1.848061442375183 0.5893251299858093
186 1.0235326290130615 5.311759072590181 3.385946750640869 2.1493465900421143 0.0 5.786425386157227 1.8493279218673706 0.5893251299858093
187 1.0235326290130615 5.311759072590181 3.385767698287964 2.136725425720215 0.0 5.786425386157227 1.8494160175323486 0.590214729309082
188 1.0235326290130615 5.311759072590181 3.383309841156006 2.136725425720215 0.0 5.786425386157227 1.8428351879119873 0.590214729309082
189 1.0235326290130615 5.311759072590181 3.383277177810669 2.136725425720215 0.0 5.786425386157227 1.8430317640304565 0.590214729309082
190 1.0235326290130615 5.311759072590181 3.3832054138183594 2.136725425720215 0.0 5.786425386157227 1.8430757522583008 0.590214729309082
191 1.0235326290130615 5.311759072590181 3.3832054138183594 2.136725425720215 0.0 5.786425386157227 1.8430757522583008 0.590214729309082
192 1.0235326290130615 5.311759072590181 3.3489253520965576 2.136725425720215 0.0 5.786425386157227 1.7715650796890259 0.590214729309082
193 1.0235326290130615 5.311759072590181 3.3494045734405518 2.135868549346924 0.0 5.786425386157227 1.7719262838363647 0.605490505695343
194 1.0235326290130615 5.311759072590181 3.347179412841797 2.074326753616333 0.0 5.786425386157227 1.7532037496566772 0.2588386833667755
195 1.0235326290130615 5.313704121081183 3.347545623779297 2.074326753616333 0.0 5.788550383416273 1.7602547407150269 0.2588386833667755
196 1.0235326290130615 5.313704121081183 3.3500378131866455 2.074326753616333 0.0 5.788550383416273 1.7668050527572632 0.2588386833667755
197 1.0235326290130615 5.313704121081183 3.3500378131866455 2.074326753616333 0.0 5.788550383416273 1.7668050527572632 0.2588386833667755
198 1.0235326290130615 5.313704121081183 3.3500378131866455 2.074326753616333 0.0 5.788550383416273 1.7668050527572632 0.2588386833667755
199 1.0235326290130615 5.313704121081183 3.312509536743164 2.0737979412078857 0.0 5.788550383416273 1.811014175415039 0.24987153708934784
200 1.0235326290130615 5.313704121081183 3.31217885017395 2.0737979412078857 0.0 5.788550383416273 1.7879887819290161 0.24987153708934784
201 1.0235326290130615 5.313704121081183 3.310349464416504 2.0737979412078857 0.0 5.788550383416273 1.792373538017273 0.24987153708934784
202 1.0235326290130615 5.313704121081183 3.31058406829834 2.1242761611938477 0.0 5.788550383416273 1.8117127418518066 0.6020830273628235
203 1.0235326290130615 5.313704121081183 3.310797691345215 2.1286237239837646 0.0 5.788550383416273 1.8117045164108276 0.601814329624176
204 1.0235326290130615 5.313704121081183 3.3094401359558105 2.133817195892334 0.0 5.788550383416273 1.8285421133041382 0.5887762904167175
205 1.0235326290130615 5.313704121081183 3.3087546825408936 2.133817195892334 0.0 5.788550383416273 1.827016830444336 0.5887762904167175
206 1.0235326290130615 5.313704121081183 3.3068082332611084 2.1340558528900146 0.0 5.788550383416273 1.832749843597412 0.5966302752494812
207 1.0235326290130615 5.313704121081183 3.3068082332611084 2.1340558528900146 0.0 5.788550383416273 1.832749843597412 0.5966302752494812
208 1.0235326290130615 5.313281172433364 3.307823419570923 2.1340558528900146 0.0 5.788078928887415 1.8151880502700806 0.5966302752494812
209 1.0235326290130615 5.313281172433364 3.3453354835510254 2.1340558528900146 0.0 5.788078928887415 1.7771769762039185 0.5966302752494812
210 1.0235326290130615 5.313281172433364 3.346651315689087 2.1340558528900146 0.0 5.788078928887415 1.7733293771743774 0.5966302752494812
211 1.0235326290130615 5.313281172433364 3.3466923236846924 2.1305723190307617 0.0 5.788078928887415 1.7723219394683838 0.5455669164657593
212 1.0235326290130615 5.313281172433364 3.3457727432250977 2.0501441955566406 0.0 5.788078928887415 1.7809293270111084 0.7977328300476074
213 1.0235326290130615 5.313281172433364 3.3457727432250977 2.0501441955566406 0.0 5.788078928887415 1.7809293270111084 0.7977328300476074
214 1.0235326290130615 5.313208248820545 3.3457727432250977 2.0501441955566406 0.0 5.78808309011272 1.7694669961929321 0.7977328300476074
215 1.0235326290130615 5.313208248820545 3.3457727432250977 2.0501441955566406 0.0 5.78808309011272 1.7694669961929321 0.7977328300476074
216 1.0235326290130615 5.313208248820545 3.3457727432250977 2.0501441955566406 0.0 5.78808309011272 1.7698543071746826 0.7977328300476074
217 1.0235326290130615 5.313208248820545 3.34584903717041 2.0501441955566406 0.0 5.78808309011272 1.7699488401412964 0.7977328300476074
218 1.0235326290130615 5.313208248820545 3.34584903717041 2.0501441955566406 0.0 5.78808309011272 1.7699488401412964 0.7977328300476074
219 1.0235326290130615 5.313208248820545 3.3291330337524414 2.0501441955566406 0.0 5.78808309011272 1.7043856382369995 0.7977328300476074
220 1.0235326290130615 5.313208248820545 3.329477071762085 2.0501441955566406 0.0 5.78808309011272 1.701725959777832 0.7977328300476074
221 1.0235326290130615 5.313208248820545 3.3554117679595947 2.0501441955566406 0.0 5.78808309011272 1.7548097372055054 0.7977328300476074
222 1.0235326290130615 5.313208248820545 3.3553905487060547 2.0501441955566406 0.0 5.78808309011272 1.7610561847686768 0.7977328300476074
223 1.0235326290130615 5.313208248820545 3.3553905487060547 2.0501441955566406 0.0 5.78808309011272 1.7610561847686768 0.7977328300476074
224 1.0235326290130615 5.313208248820545 3.3957278728485107 2.0501441955566406 0.0 5.78808309011272 1.8597633838653564 0.7977328300476074
225 1.0235326290130615 5.313208248820545 3.395740509033203 2.0501441955566406 0.0 5.78808309011272 1.859757661819458 0.7977328300476074
226 1.0235326290130615 5.313208248820545 3.3959171772003174 2.05672550201416 0.0 5.78808309011272 1.8599848747253418 0.7901589274406433
227 1.0235326290130615 5.313208248820545 3.3959171772003174 2.05672550201416 0.0 5.78808309011272 1.8599848747253418 0.7901589274406433
228 1.0235326290130615 5.313208248820545 3.3959171772003174 2.05672550201416 0.0 5.78808309011272 1.8599848747253418 0.7901589274406433
229 1.0235326290130615 5.311699657145107 3.4018163681030273 2.0567455291748047 0.0 5.786435946698368 1.858697533607483 0.7902165651321411
230 1.0235326290130615 5.311699657145107 3.395857810974121 2.0567455291748047 0.0 5.786435946698368 1.8591705560684204 0.7902165651321411
231 1.0235326290130615 5.311699657145107 3.396998167037964 2.0567455291748047 0.0 5.786435946698368 1.8580031394958496 0.7902165651321411
232 1.0235326290130615 5.311699657145107 3.3967273235321045 2.0561983585357666 0.0 5.786435946698368 1.858093500137329 0.7906033992767334
233 1.0235326290130615 5.311699657145107 3.3967273235321045 2.0561983585357666 0.0 5.786435946698368 1.858093500137329 0.7906033992767334
234 1.0235326290130615 5.311699657145107 3.356588125228882 2.0561983585357666 0.0 5.786435946698368 1.759131908416748 0.7906033992767334
235 1.0235326290130615 5.311699657145107 3.3565878868103027 2.0561983585357666 0.0 5.786435946698368 1.7595504522323608 0.7906033992767334
236 1.0235326290130615 5.311699657145107 3.3565878868103027 2.0561983585357666 0.0 5.786435946698368 1.7595504522323608 0.7906033992767334
237 1.0235326290130615 5.311699657145107 3.3576791286468506 2.0561983585357666 0.0 5.786435946698368 1.7602542638778687 0.7906033992767334
238 1.0235326290130615 5.311699657145107 3.3579602241516113 2.0561983585357666 0.0 5.786435946698368 1.760744333267212 0.7906033992767334
239 1.0235326290130615 5.311699657145107 3.354135274887085 2.0561983585357666 0.0 5.786435946698368 1.7591464519500732 0.7906033992767334
240 1.0235326290130615 5.311421072407145 3.35467267036438 2.0561983585357666 0.0 5.78613924209965 1.7628411054611206 0.7906033992767334
241 1.0235326290130615 5.311421072407145 3.357638120651245 2.0561983585357666 0.0 5.78613924209965 1.7673643827438354 0.7906033992767334
242 1.0235326290130615 5.280083537086874 3.357638120651245 2.0561983585357666 0.0 5.783218156723783 1.7791218757629395 0.7906033992767334
243 1.0235326290130615 5.280083537086874 3.3577473163604736 2.0561983585357666 0.0 5.783218156723783 1.7794500589370728 0.7906033992767334
244 1.0235326290130615 5.280083537086874 3.3577473163604736 2.0561983585357666 0.0 5.783218156723783 1.7794500589370728 0.7906033992767334
245 1.0235326290130615 5.280083537086874 3.357980728149414 2.055307388305664 0.0 5.783218156723783 1.7790296077728271 0.7884054780006409
246 1.0235326290130615 5.280083537086874 3.357980728149414 2.055307388305664 0.0 5.783218156723783 1.7790296077728271 0.7884054780006409
247 1.0235326290130615 5.280083537086874 3.357980728149414 2.055307388305664 0.0 5.783218156723783 1.7790296077728271 0.7884054780006409
248 1.0235326290130615 5.280083537086874 3.3579764366149902 2.055307388305664 0.0 5.783218156723783 1.7791682481765747 0.7884054780006409
249 1.0235326290130615 5.280083537086874 3.357985019683838 2.055307388305664 0.0 5.783218156723783 1.7791681289672852 0.7884054780006409
250 1.0235326290130615 5.280083537086874 3.357985019683838 2.055307388305664 0.0 5.783218156723783 1.7791681289672852 0.7884054780006409
251 1.0235326290130615 5.280083537086874 3.3583147525787354 2.055307388305664 0.0 5.783218156723783 1.7863749265670776 0.7884054780006409
252 1.0235326290130615 5.280083537086874 3.3583147525787354 2.055307388305664 0.0 5.783218156723783 1.7863749265670776 0.7884054780006409
253 1.0235326290130615 5.2619183547949895 3.36098313331604 2.055307388305664 0.0 5.766832794877054 1.7894022464752197 0.7884054780006409
254 1.0235326290130615 5.263001860265036 3.3592357635498047 2.0535404682159424 0.0 5.76798341187939 1.792372226715088 0.7890752553939819
255 1.0235326290130615 5.264085781580997 3.359210252761841 2.0535404682159424 0.0 5.769168090872593 1.792190432548523 0.7890752553939819
256 1.0235326290130615 5.264085781580997 3.3566925525665283 2.0535404682159424 0.0 5.769168090872593 1.801935076713562 0.7890752553939819
257 1.0235326290130615 5.263132785571423 3.3566994667053223 2.0535404682159424 0.0 5.768124465195391 1.8022161722183228 0.7890752553939819
258 1.0235326290130615 5.263132785571423 3.356614112854004 2.0535404682159424 0.0 5.768124465195391 1.80179762840271 0.7890752553939819
259 1.0235326290130615 5.263132785571423 3.356614112854004 2.0535404682159424 0.0 5.768124465195391 1.80179762840271 0.7890752553939819
260 1.0235326290130615 5.263132785571423 3.357255220413208 2.0535404682159424 0.0 5.768124465195391 1.7952557802200317 0.7890752553939819
261 1.0235326290130615 5.263132785571423 3.3566396236419678 2.0535404682159424 0.0 5.768124465195391 1.801159381866455 0.7890752553939819
262 1.0235326290130615 5.263132785571423 3.3566396236419678 2.0535404682159424 0.0 5.768124465195391 1.801159381866455 0.7890752553939819
263 1.0235326290130615 5.263132785571423 3.3566396236419678 2.0535404682159424 0.0 5.768124465195391 1.801159381866455 0.7890752553939819
264 1.0235326290130615 5.263132785571423 3.35638165473938 2.0535404682159424 0.0 5.768124465195391 1.7933683395385742 0.7890752553939819
265 1.0235326290130615 5.263132785571423 3.35638165473938 2.0535404682159424 0.0 5.768124465195391 1.7933683395385742 0.7890752553939819
266 1.0235326290130615 5.263132785571423 3.35638165473938 2.0535404682159424 0.0 5.768124465195391 1.7933683395385742 0.7890752553939819
267 1.0235326290130615 5.262541816845397 3.356626510620117 2.0535404682159424 0.0 5.767490542381502 1.7918624877929688 0.7890752553939819
268 1.0235326290130615 5.262541816845397 3.3566365242004395 2.0535404682159424 0.0 5.767490542381502 1.789058804512024 0.7890752553939819
269 1.0235326290130615 5.262541816845397 3.357107639312744 2.0535404682159424 0.0 5.767490542381502 1.7892838716506958 0.7890752553939819
270 1.0235326290130615 5.262541816845397 3.357107639312744 2.0535404682159424 0.0 5.767490542381502 1.7892838716506958 0.7890752553939819
271 1.0235326290130615 5.262541816845397 3.3574109077453613 2.0536346435546875 0.0 5.767490542381502 1.7973871231079102 0.7893387079238892
272 1.0235326290130615 5.262541816845397 3.3566064834594727 2.0536346435546875 0.0 5.767490542381502 1.791088342666626 0.7893387079238892
273 1.0235326290130615 5.262541816845397 3.3566064834594727 2.0536346435546875 0.0 5.767490542381502 1.791088342666626 0.7893387079238892
274 1.0235326290130615 5.263368330789141 3.3566436767578125 2.054218292236328 0.0 5.768462872101942 1.7792565822601318 0.7893149256706238
275 1.0235326290130615 5.263368330789141 3.3566436767578125 2.054218292236328 0.0 5.768462872101942 1.7792565822601318 0.7893149256706238
276 1.0235326290130615 5.263368330789141 3.3566436767578125 2.054218292236328 0.0 5.768462872101942 1.7792565822601318 0.7893149256706238
277 1.0235326290130615 5.263368330789141 3.356534719467163 2.054218292236328 0.0 5.768462872101942 1.7780184745788574 0.7893149256706238
278 1.0235326290130615 5.263368330789141 3.35627818107605 2.050619125366211 0.0 5.768462872101942 1.7780696153640747 0.7899772524833679
279 1.0235326290130615 5.261935212300085 3.3563880920410156 2.050619125366211 0.0 5.766850419365343 1.7899962663650513 0.7899772524833679
280 1.0235326290130615 5.261935212300085 3.3563880920410156 2.050619125366211 0.0 5.766850419365343 1.7898756265640259 0.7899772524833679
281 1.0235326290130615 5.262987233653799 3.3563880920410156 2.050619125366211 0.0 5.768047577639609 1.7777942419052124 0.7899772524833679
282 1.0235326290130615 5.262987233653799 3.3555424213409424 2.050619125366211 0.0 5.768047577639609 1.7717642784118652 0.7899772524833679
283 1.0235326290130615 5.262987233653799 3.3555691242218018 2.050619125366211 0.0 5.768047577639609 1.7725508213043213 0.7899772524833679
284 1.0235326290130615 5.262987233653799 3.355602979660034 2.050619125366211 0.0 5.768047577639609 1.7726449966430664 0.7899772524833679
285 1.0235326290130615 5.262748394065244 3.3556153774261475 2.0506091117858887 0.0 5.767789337403355 1.7757078409194946 0.7906288504600525
286 1.0235326290130615 5.262748394065244 3.3556113243103027 2.0508339405059814 0.0 5.767789337403355 1.7757141590118408 0.7906861305236816
287 1.0235326290130615 5.262460103635913 3.355599880218506 2.0508339405059814 0.0 5.767479826486806 1.7756438255310059 0.7906861305236816
288 1.0235326290130615 5.262460103635913 3.355599880218506 2.0508339405059814 0.0 5.767479826486806 1.7756438255310059 0.7906861305236816
289 1.0235326290130615 5.262460103635913 3.3552589416503906 2.0508339405059814 0.0 5.767479826486806 1.7793036699295044 0.7906861305236816
290 1.0235326290130615 5.262460103635913 3.3554861545562744 2.0508339405059814 0.0 5.767479826486806 1.7779650688171387 0.7906861305236816
291 1.0235326290130615 5.262460103635913 3.3555305004119873 2.050964832305908 0.0 5.767479826486806 1.778031587600708 0.7914563417434692
292 1.0235326290130615 5.262785205860118 3.355173349380493 2.0505905151367188 0.0 5.76782917387111 1.7778486013412476 0.7846234440803528
293 1.0235326290130615 5.262785205860118 3.3542873859405518 2.0480949878692627 0.0 5.76782917387111 1.7783912420272827 0.7882981896400452
294 1.0235326290130615 5.262785205860118 3.3547592163085938 2.0480949878692627 0.0 5.76782917387111 1.7723628282546997 0.7882981896400452
295 1.0235326290130615 5.262785205860118 3.3542733192443848 2.0480949878692627 0.0 5.76782917387111 1.7777299880981445 0.7882981896400452
296 1.0235326290130615 5.262785205860118 3.355445384979248 2.048083543777466 0.0 5.76782917387111 1.7737929821014404 0.7882838249206543
297 1.0235326290130615 5.262785205860118 3.3553617000579834 2.048083543777466 0.0 5.76782917387111 1.772221565246582 0.7882838249206543
298 1.0235326290130615 5.2622057805134625 3.35546875 2.048083543777466 0.0 5.7672089243925395 1.7718873023986816 0.7882838249206543
299 1.0235326290130615 5.2622057805134625 3.35603666305542 2.048083543777466 0.0 5.7672089243925395 1.7795836925506592 0.7882838249206543
300 1.0235326290130615 5.260584546173921 3.358360767364502 2.048083543777466 0.0 5.765527155572483 1.777561902999878 0.7882838249206543
301 1.0235326290130615 5.260584546173921 3.356097459793091 2.048083543777466 0.0 5.765527155572483 1.7676693201065063 0.7882838249206543
302 1.0235326290130615 5.260584546173921 3.356097459793091 2.048083543777466 0.0 5.765527155572483 1.7676693201065063 0.7882838249206543
303 1.0235326290130615 5.26349648223043 3.356097459793091 2.048083543777466 0.0 5.768603618272113 1.768388271331787 0.7882838249206543
304 1.0235326290130615 5.26349648223043 3.360205888748169 2.048083543777466 0.0 5.768603618272113 1.7612029314041138 0.7882838249206543
305 1.0235326290130615 5.26349648223043 3.360205888748169 2.048083543777466 0.0 5.768603618272113 1.7612029314041138 0.7882838249206543
306 1.0235326290130615 5.26349648223043 3.360205888748169 2.048083543777466 0.0 5.768603618272113 1.7612029314041138 0.7882838249206543
307 1.0235326290130615 5.2618345584785375 3.360205888748169 2.048083543777466 0.0 5.766745272021066 1.7732921838760376 0.7882838249206543
308 1.0235326290130615 5.261508218151501 3.3603622913360596 2.048083543777466 0.0 5.766406140611873 1.773373007774353 0.7882838249206543
309 1.0235326290130615 5.261319692351317 3.3603029251098633 2.048083543777466 0.0 5.766211919979612 1.7734301090240479 0.7882838249206543
310 1.0235326290130615 5.261319692351317 3.358867645263672 2.048083543777466 0.0 5.766211919979612 1.7871628999710083 0.7882838249206543
311 1.0235326290130615 5.261319692351317 3.358867645263672 2.048083543777466 0.0 5.766211919979612 1.7871628999710083 0.7882838249206543
312 1.0235326290130615 5.261319692351317 3.358867645263672 2.048083543777466 0.0 5.766211919979612 1.7871628999710083 0.7882838249206543
313 1.0235326290130615 5.261319692351317 3.358867645263672 2.048083543777466 0.0 5.766211919979612 1.7871628999710083 0.7882838249206543
314 1.0235326290130615 5.261319692351317 3.359164237976074 2.1152353286743164 0.0 5.766211919979612 1.778051733970642 0.5609239935874939
315 1.0235326290130615 5.261319692351317 3.359164237976074 2.1152353286743164 0.0 5.766211919979612 1.778051733970642 0.5609239935874939
316 1.0235326290130615 5.261319692351317 3.350142478942871 2.1152353286743164 0.0 5.766211919979612 1.766053318977356 0.5609239935874939
317 1.0235326290130615 5.261319692351317 3.350142478942871 2.1152353286743164 0.0 5.766211919979612 1.766053318977356 0.5609239935874939
318 1.0235326290130615 5.261319692351317 3.350142478942871 2.1152353286743164 0.0 5.766211919979612 1.766053318977356 0.5609239935874939
319 1.0235326290130615 5.261319692351317 3.350142478942871 2.1152353286743164 0.0 5.766211919979612 1.766053318977356 0.5609239935874939
320 1.0235326290130615 5.261319692351317 3.3499698638916016 2.1152353286743164 0.0 5.766211919979612 1.766404151916504 0.5609239935874939
321 1.0235326290130615 5.261319692351317 3.349978446960449 2.1152353286743164 0.0 5.766211919979612 1.7662627696990967 0.5609239935874939
322 1.0235326290130615 5.261319692351317 3.3497226238250732 2.1105031967163086 0.0 5.766211919979612 1.7662348747253418 0.5607640147209167
323 1.0235326290130615 5.263523108295852 3.3497226238250732 2.1105031967163086 0.0 5.768548928456825 1.7656925916671753 0.5607640147209167
324 1.0235326290130615 5.263523108295852 3.374872922897339 2.1105031967163086 0.0 5.768548928456825 1.8397201299667358 0.5607640147209167
325 1.0235326290130615 5.263523108295852 3.374872922897339 2.1105031967163086 0.0 5.768548928456825 1.8397201299667358 0.5607640147209167
326 1.0235326290130615 5.263523108295852 3.374293804168701 2.1105031967163086 0.0 5.768548928456825 1.838416337966919 0.5607640147209167
327 1.0235326290130615 5.263523108295852 3.374293804168701 2.1105031967163086 0.0 5.768548928456825 1.838416337966919 0.5607640147209167
328 1.0235326290130615 5.263523108295852 3.374293804168701 2.1105031967163086 0.0 5.768548928456825 1.838416337966919 0.5607640147209167
329 1.0235326290130615 5.263523108295852 3.374293804168701 2.1105031967163086 0.0 5.768548928456825 1.838416337966919 0.5607640147209167
330 1.0235326290130615 5.263523108295852 3.3742458820343018 2.1105031967163086 0.0 5.768548928456825 1.8398019075393677 0.5607640147209167
331 1.0235326290130615 5.263523108295852 3.3802006244659424 2.0419886112213135 0.0 5.768548928456825 1.8664898872375488 0.7890481948852539
332 1.0235326290130615 5.263523108295852 3.376880168914795 2.0419886112213135 0.0 5.768548928456825 1.8702776432037354 0.7890481948852539
333 1.0235326290130615 5.263523108295852 3.376880168914795 2.0419886112213135 0.0 5.768548928456825 1.8702776432037354 0.7890481948852539
334 1.0235326290130615 5.263523108295852 3.3777973651885986 2.0419886112213135 0.0 5.768548928456825 1.8749845027923584 0.7890481948852539
335 1.0235326290130615 5.263523108295852 3.379345178604126 2.0419886112213135 0.0 5.768548928456825 1.8731380701065063 0.7890481948852539
336 1.0235326290130615 5.263523108295852 3.379173755645752 2.0419886112213135 0.0 5.768548928456825 1.8686712980270386 0.7890481948852539
337 1.0235326290130615 5.263523108295852 3.379173755645752 2.0419886112213135 0.0 5.768548928456825 1.8686712980270386 0.7890481948852539
338 1.0235326290130615 5.263523108295852 3.379173755645752 2.0419886112213135 0.0 5.768548928456825 1.8686712980270386 0.7890481948852539
339 1.0235326290130615 5.263700266559502 3.379173755645752 2.0419886112213135 0.0 5.768742843633179 1.8686292171478271 0.7890481948852539
340 1.0235326290130615 5.263700266559502 3.3790295124053955 2.0419886112213135 0.0 5.768742843633179 1.8685182332992554 0.7890481948852539
341 1.0235326290130615 5.2624120955090055 3.3769657611846924 2.0419886112213135 0.0 5.767428501994404 1.8487522602081299 0.7890481948852539
342 1.0235326290130615 5.2624120955090055 3.3757927417755127 2.0419886112213135 0.0 5.767428501994404 1.8440594673156738 0.7890481948852539
343 1.0235326290130615 5.2624120955090055 3.3803553581237793 2.0419886112213135 0.0 5.767428501994404 1.850925326347351 0.7890481948852539
344 1.0235326290130615 5.2624120955090055 3.3803553581237793 2.0419886112213135 0.0 5.767428501994404 1.850925326347351 0.7890481948852539
345 1.0235326290130615 5.2624120955090055 3.380133628845215 2.0425007343292236 0.0 5.767428501994404 1.8439440727233887 0.7899056077003479
346 1.0235326290130615 5.2624120955090055 3.380133628845215 2.0425007343292236 0.0 5.767428501994404 1.8439440727233887 0.7899056077003479
347 1.0235326290130615 5.2624120955090055 3.3808000087738037 2.0425007343292236 0.0 5.767428501994404 1.844653606414795 0.7899056077003479
348 1.0235326290130615 5.2624120955090055 3.381115674972534 2.0425007343292236 0.0 5.767428501994404 1.8449532985687256 0.7899056077003479
349 1.0235326290130615 5.2624120955090055 3.381115674972534 2.0425007343292236 0.0 5.767428501994404 1.8449532985687256 0.7899056077003479
350 1.0235326290130615 5.2624120955090055 3.3812320232391357 2.0425007343292236 0.0 5.767428501994404 1.844603180885315 0.7899056077003479
351 1.0235326290130615 5.2624120955090055 3.376859426498413 2.0425007343292236 0.0 5.767428501994404 1.8500185012817383 0.7899056077003479
352 1.0235326290130615 5.263679415158571 3.3768563270568848 2.0425007343292236 0.0 5.768719679428198 1.8613497018814087 0.7899056077003479
353 1.0235326290130615 5.263679415158571 3.376859426498413 2.0433425903320313 0.0 5.768719679428198 1.861388087272644 0.790946364402771
354 1.0235326290130615 5.263679415158571 3.3788540363311768 2.0433425903320313 0.0 5.768719679428198 1.8554128408432007 0.790946364402771
355 1.0235326290130615 5.263679415158571 3.3781232833862305 2.0433425903320313 0.0 5.768719679428198 1.861362338066101 0.790946364402771
356 1.0235326290130615 5.263679415158571 3.3780484199523926 2.0434110164642334 0.0 5.768719679428198 1.8613468408584595 0.7908544540405273
357 1.0235326290130615 5.261608819338053 3.3780534267425537 2.0434110164642334 0.0 5.766580852687834 1.8498071432113647 0.7908544540405273
358 1.0235326290130615 5.261608819338053 3.378394365310669 2.0434110164642334 0.0 5.766580852687834 1.8491312265396118 0.7908544540405273
359 1.0235326290130615 5.261608819338053 3.3777387142181396 2.0434110164642334 0.0 5.766580852687834 1.852185845375061 0.7908544540405273
360 1.0235326290130615 5.261608819338053 3.377736806869507 2.0434110164642334 0.0 5.766580852687834 1.8520054817199707 0.7908544540405273
361 1.0235326290130615 5.261608819338053 3.3779401779174805 2.0434110164642334 0.0 5.766580852687834 1.8549689054489136 0.7908544540405273
362 1.0235326290130615 5.261608819338053 3.3779401779174805 2.0434110164642334 0.0 5.766580852687834 1.8549689054489136 0.7908544540405273
363 1.0235326290130615 5.261608819338053 3.3778650760650635 2.0434110164642334 0.0 5.766580852687834 1.8557854890823364 0.7908544540405273
364 1.0235326290130615 5.261608819338053 3.3847482204437256 2.0403683185577393 0.0 5.766580852687834 1.8634673357009888 0.7949885129928589
365 1.0235326290130615 5.261608819338053 3.3847482204437256 2.0403683185577393 0.0 5.766580852687834 1.8634673357009888 0.7949885129928589
366 1.0235326290130615 5.261608819338053 3.384746789932251 2.0403683185577393 0.0 5.766580852687834 1.863481044769287 0.7949885129928589
367 1.0235326290130615 5.261608819338053 3.3818399906158447 2.0403683185577393 0.0 5.766580852687834 1.867774486541748 0.7949885129928589
368 1.0235326290130615 5.261608819338053 3.3757448196411133 2.0403683185577393 0.0 5.766580852687834 1.8483830690383911 0.7949885129928589
369 1.0235326290130615 5.261608819338053 3.3757448196411133 2.0403683185577393 0.0 5.766580852687834 1.8483830690383911 0.7949885129928589
370 1.0235326290130615 5.261608819338053 3.3847815990448 2.0381898880004883 0.0 5.766580852687834 1.8257966041564941 0.7980157136917114
371 1.0235326290130615 5.261608819338053 3.3847815990448 2.0381898880004883 0.0 5.766580852687834 1.8257966041564941 0.7980157136917114
372 1.0235326290130615 5.261608819338053 3.3847815990448 2.0381898880004883 0.0 5.766580852687834 1.8257966041564941 0.7980157136917114
373 1.0235326290130615 5.261608819338053 3.3847815990448 2.0381898880004883 0.0 5.766580852687834 1.8257966041564941 0.7980157136917114
374 1.0235326290130615 5.261608819338053 3.3847815990448 2.0381898880004883 0.0 5.766580852687834 1.8257966041564941 0.7980157136917114
375 1.0235326290130615 5.261608819338053 3.3848414421081543 2.034822702407837 0.0 5.766580852687834 1.8314100503921509 0.8031895756721497
376 1.0235326290130615 5.261608819338053 3.3869950771331787 2.034822702407837 0.0 5.766580852687834 1.831450343132019 0.8031895756721497
377 1.0235326290130615 5.261608819338053 3.3869950771331787 2.034822702407837 0.0 5.766580852687834 1.831450343132019 0.8031895756721497
378 1.0235326290130615 5.261608819338053 3.3874759674072266 2.034822702407837 0.0 5.766580852687834 1.8326687812805176 0.8031895756721497
379 1.0235326290130615 5.261608819338053 3.387917995452881 2.034822702407837 0.0 5.766580852687834 1.8329706192016602 0.8031895756721497
380 1.0235326290130615 5.261608819338053 3.3828296661376953 2.034822702407837 0.0 5.766580852687834 1.8254910707473755 0.8031895756721497
381 1.0235326290130615 5.261608819338053 3.3843202590942383 2.034822702407837 0.0 5.766580852687834 1.8266139030456543 0.8031895756721497
382 1.0235326290130615 5.261608819338053 3.385289192199707 2.034822702407837 0.0 5.766580852687834 1.8228802680969238 0.8031895756721497
383 1.0235326290130615 5.261608819338053 3.385435104370117 2.034822702407837 0.0 5.766580852687834 1.8250750303268433 0.8031895756721497
384 1.0235326290130615 5.261608819338053 3.385408401489258 2.034822702407837 0.0 5.766580852687834 1.8249361515045166 0.8031895756721497
385 1.0235326290130615 5.261608819338053 3.3660454750061035 2.034822702407837 0.0 5.766580852687834 1.7477641105651855 0.8031895756721497
386 1.0235326290130615 5.261608819338053 3.3654892444610596 2.034822702407837 0.0 5.766580852687834 1.7477302551269531 0.8031895756721497
387 1.0235326290130615 5.261760494115672 3.365504264831543 2.034822702407837 0.0 5.766739318446398 1.750923991203308 0.8031895756721497
388 1.0235326290130615 5.261760494115672 3.3733015060424805 2.034822702407837 0.0 5.766739318446398 1.8018521070480347 0.8031895756721497
389 1.0235326290130615 5.261760494115672 3.3735718727111816 2.034998893737793 0.0 5.766739318446398 1.7939443588256836 0.801602303981781
390 1.0235326290130615 5.261760494115672 3.379451274871826 2.034998893737793 0.0 5.766739318446398 1.7882198095321655 0.801602303981781
391 1.0235326290130615 5.261760494115672 3.3803417682647705 2.034998893737793 0.0 5.766739318446398 1.7968882322311401 0.801602303981781
392 1.0235326290130615 5.261760494115672 3.380282402038574 2.034998893737793 0.0 5.766739318446398 1.7964891195297241 0.801602303981781
393 1.0235326290130615 5.261760494115672 3.3791139125823975 2.034998893737793 0.0 5.766739318446398 1.8051866292953491 0.801602303981781
394 1.0235326290130615 5.261760494115672 3.3800554275512695 2.034998893737793 0.0 5.766739318446398 1.8056836128234863 0.801602303981781
395 1.0235326290130615 5.261760494115672 3.3791110515594482 2.034998893737793 0.0 5.766739318446398 1.7998723983764648 0.801602303981781
396 1.0235326290130615 5.26320913833059 3.3808650970458984 2.034998893737793 0.0 5.768288882688086 1.776166558265686 0.801602303981781
397 1.0235326290130615 5.262136891275848 3.3790600299835205 2.034998893737793 0.0 5.76713584146537 1.786827564239502 0.801602303981781
398 1.0235326290130615 5.262136891275848 3.3797645568847656 2.034998893737793 0.0 5.76713584146537 1.7753533124923706 0.801602303981781
399 1.0235326290130615 5.262136891275848 3.3801941871643066 2.035085678100586 0.0 5.76713584146537 1.7754592895507813 0.8018354773521423
400 1.0235326290130615 5.262136891275848 3.3809657096862793 2.035745620727539 0.0 5.76713584146537 1.7755579948425293 0.8012372255325317
