init 1.2523988485336304 8.071469234837808 3.3432228565216064 2.1636741161346436 0.0 0.0 0.0 0.0
1 1.2523988485336304 8.111923887769168 3.354959726333618 2.1799864768981934 0.0 0.8212729512971669 0.597737729549408 0.5727429986000061
2 1.2523988485336304 7.695749168534874 3.3812739849090576 2.2436516284942627 0.0 1.2426553434774745 0.7775956988334656 0.6989230513572693
3 1.2523988485336304 7.94006057532334 3.3776438236236572 2.2436516284942627 0.0 2.137378497147509 0.99008709192276 0.6989230513572693
4 1.2523988485336304 7.641114959221867 3.3776438236236572 2.2436516284942627 0.0 5.213839971519035 1.8099031448364258 0.6989230513572693
5 1.2523988485336304 7.631007127386498 3.37748384475708 2.2690072059631348 0.0 5.210804627057626 1.825901985168457 0.7808609008789063
6 1.2523988485336304 8.011610871584598 3.37373685836792 2.3950953483581543 0.0 1.9991154444178099 1.0197523832321167 1.0518652200698853
7 1.2523988485336304 7.952300791666294 3.358436346054077 2.5050299167633057 0.0 1.8459396299680917 1.079006314277649 1.4188469648361206
8 1.2523988485336304 7.925510965197316 3.357574224472046 2.5182626247406006 0.0 1.7471770487404505 1.0813926458358765 1.44615638256073
9 1.2523988485336304 8.01644162087929 3.352940797805786 2.4687814712524414 0.0 1.8444489687132148 0.9974460005760193 1.3287699222564697
10 1.2523988485336304 8.015383139805769 3.3482511043548584 2.5115253925323486 0.0 1.8209985884091882 1.0213450193405151 1.4144487380981445
11 1.2523988485336304 8.015383139805769 3.3482511043548584 2.5115253925323486 0.0 1.8209985884091882 1.0327064990997314 1.4144487380981445
12 1.2523988485336304 7.971460770050058 3.3482511043548584 2.5115253925323486 0.0 1.686397651211623 0.9992753863334656 1.4144487380981445
13 1.2523988485336304 7.988034796554783 3.352675437927246 2.4593496322631836 0.0 1.5887786442721936 0.9725979566574097 1.3118733167648315
14 1.2523988485336304 8.015565298921578 3.3493385314941406 2.4976532459259033 0.0 1.6971051099825938 1.0125916004180908 1.398498296737671
15 1.2523988485336304 7.94145635395641 3.3493385314941406 2.4976532459259033 0.0 1.9967640972078942 1.0813401937484741 1.398498296737671
16 1.2523988485336304 7.94145635395641 3.3487157821655273 2.4998979568481445 0.0 1.9967640972078942 1.0837042331695557 1.4055289030075073
17 1.2523988485336304 7.94145635395641 3.348540782928467 2.500166416168213 0.0 1.9967640972078942 1.0831780433654785 1.4063111543655396
18 1.2523988485336304 7.94145635395641 3.348540782928467 2.500166416168213 0.0 1.9967640972078942 1.0859957933425903 1.4063111543655396
19 1.2523988485336304 7.94145635395641 3.348540782928467 2.500166416168213 0.0 1.9967640972078942 1.0859957933425903 1.4063111543655396
20 1.2523988485336304 7.94145635395641 3.3514304161071777 2.4158456325531006 0.0 1.9967640972078942 1.1091080904006958 1.3036564588546753
21 1.2523988485336304 7.940751428770863 3.3514304161071777 2.4158456325531006 0.0 1.9962290016628335 1.1011288166046143 1.3036564588546753
22 1.2523988485336304 7.940751428770863 3.3514304161071777 2.4158456325531006 0.0 1.9962290016628335 1.0992990732192993 1.3036564588546753
23 1.2523988485336304 7.9465017480463445 3.3514304161071777 2.4158456325531006 0.0 2.016052993117554 1.1277018785476685 1.3036564588546753
24 1.2523988485336304 7.947366387970382 3.3514304161071777 2.4158456325531006 0.0 2.0148630220233774 1.1699639558792114 1.3036564588546753
25 1.2523988485336304 7.947366387970382 3.3503499031066895 2.395160675048828 0.0 2.0148630220233774 1.1588927507400513 1.3146613836288452
26 1.2523988485336304 7.947366387970382 3.3503499031066895 2.395160675048828 0.0 2.0148630220233774 1.1727970838546753 1.3146613836288452
27 1.2523988485336304 7.931604590748713 3.3503499031066895 2.395160675048828 0.0 1.9849460485386363 1.1675609350204468 1.3146613836288452
28 1.2523988485336304 7.934485981047868 3.3503499031066895 2.395160675048828 0.0 2.0004557155181772 1.166218638420105 1.3146613836288452
29 1.2523988485336304 7.934485981047868 3.3503499031066895 2.395160675048828 0.0 2.0004557155181772 1.166218638420105 1.3146613836288452
30 1.2523988485336304 7.934485981047868 3.3413150310516357 2.333040237426758 0.0 2.0004557155181772 1.1366928815841675 1.250811219215393
31 1.2523988485336304 7.928578837117445 3.338573932647705 2.420067310333252 0.0 2.0107028522414114 1.1375038623809814 1.356830358505249
32 1.2523988485336304 7.928427454216972 3.338573932647705 2.420067310333252 0.0 2.0107091837741167 1.1375030279159546 1.356830358505249
33 1.2523988485336304 7.928427454216972 3.338573932647705 2.420067310333252 0.0 2.0107091837741167 1.1859745979309082 1.356830358505249
34 1.2523988485336304 7.928427454216972 3.338573932647705 2.420067310333252 0.0 2.0107091837741167 1.1859745979309082 1.356830358505249
35 1.2523988485336304 7.928427454216972 3.3368749618530273 2.445157289505005 0.0 2.0107091837741167 1.1975518465042114 1.3524107933044434
36 1.2523988485336304 7.928427454216972 3.3368749618530273 2.445157289505005 0.0 2.0107091837741167 1.2059905529022217 1.3524107933044434
37 1.2523988485336304 7.928427454216972 3.3368749618530273 2.445157289505005 0.0 2.0107091837741167 1.2161197662353516 1.3524107933044434
38 1.2523988485336304 7.928427454216972 3.3401451110839844 2.445157289505005 0.0 2.0107091837741167 1.1839120388031006 1.3524107933044434
39 1.2523988485336304 7.929258714151572 3.3401451110839844 2.445157289505005 0.0 2.0113128462926557 1.1848238706588745 1.3524107933044434
40 1.2523988485336304 7.929258714151572 3.3393588066101074 2.4524331092834473 0.0 2.0113128462926557 1.1837910413742065 1.3331912755966187
41 1.2523988485336304 7.929258714151572 3.3396432399749756 2.4519870281219482 0.0 2.0113128462926557 1.1686832904815674 1.3317927122116089
42 1.2523988485336304 7.929258714151572 3.3396432399749756 2.4519870281219482 0.0 2.0113128462926557 1.166795015335083 1.3317927122116089
43 1.2523988485336304 7.928762612731984 3.3396432399749756 2.4519870281219482 0.0 2.010940908677407 1.166730523109436 1.3317927122116089
44 1.2523988485336304 7.936780955256633 3.339514970779419 2.452021360397339 0.0 2.0376358200814857 1.1544466018676758 1.331847071647644
45 1.2523988485336304 7.936780955256633 3.339324474334717 2.452209711074829 0.0 2.0376358200814857 1.1236528158187866 1.3321800231933594
46 1.2523988485336304 7.936780955256633 3.340256690979004 2.521199941635132 0.0 2.0376358200814857 1.145534873008728 1.4985688924789429
47 1.2523988485336304 7.936780955256633 3.340256690979004 2.521199941635132 0.0 2.0376358200814857 1.1288527250289917 1.4985688924789429
48 1.2523988485336304 7.936780955256633 3.340256690979004 2.521199941635132 0.0 2.0376358200814857 1.1309372186660767 1.4985688924789429
49 1.2523988485336304 7.936780955256633 3.340256690979004 2.521199941635132 0.0 2.0376358200814857 1.1309372186660767 1.4985688924789429
50 1.2523988485336304 7.936780955256633 3.340256690979004 2.521199941635132 0.0 2.0376358200814857 1.1330089569091797 1.4985688924789429
51 1.2523988485336304 7.936747037131094 3.340256690979004 2.521199941635132 0.0 2.037638905896366 1.129237413406372 1.4985688924789429
52 1.2523988485336304 7.936747037131094 3.340256690979004 2.521199941635132 0.0 2.037638905896366 1.266809344291687 1.4985688924789429
53 1.2523988485336304 7.9903109098480565 3.340256690979004 2.521199941635132 0.0 2.201885121931483 1.2946491241455078 1.4985688924789429
54 1.2523988485336304 7.9903109098480565 3.340118646621704 2.5222156047821045 0.0 2.201885121931483 1.2947776317596436 1.4990888833999634
55 1.2523988485336304 7.9903109098480565 3.340118646621704 2.5222156047821045 0.0 2.201885121931483 1.2943217754364014 1.4990888833999634
56 1.2523988485336304 7.9906420136254175 3.340118646621704 2.5222156047821045 0.0 2.202087816014247 1.2943564653396606 1.4990888833999634
57 1.2523988485336304 7.99283077508926 3.3398640155792236 2.5222156047821045 0.0 2.203756806995553 1.2791669368743896 1.4990888833999634
58 1.2523988485336304 7.99283077508926 3.339911699295044 2.5221166610717773 0.0 2.203756806995553 1.2792811393737793 1.4988441467285156
59 1.2523988485336304 7.99283077508926 3.339911699295044 2.5221166610717773 0.0 2.203756806995553 1.2861685752868652 1.4988441467285156
60 1.2523988485336304 7.99283077508926 3.339999198913574 2.5147035121917725 0.0 2.203756806995553 1.275253176689148 1.4812756776809692
61 1.2523988485336304 7.99283077508926 3.339999198913574 2.5147035121917725 0.0 2.203756806995553 1.2781020402908325 1.4812756776809692
62 1.2523988485336304 7.99283077508926 3.339219093322754 2.5396416187286377 0.0 2.203756806995553 1.2878919839859009 1.5335144996643066
63 1.2523988485336304 7.99283077508926 3.339219093322754 2.5396416187286377 0.0 2.203756806995553 1.295424222946167 1.5335144996643066
64 1.2523988485336304 8.016039140414978 3.339219093322754 2.5396416187286377 0.0 2.1718255854275585 1.2883574962615967 1.5335144996643066
65 1.2523988485336304 8.017490405131557 3.33773136138916 2.5339860916137695 0.0 2.1719514524190005 1.282482385635376 1.5283827781677246
66 1.2523988485336304 8.016450598719677 3.3392834663391113 2.5280985832214355 0.0 2.1710579826455136 1.2821124792099 1.5264225006103516
67 1.2523988485336304 8.016450598719677 3.3392834663391113 2.5280985832214355 0.0 2.1710579826455136 1.282463550567627 1.5264225006103516
68 1.2523988485336304 8.026250513252684 3.3390543460845947 2.5280985832214355 0.0 2.160910283774329 1.2702693939208984 1.5264225006103516
69 1.2523988485336304 8.026250513252684 3.3390543460845947 2.5280985832214355 0.0 2.160910283774329 1.268319845199585 1.5264225006103516
70 1.2523988485336304 8.030921584989338 3.339373826980591 2.52767014503479 0.0 2.160240037604358 1.2680999040603638 1.525610089302063
71 1.2523988485336304 8.030921584989338 3.3379974365234375 2.5333034992218018 0.0 2.160240037604358 1.2699586153030396 1.5333937406539917
72 1.2523988485336304 8.037831866660213 3.3379974365234375 2.5333034992218018 0.0 2.154660435303559 1.2645760774612427 1.5333937406539917
73 1.2523988485336304 8.037831866660213 3.338114023208618 2.5333034992218018 0.0 2.154660435303559 1.2645906209945679 1.5333937406539917
74 1.2523988485336304 8.037831866660213 3.338365077972412 2.5333034992218018 0.0 2.154660435303559 1.2661006450653076 1.5333937406539917
75 1.2523988485336304 8.081045626910434 3.338365077972412 2.5333034992218018 0.0 2.1521135788156456 1.2656569480895996 1.5333937406539917
76 1.2523988485336304 8.081045626910434 3.3383302688598633 2.5329103469848633 0.0 2.1521135788156456 1.2654279470443726 1.5324984788894653
77 1.2523988485336304 8.081045626910434 3.3383302688598633 2.5329103469848633 0.0 2.1521135788156456 1.2654279470443726 1.5324984788894653
78 1.2523988485336304 8.03181775771177 3.3337178230285645 2.6057698726654053 0.0 2.210970484762605 1.299738883972168 1.6692196130752563
79 1.2523988485336304 8.03181775771177 3.3337435722351074 2.5981411933898926 0.0 2.210970484762605 1.2998400926589966 1.669372797012329
80 1.2523988485336304 8.03181775771177 3.3339884281158447 2.5803890228271484 0.0 2.210970484762605 1.299455165863037 1.6675912141799927
81 1.2523988485336304 8.03181775771177 3.3339884281158447 2.5803890228271484 0.0 2.210970484762605 1.299574613571167 1.6675912141799927
82 1.2523988485336304 8.03161672045185 3.3388171195983887 2.5747921466827393 0.0 2.204498649949144 1.3077034950256348 1.6200683116912842
83 1.2523988485336304 8.03161672045185 3.3388171195983887 2.5747921466827393 0.0 2.204498649949144 1.3077034950256348 1.6200683116912842
84 1.2523988485336304 8.03161672045185 3.3388171195983887 2.5747921466827393 0.0 2.204498649949144 1.2783963680267334 1.6200683116912842
85 1.2523988485336304 8.03161672045185 3.3394064903259277 2.5679218769073486 0.0 2.204498649949144 1.2781590223312378 1.6182903051376343
86 1.2523988485336304 8.03187900655821 3.3394064903259277 2.5679218769073486 0.0 2.204708068240938 1.2781935930252075 1.6182903051376343
87 1.2523988485336304 8.03187900655821 3.3394064903259277 2.5679218769073486 0.0 2.204708068240938 1.2873774766921997 1.6182903051376343
88 1.2523988485336304 8.03187900655821 3.3396708965301514 2.579152822494507 0.0 2.204708068240938 1.295513391494751 1.6427817344665527
89 1.2523988485336304 8.03187900655821 3.339643955230713 2.579152822494507 0.0 2.204708068240938 1.2954424619674683 1.6427817344665527
90 1.2523988485336304 8.03187900655821 3.3463430404663086 2.6236157417297363 0.0 2.204708068240938 1.3162086009979248 1.6808034181594849
91 1.2523988485336304 8.044560022564381 3.3468310832977295 2.6243114471435547 0.0 2.1819049742361534 1.3217356204986572 1.683789610862732
92 1.2523988485336304 8.044560022564381 3.345989227294922 2.633312463760376 0.0 2.1819049742361534 1.321727991104126 1.6837319135665894
93 1.2523988485336304 8.044560022564381 3.345989227294922 2.633312463760376 0.0 2.1819049742361534 1.3318785429000854 1.6837319135665894
94 1.2523988485336304 8.044560022564381 3.345989227294922 2.633312463760376 0.0 2.1819049742361534 1.3318785429000854 1.6837319135665894
95 1.2523988485336304 8.044560022564381 3.345989227294922 2.633312463760376 0.0 2.1819049742361534 1.3318785429000854 1.6837319135665894
96 1.2523988485336304 8.044560022564381 3.345989227294922 2.633312463760376 0.0 2.1819049742361534 1.3350017070770264 1.6837319135665894
97 1.2523988485336304 8.044560022564381 3.3467884063720703 2.6310665607452393 0.0 2.1819049742361534 1.3321781158447266 1.6846554279327393
98 1.2523988485336304 8.044560022564381 3.3467884063720703 2.6310665607452393 0.0 2.1819049742361534 1.3321781158447266 1.6846554279327393
99 1.2523988485336304 8.044560022564381 3.3467884063720703 2.6310665607452393 0.0 2.1819049742361534 1.3329524993896484 1.6846554279327393
100 1.2523988485336304 8.044560022564381 3.3467884063720703 2.6310665607452393 0.0 2.1819049742361534 1.33176851272583 1.6846554279327393
101 1.2523988485336304 8.044560022564381 3.3467884063720703 2.6310665607452393 0.0 2.1819049742361534 1.3471291065216064 1.6846554279327393
102 1.2523988485336304 8.044560022564381 3.3467884063720703 2.6310665607452393 0.0 2.1819049742361534 1.347687840461731 1.6846554279327393
103 1.2523988485336304 8.052368098013389 3.3467884063720703 2.6310665607452393 0.0 2.119512120283395 1.330888271331787 1.6846554279327393
104 1.2523988485336304 8.052368098013389 3.3467884063720703 2.6310665607452393 0.0 2.119512120283395 1.3302334547042847 1.6846554279327393
105 1.2523988485336304 8.052368098013389 3.3469414710998535 2.631687879562378 0.0 2.119512120283395 1.3303080797195435 1.6851770877838135
106 1.2523988485336304 8.052368098013389 3.3469414710998535 2.631687879562378 0.0 2.119512120283395 1.3303080797195435 1.6851770877838135
107 1.2523988485336304 8.052368098013389 3.346742868423462 2.6414060592651367 0.0 2.119512120283395 1.3303799629211426 1.686209797859192
108 1.2523988485336304 8.061083236714106 3.346190929412842 2.6204237937927246 0.0 2.125249913233056 1.3264988660812378 1.6498843431472778
109 1.2523988485336304 8.061083236714106 3.346190929412842 2.6204237937927246 0.0 2.125249913233056 1.3325220346450806 1.6498843431472778
110 1.2523988485336304 8.061083236714106 3.346190929412842 2.6204237937927246 0.0 2.125249913233056 1.3225817680358887 1.6498843431472778
111 1.2523988485336304 8.061083236714106 3.346190929412842 2.6204237937927246 0.0 2.125249913233056 1.3273684978485107 1.6498843431472778
112 1.2523988485336304 8.061083236714106 3.346190929412842 2.6204237937927246 0.0 2.125249913233056 1.3284833431243896 1.6498843431472778
113 1.2523988485336304 8.061083236714106 3.346190929412842 2.6204237937927246 0.0 2.125249913233056 1.3284833431243896 1.6498843431472778
114 1.2523988485336304 8.047383525815835 3.346190929412842 2.6204237937927246 0.0 2.064372976242113 1.3186211585998535 1.6498843431472778
115 1.2523988485336304 8.039888119359814 3.346190929412842 2.6204237937927246 0.0 2.0759170556080964 1.3204758167266846 1.6498843431472778
116 1.2523988485336304 8.039888119359814 3.349787950515747 2.5757064819335938 0.0 2.0759170556080964 1.312339186668396 1.5725048780441284
117 1.2523988485336304 8.039888119359814 3.349787950515747 2.5757064819335938 0.0 2.0759170556080964 1.3078317642211914 1.5725048780441284
118 1.2523988485336304 8.039888119359814 3.3464152812957764 2.6202244758605957 0.0 2.0759170556080964 1.3166248798370361 1.6492319107055664
119 1.2523988485336304 8.039888119359814 3.3464152812957764 2.6202244758605957 0.0 2.0759170556080964 1.3160558938980103 1.6492319107055664
120 1.2523988485336304 8.039888119359814 3.346395492553711 2.618309497833252 0.0 2.0759170556080964 1.2863539457321167 1.6480110883712769
121 1.2523988485336304 8.039888119359814 3.346395492553711 2.618309497833252 0.0 2.0759170556080964 1.2863539457321167 1.6480110883712769
122 1.2523988485336304 8.039888119359814 3.3459556102752686 2.615821599960327 0.0 2.0759170556080964 1.2856395244598389 1.6430007219314575
123 1.2523988485336304 8.039888119359814 3.3459556102752686 2.615821599960327 0.0 2.0759170556080964 1.2856395244598389 1.6430007219314575
124 1.2523988485336304 8.039888119359814 3.3500423431396484 2.5671327114105225 0.0 2.0759170556080964 1.2707090377807617 1.5581239461898804
125 1.2523988485336304 8.039888119359814 3.3500423431396484 2.5671327114105225 0.0 2.0759170556080964 1.2707090377807617 1.5581239461898804
126 1.2523988485336304 8.039888119359814 3.350630521774292 2.561887502670288 0.0 2.0759170556080964 1.2720701694488525 1.5605136156082153
127 1.2523988485336304 8.039888119359814 3.350630521774292 2.561887502670288 0.0 2.0759170556080964 1.2720701694488525 1.5605136156082153
128 1.2523988485336304 8.039888119359814 3.350630283355713 2.561887502670288 0.0 2.0759170556080964 1.2528752088546753 1.5605136156082153
129 1.2523988485336304 8.039888119359814 3.350630283355713 2.561887502670288 0.0 2.0759170556080964 1.2528752088546753 1.5605136156082153
130 1.2523988485336304 8.039956901958767 3.350630283355713 2.561887502670288 0.0 2.07597849994397 1.2528849840164185 1.5605136156082153
131 1.2523988485336304 8.039956901958767 3.350630283355713 2.561887502670288 0.0 2.07597849994397 1.2528849840164185 1.5605136156082153
132 1.2523988485336304 8.039956901958767 3.350630283355713 2.561887502670288 0.0 2.07597849994397 1.259244680404663 1.5605136156082153
133 1.2523988485336304 8.039956901958767 3.350630283355713 2.561887502670288 0.0 2.07597849994397 1.259244680404663 1.5605136156082153
134 1.2523988485336304 8.048774083236696 3.350630283355713 2.561887502670288 0.0 2.1026110805023954 1.2638827562332153 1.5605136156082153
135 1.2523988485336304 8.062640715671458 3.350630283355713 2.561887502670288 0.0 2.0628805189205544 1.257159948348999 1.5605136156082153
136 1.2523988485336304 8.068272433495824 3.3507323265075684 2.568535327911377 0.0 2.050713213541372 1.2558071613311768 1.5745295286178589
137 1.2523988485336304 8.068272433495824 3.3489716053009033 2.6200149059295654 0.0 2.050713213541372 1.2725567817687988 1.6567758321762085
138 1.2523988485336304 8.068272433495824 3.3493218421936035 2.619860887527466 0.0 2.050713213541372 1.2691116333007813 1.6552022695541382
139 1.2523988485336304 8.06980253364586 3.3487141132354736 2.5959970951080322 0.0 2.0521162052943533 1.2634183168411255 1.604353904724121
140 1.2523988485336304 8.060612904834796 3.3487141132354736 2.5959970951080322 0.0 2.023926180591509 1.258752703666687 1.604353904724121
141 1.2523988485336304 8.060612904834796 3.3487141132354736 2.5959970951080322 0.0 2.023926180591509 1.2613319158554077 1.604353904724121
142 1.2523988485336304 8.060612904834796 3.3487141132354736 2.5959970951080322 0.0 2.023926180591509 1.2983007431030273 1.604353904724121
143 1.2523988485336304 8.060612904834796 3.3487141132354736 2.5959970951080322 0.0 2.023926180591509 1.2983007431030273 1.604353904724121
144 1.2523988485336304 8.060612904834796 3.3487141132354736 2.5959970951080322 0.0 2.023926180591509 1.3032087087631226 1.604353904724121
145 1.2523988485336304 8.060612904834796 3.3460114002227783 2.5980286598205566 0.0 2.023926180591509 1.2999184131622314 1.6230792999267578
146 1.2523988485336304 8.060612904834796 3.3460114002227783 2.5980286598205566 0.0 2.023926180591509 1.2935060262680054 1.6230792999267578
147 1.2523988485336304 8.060612904834796 3.3460114002227783 2.5980286598205566 0.0 2.023926180591509 1.2862471342086792 1.6230792999267578
148 1.2523988485336304 8.060612904834796 3.3460471630096436 2.598505973815918 0.0 2.023926180591509 1.286395788192749 1.6241930723190308
149 1.2523988485336304 8.062125704147824 3.3460471630096436 2.598505973815918 0.0 2.02078636165142 1.2858901023864746 1.6241930723190308
150 1.2523988485336304 8.062125704147824 3.350658655166626 2.571125030517578 0.0 2.02078636165142 1.284687876701355 1.5512735843658447
151 1.2523988485336304 8.05982745195643 3.3507652282714844 2.564023971557617 0.0 2.0187638497710236 1.2842848300933838 1.5505033731460571
152 1.2523988485336304 8.05982745195643 3.3549420833587646 2.594377279281616 0.0 2.0187638497710236 1.3164944648742676 1.5829519033432007
153 1.2523988485336304 8.05982745195643 3.3549420833587646 2.594377279281616 0.0 2.0187638497710236 1.3164944648742676 1.5829519033432007
154 1.2523988485336304 8.059449292267301 3.352116823196411 2.6376707553863525 0.0 2.0186270183941337 1.3279664516448975 1.6570175886154175
155 1.2523988485336304 8.059449292267301 3.352116823196411 2.6376707553863525 0.0 2.0186270183941337 1.3283727169036865 1.6570175886154175
156 1.2523988485336304 8.059449292267301 3.3531835079193115 2.633070230484009 0.0 2.0186270183941337 1.3295080661773682 1.652516484260559
157 1.2523988485336304 8.059673818672106 3.3531835079193115 2.633070230484009 0.0 2.0187923636710488 1.3336669206619263 1.652516484260559
158 1.2523988485336304 8.059673818672106 3.3531835079193115 2.633070230484009 0.0 2.0187923636710488 1.3336669206619263 1.652516484260559
159 1.2523988485336304 8.059673818672106 3.347477674484253 2.6106467247009277 0.0 2.0187923636710488 1.3216826915740967 1.6258533000946045
160 1.2523988485336304 8.060072408249948 3.347443103790283 2.6106467247009277 0.0 2.019102869240836 1.3218770027160645 1.6258533000946045
161 1.2523988485336304 8.060072408249948 3.347443103790283 2.6106467247009277 0.0 2.019102869240836 1.3218770027160645 1.6258533000946045
162 1.2523988485336304 8.060072408249948 3.347443103790283 2.6106467247009277 0.0 2.019102869240836 1.3218770027160645 1.6258533000946045
163 1.2523988485336304 8.060303018990716 3.3514559268951416 2.562688112258911 0.0 2.0192928708885627 1.3046026229858398 1.541520595550537
164 1.2523988485336304 8.060571066124599 3.3514559268951416 2.562688112258911 0.0 2.0195228449098557 1.304636836051941 1.541520595550537
165 1.2523988485336304 8.060571066124599 3.351428270339966 2.562688112258911 0.0 2.0195228449098557 1.293438196182251 1.541520595550537
166 1.2523988485336304 8.060571066124599 3.351285457611084 2.5624704360961914 0.0 2.0195228449098557 1.2769469022750854 1.5437371730804443
167 1.2523988485336304 8.060571066124599 3.351285457611084 2.5624704360961914 0.0 2.0195228449098557 1.2769469022750854 1.5437371730804443
168 1.2523988485336304 8.060571066124599 3.351003408432007 2.5651116371154785 0.0 2.0195228449098557 1.275333285331726 1.5413298606872559
169 1.2523988485336304 8.060571066124599 3.3510026931762695 2.564171314239502 0.0 2.0195228449098557 1.2746330499649048 1.5390959978103638
170 1.2523988485336304 8.060571066124599 3.3510026931762695 2.564171314239502 0.0 2.0195228449098557 1.2746330499649048 1.5390959978103638
171 1.2523988485336304 8.060571066124599 3.3479819297790527 2.641082525253296 0.0 2.0195228449098557 1.2696224451065063 1.65312659740448
172 1.2523988485336304 8.060571066124599 3.348552942276001 2.641082525253296 0.0 2.0195228449098557 1.2510024309158325 1.65312659740448
173 1.2523988485336304 8.060571066124599 3.353196144104004 2.6704084873199463 0.0 2.0195228449098557 1.2551993131637573 1.6834317445755005
174 1.2523988485336304 8.060571066124599 3.353196144104004 2.6704084873199463 0.0 2.0195228449098557 1.2542400360107422 1.6834317445755005
175 1.2523988485336304 8.065759133956634 3.353196144104004 2.6704084873199463 0.0 2.24841337279146 1.2661188840866089 1.6834317445755005
176 1.2523988485336304 8.067823363928259 3.353196144104004 2.6704084873199463 0.0 2.250185932542409 1.2664413452148438 1.6834317445755005
177 1.2523988485336304 8.067823363928259 3.353196144104004 2.6704084873199463 0.0 2.250185932542409 1.2664413452148438 1.6834317445755005
178 1.2523988485336304 8.067823363928259 3.352802276611328 2.6704084873199463 0.0 2.250185932542409 1.2674155235290527 1.6834317445755005
179 1.2523988485336304 8.067823363928259 3.3527796268463135 2.670435667037964 0.0 2.250185932542409 1.2654430866241455 1.6834557056427002
180 1.2523988485336304 8.067823363928259 3.3451988697052 2.629287004470825 0.0 2.250185932542409 1.2600209712982178 1.652395248413086
181 1.2523988485336304 8.067823363928259 3.3451988697052 2.629287004470825 0.0 2.250185932542409 1.2600209712982178 1.652395248413086
182 1.2523988485336304 8.067823363928259 3.3451988697052 2.629287004470825 0.0 2.250185932542409 1.2600209712982178 1.652395248413086
183 1.2523988485336304 8.067823363928259 3.3486886024475098 2.5505478382110596 0.0 2.250185932542409 1.348078727722168 1.566571593284607
184 1.2523988485336304 8.053486007611003 3.3486886024475098 2.5505478382110596 0.0 2.290769504854479 1.2933273315429688 1.566571593284607
185 1.2523988485336304 8.053486007611003 3.3486886024475098 2.5505478382110596 0.0 2.290769504854479 1.2933273315429688 1.566571593284607
186 1.2523988485336304 8.040017155748119 3.3486886024475098 2.5505478382110596 0.0 2.2542131652570805 1.286747932434082 1.566571593284607
187 1.2523988485336304 8.040017155748119 3.3486886024475098 2.5505478382110596 0.0 2.2542131652570805 1.2962138652801514 1.566571593284607
188 1.2523988485336304 8.042596120236396 3.345803737640381 2.5623109340667725 0.0 2.2541647975769097 1.2967088222503662 1.5874061584472656
189 1.2523988485336304 8.042596120236396 3.345803737640381 2.5623109340667725 0.0 2.2541647975769097 1.2967088222503662 1.5874061584472656
190 1.2523988485336304 8.042596120236396 3.347137689590454 2.56421160697937 0.0 2.2541647975769097 1.2842543125152588 1.5889300107955933
191 1.2523988485336304 8.042596120236396 3.347137689590454 2.56421160697937 0.0 2.2541647975769097 1.2842543125152588 1.5889300107955933
192 1.2523988485336304 8.042596120236396 3.347137689590454 2.56421160697937 0.0 2.2541647975769097 1.2842543125152588 1.5889300107955933
193 1.2523988485336304 8.042596120236396 3.348057270050049 2.560512065887451 0.0 2.2541647975769097 1.2845004796981812 1.5900852680206299
194 1.2523988485336304 8.049601434269867 3.348071575164795 2.5595226287841797 0.0 2.254099843877652 1.2942063808441162 1.5877827405929565
195 1.2523988485336304 8.049601434269867 3.3464982509613037 2.5136611461639404 0.0 2.254099843877652 1.289960265159607 1.542102336883545
196 1.2523988485336304 8.049601434269867 3.3468570709228516 2.5136611461639404 0.0 2.254099843877652 1.2900521755218506 1.542102336883545
197 1.2523988485336304 8.049601434269867 3.3508520126342773 2.5227181911468506 0.0 2.254099843877652 1.2916690111160278 1.5489908456802368
198 1.2523988485336304 8.049601434269867 3.3554999828338623 2.4745266437530518 0.0 2.254099843877652 1.2932647466659546 1.4599449634552002
199 1.2523988485336304 8.060622573874987 3.3559510707855225 2.4745266437530518 0.0 2.2838164909153416 1.2975437641143799 1.4599449634552002
200 1.2523988485336304 8.060622573874987 3.355771541595459 2.471952199935913 0.0 2.2838164909153416 1.2967013120651245 1.4532556533813477
201 1.2523988485336304 8.060622573874987 3.355870246887207 2.4679510593414307 0.0 2.2838164909153416 1.296660304069519 1.452322244644165
202 1.2523988485336304 8.060622573874987 3.355870246887207 2.4679510593414307 0.0 2.2838164909153416 1.2860265970230103 1.452322244644165
203 1.2523988485336304 8.060622573874987 3.355870246887207 2.4679510593414307 0.0 2.2838164909153416 1.2869113683700562 1.452322244644165
204 1.2523988485336304 8.060622573874987 3.355870246887207 2.4679510593414307 0.0 2.2838164909153416 1.2826145887374878 1.452322244644165
205 1.2523988485336304 8.060622573874987 3.3557190895080566 2.469169855117798 0.0 2.2838164909153416 1.281187891960144 1.4537432193756104
206 1.2523988485336304 8.060622573874987 3.3545305728912354 2.4607057571411133 0.0 2.2838164909153416 1.2893024682998657 1.4435135126113892
207 1.2523988485336304 8.060622573874987 3.3545305728912354 2.4607057571411133 0.0 2.2838164909153416 1.2893024682998657 1.4435135126113892
208 1.2523988485336304 8.060622573874987 3.3545305728912354 2.4607057571411133 0.0 2.2838164909153416 1.2684643268585205 1.4435135126113892
209 1.2523988485336304 8.060622573874987 3.3545305728912354 2.4607057571411133 0.0 2.2838164909153416 1.2684643268585205 1.4435135126113892
210 1.2523988485336304 8.060622573874987 3.3545305728912354 2.4607057571411133 0.0 2.2838164909153416 1.2701588869094849 1.4435135126113892
211 1.2523988485336304 8.060622573874987 3.3545305728912354 2.4607057571411133 0.0 2.2838164909153416 1.2707198858261108 1.4435135126113892
212 1.2523988485336304 8.064889184815875 3.3545305728912354 2.4607057571411133 0.0 2.266078403284259 1.2674635648727417 1.4435135126113892
213 1.2523988485336304 8.064889184815875 3.3545305728912354 2.4607057571411133 0.0 2.266078403284259 1.2785422801971436 1.4435135126113892
214 1.2523988485336304 8.064889184815875 3.3545305728912354 2.4607057571411133 0.0 2.266078403284259 1.2785422801971436 1.4435135126113892
215 1.2523988485336304 8.064889184815875 3.3545305728912354 2.4607057571411133 0.0 2.266078403284259 1.2785422801971436 1.4435135126113892
216 1.2523988485336304 8.064889184815875 3.360316276550293 2.4879984855651855 0.0 2.266078403284259 1.2881100177764893 1.4703553915023804
217 1.2523988485336304 8.062234141460605 3.3593454360961914 2.481076240539551 0.0 2.2758266105763236 1.2830419540405273 1.4546953439712524
218 1.2523988485336304 8.062234141460605 3.3596060276031494 2.4827873706817627 0.0 2.2758266105763236 1.2836923599243164 1.4568151235580444
219 1.2523988485336304 8.062234141460605 3.3596060276031494 2.4827873706817627 0.0 2.2758266105763236 1.2933390140533447 1.4568151235580444
220 1.2523988485336304 8.062234141460605 3.3596060276031494 2.4827873706817627 0.0 2.2758266105763236 1.3021535873413086 1.4568151235580444
221 1.2523988485336304 8.063665922069534 3.3596060276031494 2.4827873706817627 0.0 2.2702083594785627 1.32701575756073 1.4568151235580444
222 1.2523988485336304 8.063665922069534 3.3596060276031494 2.4827873706817627 0.0 2.2702083594785627 1.3238838911056519 1.4568151235580444
223 1.2523988485336304 8.063665922069534 3.359393835067749 2.482616901397705 0.0 2.2702083594785627 1.3226912021636963 1.4604896306991577
224 1.2523988485336304 8.063665922069534 3.359393835067749 2.482616901397705 0.0 2.2702083594785627 1.3226912021636963 1.4604896306991577
225 1.2523988485336304 8.063665922069534 3.359175205230713 2.4826250076293945 0.0 2.2702083594785627 1.3112843036651611 1.4644705057144165
226 1.2523988485336304 8.063665922069534 3.364440679550171 2.459143877029419 0.0 2.2702083594785627 1.2881889343261719 1.421970009803772
227 1.2523988485336304 8.063665922069534 3.364414930343628 2.459423542022705 0.0 2.2702083594785627 1.2879548072814941 1.422300934791565
228 1.2523988485336304 8.063665922069534 3.364414930343628 2.459423542022705 0.0 2.2702083594785627 1.2879548072814941 1.422300934791565
229 1.2523988485336304 8.063665922069534 3.3613932132720947 2.459423542022705 0.0 2.2702083594785627 1.314048409461975 1.422300934791565
230 1.2523988485336304 8.063812971059281 3.3613932132720947 2.459423542022705 0.0 2.2703507923457327 1.3220405578613281 1.422300934791565
231 1.2523988485336304 8.063812971059281 3.3613932132720947 2.459423542022705 0.0 2.2703507923457327 1.3220405578613281 1.422300934791565
232 1.2523988485336304 8.063812971059281 3.3613932132720947 2.459423542022705 0.0 2.2703507923457327 1.3220405578613281 1.422300934791565
233 1.2523988485336304 8.063812971059281 3.3613932132720947 2.459423542022705 0.0 2.2703507923457327 1.3220405578613281 1.422300934791565
234 1.2523988485336304 8.063797689164591 3.35886287689209 2.5017032623291016 0.0 2.270339095567543 1.3319207429885864 1.499452829360962
235 1.2523988485336304 8.063797689164591 3.35886287689209 2.5017032623291016 0.0 2.270339095567543 1.3319207429885864 1.499452829360962
236 1.2523988485336304 8.063797689164591 3.35886287689209 2.5017032623291016 0.0 2.270339095567543 1.3319207429885864 1.499452829360962
237 1.2523988485336304 8.063797689164591 3.35886287689209 2.5017032623291016 0.0 2.270339095567543 1.3327815532684326 1.499452829360962
238 1.2523988485336304 8.07279355751319 3.360118865966797 2.5246496200561523 0.0 2.2978764737800765 1.3389745950698853 1.5061695575714111
239 1.2523988485336304 8.07279355751319 3.360118865966797 2.5246496200561523 0.0 2.2978764737800765 1.3389745950698853 1.5061695575714111
240 1.2523988485336304 8.07279355751319 3.360118865966797 2.5246496200561523 0.0 2.2978764737800765 1.3389453887939453 1.5061695575714111
241 1.2523988485336304 8.06622012033311 3.360118865966797 2.5246496200561523 0.0 2.318372738223131 1.342458724975586 1.5061695575714111
242 1.2523988485336304 8.06622012033311 3.360118865966797 2.5246496200561523 0.0 2.318372738223131 1.342458724975586 1.5061695575714111
243 1.2523988485336304 8.06622012033311 3.3622334003448486 2.5223734378814697 0.0 2.318372738223131 1.3424088954925537 1.4973740577697754
244 1.2523988485336304 8.06622012033311 3.3622334003448486 2.5223734378814697 0.0 2.318372738223131 1.341406226158142 1.4973740577697754
245 1.2523988485336304 8.06622012033311 3.3623361587524414 2.522347927093506 0.0 2.318372738223131 1.3522038459777832 1.4955202341079712
246 1.2523988485336304 8.067545633087205 3.3623361587524414 2.522347927093506 0.0 2.3122895940853954 1.3511368036270142 1.4955202341079712
247 1.2523988485336304 8.067545633087205 3.3607306480407715 2.5420544147491455 0.0 2.3122895940853954 1.3505350351333618 1.5180045366287231
248 1.2523988485336304 8.066557906839735 3.3619320392608643 2.539759635925293 0.0 2.311416842302332 1.3531438112258911 1.5120246410369873
249 1.2523988485336304 8.066557906839735 3.3619320392608643 2.539759635925293 0.0 2.311416842302332 1.3150579929351807 1.5120246410369873
250 1.2523988485336304 8.066557906839735 3.3619320392608643 2.539759635925293 0.0 2.311416842302332 1.3150579929351807 1.5120246410369873
251 1.2523988485336304 8.066557906839735 3.3619320392608643 2.539759635925293 0.0 2.311416842302332 1.3210673332214355 1.5120246410369873
252 1.2523988485336304 8.066557906839735 3.3616912364959717 2.5390539169311523 0.0 2.311416842302332 1.3212558031082153 1.511141300201416
253 1.2523988485336304 8.065899478046227 3.3616912364959717 2.5390539169311523 0.0 2.311025437339612 1.32118558883667 1.511141300201416
254 1.2523988485336304 8.065899478046227 3.3616912364959717 2.5390539169311523 0.0 2.311025437339612 1.3212858438491821 1.511141300201416
255 1.2523988485336304 8.065899478046227 3.3616912364959717 2.5390539169311523 0.0 2.311025437339612 1.3212858438491821 1.511141300201416
256 1.2523988485336304 8.065899478046227 3.3616912364959717 2.5390539169311523 0.0 2.311025437339612 1.3240740299224854 1.511141300201416
257 1.2523988485336304 8.115930380045963 3.3616912364959717 2.5390539169311523 0.0 2.3886879832791412 1.3385955095291138 1.511141300201416
258 1.2523988485336304 8.115930380045963 3.3616912364959717 2.5390539169311523 0.0 2.3886879832791412 1.3385955095291138 1.511141300201416
259 1.2523988485336304 8.115930380045963 3.3606650829315186 2.536987781524658 0.0 2.3886879832791412 1.3381092548370361 1.509677529335022
260 1.2523988485336304 8.169286965953313 3.3604822158813477 2.5491528511047363 0.0 2.438993310890716 1.3395947217941284 1.511072039604187
261 1.2523988485336304 8.169286965953313 3.369771957397461 2.5277814865112305 0.0 2.438993310890716 1.3351231813430786 1.4503620862960815
262 1.2523988485336304 8.169286965953313 3.3712899684906006 2.5353310108184814 0.0 2.438993310890716 1.332672357559204 1.4617949724197388
263 1.2523988485336304 8.169286965953313 3.3712899684906006 2.5353310108184814 0.0 2.438993310890716 1.332672357559204 1.4617949724197388
264 1.2523988485336304 8.16643931841985 3.370943069458008 2.5346665382385254 0.0 2.43833162636146 1.3325910568237305 1.4617892503738403
265 1.2523988485336304 8.16643931841985 3.364535093307495 2.453634738922119 0.0 2.43833162636146 1.3300851583480835 1.4911797046661377
266 1.2523988485336304 8.16643931841985 3.364535093307495 2.453634738922119 0.0 2.43833162636146 1.3256806135177612 1.4911797046661377
267 1.2523988485336304 8.167432255760861 3.364535093307495 2.453634738922119 0.0 2.4395526344730287 1.3259106874465942 1.4911797046661377
268 1.2523988485336304 8.167432255760861 3.364535093307495 2.453634738922119 0.0 2.4395526344730287 1.3358445167541504 1.4911797046661377
269 1.2523988485336304 8.086744616052552 3.3648924827575684 2.454320192337036 0.0 2.4270882035143315 1.3335496187210083 1.4914538860321045
270 1.2523988485336304 8.124469873446452 3.3648924827575684 2.454320192337036 0.0 2.4506225618335487 1.3383915424346924 1.4914538860321045
271 1.2523988485336304 8.124469873446452 3.364014148712158 2.45822811126709 0.0 2.4506225618335487 1.3372522592544556 1.4994922876358032
272 1.2523988485336304 8.123801957784018 3.364014148712158 2.45822811126709 0.0 2.449941665693996 1.3367201089859009 1.4994922876358032
273 1.2523988485336304 8.134397571741292 3.3640103340148926 2.4582407474517822 0.0 2.4281099794784087 1.342681884765625 1.4994900226593018
274 1.2523988485336304 8.13501157653344 3.3640103340148926 2.4582407474517822 0.0 2.4299037774724 1.3430142402648926 1.4994900226593018
275 1.2523988485336304 8.134508923944695 3.3640103340148926 2.4582407474517822 0.0 2.4293119108710592 1.3429045677185059 1.4994900226593018
276 1.2523988485336304 8.134508923944695 3.3640103340148926 2.4582407474517822 0.0 2.4293119108710592 1.3429045677185059 1.4994900226593018
277 1.2523988485336304 8.134508923944695 3.3640103340148926 2.4582407474517822 0.0 2.4293119108710592 1.3429045677185059 1.4994900226593018
278 1.2523988485336304 8.133727908496605 3.3640103340148926 2.4582407474517822 0.0 2.42854833833039 1.3431038856506348 1.4994900226593018
279 1.2523988485336304 8.134259542627674 3.3640103340148926 2.4582407474517822 0.0 2.4277501814792077 1.3429560661315918 1.4994900226593018
280 1.2523988485336304 8.134259542627674 3.3639822006225586 2.458496332168579 0.0 2.4277501814792077 1.3429898023605347 1.49977707862854
281 1.2523988485336304 8.134259542627674 3.3639822006225586 2.458496332168579 0.0 2.4277501814792077 1.343242883682251 1.49977707862854
282 1.2523988485336304 8.134259542627674 3.3639822006225586 2.458496332168579 0.0 2.4277501814792077 1.343242883682251 1.49977707862854
283 1.2523988485336304 8.134259542627674 3.3641271591186523 2.4590327739715576 0.0 2.4277501814792077 1.3434890508651733 1.5002776384353638
284 1.2523988485336304 8.134312392517346 3.3643288612365723 2.480531930923462 0.0 2.4277996368739823 1.3443660736083984 1.5044565200805664
285 1.2523988485336304 8.134312392517346 3.3643288612365723 2.480531930923462 0.0 2.4277996368739823 1.3443660736083984 1.5044565200805664
286 1.2523988485336304 8.134312392517346 3.3638179302215576 2.4829487800598145 0.0 2.4277996368739823 1.344691514968872 1.5072126388549805
287 1.2523988485336304 8.134511877576324 3.3650596141815186 2.476933479309082 0.0 2.4279913034114067 1.3439902067184448 1.4957088232040405
288 1.2523988485336304 8.134511877576324 3.3650596141815186 2.476933479309082 0.0 2.4279913034114067 1.351999282836914 1.4957088232040405
289 1.2523988485336304 8.134158030763627 3.3650596141815186 2.476933479309082 0.0 2.4276552097058617 1.35310697555542 1.4957088232040405
290 1.2523988485336304 8.134329266397843 3.3650596141815186 2.476933479309082 0.0 2.4278164916068254 1.3636384010314941 1.4957088232040405
291 1.2523988485336304 8.134329266397843 3.3652682304382324 2.476933479309082 0.0 2.4278164916068254 1.3636995553970337 1.4957088232040405
292 1.2523988485336304 8.135271801397359 3.3670947551727295 2.4840269088745117 0.0 2.414882777656626 1.371768593788147 1.5023554563522339
293 1.2523988485336304 8.135271801397359 3.3670947551727295 2.4840269088745117 0.0 2.414882777656626 1.371768593788147 1.5023554563522339
294 1.2523988485336304 8.135116370574861 3.3670947551727295 2.4840269088745117 0.0 2.41473567424855 1.3619577884674072 1.5023554563522339
295 1.2523988485336304 8.134077802137782 3.3670947551727295 2.4840269088745117 0.0 2.420196417836576 1.3588569164276123 1.5023554563522339
296 1.2523988485336304 8.134077802137782 3.3661088943481445 2.4833998680114746 0.0 2.420196417836576 1.3589138984680176 1.502843976020813
297 1.2523988485336304 8.134077802137782 3.3677306175231934 2.4809329509735107 0.0 2.420196417836576 1.3629158735275269 1.4958606958389282
298 1.2523988485336304 8.134077802137782 3.3680579662323 2.4865481853485107 0.0 2.420196417836576 1.3634229898452759 1.4863498210906982
299 1.2523988485336304 8.134077802137782 3.3665342330932617 2.4861900806427 0.0 2.420196417836576 1.3602821826934814 1.4587972164154053
300 1.2523988485336304 8.134077802137782 3.3665342330932617 2.4861900806427 0.0 2.420196417836576 1.3619056940078735 1.4587972164154053
301 1.2523988485336304 8.134758577812596 3.365952730178833 2.4843804836273193 0.0 2.4208320023776637 1.3692309856414795 1.4567301273345947
302 1.2523988485336304 8.113862226990404 3.3668980598449707 2.4796223640441895 0.0 2.3880267594843527 1.3626028299331665 1.4511168003082275
303 1.2523988485336304 8.113926628379637 3.367225408554077 2.4751315116882324 0.0 2.38809844461791 1.3640378713607788 1.4554367065429688
304 1.2523988485336304 8.113926628379637 3.367225408554077 2.4751315116882324 0.0 2.38809844461791 1.3427802324295044 1.4554367065429688
305 1.2523988485336304 8.113926628379637 3.3667688369750977 2.468165159225464 0.0 2.38809844461791 1.3411614894866943 1.4412100315093994
306 1.2523988485336304 8.113926628379637 3.3667688369750977 2.468165159225464 0.0 2.38809844461791 1.3411614894866943 1.4412100315093994
307 1.2523988485336304 8.113926628379637 3.3667688369750977 2.468165159225464 0.0 2.38809844461791 1.341574788093567 1.4412100315093994
308 1.2523988485336304 8.113926628379637 3.3667688369750977 2.468165159225464 0.0 2.38809844461791 1.341574788093567 1.4412100315093994
309 1.2523988485336304 8.113926628379637 3.3667688369750977 2.468165159225464 0.0 2.38809844461791 1.3495314121246338 1.4412100315093994
310 1.2523988485336304 8.113926628379637 3.3667688369750977 2.468165159225464 0.0 2.38809844461791 1.3505918979644775 1.4412100315093994
311 1.2523988485336304 8.116205544729931 3.366065263748169 2.468165159225464 0.0 2.3728708492247605 1.3476625680923462 1.4412100315093994
312 1.2523988485336304 8.11733736775467 3.366842031478882 2.468165159225464 0.0 2.376763106452397 1.3391355276107788 1.4412100315093994
313 1.2523988485336304 8.11733736775467 3.367901086807251 2.463822364807129 0.0 2.376763106452397 1.3387662172317505 1.4406663179397583
314 1.2523988485336304 8.117131304206941 3.367901086807251 2.463822364807129 0.0 2.3765641943269427 1.3391183614730835 1.4406663179397583
315 1.2523988485336304 8.117131304206941 3.367901086807251 2.463822364807129 0.0 2.3765641943269427 1.3392258882522583 1.4406663179397583
316 1.2523988485336304 8.117131304206941 3.367901086807251 2.463822364807129 0.0 2.3765641943269427 1.338935136795044 1.4406663179397583
317 1.2523988485336304 8.117131304206941 3.367901086807251 2.463822364807129 0.0 2.3765641943269427 1.3457919359207153 1.4406663179397583
318 1.2523988485336304 8.117131304206941 3.367901086807251 2.463822364807129 0.0 2.3765641943269427 1.3455432653427124 1.4406663179397583
319 1.2523988485336304 8.117131304206941 3.367901086807251 2.463822364807129 0.0 2.3765641943269427 1.3455432653427124 1.4406663179397583
320 1.2523988485336304 8.117131304206941 3.367901086807251 2.463822364807129 0.0 2.3765641943269427 1.3455432653427124 1.4406663179397583
321 1.2523988485336304 8.117286076607618 3.367901086807251 2.463822364807129 0.0 2.3767130039180073 1.3441131114959717 1.4406663179397583
322 1.2523988485336304 8.1176830133224 3.367901086807251 2.463822364807129 0.0 2.3749654202848074 1.3437966108322144 1.4406663179397583
323 1.2523988485336304 8.1176830133224 3.3692808151245117 2.4642879962921143 0.0 2.3749654202848074 1.3371634483337402 1.4652425050735474
324 1.2523988485336304 8.1176830133224 3.3692808151245117 2.4642879962921143 0.0 2.3749654202848074 1.3509595394134521 1.4652425050735474
325 1.2523988485336304 8.1176830133224 3.3692808151245117 2.4642879962921143 0.0 2.3749654202848074 1.3580832481384277 1.4652425050735474
326 1.2523988485336304 8.1176830133224 3.3698225021362305 2.464881420135498 0.0 2.3749654202848074 1.35840904712677 1.4650514125823975
327 1.2523988485336304 8.104792609398507 3.3669283390045166 2.4340198040008545 0.0 2.46874067792604 1.3429831266403198 1.4288796186447144
328 1.2523988485336304 8.104792609398507 3.367084264755249 2.4289557933807373 0.0 2.46874067792604 1.3415346145629883 1.4193123579025269
329 1.2523988485336304 8.104792609398507 3.367084264755249 2.4289557933807373 0.0 2.46874067792604 1.3382506370544434 1.4193123579025269
330 1.2523988485336304 8.102442318161382 3.367084264755249 2.4289557933807373 0.0 2.47099108866198 1.3495694398880005 1.4193123579025269
331 1.2523988485336304 8.102442318161382 3.3647301197052 2.438674211502075 0.0 2.47099108866198 1.3509438037872314 1.4303622245788574
332 1.2523988485336304 8.084189942692623 3.3647301197052 2.438674211502075 0.0 2.4968405076256186 1.355802297592163 1.4303622245788574
333 1.2523988485336304 8.084189942692623 3.3647301197052 2.438674211502075 0.0 2.4968405076256186 1.366066575050354 1.4303622245788574
334 1.2523988485336304 8.084189942692623 3.364924907684326 2.434142827987671 0.0 2.4968405076256186 1.3633025884628296 1.415881633758545
335 1.2523988485336304 8.084189942692623 3.364924907684326 2.434142827987671 0.0 2.4968405076256186 1.3632546663284302 1.415881633758545
336 1.2523988485336304 8.084189942692623 3.364924907684326 2.434142827987671 0.0 2.4968405076256186 1.3632546663284302 1.415881633758545
337 1.2523988485336304 8.084189942692623 3.364980936050415 2.4270436763763428 0.0 2.4968405076256186 1.3623770475387573 1.4078459739685059
338 1.2523988485336304 8.084189942692623 3.36500883102417 2.4270060062408447 0.0 2.4968405076256186 1.362813115119934 1.4077305793762207
339 1.2523988485336304 8.084189942692623 3.36500883102417 2.4270060062408447 0.0 2.4968405076256186 1.362813115119934 1.4077305793762207
340 1.2523988485336304 8.084604570977206 3.36500883102417 2.4270060062408447 0.0 2.4972356198314385 1.3622164726257324 1.4077305793762207
341 1.2523988485336304 8.084604570977206 3.36500883102417 2.4270060062408447 0.0 2.4972356198314385 1.3622164726257324 1.4077305793762207
342 1.2523988485336304 8.098115519760142 3.36500883102417 2.4270060062408447 0.0 2.4896117955543633 1.3607865571975708 1.4077305793762207
343 1.2523988485336304 8.098115519760142 3.36500883102417 2.4270060062408447 0.0 2.4896117955543633 1.3700792789459229 1.4077305793762207
344 1.2523988485336304 8.098112527958019 3.364792823791504 2.42714524269104 0.0 2.4892453666203056 1.3599433898925781 1.4085520505905151
345 1.2523988485336304 8.098112527958019 3.366997003555298 2.373509645462036 0.0 2.4892453666203056 1.345472812652588 1.3674544095993042
346 1.2523988485336304 8.100667152097614 3.3669917583465576 2.3736956119537354 0.0 2.491794097874079 1.345912218093872 1.3673795461654663
347 1.2523988485336304 8.100667152097614 3.3669917583465576 2.3736956119537354 0.0 2.491794097874079 1.337788462638855 1.3673795461654663
348 1.2523988485336304 8.104648181314307 3.3669917583465576 2.3736956119537354 0.0 2.4645729976335264 1.3326143026351929 1.3673795461654663
349 1.2523988485336304 8.104648181314307 3.3669917583465576 2.3736956119537354 0.0 2.4645729976335264 1.332218050956726 1.3673795461654663
350 1.2523988485336304 8.104648181314307 3.3669917583465576 2.3736956119537354 0.0 2.4645729976335264 1.3540198802947998 1.3673795461654663
351 1.2523988485336304 8.104648181314307 3.366206169128418 2.370347738265991 0.0 2.4645729976335264 1.3527731895446777 1.3640938997268677
352 1.2523988485336304 8.104648181314307 3.366206169128418 2.370347738265991 0.0 2.4645729976335264 1.3527731895446777 1.3640938997268677
353 1.2523988485336304 8.104180353038053 3.3638875484466553 2.434154748916626 0.0 2.4640579285712523 1.3655695915222168 1.405740737915039
354 1.2523988485336304 8.10350952901644 3.3629074096679688 2.4376378059387207 0.0 2.474462614042094 1.3664785623550415 1.4050227403640747
355 1.2523988485336304 8.10350952901644 3.3629043102264404 2.4376378059387207 0.0 2.474462614042094 1.3664813041687012 1.4050227403640747
356 1.2523988485336304 8.10350952901644 3.3629043102264404 2.4376378059387207 0.0 2.474462614042094 1.3664813041687012 1.4050227403640747
357 1.2523988485336304 8.10350952901644 3.3629043102264404 2.4376378059387207 0.0 2.474462614042094 1.3664813041687012 1.4050227403640747
358 1.2523988485336304 8.10350952901644 3.36318302154541 2.4378139972686768 0.0 2.474462614042094 1.367415189743042 1.404826283454895
359 1.2523988485336304 8.10350952901644 3.36318302154541 2.4378139972686768 0.0 2.474462614042094 1.367039680480957 1.404826283454895
360 1.2523988485336304 8.10350952901644 3.3630928993225098 2.437612295150757 0.0 2.474462614042094 1.3713933229446411 1.4046388864517212
361 1.2523988485336304 8.10350952901644 3.3630928993225098 2.437612295150757 0.0 2.474462614042094 1.3713933229446411 1.4046388864517212
362 1.2523988485336304 8.10350952901644 3.3630928993225098 2.437612295150757 0.0 2.474462614042094 1.3724778890609741 1.4046388864517212
363 1.2523988485336304 8.10350952901644 3.3630928993225098 2.437612295150757 0.0 2.474462614042094 1.3724778890609741 1.4046388864517212
364 1.2523988485336304 8.10350952901644 3.3630928993225098 2.437612295150757 0.0 2.474462614042094 1.3703278303146362 1.4046388864517212
365 1.2523988485336304 8.10350952901644 3.3630928993225098 2.437612295150757 0.0 2.474462614042094 1.3703278303146362 1.4046388864517212
366 1.2523988485336304 8.10350952901644 3.3654162883758545 2.3734400272369385 0.0 2.474462614042094 1.3305891752243042 1.3629519939422607
367 1.2523988485336304 8.10350952901644 3.3654162883758545 2.3734400272369385 0.0 2.474462614042094 1.3305891752243042 1.3629519939422607
368 1.2523988485336304 8.103904608124397 3.3654162883758545 2.3734400272369385 0.0 2.474894471176985 1.3306714296340942 1.3629519939422607
369 1.2523988485336304 8.103904608124397 3.3654162883758545 2.3734400272369385 0.0 2.474894471176985 1.331131935119629 1.3629519939422607
370 1.2523988485336304 8.103904608124397 3.365032196044922 2.3738644123077393 0.0 2.474894471176985 1.3300780057907104 1.3644028902053833
371 1.2523988485336304 8.103706217890597 3.365032196044922 2.3738644123077393 0.0 2.4746762038851977 1.3300362825393677 1.3644028902053833
372 1.2523988485336304 8.103706217890597 3.365032196044922 2.3738644123077393 0.0 2.4746762038851977 1.3300362825393677 1.3644028902053833
373 1.2523988485336304 8.103706217890597 3.3649168014526367 2.373915195465088 0.0 2.4746762038851977 1.3073861598968506 1.3617292642593384
374 1.2523988485336304 8.103689564810315 3.3649168014526367 2.373915195465088 0.0 2.4746573948565933 1.307382583618164 1.3617292642593384
375 1.2523988485336304 8.103689564810315 3.3649168014526367 2.373915195465088 0.0 2.4746573948565933 1.3071452379226685 1.3617292642593384
376 1.2523988485336304 8.103689564810315 3.3644778728485107 2.3720667362213135 0.0 2.4746573948565933 1.298616647720337 1.3599015474319458
377 1.2523988485336304 8.103689564810315 3.365226984024048 2.3706982135772705 0.0 2.4746573948565933 1.3011488914489746 1.3826713562011719
378 1.2523988485336304 8.103689564810315 3.365226984024048 2.3706982135772705 0.0 2.4746573948565933 1.3011488914489746 1.3826713562011719
379 1.2523988485336304 8.103689564810315 3.365226984024048 2.3706982135772705 0.0 2.4746573948565933 1.3011488914489746 1.3826713562011719
380 1.2523988485336304 8.103689564810315 3.365226984024048 2.3706982135772705 0.0 2.4746573948565933 1.3172141313552856 1.3826713562011719
381 1.2523988485336304 8.103689564810315 3.365003824234009 2.3716139793395996 0.0 2.4746573948565933 1.3170846700668335 1.3828777074813843
382 1.2523988485336304 8.103557192178792 3.365003824234009 2.3716139793395996 0.0 2.4745145024677955 1.3170572519302368 1.3828777074813843
383 1.2523988485336304 8.103557192178792 3.3656888008117676 2.3696320056915283 0.0 2.4745145024677955 1.323350191116333 1.3780046701431274
384 1.2523988485336304 8.103557192178792 3.3615899085998535 2.4226620197296143 0.0 2.4745145024677955 1.3315894603729248 1.4743432998657227
385 1.2523988485336304 8.103582066949995 3.3615899085998535 2.4226620197296143 0.0 2.4745409068462947 1.331594467163086 1.4743432998657227
386 1.2523988485336304 8.103582066949995 3.360524892807007 2.423729658126831 0.0 2.4745409068462947 1.3347715139389038 1.4786810874938965
387 1.2523988485336304 8.103582066949995 3.360524892807007 2.423729658126831 0.0 2.4745409068462947 1.338112473487854 1.4786810874938965
388 1.2523988485336304 8.103582066949995 3.360524892807007 2.423729658126831 0.0 2.4745409068462947 1.338112473487854 1.4786810874938965
389 1.2523988485336304 8.103582066949995 3.360524892807007 2.423729658126831 0.0 2.4745409068462947 1.3444932699203491 1.4786810874938965
390 1.2523988485336304 8.103582066949995 3.357842445373535 2.426727294921875 0.0 2.4745409068462947 1.3424526453018188 1.4805347919464111
391 1.2523988485336304 8.103582066949995 3.357842445373535 2.426727294921875 0.0 2.4745409068462947 1.340728521347046 1.4805347919464111
392 1.2523988485336304 8.103582066949995 3.357842445373535 2.426727294921875 0.0 2.4745409068462947 1.340728521347046 1.4805347919464111
393 1.2523988485336304 8.103582066949995 3.3584253787994385 2.423762321472168 0.0 2.4745409068462947 1.3410863876342773 1.476897954940796
394 1.2523988485336304 8.103582066949995 3.3584253787994385 2.423762321472168 0.0 2.4745409068462947 1.247467041015625 1.476897954940796
395 1.2523988485336304 8.103582066949995 3.3584253787994385 2.423762321472168 0.0 2.4745409068462947 1.247467041015625 1.476897954940796
396 1.2523988485336304 8.103582066949995 3.3624327182769775 2.371135711669922 0.0 2.4745409068462947 1.2403316497802734 1.3816137313842773
397 1.2523988485336304 8.103582066949995 3.36240816116333 2.371305227279663 0.0 2.4745409068462947 1.2345787286758423 1.3818320035934448
398 1.2523988485336304 8.103582066949995 3.36240816116333 2.371305227279663 0.0 2.4745409068462947 1.2328983545303345 1.3818320035934448
399 1.2523988485336304 8.101476544752666 3.36240816116333 2.371305227279663 0.0 2.47750765213142 1.2335083484649658 1.3818320035934448
400 1.2523988485336304 8.101476544752666 3.362266778945923 2.371305227279663 0.0 2.47750765213142 1.2339661121368408 1.3818320035934448
