init 0.6793391108512878 2.892711411634434 3.180170774459839 1.5521160364151 0.0 0.0 0.0 0.0
1 0.665199339389801 2.7429041131467633 3.1683855056762695 1.5685638189315796 0.11483094096183777 0.6938492178617525 0.2949232757091522 0.44035571813583374
2 0.7917275428771973 2.7450873535070186 3.1811344623565674 1.667086124420166 0.4952812194824219 0.5152013900748792 0.8156965374946594 0.7449393272399902
3 0.8209667801856995 2.673671858969778 3.1839921474456787 1.666391134262085 0.527561366558075 0.508455705212724 0.8348294496536255 0.7456604242324829
4 0.8275344371795654 2.662565194785929 3.1865975856781006 1.662405014038086 0.5396652221679688 0.5033726192188266 0.845659613609314 0.743053674697876
5 0.8196396231651306 2.6653176140663892 3.191035032272339 1.6450985670089722 0.5411614179611206 0.5319845385495803 0.8738953471183777 0.7057583332061768
6 0.8274819254875183 2.6827197383743253 3.192474126815796 1.669559359550476 0.5574991106987 0.517972305170962 0.9647270441055298 0.7672528624534607
7 0.7882200479507446 2.6308986716251312 3.1799585819244385 1.616680383682251 0.46778982877731323 0.4742419116331807 0.8368485569953918 0.6521895527839661
8 0.7706289291381836 2.624805131235451 3.179598808288574 1.6163192987442017 0.44550201296806335 0.4700860151807732 0.8300989866256714 0.6487294435501099
9 0.7703902721405029 2.654737038872353 3.1820757389068604 1.6237720251083374 0.4477863609790802 0.4475160363084345 0.8286733627319336 0.6335580945014954
10 0.7111201286315918 2.6618985301282363 3.1710338592529297 1.6051756143569946 0.35554125905036926 0.5022613903767347 0.7962983846664429 0.5737561583518982
11 0.7045558094978333 2.6317844995813866 3.173426866531372 1.6180205345153809 0.3847621977329254 0.6021462335893745 0.8260135650634766 0.6177521347999573
12 0.7043206095695496 2.6440010125180757 3.17313551902771 1.618241310119629 0.384957879781723 0.5876144820677649 0.8677756786346436 0.6171315312385559
13 0.720269501209259 2.662374937928181 3.1756505966186523 1.6114583015441895 0.3950282037258148 0.5818573372582989 0.8638266921043396 0.6124824285507202
14 0.7174793481826782 2.648493303207346 3.1699941158294678 1.5977452993392944 0.37320414185523987 0.5915429038372539 0.8440760374069214 0.597823977470398
15 0.7082271575927734 2.6444856341607528 3.1693453788757324 1.5771082639694214 0.35170361399650574 0.5616486645197295 0.8250458240509033 0.45422348380088806
16 0.710545539855957 2.6339116495480734 3.1689140796661377 1.58263099193573 0.37613245844841003 0.5839681867343218 0.8523723483085632 0.4818304777145386
17 0.7174224853515625 2.618259894209195 3.1671864986419678 1.6079164743423462 0.415153831243515 0.5952972772142875 0.8755841851234436 0.5811557173728943
18 0.7190254926681519 2.6169862260619072 3.1707239151000977 1.609406590461731 0.40796858072280884 0.5926270749166132 0.8418437242507935 0.5769057273864746
19 0.7181060910224915 2.6162796125424452 3.1696770191192627 1.610727071762085 0.4082975387573242 0.5917457766868993 0.857286810874939 0.5774063467979431
20 0.7178001403808594 2.6166513084417655 3.169858932495117 1.607850193977356 0.3799726963043213 0.5679417990451036 0.8854926824569702 0.5735978484153748
21 0.7197973132133484 2.6202080011008886 3.16933012008667 1.6102397441864014 0.38466548919677734 0.5687310147654657 0.888151228427887 0.5819562673568726
22 0.7200076580047607 2.619628564406628 3.1690635681152344 1.6102960109710693 0.385616272687912 0.5687795248630755 0.8737601041793823 0.5816988348960876
23 0.7315796613693237 2.642775091838228 3.172736644744873 1.6146676540374756 0.40213972330093384 0.5469137596965897 0.9150094389915466 0.5876693725585938
24 0.7307407855987549 2.640150673698004 3.172398567199707 1.6149587631225586 0.40063148736953735 0.5419638261219744 0.9144812822341919 0.5880598425865173
25 0.7270737886428833 2.6356493362775466 3.1717112064361572 1.6115754842758179 0.39938560128211975 0.5496290147252822 0.9116537570953369 0.5820372104644775
26 0.7285584211349487 2.6375778010762514 3.166485548019409 1.6072124242782593 0.38994452357292175 0.5597128891527612 0.8677682280540466 0.5698171854019165
27 0.7282918095588684 2.646286880594943 3.164276361465454 1.6060082912445068 0.38945960998535156 0.5435426988559063 0.8206596374511719 0.5745911002159119
28 0.7089084386825562 2.5662758184253844 3.1650614738464355 1.5850071907043457 0.33090391755104065 0.5072544426283865 0.8192751407623291 0.5273154973983765
29 0.711120069026947 2.607489084899944 3.1608870029449463 1.5860071182250977 0.3331451416015625 0.4784418038170197 0.844542384147644 0.5329968333244324
30 0.7101467847824097 2.597621920262281 3.1597630977630615 1.5861952304840088 0.3340202867984772 0.500672285001864 0.8490761518478394 0.532217800617218
31 0.7101489901542664 2.5928595118470166 3.159593105316162 1.5860849618911743 0.33380287885665894 0.5138188122967187 0.9172534942626953 0.5325682759284973
32 0.7101489901542664 2.5913251363959393 3.159573793411255 1.5860849618911743 0.33380287885665894 0.5159166106131787 0.8798211216926575 0.5325682759284973
33 0.7084521651268005 2.594603378626331 3.1574697494506836 1.5856934785842896 0.34166398644447327 0.5143974230681765 0.8783579468727112 0.5263851881027222
34 0.7086756229400635 2.5894008331749454 3.1576790809631348 1.5833027362823486 0.34338560700416565 0.5312295051804268 0.877048671245575 0.48363953828811646
35 0.7141915559768677 2.587948286410858 3.161097764968872 1.5951392650604248 0.34840863943099976 0.5129475393141751 0.8764556646347046 0.5211790204048157
36 0.714440107345581 2.5880097463775122 3.161868095397949 1.5944914817810059 0.34945785999298096 0.5159313278649729 0.8768945336341858 0.5207996368408203
37 0.7138620018959045 2.5884836770780297 3.1619653701782227 1.5963584184646606 0.3448801040649414 0.5134582258290897 0.8769962191581726 0.5716250538825989
38 0.722456157207489 2.593993996188309 3.161288261413574 1.6044589281082153 0.36074769496917725 0.5133180648229392 0.8795592784881592 0.5999081134796143
39 0.7196154594421387 2.5900655962482926 3.160998821258545 1.6047489643096924 0.36174678802490234 0.517154770217069 0.8774903416633606 0.5975595712661743
40 0.7246963977813721 2.5943520686954202 3.1590943336486816 1.6073737144470215 0.3686307370662689 0.5087383427887443 0.9378606677055359 0.6078604459762573
41 0.7216684818267822 2.59313778875307 3.159576416015625 1.6080694198608398 0.3637968599796295 0.5125666543747573 0.938672661781311 0.6111820340156555
42 0.7189836502075195 2.6084101119779453 3.157578706741333 1.6132893562316895 0.3577736020088196 0.5092657878297072 0.9429624080657959 0.626456081867218
43 0.7211242318153381 2.6082736265430193 3.1575090885162354 1.6169078350067139 0.36486631631851196 0.5097805052742606 0.947129487991333 0.636383056640625
44 0.7152851819992065 2.614567384567165 3.158306360244751 1.6169486045837402 0.357899934053421 0.5158856224199162 0.9484605193138123 0.6316694617271423
45 0.7025533318519592 2.6139603833508565 3.1585700511932373 1.6124402284622192 0.3391844928264618 0.5153833302319513 0.9379487633705139 0.6221020817756653
46 0.7026631832122803 2.624137458893915 3.1584203243255615 1.6123543977737427 0.33944323658943176 0.4897387423127676 0.9372149705886841 0.6220518946647644
47 0.7056950926780701 2.6295063608753892 3.1588070392608643 1.6147812604904175 0.34553787112236023 0.46717514474682825 0.941706657409668 0.6290422081947327
48 0.7058018445968628 2.622243511672584 3.157966136932373 1.6152057647705078 0.34352293610572815 0.4727984970774913 0.9361834526062012 0.6302014589309692
49 0.7056235074996948 2.6179885316546216 3.157975673675537 1.615267276763916 0.34348613023757935 0.47553011113886573 0.936664342880249 0.6305880546569824
50 0.699347734451294 2.608474691884608 3.1594583988189697 1.618452787399292 0.34593480825424194 0.4853487514207534 0.9371793866157532 0.6322028636932373
51 0.6977097988128662 2.6125738636252716 3.1606311798095703 1.6167749166488647 0.3394031822681427 0.48545568650957455 0.9438483119010925 0.6307671070098877
52 0.6901107430458069 2.5588932543278164 3.15901255607605 1.6064882278442383 0.32129597663879395 0.6366730113099116 0.9498768448829651 0.6042953729629517
53 0.6898574233055115 2.559010005515408 3.1586451530456543 1.6063119173049927 0.3184204399585724 0.6312139745917992 0.946277379989624 0.6046087741851807
54 0.6898574233055115 2.5436470812148677 3.1586451530456543 1.6063119173049927 0.3184204399585724 0.6664092037016486 0.9807414412498474 0.6046087741851807
55 0.6871099472045898 2.570651453018872 3.1562461853027344 1.6057143211364746 0.32094505429267883 0.6848381187496759 0.9824331998825073 0.6024515628814697
56 0.687418520450592 2.582889273685439 3.1562395095825195 1.6057335138320923 0.32105374336242676 0.6563067278319304 0.948112428188324 0.6024748086929321
57 0.6880478262901306 2.583097285177119 3.1562139987945557 1.6054363250732422 0.32033106684684753 0.6574040897671066 0.9417334794998169 0.6018736362457275
58 0.6833954453468323 2.5791230251904964 3.1587181091308594 1.502143383026123 0.3281579911708832 0.6666405483165534 0.9409670829772949 0.7622095942497253
59 0.6803924441337585 2.57361347373734 3.1574971675872803 1.501718521118164 0.32551857829093933 0.6807932212639065 0.9749360680580139 0.7602766156196594
60 0.679565966129303 2.5524037344311963 3.1575934886932373 1.5018640756607056 0.32433417439460754 0.6758882705747511 0.9743988513946533 0.7600338459014893
61 0.6844832301139832 2.5469861160091556 3.159888505935669 1.5103974342346191 0.3280421495437622 0.671667282760039 0.9470289945602417 0.7771329283714294
62 0.6826668977737427 2.5347597699596682 3.1607234477996826 1.512498140335083 0.3379506766796112 0.7115634962847417 0.9551876187324524 0.7842519283294678
63 0.6812776327133179 2.532737106248884 3.1600561141967773 1.5095531940460205 0.33811405301094055 0.7092250312033183 0.9476428627967834 0.7770141959190369
64 0.679981529712677 2.533474010287078 3.160144329071045 1.5104331970214844 0.3391345143318176 0.706850216399101 0.9476773142814636 0.7775422930717468
65 0.6798143982887268 2.533240105404943 3.160161018371582 1.5106474161148071 0.33879220485687256 0.7074173926529941 0.9477564096450806 0.7776888012886047
66 0.6798083782196045 2.5340798055456046 3.160176992416382 1.510629653930664 0.3385043144226074 0.7070877372133805 0.9477415680885315 0.7777254581451416
67 0.6792386174201965 2.5460268457891937 3.1604080200195313 1.5117067098617554 0.3360525071620941 0.6908110628240687 0.9852374792098999 0.7808414101600647
68 0.6711826920509338 2.5419148619833494 3.160688877105713 1.5011781454086304 0.3064235746860504 0.6817078163896289 0.959054172039032 0.757282555103302
69 0.6711826920509338 2.5377752132729663 3.160822629928589 1.501661777496338 0.3064235746860504 0.6884207288573768 0.9591288566589355 0.7574881911277771
70 0.6719110012054443 2.552647955615974 3.162240743637085 1.5013340711593628 0.30706092715263367 0.6935366747031917 0.9648125767707825 0.7560975551605225
71 0.6718912720680237 2.552662767483841 3.1622424125671387 1.501326084136963 0.3069652020931244 0.6935528686204774 0.9648029208183289 0.7560885548591614
72 0.6742421984672546 2.5539924997325025 3.164281129837036 1.5016655921936035 0.3032955527305603 0.6873730277438925 0.9191019535064697 0.7571561932563782
73 0.6749349236488342 2.5518615611209303 3.1641530990600586 1.5020556449890137 0.30506786704063416 0.6889058435766724 0.9178898334503174 0.7586175799369812
74 0.6751640439033508 2.559684443035954 3.1640849113464355 1.5019516944885254 0.3036249876022339 0.6755252789605064 0.9167565703392029 0.7575082182884216
75 0.6752883791923523 2.5597008925077507 3.1642608642578125 1.5019360780715942 0.30340489745140076 0.6756049141503347 0.9160084128379822 0.7575061917304993
76 0.6746259331703186 2.5609136248411386 3.163863182067871 1.5016310214996338 0.30291688442230225 0.6757594033423402 0.916705310344696 0.7559093236923218
77 0.6831287145614624 2.5848998392484894 3.163938283920288 1.507033348083496 0.3071354031562805 0.6399554510638266 0.9135549664497375 0.7679963111877441
78 0.682679295539856 2.58445137259552 3.16176438331604 1.5051045417785645 0.3066428005695343 0.6402374169253499 0.9227412939071655 0.7640055418014526
79 0.6826786398887634 2.5815698400146894 3.16176438331604 1.5051051378250122 0.3066428005695343 0.6470566237543133 0.9229978322982788 0.7640063166618347
80 0.6912314891815186 2.573173562236079 3.1667819023132324 1.526552677154541 0.33363866806030273 0.6715213912820183 0.9370477795600891 0.8087296485900879
81 0.6910749673843384 2.5723429619619345 3.1745145320892334 1.5347882509231567 0.33638566732406616 0.6821643877023882 0.9667119979858398 0.8094918727874756
82 0.6912770867347717 2.5722287327933677 3.1743180751800537 1.5352011919021606 0.33715635538101196 0.6811718242928226 0.9676287174224854 0.8101286292076111
83 0.6887438297271729 2.5762918628531044 3.172591209411621 1.5371859073638916 0.3468170464038849 0.688254561082634 0.9795129299163818 0.8183483481407166
84 0.6895185708999634 2.574691099417613 3.1738901138305664 1.5377342700958252 0.3479103446006775 0.6891022548477814 0.9830614924430847 0.8192845582962036
85 0.6891025304794312 2.575798391999358 3.1739864349365234 1.5365337133407593 0.34573182463645935 0.6861603135847796 0.980578601360321 0.8176853060722351
86 0.6939750909805298 2.536870428580601 3.1729423999786377 1.5436115264892578 0.3483414649963379 0.7157702240182625 0.9828341603279114 0.8384854793548584
87 0.6907036304473877 2.5617775199819297 3.174628257751465 1.5429654121398926 0.3541889786720276 0.6877113680252094 0.9820907115936279 0.8321818113327026
88 0.6801446080207825 2.5456997227298954 3.1756231784820557 1.5255563259124756 0.33356839418411255 0.6885075909621189 0.9690157771110535 0.784766674041748
89 0.678626537322998 2.5460883841331814 3.1754181385040283 1.5247998237609863 0.33735400438308716 0.685694052864463 1.0005370378494263 0.7815612554550171
90 0.678655743598938 2.543802567640943 3.175560235977173 1.5241996049880981 0.3378896415233612 0.6825830852893309 1.000424861907959 0.7819856405258179
91 0.6794124245643616 2.5383584632968246 3.175560474395752 1.5243096351623535 0.3388898968696594 0.693209832527609 0.9513429403305054 0.7822560667991638
92 0.6796423196792603 2.5461899998780315 3.1756699085235596 1.524050235748291 0.3367604911327362 0.6774522342171952 0.950340747833252 0.7820747494697571
93 0.6823123097419739 2.5417663830136137 3.176191806793213 1.5290316343307495 0.3453640639781952 0.6816622000477991 0.9555312395095825 0.7920194864273071
94 0.6806528568267822 2.5558282292643453 3.176344156265259 1.5293645858764648 0.34450870752334595 0.6236087458180094 0.9896351099014282 0.7945376634597778
95 0.6828604936599731 2.5383296697422586 3.176497459411621 1.532645583152771 0.3545701205730438 0.6819232520650722 0.9946275949478149 0.8050391674041748
96 0.6810110807418823 2.5360837732170145 3.1724259853363037 1.529091715812683 0.34945759177207947 0.6750049801327119 0.984308660030365 0.8065239191055298
97 0.6848416924476624 2.557143718090583 3.1729347705841064 1.5270460844039917 0.34841781854629517 0.650811569446218 0.9808588624000549 0.8030266165733337
98 0.6848228573799133 2.5568760133521513 3.1731643676757813 1.5270508527755737 0.34846365451812744 0.6506569691825539 0.9830818176269531 0.8030238747596741
99 0.6844021081924438 2.557139825084078 3.1720314025878906 1.5274927616119385 0.3462982773780823 0.6466887973034199 0.9805548787117004 0.8028342127799988
100 0.6886358857154846 2.565622404346788 3.1706228256225586 1.5360684394836426 0.3524864912033081 0.6833994444407697 0.9494442343711853 0.8217174410820007
101 0.691695511341095 2.5330702299898906 3.1728107929229736 1.5365748405456543 0.34898704290390015 0.7018607756763766 0.9442188739776611 0.8252647519111633
102 0.6920256018638611 2.5318894515276846 3.1730430126190186 1.5361638069152832 0.35019129514694214 0.7026383861505409 0.9442983865737915 0.8253262042999268
103 0.6930562257766724 2.5696161010679295 3.1765215396881104 1.543386459350586 0.365913987159729 0.671557989176768 0.9664540886878967 0.8360393047332764
104 0.6931095719337463 2.568245174073787 3.176571846008301 1.5447819232940674 0.36594897508621216 0.6714078344742301 0.967107892036438 0.8423833250999451
105 0.692952573299408 2.5678314355954637 3.1764800548553467 1.5439077615737915 0.36574670672416687 0.6720718402264937 0.9670818448066711 0.8426333665847778
106 0.6930990815162659 2.5675553433061675 3.1766421794891357 1.5439013242721558 0.3656919002532959 0.6722779589303786 0.9674718976020813 0.84245365858078
107 0.6876358985900879 2.5656906614971393 3.1745591163635254 1.5375266075134277 0.35948216915130615 0.6724465713318636 0.975227952003479 0.8410831093788147
108 0.6871556639671326 2.5650321079739618 3.1732921600341797 1.5377150774002075 0.3590158522129059 0.672509006616064 0.9762632846832275 0.8414950966835022
109 0.6853159666061401 2.560517740789685 3.1722006797790527 1.5349781513214111 0.35398849844932556 0.651121899095145 0.9695502519607544 0.8332852721214294
110 0.6863638162612915 2.5621367095630845 3.1722776889801025 1.5326645374298096 0.3548060953617096 0.6495065426418735 0.9711131453514099 0.8333441615104675
111 0.6870694160461426 2.569118362110886 3.1720781326293945 1.5348049402236938 0.3609261214733124 0.6586297762578721 0.9731176495552063 0.8377651572227478
112 0.6966507434844971 2.568868177424001 3.171865463256836 1.531407117843628 0.37108951807022095 0.6629094315034475 0.977199912071228 0.848935067653656
113 0.6957430839538574 2.5667340052683785 3.1718461513519287 1.5295995473861694 0.36594703793525696 0.663751582245424 0.9746353030204773 0.8443693518638611
114 0.6897716522216797 2.5818649991685345 3.168208599090576 1.5117597579956055 0.3351568281650543 0.6450798118719253 0.9527381658554077 0.8102072477340698
115 0.6893274784088135 2.5737470440876122 3.1687841415405273 1.5152497291564941 0.3485875427722931 0.6440344447050592 0.9614256620407104 0.8220175504684448
116 0.6918964385986328 2.5820606005819084 3.1678011417388916 1.5172454118728638 0.34870466589927673 0.6362234375024601 0.9574981927871704 0.8284285664558411
117 0.6941349506378174 2.576997198579091 3.1698315143585205 1.5204265117645264 0.35590288043022156 0.6456314046896517 0.9622249007225037 0.823525607585907
118 0.6941485404968262 2.5769480615538467 3.170525550842285 1.5204417705535889 0.3559149503707886 0.6456500391687449 0.9556046724319458 0.8235645294189453
119 0.6963586807250977 2.5774700454140556 3.1714820861816406 1.5152589082717896 0.3472469747066498 0.6609395240460644 0.9795005321502686 0.8102145195007324
120 0.6969236731529236 2.5785970142552666 3.1694419384002686 1.5146888494491577 0.34735727310180664 0.6587216085955044 0.9745323061943054 0.8097040057182312
121 0.6979811787605286 2.5792210838948795 3.1695971488952637 1.5146849155426025 0.34645774960517883 0.6566020212757082 0.9751788377761841 0.8104751706123352
122 0.6981664299964905 2.5817688790010735 3.1698219776153564 1.5144386291503906 0.3460443913936615 0.6460648143149779 0.939946711063385 0.8103085160255432
123 0.6971380710601807 2.581619172369193 3.1727797985076904 1.514879822731018 0.3452763557434082 0.6540609421554258 0.9337396025657654 0.810291588306427
124 0.6961299777030945 2.581645587470307 3.174363613128662 1.514369010925293 0.34364432096481323 0.6541031495508348 0.9550976157188416 0.8093169331550598
125 0.6953012347221375 2.5860235406335867 3.173816680908203 1.5119456052780151 0.33556067943573 0.654730430677658 0.9447925090789795 0.8045474290847778
126 0.68658047914505 2.5891112206736118 3.1728084087371826 1.5063177347183228 0.3284371793270111 0.6801211456110757 0.9445577263832092 0.7915188670158386
127 0.6867364645004272 2.5884759939137365 3.172813653945923 1.5063499212265015 0.3298449218273163 0.6799398352028078 0.9445680379867554 0.7920567989349365
128 0.6898778080940247 2.6041962183094505 3.173771381378174 1.5066243410110474 0.33089756965637207 0.659200508305666 0.9466389417648315 0.7928938269615173
129 0.6911664009094238 2.6023197583329116 3.1738579273223877 1.5070114135742188 0.3309444785118103 0.6595268354048366 0.9477484226226807 0.7948899865150452
130 0.6912827491760254 2.6023695527035757 3.1740334033966064 1.5079755783081055 0.3304482698440552 0.6603819524387544 0.949708878993988 0.7952848076820374
131 0.6989314556121826 2.595118592905232 3.176948070526123 1.5161478519439697 0.3406791388988495 0.6577950826143192 0.9554895162582397 0.8148984909057617
132 0.6942179799079895 2.5976879728900757 3.1798832416534424 1.5122865438461304 0.336018830537796 0.6315327937119405 0.9540892243385315 0.8081880807876587
133 0.6862308979034424 2.5777993189101513 3.179370403289795 1.5030585527420044 0.33690014481544495 0.6378233983322045 0.9302300810813904 0.795258104801178
134 0.6873785257339478 2.572183920895909 3.1804583072662354 1.501396656036377 0.3424258828163147 0.6406347410506793 0.9308002591133118 0.7881649732589722
135 0.6852470636367798 2.5693994325761333 3.1805100440979004 1.4987657070159912 0.34133028984069824 0.6462088827738041 0.9307764172554016 0.7837294936180115
136 0.6858083605766296 2.5798445134350865 3.180992364883423 1.501602292060852 0.35365578532218933 0.627391872168032 0.936832845211029 0.7879524827003479
137 0.6872382164001465 2.56948244250305 3.181204080581665 1.5015255212783813 0.3539792597293854 0.632173070811754 0.9371015429496765 0.7881105542182922
138 0.6860975027084351 2.5620858450059543 3.1816089153289795 1.4978783130645752 0.3503401279449463 0.6653367712089355 0.936613142490387 0.7832714319229126
139 0.6855252385139465 2.562048585093142 3.1831250190734863 1.5036216974258423 0.35206809639930725 0.6625634596941172 0.9402095675468445 0.7942407131195068
140 0.6870160698890686 2.576932079089582 3.1821961402893066 1.4995977878570557 0.3642767667770386 0.6466197513470424 0.939760148525238 0.7817197442054749
141 0.6949908137321472 2.561838874221722 3.1854567527770996 1.5205929279327393 0.3834691643714905 0.6715241035302062 0.9329897165298462 0.820590615272522
142 0.6942647695541382 2.566807064239763 3.1845173835754395 1.5196185111999512 0.38135629892349243 0.6669474298376662 0.9286884665489197 0.8126206994056702
143 0.6909661889076233 2.573451907106461 3.1830458641052246 1.5068339109420776 0.3708076775074005 0.6511515411077259 0.924943208694458 0.7993884682655334
144 0.6906291246414185 2.573611709443063 3.183073043823242 1.506783127784729 0.37040677666664124 0.6514685217007067 0.9389191269874573 0.799347460269928
145 0.6972082853317261 2.561140069966335 3.1827926635742188 1.5100486278533936 0.3782265782356262 0.698426524552196 0.9441729784011841 0.8086467385292053
146 0.7026270031929016 2.563393388910192 3.1841959953308105 1.5100457668304443 0.3868579864501953 0.7005738669065165 0.9438899159431458 0.8096271753311157
147 0.7005992531776428 2.5657483598066384 3.1822991371154785 1.5049247741699219 0.3848464787006378 0.6996106282134142 0.9380200505256653 0.8026987910270691
148 0.7013573050498962 2.571767908884007 3.1827104091644287 1.5049258470535278 0.3817789554595947 0.6891342972908241 0.9409534931182861 0.8003180027008057
149 0.7014520168304443 2.5715009956466743 3.1826319694519043 1.5050002336502075 0.3821508586406708 0.6895334499909859 0.9423874020576477 0.8002481460571289
150 0.7001716494560242 2.569726547432497 3.1829113960266113 1.505504846572876 0.3815283477306366 0.6910343129855341 0.9490762948989868 0.8000310063362122
151 0.7003342509269714 2.573870703084948 3.181988477706909 1.5044676065444946 0.3772619962692261 0.681216912776709 0.9468806982040405 0.798617422580719
152 0.700642466545105 2.576175449444351 3.1820693016052246 1.5044597387313843 0.37791720032691956 0.6684909071948099 0.9465621113777161 0.7985487580299377
153 0.700491189956665 2.578593206892894 3.181931734085083 1.5045208930969238 0.37806713581085205 0.6627729588070578 0.9465275406837463 0.7984012961387634
154 0.6986181735992432 2.5807273119047287 3.182806968688965 1.5040823221206665 0.3740248680114746 0.6612323981436438 0.9386104941368103 0.7985252141952515
155 0.6986678242683411 2.572657585150215 3.1815080642700195 1.5040851831436157 0.3740618824958801 0.6618573307447709 0.9332926273345947 0.7985268235206604
156 0.6986678242683411 2.5717894461740873 3.1815080642700195 1.5040851831436157 0.3740618824958801 0.6638748813663095 0.9477375149726868 0.7985268235206604
157 0.6980674266815186 2.571157657397387 3.186514377593994 1.5042954683303833 0.3744718134403229 0.6651132029015913 0.9007350206375122 0.7983293533325195
158 0.6994289755821228 2.570525978466501 3.1857311725616455 1.5114617347717285 0.380477637052536 0.6779379470459335 0.9082505702972412 0.8142220973968506
159 0.6985024213790894 2.5650943944247913 3.1872119903564453 1.5084326267242432 0.39385905861854553 0.682736922168415 0.906699538230896 0.8033561706542969
160 0.6899755001068115 2.591207750429612 3.1856772899627686 1.4976844787597656 0.38807761669158936 0.6622803810442072 0.8969326615333557 0.7745013236999512
161 0.6889908313751221 2.588157115323257 3.1857922077178955 1.4982644319534302 0.38947731256484985 0.6673801686717469 0.9019317626953125 0.7738857865333557
162 0.692787230014801 2.59320970174094 3.1845664978027344 1.5006647109985352 0.3978813886642456 0.6586963507442971 0.9044123291969299 0.7783395051956177
163 0.6927005052566528 2.593414533773727 3.184598922729492 1.5006548166275024 0.3975660800933838 0.658571745378222 0.9044565558433533 0.7784190773963928
164 0.691303014755249 2.6000991188745357 3.1896276473999023 1.4952735900878906 0.387923926115036 0.6623134099750403 0.9107532501220703 0.7669996619224548
165 0.6895074248313904 2.589775824313421 3.1884658336639404 1.494627594947815 0.38643109798431396 0.6801665290617667 0.9223942756652832 0.7661595940589905
166 0.6893429756164551 2.594443407959992 3.1886096000671387 1.4906866550445557 0.3803888261318207 0.6764905289338436 0.921432375907898 0.7577367424964905
167 0.6798250079154968 2.587519481760903 3.1857707500457764 1.50257408618927 0.3783583343029022 0.6925976051425315 0.9209065437316895 0.7810497879981995
168 0.6867859959602356 2.5928146741187508 3.182415723800659 1.5073755979537964 0.3746684491634369 0.6921018287411638 0.9812483787536621 0.79076087474823
169 0.6887475848197937 2.5831420507023464 3.185939073562622 1.506103754043579 0.38339588046073914 0.6991906977392712 0.9868891835212708 0.7851854562759399
170 0.6913427114486694 2.5779313004063975 3.1868577003479004 1.50347101688385 0.3826153576374054 0.7078803090729351 0.9849109053611755 0.7794695496559143
171 0.6914076805114746 2.5777458100983446 3.1868889331817627 1.5035332441329956 0.38285383582115173 0.7081211914870414 0.9854487776756287 0.7794435024261475
172 0.6923298239707947 2.5748677312908677 3.1852760314941406 1.5075021982192993 0.3733210265636444 0.7145893567031903 1.0101858377456665 0.7952904105186462
173 0.6919383406639099 2.5744771803073907 3.1820037364959717 1.506219506263733 0.36913299560546875 0.7077930089268568 1.008114218711853 0.7968649864196777
174 0.6912378668785095 2.5665184615513192 3.1830215454101563 1.5099058151245117 0.38032951951026917 0.7070960874840598 1.0138635635375977 0.8053853511810303
175 0.6899078488349915 2.558316546321703 3.1832468509674072 1.5042662620544434 0.3861639201641083 0.7130504158557354 1.0310101509094238 0.7885643243789673
176 0.689396858215332 2.5752498341105863 3.183802604675293 1.5071144104003906 0.39897075295448303 0.6766619469561159 1.0418932437896729 0.7908856868743896
177 0.6916508078575134 2.590406844058099 3.182539463043213 1.5115975141525269 0.4019114077091217 0.6513720510050746 1.00830078125 0.7942562103271484
178 0.6968884468078613 2.588092079400628 3.1821463108062744 1.5128138065338135 0.4104490280151367 0.6565517716007597 1.0084803104400635 0.7935897707939148
179 0.6968972682952881 2.5882936500256783 3.18214750289917 1.5127639770507813 0.41023126244544983 0.6564093611364 1.0082143545150757 0.7936163544654846
180 0.696994423866272 2.5873484968792644 3.1818835735321045 1.5127311944961548 0.40634289383888245 0.6466820212086769 0.9701916575431824 0.7927500605583191
181 0.6977043747901917 2.5870128431049313 3.182511806488037 1.5080636739730835 0.4082130491733551 0.6432638477081881 0.9679321646690369 0.78155916929245
182 0.7018375396728516 2.588558363931042 3.181947946548462 1.5080240964889526 0.40565651655197144 0.6320292314607991 0.9639435410499573 0.7847709655761719
183 0.6988086104393005 2.5897118649405377 3.18231463432312 1.508642554283142 0.40730342268943787 0.642653752841961 0.9620338082313538 0.7851977348327637
184 0.6960023641586304 2.5887621010008486 3.1804683208465576 1.5043679475784302 0.39920151233673096 0.6446299624910417 0.9592406749725342 0.7753452062606812
185 0.6967856884002686 2.5778958346045235 3.181194543838501 1.5046902894973755 0.3978070020675659 0.6270209517307984 0.9571501016616821 0.7762899994850159
186 0.6754698753356934 2.5630380515644227 3.1813247203826904 1.4914437532424927 0.36243167519569397 0.6519004000211113 0.9453305602073669 0.7533208131790161
187 0.675920307636261 2.5651663158752607 3.181797742843628 1.4908714294433594 0.3631320297718048 0.6506344373109013 0.9467776417732239 0.7526155710220337
188 0.6760533452033997 2.5653481316260356 3.1818366050720215 1.4908229112625122 0.363434374332428 0.6505188740730882 0.9468089938163757 0.7527528405189514
189 0.6757670640945435 2.565479258770117 3.1815783977508545 1.4907742738723755 0.36260494589805603 0.6509169267000031 0.9311037659645081 0.7523492574691772
190 0.6818126440048218 2.5771116469822903 3.1797051429748535 1.5070439577102661 0.37322327494621277 0.6579024672192852 0.97355055809021 0.7926175594329834
191 0.6926645636558533 2.5351828720802914 3.186490535736084 1.5105987787246704 0.37772122025489807 0.7534428836566953 0.9908636212348938 0.8016707301139832
192 0.6949881911277771 2.535908719349675 3.1854395866394043 1.51227867603302 0.37793904542922974 0.7616347267068282 0.9909709692001343 0.8037024140357971
193 0.6879461407661438 2.676545767880243 3.1846201419830322 1.5118610858917236 0.37615346908569336 0.46771299650566883 0.9758156538009644 0.8031754493713379
194 0.686689019203186 2.6742042971538655 3.1840133666992188 1.5025091171264648 0.3742651343345642 0.47485966790433465 0.938907265663147 0.7841686010360718
195 0.6870265007019043 2.525252149586016 3.183549165725708 1.5020726919174194 0.3737625479698181 0.8674572976028158 0.948967695236206 0.7836771011352539
196 0.6876101493835449 2.6085222071909278 3.1833324432373047 1.5021367073059082 0.37474143505096436 0.7107028144027749 0.9414529800415039 0.7848739624023438
197 0.6937733888626099 2.619697756322887 3.1849524974823 1.5133386850357056 0.3952373266220093 0.6618722495576028 0.9572658538818359 0.8082755208015442
198 0.6932531595230103 2.6226429502374753 3.1850340366363525 1.5155010223388672 0.3915654420852661 0.6650842748669549 0.9601298570632935 0.8131061792373657
199 0.7008567452430725 2.611316945670246 3.183490514755249 1.517774224281311 0.38680464029312134 0.668687535633636 0.960170567035675 0.7924813628196716
200 0.6944056153297424 2.6045856692633027 3.1789398193359375 1.5191283226013184 0.39026200771331787 0.6780100769680136 0.9465932846069336 0.793255627155304
201 0.6931325197219849 2.6036798376258923 3.1792445182800293 1.517604947090149 0.38640907406806946 0.6776966986644021 0.9439749121665955 0.7895843982696533
202 0.6936185359954834 2.6097155975062547 3.178220748901367 1.5170915126800537 0.3866501450538635 0.6735301879366405 0.944115400314331 0.7935799956321716
203 0.7066991329193115 2.570241389309402 3.1792962551116943 1.532432198524475 0.41254085302352905 0.6919903471978303 0.9872932434082031 0.8322106599807739
204 0.705702543258667 2.56606081688892 3.178956985473633 1.5307223796844482 0.4128088355064392 0.692237420549519 0.984939694404602 0.8286615610122681
205 0.7010939121246338 2.5717758600787866 3.18802809715271 1.5217986106872559 0.4084278345108032 0.7000029042832837 1.0092017650604248 0.8086419105529785
206 0.7013184428215027 2.5720217152443006 3.187934637069702 1.5215487480163574 0.4090126156806946 0.6981841969466462 1.0085195302963257 0.8080743551254272
207 0.6930842995643616 2.5818407620137203 3.1903650760650635 1.5172227621078491 0.40630942583084106 0.7118875638289972 1.0033326148986816 0.7992967367172241
208 0.6934763193130493 2.572297972264319 3.1917829513549805 1.527667760848999 0.42820799350738525 0.7214845115626374 1.0398902893066406 0.8212071061134338
209 0.6938227415084839 2.5681618039096112 3.1918585300445557 1.5310914516448975 0.428274542093277 0.7196924282474593 1.041904091835022 0.8279001116752625
210 0.6948514580726624 2.568458059225906 3.1913905143737793 1.5326011180877686 0.4321565330028534 0.7214055152519581 1.0304266214370728 0.832502007484436
211 0.6948514580726624 2.5713741028721637 3.1913905143737793 1.5326011180877686 0.4321565330028534 0.7153000914642288 1.0306557416915894 0.832502007484436
212 0.6972419619560242 2.576987054814025 3.195821523666382 1.5317981243133545 0.42734166979789734 0.7070575510558648 1.0293853282928467 0.8325729370117188
213 0.6988899111747742 2.578153262359685 3.197746753692627 1.533082127571106 0.42914891242980957 0.7018549393997832 1.0333731174468994 0.838623583316803
214 0.6977843642234802 2.5765663772104617 3.1977226734161377 1.5334410667419434 0.429500550031662 0.7024624838916571 1.0327513217926025 0.8384184837341309
215 0.6977843642234802 2.5765663772104617 3.1977226734161377 1.5334410667419434 0.429500550031662 0.7024624838916571 1.0327513217926025 0.8384184837341309
216 0.6978790760040283 2.5773774619991037 3.197704792022705 1.5335683822631836 0.4299379587173462 0.7037532201485376 1.033133864402771 0.8386362791061401
217 0.6973357796669006 2.5776060822962465 3.1978800296783447 1.5336146354675293 0.42819806933403015 0.7023307156611646 1.03339684009552 0.8391822576522827
218 0.6987426280975342 2.579942045818032 3.19793701171875 1.5339776277542114 0.4336685538291931 0.7057958320034813 1.0339570045471191 0.8402947187423706
219 0.6923944354057312 2.5750949470420363 3.1971065998077393 1.525053858757019 0.42421483993530273 0.7030037947885706 1.0272619724273682 0.8191322088241577
220 0.6920531988143921 2.5727077949677217 3.196307897567749 1.5235570669174194 0.42358607053756714 0.7087654885989749 1.0151715278625488 0.8170909881591797
221 0.6911251544952393 2.571774547813701 3.196866035461426 1.5229380130767822 0.4182392656803131 0.6991876537756564 1.0240424871444702 0.8217694163322449
222 0.6943426728248596 2.5868263396583804 3.197371244430542 1.5154385566711426 0.4320579171180725 0.7221507065552804 1.0277515649795532 0.8052781224250793
223 0.6947156190872192 2.591550689806815 3.198059320449829 1.516162395477295 0.43456530570983887 0.7310827287698118 1.0295413732528687 0.8074904084205627
224 0.6948433518409729 2.5914359669913134 3.197115898132324 1.516189455986023 0.4347597062587738 0.7313008414155726 1.0221717357635498 0.8074749708175659
225 0.6962517499923706 2.5897246836233627 3.199037790298462 1.5157016515731812 0.43529951572418213 0.7355204165856999 0.9921792149543762 0.8069570064544678
226 0.6931599974632263 2.593263212649949 3.1981329917907715 1.5155342817306519 0.43283015489578247 0.7350197645815741 0.9892565608024597 0.8011150360107422
227 0.693060040473938 2.5909051011629445 3.197082996368408 1.5159426927566528 0.4343445897102356 0.734420085662298 0.9877328276634216 0.8011972308158875
228 0.6928943991661072 2.591098888774388 3.196772575378418 1.5164493322372437 0.43427416682243347 0.7340952858904883 0.9905958771705627 0.8011924028396606
229 0.6933957934379578 2.585572468830427 3.196047782897949 1.516347885131836 0.43361005187034607 0.7457707670765075 0.9922699332237244 0.80145263671875
230 0.6966961622238159 2.6028159462267113 3.1955533027648926 1.5189589262008667 0.43152666091918945 0.7252698028541281 0.9918031692504883 0.8124985098838806
231 0.69011390209198 2.607884105875473 3.1948914527893066 1.5259910821914673 0.41429975628852844 0.7154291443805479 0.995048463344574 0.8254955410957336
232 0.6911352276802063 2.608305703877479 3.1948373317718506 1.5203343629837036 0.4157163202762604 0.7099251889186805 1.02460515499115 0.8133074045181274
233 0.6897464990615845 2.6115822403834534 3.1948604583740234 1.5226173400878906 0.40908339619636536 0.7127324730291751 1.0264101028442383 0.8189079165458679
234 0.6913178563117981 2.6122796147773437 3.195157289505005 1.5236990451812744 0.41243118047714233 0.712686940459023 1.027979850769043 0.8205351829528809
235 0.6881533265113831 2.6142453532272025 3.1942999362945557 1.5197724103927612 0.4063907265663147 0.7121051744013315 1.0245002508163452 0.816946268081665
236 0.6929854154586792 2.6089963502359708 3.192960023880005 1.5249345302581787 0.41354256868362427 0.7078662055179609 1.0281590223312378 0.8274804353713989
237 0.6895272135734558 2.611483527625378 3.1927027702331543 1.5228207111358643 0.4124380350112915 0.7149364788151498 1.0267244577407837 0.823398232460022
238 0.685259997844696 2.61505324627636 3.191896438598633 1.515405535697937 0.4012501537799835 0.7182944684599621 1.017676830291748 0.8066914677619934
239 0.6841375231742859 2.615424748862809 3.1920571327209473 1.5139473676681519 0.39837783575057983 0.7145355988908514 1.017320156097412 0.8071927428245544
240 0.6792808771133423 2.6092912976267493 3.188204288482666 1.4942872524261475 0.3739350438117981 0.7553371978185828 0.9990721344947815 0.7682901620864868
241 0.6831437945365906 2.614452222613826 3.1882779598236084 1.5024654865264893 0.3770233988761902 0.7568306586364941 1.0177578926086426 0.7907975912094116
242 0.6852900385856628 2.613116205936626 3.1873104572296143 1.4998853206634521 0.3848099410533905 0.7641196699719636 1.0187959671020508 0.7815983891487122
243 0.6855966448783875 2.612157847681899 3.187746524810791 1.4981637001037598 0.38389602303504944 0.7627295389488772 1.0249639749526978 0.7793766260147095
244 0.6768215894699097 2.617330931601214 3.1851003170013428 1.4885259866714478 0.36110472679138184 0.7050174008010601 1.0121212005615234 0.750868022441864
245 0.6761852502822876 2.617538189415005 3.1858019828796387 1.4874615669250488 0.35520699620246887 0.7018916386826551 1.0119534730911255 0.750572919845581
246 0.6781525611877441 2.616016848046049 3.186067581176758 1.486301302909851 0.3601757884025574 0.7000490482049988 1.011102557182312 0.7478053569793701
247 0.6815069913864136 2.613667370770145 3.185678005218506 1.4867879152297974 0.3583749532699585 0.6805566404929219 1.0011656284332275 0.7516332268714905
248 0.6812949180603027 2.6176453246035165 3.1864326000213623 1.4924794435501099 0.35828471183776855 0.6699578747706516 0.9516883492469788 0.7511513233184814
249 0.6810959577560425 2.617283903771327 3.185760974884033 1.4924362897872925 0.3585232198238373 0.6709184908198287 0.9517688155174255 0.7501575350761414
250 0.6800149083137512 2.618144919450332 3.1858270168304443 1.4931280612945557 0.354418009519577 0.6754313399750534 0.9397630095481873 0.7515360713005066
251 0.6814371347427368 2.617783175550397 3.1860666275024414 1.4862003326416016 0.3560939133167267 0.6708748738713234 0.9531810879707336 0.7588463425636292
252 0.6870563626289368 2.626480299862421 3.18609356880188 1.4833699464797974 0.35012441873550415 0.663362884190095 0.9458602666854858 0.7577528357505798
253 0.6934675574302673 2.631113125516767 3.1863622665405273 1.482260823249817 0.3486420214176178 0.6506802318798875 0.946450412273407 0.7579460144042969
254 0.6918784379959106 2.6330262259554615 3.1872806549072266 1.4808164834976196 0.343494176864624 0.6436710615439619 0.9458616375923157 0.7547821402549744
255 0.6861663460731506 2.5975166579309734 3.1830902099609375 1.4801208972930908 0.34330520033836365 0.7143336337152717 0.9792722463607788 0.7506027221679688
256 0.6867024898529053 2.592182636080622 3.184454917907715 1.479058027267456 0.35670965909957886 0.737633783221084 0.9775017499923706 0.748583972454071
257 0.6870885491371155 2.593330791396894 3.1847479343414307 1.4785109758377075 0.35617366433143616 0.7352055451325545 0.9774368405342102 0.7475878000259399
258 0.6886776089668274 2.601199271413455 3.1851494312286377 1.4793695211410522 0.3560197055339813 0.7183361087041824 0.9849645495414734 0.7505446672439575
259 0.6901414394378662 2.5918990668196886 3.1878104209899902 1.4797648191452026 0.35706254839897156 0.7353882816491082 0.9537791013717651 0.7509244680404663
260 0.6910020709037781 2.592804845287693 3.1880550384521484 1.479944109916687 0.358853280544281 0.7422718399736601 0.9544974565505981 0.751660168170929
261 0.6936405897140503 2.5872374490406633 3.1877405643463135 1.4772028923034668 0.36471670866012573 0.7444399641199589 0.952957034111023 0.7484433054924011
262 0.6935728192329407 2.592420143857031 3.188568592071533 1.4770450592041016 0.36318954825401306 0.7511868041158197 0.9514580965042114 0.746756911277771
263 0.6966953873634338 2.5923284506879836 3.1876380443573 1.4773454666137695 0.3625773787498474 0.747145859626596 0.9710424542427063 0.7490026950836182
264 0.6922820210456848 2.571075839042068 3.1876840591430664 1.4772166013717651 0.3611542880535126 0.736583114722448 0.975425660610199 0.7477853298187256
265 0.6941293478012085 2.566925903501945 3.1881632804870605 1.4788016080856323 0.3622206151485443 0.7284651107445258 0.9745401740074158 0.752149224281311
266 0.7008994221687317 2.632182137141256 3.1891658306121826 1.4875171184539795 0.3708850145339966 0.7083642551572722 0.9852147698402405 0.768221378326416
267 0.7008994221687317 2.632182137141256 3.1891658306121826 1.4875171184539795 0.3708850145339966 0.7083642551572722 0.9841610789299011 0.768221378326416
268 0.7018551230430603 2.632418683587889 3.1891086101531982 1.4875982999801636 0.3717726767063141 0.7078676287664569 0.9843568801879883 0.7688273191452026
269 0.7017565369606018 2.633158227040746 3.1887903213500977 1.4880503416061401 0.3698478043079376 0.708498639197246 0.9848058819770813 0.7699667811393738
270 0.7049631476402283 2.6335742278426264 3.189465045928955 1.4932348728179932 0.3795490264892578 0.7129800781861186 0.9933024644851685 0.7798343300819397
271 0.7082046866416931 2.6443005469488363 3.1909072399139404 1.5044816732406616 0.39417123794555664 0.7628303285767513 0.9938676953315735 0.8092440962791443
272 0.708979070186615 2.5922080088201276 3.190972089767456 1.5031119585037231 0.39248788356781006 0.7125127808102732 1.006700873374939 0.8034604787826538
273 0.708979070186615 2.5922080088201276 3.190972089767456 1.5031119585037231 0.39248788356781006 0.7125127808102732 1.006700873374939 0.8034604787826538
274 0.7151615023612976 2.6065125141699856 3.1922662258148193 1.5056782960891724 0.41504716873168945 0.677690747447863 1.0475761890411377 0.806629478931427
275 0.7151615023612976 2.6065125141699856 3.1875476837158203 1.5056782960891724 0.41504716873168945 0.677690747447863 1.0524260997772217 0.806629478931427
276 0.7154173254966736 2.5982479576813367 3.1874561309814453 1.5077807903289795 0.42576515674591064 0.6966102438405626 1.0556703805923462 0.8144679069519043
277 0.7110509872436523 2.6063628755943995 3.1850597858428955 1.496679425239563 0.41321861743927 0.6704707135566407 1.0474423170089722 0.7906882166862488
278 0.7114899158477783 2.6065492165197006 3.1856603622436523 1.4974849224090576 0.41382235288619995 0.6708068375376212 1.0437456369400024 0.7927331328392029
279 0.712431013584137 2.606356969718358 3.186633825302124 1.49691903591156 0.4168853759765625 0.6676847411972628 1.043172836303711 0.7913236021995544
280 0.7170501351356506 2.61327684155741 3.185866594314575 1.497076392173767 0.4062293767929077 0.6428128940089892 1.0393327474594116 0.794430136680603
281 0.7177810668945313 2.6144764753628422 3.185847043991089 1.4972190856933594 0.4078451097011566 0.6431724498664413 1.0393613576889038 0.7943844199180603
282 0.7297613024711609 2.6490455747769537 3.1905839443206787 1.5262683629989624 0.4470421373844147 0.5441140718878721 1.0480026006698608 0.8501595854759216
283 0.7302090525627136 2.6493985501250426 3.190225601196289 1.526252031326294 0.4462498724460602 0.5465675991483497 1.0794293880462646 0.8517510294914246
284 0.7287537455558777 2.6535868084478373 3.1902198791503906 1.5270639657974243 0.4430800974369049 0.534243550869276 1.078831672668457 0.8533439636230469
285 0.7287537455558777 2.6535868084478373 3.19012451171875 1.5270639657974243 0.4430800974369049 0.534243550869276 1.0784469842910767 0.8533439636230469
286 0.7287901043891907 2.6535865099428197 3.1903741359710693 1.527068018913269 0.44317108392715454 0.5342891574014237 1.078643798828125 0.8533241748809814
287 0.7264041900634766 2.6545033870777255 3.1898231506347656 1.5350717306137085 0.4407530725002289 0.531761510780658 1.081008791923523 0.8863727450370789
288 0.7236326336860657 2.6976428519068425 3.1919827461242676 1.5351523160934448 0.439829558134079 0.5639734637052581 1.087664246559143 0.8858721852302551
289 0.7217845320701599 2.6964535226831092 3.1845099925994873 1.535705327987671 0.43887099623680115 0.5587269795741504 1.0540162324905396 0.8866209983825684
290 0.723079264163971 2.6887498137075485 3.1837685108184814 1.5355992317199707 0.440610408782959 0.5623868080712958 1.054292917251587 0.8870397806167603
291 0.723079264163971 2.681476759917685 3.1837685108184814 1.5355992317199707 0.440610408782959 0.5867717998557281 1.0535762310028076 0.8870397806167603
292 0.7282648086547852 2.677241692602977 3.183708429336548 1.540151834487915 0.4492317736148834 0.5883332227280749 1.0505114793777466 0.8955967426300049
293 0.7283080816268921 2.6778969317487635 3.1836953163146973 1.5400660037994385 0.45005568861961365 0.5878018495723419 1.0505976676940918 0.8954679369926453
294 0.7262758016586304 2.604323633158601 3.183502435684204 1.5382120609283447 0.44795340299606323 0.6458897661083203 1.0586811304092407 0.8965058326721191
295 0.713375449180603 2.61479467800211 3.181318521499634 1.527911901473999 0.42584118247032166 0.6466546721744291 1.0385878086090088 0.8722321391105652
296 0.7076592445373535 2.614189785233 3.1804909706115723 1.5191928148269653 0.39963316917419434 0.6563200852746786 1.0336560010910034 0.8450335264205933
297 0.7249240279197693 2.606873457921217 3.191089630126953 1.5450528860092163 0.43506285548210144 0.6845663526348317 1.0599874258041382 0.8952186703681946
298 0.7235082387924194 2.6048297261175013 3.190565347671509 1.544533371925354 0.43163153529167175 0.6835883597092836 1.0645650625228882 0.8953680396080017
299 0.7226001024246216 2.6493938997032713 3.1904211044311523 1.5461434125900269 0.4374516010284424 0.6129852802567926 1.0654209852218628 0.9021123647689819
300 0.7300751805305481 2.6633701060697685 3.193256378173828 1.547111988067627 0.43583494424819946 0.5660216213250293 1.0396554470062256 0.9019680023193359
301 0.7395445108413696 2.6649062019223044 3.195521354675293 1.5566943883895874 0.45418933033943176 0.5644615285764261 1.0524306297302246 0.9201404452323914
302 0.7427875399589539 2.67099343758481 3.1987221240997314 1.5583139657974243 0.46014827489852905 0.5364490530933497 1.100120186805725 0.922849714756012
303 0.7402604818344116 2.6662551583542378 3.1980838775634766 1.5533725023269653 0.45579564571380615 0.5450176835311833 1.0663721561431885 0.917309582233429
304 0.7359152436256409 2.662779602513744 3.1957669258117676 1.5427502393722534 0.4375596344470978 0.558771039202242 1.0764192342758179 0.8956165909767151
305 0.7359268069267273 2.6628125185782867 3.1963295936584473 1.5427448749542236 0.4375222325325012 0.5587245332736782 1.0759789943695068 0.8956341743469238
306 0.7363795042037964 2.663447761219242 3.1963894367218018 1.5450700521469116 0.43763622641563416 0.559101865111959 1.076891541481018 0.9009487628936768
307 0.7362380027770996 2.6632240568835703 3.196061611175537 1.5418267250061035 0.43754151463508606 0.5592049820695376 1.0761115550994873 0.896977424621582
308 0.7349340319633484 2.6745167317309084 3.19592022895813 1.545433759689331 0.4429767429828644 0.5438633262096189 1.0740480422973633 0.9015994071960449
309 0.737824559211731 2.6689684296397442 3.1931581497192383 1.5478023290634155 0.4448767304420471 0.5379925107470899 1.0779139995574951 0.9056835770606995
310 0.7378703355789185 2.6593260707735427 3.1931629180908203 1.5443285703659058 0.4448946714401245 0.5648749254565806 1.0457971096038818 0.8897963166236877
311 0.737594723701477 2.663715286853483 3.193264961242676 1.5442109107971191 0.44430992007255554 0.5503190706175761 1.07619047164917 0.8891700506210327
312 0.7392427921295166 2.6645050248449285 3.193763256072998 1.5443832874298096 0.4461175501346588 0.5478220443504369 1.0763360261917114 0.8907542824745178
313 0.7391746640205383 2.664487941660564 3.1990883350372314 1.5443828105926514 0.44612494111061096 0.5477633983859348 1.0349191427230835 0.8907617330551147
314 0.7345589995384216 2.6311096135831114 3.203716278076172 1.5467969179153442 0.45887279510498047 0.5968537876827941 1.0482505559921265 0.9060724973678589
315 0.7376558780670166 2.637120766546048 3.203937292098999 1.546335220336914 0.45849984884262085 0.5920665768931551 1.0505940914154053 0.9088688492774963
316 0.7379915714263916 2.639113062479264 3.2039787769317627 1.5463252067565918 0.459362268447876 0.5929087988670327 1.0514085292816162 0.9078545570373535
317 0.7375593781471252 2.639273192989337 3.207796335220337 1.54633629322052 0.4588031768798828 0.5926765544814337 1.0178983211517334 0.9075222015380859
318 0.7375593781471252 2.639273192989337 3.207796335220337 1.54633629322052 0.4588031768798828 0.5926765544814337 1.0178983211517334 0.9075222015380859
319 0.7373729348182678 2.632491381597679 3.207754611968994 1.5463635921478271 0.4587819278240204 0.6100673986574396 0.9857465028762817 0.9075081944465637
320 0.7361146211624146 2.633278177730357 3.207362413406372 1.547013282775879 0.4556720554828644 0.6127305508068264 0.986268937587738 0.908825695514679
321 0.7306655049324036 2.6492569055279303 3.2013871669769287 1.5357483625411987 0.4383297860622406 0.5966798445190851 1.0030184984207153 0.8874396681785583
322 0.7313796281814575 2.65005512434904 3.2015089988708496 1.5358322858810425 0.43850627541542053 0.5914806857835225 0.9590181708335876 0.8882205486297607
323 0.7356405258178711 2.6334439225437873 3.201927661895752 1.5395123958587646 0.44438087940216064 0.60131148072563 0.9959304928779602 0.8974698781967163
324 0.7327239513397217 2.6323592919100656 3.201495409011841 1.532386064529419 0.43541112542152405 0.5956015946059933 0.987809419631958 0.8831624388694763
325 0.734241783618927 2.6334441850331674 3.202056646347046 1.5397086143493652 0.4337829649448395 0.5964343285847957 0.9927871227264404 0.8915382027626038
326 0.7340502142906189 2.6344959621377635 3.2019801139831543 1.540083408355713 0.4345371723175049 0.5924922269189393 0.9933234453201294 0.8919682502746582
327 0.7296327352523804 2.6294024087237706 3.202317237854004 1.5387965440750122 0.43485406041145325 0.607629664352386 0.9923208355903625 0.8888213038444519
328 0.7315594553947449 2.630053429434313 3.2019236087799072 1.5393368005752563 0.4365859925746918 0.6007228604029091 0.9930630922317505 0.89170241355896
329 0.7312647700309753 2.627559234543974 3.2006163597106934 1.5398412942886353 0.43839311599731445 0.6065679970362311 0.9650853872299194 0.8919047713279724
330 0.7300295233726501 2.6594127598650616 3.2006170749664307 1.539405345916748 0.43779081106185913 0.578480093154262 0.9634363055229187 0.8902083039283752
331 0.7323848605155945 2.656163352576676 3.2009687423706055 1.5427844524383545 0.44306179881095886 0.5736060608948254 0.9676349759101868 0.8972256779670715
332 0.7323848605155945 2.662222603787395 3.2009687423706055 1.5427844524383545 0.44306179881095886 0.5574654678507432 1.0005879402160645 0.8972256779670715
333 0.7305945754051208 2.657097417922993 3.2005622386932373 1.5322661399841309 0.4402368664741516 0.5692571807900622 0.9965252876281738 0.8914879560470581
334 0.7267914414405823 2.6610164237706737 3.2005255222320557 1.5308916568756104 0.43393680453300476 0.5659541884932947 0.9599419236183167 0.8881525993347168
335 0.7279327511787415 2.6565857945071962 3.2002322673797607 1.5315630435943604 0.43602585792541504 0.5828573403963877 0.9617452621459961 0.888690710067749
336 0.7311261892318726 2.6777073690246076 3.201690435409546 1.5339856147766113 0.43592092394828796 0.5760655360472252 0.9645432829856873 0.888145387172699
337 0.7265940308570862 2.6612045920684264 3.2021961212158203 1.5347040891647339 0.4253145754337311 0.5548105363155565 0.9592306613922119 0.8876141309738159
338 0.7272645831108093 2.658672627231129 3.202404260635376 1.5358341932296753 0.4265286326408386 0.5641659502882704 0.9600335359573364 0.8873872756958008
339 0.7184250354766846 2.6631427473453417 3.1965622901916504 1.5226154327392578 0.4146166145801544 0.554895397399201 0.9446995854377747 0.8597837686538696
340 0.718507707118988 2.671864356323387 3.196686267852783 1.5222986936569214 0.415155291557312 0.5323778898028402 0.9787417054176331 0.8595364093780518
341 0.7208200097084045 2.6666732424912354 3.1974081993103027 1.5220693349838257 0.41476330161094666 0.5293652460557088 0.982983410358429 0.8602175712585449
342 0.7208950519561768 2.6652630756467985 3.1975836753845215 1.521909236907959 0.41721251606941223 0.5335726258819251 0.9841670989990234 0.8618432879447937
343 0.7208950519561768 2.6652630756467985 3.1945228576660156 1.521909236907959 0.41721251606941223 0.5335726258819251 0.9956176280975342 0.8618432879447937
344 0.7191624045372009 2.6685422781247436 3.1937286853790283 1.5184558629989624 0.4143162667751312 0.5348457009291345 0.9934609532356262 0.8525474667549133
345 0.7219074964523315 2.6750624459586145 3.191054582595825 1.5202304124832153 0.41800257563591003 0.5379444830502764 0.9846035242080688 0.8568647503852844
346 0.7220526337623596 2.6712807552201894 3.192610025405884 1.5199716091156006 0.4158083200454712 0.5477304425347154 0.9824824333190918 0.8496979475021362
347 0.7198079824447632 2.69116354750929 3.1764864921569824 1.5208308696746826 0.4211311638355255 0.5333141699533215 1.0064603090286255 0.8554872870445251
348 0.7202461957931519 2.691175176668718 3.1715734004974365 1.5206432342529297 0.4225044548511505 0.5357543601199505 1.0443938970565796 0.8548502922058105
349 0.7201235294342041 2.6894963183653458 3.171332836151123 1.5206835269927979 0.42196276783943176 0.5376261862240744 1.043694019317627 0.8548125624656677
350 0.7203231453895569 2.6881617784046243 3.1719229221343994 1.5212855339050293 0.4212818443775177 0.5384492838913836 1.0417370796203613 0.8564406037330627
351 0.7237581610679626 2.6886906959585146 3.1729135513305664 1.5149070024490356 0.4164213538169861 0.5427386247191585 1.0396816730499268 0.8221345543861389
352 0.7198935151100159 2.6788607955749213 3.173145294189453 1.5130136013031006 0.4109153747558594 0.5404241141078467 1.0223420858383179 0.8146194815635681
353 0.7198856472969055 2.6790030315016318 3.172821521759033 1.5130559206008911 0.4110407829284668 0.5402738533216792 1.022343397140503 0.809548020362854
354 0.720109224319458 2.68802394769196 3.1705124378204346 1.5142420530319214 0.4160463511943817 0.5356791641601304 1.0347124338150024 0.8122365474700928
355 0.7205409407615662 2.6881233352663934 3.170714855194092 1.514235496520996 0.4163014590740204 0.5354205759735344 1.026963233947754 0.812396764755249
356 0.7208694219589233 2.687052284545583 3.17132568359375 1.5146846771240234 0.4182565212249756 0.5360769157833353 1.0328713655471802 0.8124074339866638
357 0.7213301658630371 2.6845587892463287 3.1710708141326904 1.515750527381897 0.4213882088661194 0.5457877360581879 1.0226727724075317 0.7905972599983215
358 0.7233965396881104 2.688503848664554 3.1719422340393066 1.5192238092422485 0.4256138205528259 0.5486711640432647 1.022297978401184 0.7928406000137329
359 0.7219863533973694 2.686876538023549 3.1832470893859863 1.5200998783111572 0.4277259409427643 0.5491453386723022 1.0218555927276611 0.7971056699752808
360 0.7241922616958618 2.696497769421079 3.187485456466675 1.5212137699127197 0.4319637715816498 0.5582515599647481 1.0372388362884521 0.7965676784515381
361 0.7240144610404968 2.6951527024927437 3.195120334625244 1.5211392641067505 0.4321914613246918 0.5585687905319106 1.0715304613113403 0.7971407175064087
362 0.7239719033241272 2.694385034274805 3.1965785026550293 1.5210930109024048 0.43283092975616455 0.5587522367902132 1.0742130279541016 0.7966036200523376
363 0.7215284705162048 2.697678220528391 3.1955771446228027 1.5182125568389893 0.43496227264404297 0.5649227522782304 1.076093077659607 0.7866268754005432
364 0.7247874140739441 2.711476894650914 3.195798873901367 1.5205062627792358 0.4365645945072174 0.5710486618757092 1.076541781425476 0.795947253704071
365 0.7223765254020691 2.710720551839374 3.1953840255737305 1.5209686756134033 0.432690292596817 0.5697599958586982 1.0760338306427002 0.7967991232872009
366 0.722438395023346 2.7105887153892896 3.1953492164611816 1.5210938453674316 0.43182694911956787 0.5690280737083246 1.0761045217514038 0.7970695495605469
367 0.7224318981170654 2.7105813747055514 3.196610450744629 1.527488350868225 0.43195176124572754 0.5689550250478841 1.0798249244689941 0.8274921178817749
368 0.7183722257614136 2.7060232285323114 3.1958813667297363 1.5247836112976074 0.4313030540943146 0.5656014555546099 1.0739428997039795 0.8198004961013794
369 0.7202379107475281 2.707230664052922 3.1953506469726563 1.5252702236175537 0.43333300948143005 0.5633233661900314 1.0751659870147705 0.8214585781097412
370 0.7238063216209412 2.711436637535955 3.19736647605896 1.6161285638809204 0.4250308871269226 0.5522952444137886 1.0601314306259155 0.6501762270927429
371 0.7243810892105103 2.7180698138143504 3.19785475730896 1.6140514612197876 0.4245259165763855 0.5518317605007984 1.06046462059021 0.6475528478622437
372 0.7425161004066467 2.6691328340412626 3.2027435302734375 1.6259517669677734 0.4525946378707886 0.567824070428439 1.0737361907958984 0.6862794160842896
373 0.7325915098190308 2.681925567661909 3.201749086380005 1.6245901584625244 0.43626296520233154 0.5719017263437288 1.0760442018508911 0.6738585233688354
374 0.7325915098190308 2.681925567661909 3.201749086380005 1.6245901584625244 0.43626296520233154 0.5719017263437288 1.0760442018508911 0.6738585233688354
375 0.731522262096405 2.6893546239281254 3.198873996734619 1.6247392892837524 0.4364319145679474 0.5420136149905136 1.0695134401321411 0.6763678193092346
376 0.731685996055603 2.6841623428677464 3.1985931396484375 1.6249511241912842 0.4377898573875427 0.5286226898829859 1.0699652433395386 0.6782845258712769
377 0.7313425540924072 2.6848681257307114 3.1985292434692383 1.624709963798523 0.4371287226676941 0.5287156538445278 1.0779691934585571 0.6774598360061646
378 0.7263391613960266 2.679462257289528 3.196690559387207 1.625880241394043 0.43095868825912476 0.535210384497612 1.0749595165252686 0.6723997592926025
379 0.7241734266281128 2.685360961425893 3.1932108402252197 1.6217094659805298 0.42598044872283936 0.530124180678198 1.0670725107192993 0.661978542804718
380 0.7291677594184875 2.6817542323625636 3.195373058319092 1.6235249042510986 0.4320249557495117 0.5361828513982217 1.040798544883728 0.6673776507377625
381 0.729237973690033 2.6817454538230003 3.19529390335083 1.6238547563552856 0.4319569170475006 0.5361931202033159 1.0418274402618408 0.6729519367218018
382 0.732627809047699 2.6803443322868947 3.1981773376464844 1.6244257688522339 0.4345131814479828 0.5428822297538866 1.0539823770523071 0.6712827086448669
383 0.7318678498268127 2.6634156483517484 3.197671413421631 1.6256251335144043 0.4341976046562195 0.5339105992532689 1.0529615879058838 0.6741757988929749
384 0.7288816571235657 2.6143839748835163 3.1993460655212402 1.6326076984405518 0.43358397483825684 0.5537620813518612 1.093123197555542 0.6770319938659668
385 0.7265753746032715 2.6290116043156444 3.1989710330963135 1.6318376064300537 0.42922326922416687 0.6805832133292031 1.066046118736267 0.6711862087249756
386 0.735617458820343 2.6066947161878016 3.19920015335083 1.6319931745529175 0.43336936831474304 0.7017034355132119 1.0603675842285156 0.6760309338569641
387 0.7410846948623657 2.5851828111259367 3.201857805252075 1.6368372440338135 0.44269251823425293 0.6182966344709219 1.0659586191177368 0.6803616285324097
388 0.7411370873451233 2.5872680217879087 3.2039434909820557 1.6355708837509155 0.4380970299243927 0.6190851129928996 1.0631848573684692 0.6745384931564331
389 0.7409853935241699 2.5882886944335106 3.2043204307556152 1.6336379051208496 0.4392052888870239 0.6180939274233331 1.061830759048462 0.6695337891578674
390 0.7360349297523499 2.61708303418676 3.203545570373535 1.629276156425476 0.4344050884246826 0.5732532769242953 1.0899550914764404 0.6534886360168457
391 0.7360354065895081 2.61367788600869 3.2035226821899414 1.6292436122894287 0.43514877557754517 0.5800334388626162 1.0597362518310547 0.6535890102386475
392 0.7411395907402039 2.62084690888102 3.2045509815216064 1.6309807300567627 0.4413963556289673 0.5761790371845087 1.095467448234558 0.6676681637763977
393 0.7406374216079712 2.6211969895210134 3.204897880554199 1.6266144514083862 0.44148722290992737 0.5756666499600425 1.0956259965896606 0.6662680506706238
394 0.743622899055481 2.624181318824352 3.2064831256866455 1.6262860298156738 0.4435991942882538 0.5765675014671283 1.0978658199310303 0.6667532324790955
395 0.7436400651931763 2.624087753633594 3.2065327167510986 1.6263178586959839 0.4435988962650299 0.5766130889419522 1.0978626012802124 0.6667945384979248
396 0.7436400651931763 2.626788041495865 3.2065327167510986 1.6263178586959839 0.4435988962650299 0.5687950226994546 1.0976425409317017 0.6667945384979248
397 0.7436256408691406 2.6261288067580284 3.2063944339752197 1.625733494758606 0.44315528869628906 0.5700065069570583 1.0970016717910767 0.6660130023956299
398 0.744303286075592 2.629144642262423 3.2068963050842285 1.626746416091919 0.44401395320892334 0.5678765330005457 1.0958298444747925 0.6667634844779968
399 0.744303286075592 2.629144642262423 3.2068963050842285 1.626746416091919 0.44401395320892334 0.5678765330005457 1.0958298444747925 0.6667634844779968
400 0.7429323196411133 2.631939091448629 3.2060651779174805 1.6230107545852661 0.44081807136535645 0.5657171688042238 1.0931167602539063 0.6567084193229675
