init 0.9693478345870972 3.018564939829139 3.4468281269073486 1.8898377418518066 0.0 0.0 0.0 0.0
1 0.9693478345870972 2.787936101258021 3.4468281269073486 1.8898377418518066 0.0 1.4733544840537138 0.47200602293014526 0.0
2 0.9693478345870972 2.787936101258021 3.4468281269073486 1.8898377418518066 0.0 1.4733544840537138 0.47200602293014526 0.0
3 0.9693478345870972 2.787936101258021 3.4468281269073486 1.8898377418518066 0.0 1.4733544840537138 0.47200602293014526 0.0
4 0.9693478345870972 2.787936101258021 3.4468281269073486 1.8898377418518066 0.0 1.4733544840537138 0.47200602293014526 0.0
5 0.9693478345870972 2.8745576999281477 3.4468281269073486 1.8898377418518066 0.0 1.4164631779823655 0.4593897759914398 0.0
6 0.9693478345870972 2.8745576999281477 3.4468281269073486 1.8898377418518066 0.0 1.4164631779823655 0.4593897759914398 0.0
7 0.9693478345870972 2.863379775863877 3.4468281269073486 1.8898377418518066 0.0 1.421714333289629 0.46064358949661255 0.0
8 0.9693478345870972 2.863379775863877 3.4468281269073486 1.8898377418518066 0.0 1.421714333289629 0.46064358949661255 0.0
9 0.9693478345870972 2.863379775863877 3.4468281269073486 1.8898377418518066 0.0 1.421714333289629 0.46064358949661255 0.0
10 0.9693478345870972 2.776775599419941 3.4468281269073486 1.8898377418518066 0.0 1.3795060440710993 0.45060092210769653 0.0
11 0.9693478345870972 2.777709682245366 3.4468281269073486 1.8898377418518066 0.0 1.401962159453217 0.39003628492355347 0.0
12 0.9693478345870972 2.777709682245366 3.4468281269073486 1.8898377418518066 0.0 1.401962159453217 0.39003628492355347 0.0
13 0.9693478345870972 2.777709682245366 3.4468281269073486 1.8898377418518066 0.0 1.401962159453217 0.39003628492355347 0.0
14 0.9693478345870972 2.777709682245366 3.4468281269073486 1.8898377418518066 0.0 1.401962159453217 0.39003628492355347 0.0
15 0.9693478345870972 2.777709682245366 3.4468281269073486 1.8898377418518066 0.0 1.401962159453217 0.39003628492355347 0.0
16 0.9693478345870972 2.777709682245366 3.4468281269073486 1.8898377418518066 0.0 1.401962159453217 0.39003628492355347 0.0
17 0.9693478345870972 2.776585212130219 3.4468281269073486 1.8898377418518066 0.0 1.3893585945400355 0.45315125584602356 0.0
18 0.9693478345870972 2.776585212130219 3.4468281269073486 1.8898377418518066 0.0 1.3893585945400355 0.45315125584602356 0.0
19 0.9693478345870972 2.776585212130219 3.4468281269073486 1.8898377418518066 0.0 1.3893585945400355 0.45315125584602356 0.0
20 0.9693478345870972 2.7746321663555173 3.4468281269073486 1.8898377418518066 0.0 1.3922719231638812 0.4537369906902313 0.0
21 0.9693478345870972 2.774778798768125 3.4468281269073486 1.8898377418518066 0.0 1.3908724832927768 0.41826513409614563 0.0
22 0.9693478345870972 2.774773438021162 3.4468281269073486 1.8898377418518066 0.0 1.3921876914909357 0.3873169720172882 0.0
23 0.9693478345870972 2.777367556905658 3.4468281269073486 1.8898377418518066 0.0 1.3918151178682934 0.3872133195400238 0.0
24 0.9693478345870972 2.777367556905658 3.4468281269073486 1.8898377418518066 0.0 1.3918151178682934 0.3872133195400238 0.0
25 0.9693478345870972 2.777367556905658 3.4468281269073486 1.8898377418518066 0.0 1.3918151178682934 0.3872133195400238 0.0
26 0.9693478345870972 2.770813174478519 3.4468281269073486 1.8898377418518066 0.0 1.3936059461102408 0.3877115249633789 0.0
27 0.9693478345870972 2.8458907118708017 3.4468281269073486 1.8898377418518066 0.0 1.4009081642098784 0.3897430896759033 0.0
28 0.9693478345870972 2.8484982593547183 3.4468281269073486 1.8898377418518066 0.0 1.3999700534807238 0.3894820809364319 0.0
29 0.9693478345870972 2.8484982593547183 3.4468281269073486 1.8898377418518066 0.0 1.3999700534807238 0.3894820809364319 0.0
30 0.9693478345870972 2.8484982593547183 3.4468281269073486 1.8898377418518066 0.0 1.3999700534807238 0.3894820809364319 0.0
31 0.9693478345870972 2.8484982593547183 3.4468281269073486 1.8898377418518066 0.0 1.3999700534807238 0.3894820809364319 0.0
32 0.9693478345870972 2.8484982593547183 3.4468281269073486 1.8898377418518066 0.0 1.3999700534807238 0.3894820809364319 0.0
33 0.9693478345870972 2.8484982593547183 3.4468281269073486 1.8898377418518066 0.0 1.3999700534807238 0.3894820809364319 0.0
34 0.9693478345870972 2.8484982593547183 3.4468281269073486 1.8898377418518066 0.0 1.3999700534807238 0.3894820809364319 0.0
35 0.9693478345870972 2.8484982593547183 3.4468281269073486 1.8898377418518066 0.0 1.3999700534807238 0.3894820809364319 0.0
36 0.9693478345870972 2.8484982593547183 3.4468281269073486 1.8898377418518066 0.0 1.3999700534807238 0.3894820809364319 0.0
37 0.9693478345870972 2.848373617932331 3.4468281269073486 1.8898377418518066 0.0 1.396627689038366 0.3885522186756134 0.0
38 0.9693478345870972 2.8482591615415664 3.4468281269073486 1.8898377418518066 0.0 1.3979752756030246 0.45518502593040466 0.0
39 0.9693478345870972 2.8482591615415664 3.4468281269073486 1.8898377418518066 0.0 1.3979752756030246 0.45518502593040466 0.0
40 0.9693478345870972 2.8484380565577263 3.4468281269073486 1.8898377418518066 0.0 1.3968654847741804 0.42112502455711365 0.0
41 0.9693478345870972 2.852309001517737 3.4468281269073486 1.8898377418518066 0.0 1.3951308043700914 0.4206796884536743 0.0
42 0.9693478345870972 2.8521192476300277 3.4468281269073486 1.8898377418518066 0.0 1.3959285423744914 0.45470955967903137 0.0
43 0.9693478345870972 2.8521192476300277 3.4468281269073486 1.8898377418518066 0.0 1.3959285423744914 0.45470955967903137 0.0
44 0.9693478345870972 2.8521192476300277 3.4468281269073486 1.8898377418518066 0.0 1.3959285423744914 0.45470955967903137 0.0
45 0.9693478345870972 2.8521192476300277 3.4468281269073486 1.8898377418518066 0.0 1.3959285423744914 0.45470955967903137 0.0
46 0.9693478345870972 2.852219547534349 3.4468281269073486 1.8898377418518066 0.0 1.3918178606867568 0.3872140944004059 0.0
47 0.9693478345870972 2.852219547534349 3.4468281269073486 1.8898377418518066 0.0 1.3918178606867568 0.3872140944004059 0.0
48 0.9693478345870972 2.8519996812848825 3.4468281269073486 1.8898377418518066 0.0 1.3918700093921754 0.3872286081314087 0.0
49 0.9693478345870972 2.8520064535823293 3.4468281269073486 1.8898377418518066 0.0 1.3912360355608013 0.3870522081851959 0.0
50 0.9693478345870972 2.8520064535823293 3.4468281269073486 1.8898377418518066 0.0 1.3912360355608013 0.3870522081851959 0.0
51 0.9693478345870972 2.8520064535823293 3.4468281269073486 1.8898377418518066 0.0 1.3912360355608013 0.3870522081851959 0.0
52 0.9693478345870972 2.8520064535823293 3.4468281269073486 1.8898377418518066 0.0 1.3912360355608013 0.3870522081851959 0.0
53 0.9693478345870972 2.8520536874687514 3.4468281269073486 1.8898377418518066 0.0 1.3933711950339998 0.421586275100708 0.0
54 0.9693478345870972 2.848010782339832 3.4468281269073486 1.8898377418518066 0.0 1.394416533507492 0.4218536913394928 0.0
55 0.9693478345870972 2.848010782339832 3.4468281269073486 1.8898377418518066 0.0 1.394416533507492 0.4218536913394928 0.0
56 0.9693478345870972 2.848010782339832 3.4468281269073486 1.8898377418518066 0.0 1.394416533507492 0.4218536913394928 0.0
57 0.9693478345870972 2.848010782339832 3.4468281269073486 1.8898377418518066 0.0 1.394416533507492 0.4218536913394928 0.0
58 0.9693478345870972 2.8262839265987254 3.4468281269073486 1.8898377418518066 0.0 1.378416970167772 0.4177640974521637 0.0
59 0.9693478345870972 2.8262839265987254 3.4468281269073486 1.8898377418518066 0.0 1.378416970167772 0.4177640974521637 0.0
60 0.9693478345870972 2.8262839265987254 3.4468281269073486 1.8898377418518066 0.0 1.378416970167772 0.4177640974521637 0.0
61 0.9693478345870972 2.8262839265987254 3.4468281269073486 1.8898377418518066 0.0 1.378416970167772 0.4177640974521637 0.0
62 0.9693478345870972 2.8262839265987254 3.4468281269073486 1.8898377418518066 0.0 1.378416970167772 0.4177640974521637 0.0
63 0.9693478345870972 2.8262663849314564 3.4468281269073486 1.8898377418518066 0.0 1.3806631852999391 0.3841107487678528 0.0
64 0.9693478345870972 2.8262663849314564 3.4468281269073486 1.8898377418518066 0.0 1.3806631852999391 0.3841107487678528 0.0
65 0.9693478345870972 2.8262663849314564 3.4468281269073486 1.8898377418518066 0.0 1.3806631852999391 0.3841107487678528 0.0
66 0.9693478345870972 2.8262663849314564 3.4468281269073486 1.8898377418518066 0.0 1.3806631852999391 0.3841107487678528 0.0
67 0.9693478345870972 2.8262682571150237 3.4468281269073486 1.8898377418518066 0.0 1.3807096824356262 0.38412371277809143 0.0
68 0.9693478345870972 2.8262682571150237 3.4468281269073486 1.8898377418518066 0.0 1.3807096824356262 0.38412371277809143 0.0
69 0.9693478345870972 2.8262682571150237 3.4468281269073486 1.8898377418518066 0.0 1.3807096824356262 0.38412371277809143 0.0
70 0.9693478345870972 2.8262682571150237 3.4468281269073486 1.8898377418518066 0.0 1.3807096824356262 0.38412371277809143 0.0
71 0.9693478345870972 2.826316651780482 3.4468281269073486 1.8898377418518066 0.0 1.3849334991262854 0.4519084095954895 0.0
72 0.9693478345870972 2.826316651780482 3.4468281269073486 1.8898377418518066 0.0 1.3849334991262854 0.4519084095954895 0.0
73 0.9693478345870972 2.826316651780482 3.4468281269073486 1.8898377418518066 0.0 1.3849334991262854 0.4519084095954895 0.0
74 0.9693478345870972 2.8265268140328352 3.4468281269073486 1.8898377418518066 0.0 1.3847624962657485 0.41476237773895264 0.0
75 0.9693478345870972 2.8219716314568855 3.4468281269073486 1.8898377418518066 0.0 1.386095272542623 0.4151068329811096 0.0
76 0.9693478345870972 2.8219716314568855 3.4468281269073486 1.8898377418518066 0.0 1.386095272542623 0.4151068329811096 0.0
77 0.9693478345870972 2.8219716314568855 3.4468281269073486 1.8898377418518066 0.0 1.386095272542623 0.4151068329811096 0.0
78 0.9693478345870972 2.822255847840884 3.4468281269073486 1.8898377418518066 0.0 1.3860052200033344 0.41508355736732483 0.0
79 0.9693478345870972 2.822255847840884 3.4468281269073486 1.8898377418518066 0.0 1.3860052200033344 0.41508355736732483 0.0
80 0.9693478345870972 2.822255847840884 3.4468281269073486 1.8898377418518066 0.0 1.3860052200033344 0.41508355736732483 0.0
81 0.9693478345870972 2.822255847840884 3.4468281269073486 1.8898377418518066 0.0 1.3860052200033344 0.41508355736732483 0.0
82 0.9693478345870972 2.822255847840884 3.4468281269073486 1.8898377418518066 0.0 1.3860052200033344 0.41508355736732483 0.0
83 0.9693478345870972 2.822255847840884 3.4468281269073486 1.8898377418518066 0.0 1.3860052200033344 0.41508355736732483 0.0
84 0.9693478345870972 2.822255847840884 3.4468281269073486 1.8898377418518066 0.0 1.3860052200033344 0.41508355736732483 0.0
85 0.9693478345870972 2.822255847840884 3.4468281269073486 1.8898377418518066 0.0 1.3860052200033344 0.41508355736732483 0.0
86 0.9693478345870972 2.822255847840884 3.4468281269073486 1.8898377418518066 0.0 1.3860052200033344 0.41508355736732483 0.0
87 0.9693478345870972 2.8221850737603815 3.4468281269073486 1.8898377418518066 0.0 1.3860853839737455 0.38561925292015076 0.0
88 0.9693478345870972 2.8221850737603815 3.4468281269073486 1.8898377418518066 0.0 1.3860853839737455 0.38561925292015076 0.0
89 0.9693478345870972 2.8218103409892623 3.4468281269073486 1.8898377418518066 0.0 1.3863250734813561 0.3856859505176544 0.0
90 0.9693478345870972 2.8237528385655875 3.4468281269073486 1.8898377418518066 0.0 1.3853681176067674 0.38541969656944275 0.0
91 0.9693478345870972 2.8242317513892803 3.4468281269073486 1.8898377418518066 0.0 1.3904159291003695 0.4126628339290619 0.0
92 0.9693478345870972 2.8242317513892803 3.4468281269073486 1.8898377418518066 0.0 1.3904159291003695 0.4126628339290619 0.0
93 0.9693478345870972 2.8242317513892803 3.4468281269073486 1.8898377418518066 0.0 1.3904159291003695 0.4126628339290619 0.0
94 0.9693478345870972 2.8242317513892803 3.4468281269073486 1.8898377418518066 0.0 1.3904159291003695 0.4126628339290619 0.0
95 0.9693478345870972 2.8242317513892803 3.4468281269073486 1.8898377418518066 0.0 1.3904159291003695 0.4126628339290619 0.0
96 0.9693478345870972 2.8242317513892803 3.4468281269073486 1.8898377418518066 0.0 1.3904159291003695 0.4126628339290619 0.0
97 0.9693478345870972 2.8242317513892803 3.4468281269073486 1.8898377418518066 0.0 1.3904159291003695 0.4126628339290619 0.0
98 0.9693478345870972 2.823946285967753 3.4468281269073486 1.8898377418518066 0.0 1.3906037873374917 0.41271182894706726 0.0
99 0.9693478345870972 2.823473122878541 3.4468281269073486 1.8898377418518066 0.0 1.387704363271472 0.4524168074131012 0.0
100 0.9693478345870972 2.823473122878541 3.4468281269073486 1.8898377418518066 0.0 1.387704363271472 0.4524168074131012 0.0
101 0.9693478345870972 2.823473122878541 3.4468281269073486 1.8898377418518066 0.0 1.387704363271472 0.4524168074131012 0.0
102 0.9693478345870972 2.823473122878541 3.4468281269073486 1.8898377418518066 0.0 1.387704363271472 0.4524168074131012 0.0
103 0.9693478345870972 2.8235111648633304 3.4468281269073486 1.8898377418518066 0.0 1.3881815789624805 0.452491819858551 0.0
104 0.9693478345870972 2.823549181054724 3.4468281269073486 1.8898377418518066 0.0 1.3886628485333783 0.4525661766529083 0.0
105 0.9693478345870972 2.823549181054724 3.4468281269073486 1.8898377418518066 0.0 1.3886628485333783 0.4525661766529083 0.0
106 0.9693478345870972 2.823549181054724 3.4468281269073486 1.8898377418518066 0.0 1.3886628485333783 0.4525661766529083 0.0
107 0.9693478345870972 2.823549181054724 3.4468281269073486 1.8898377418518066 0.0 1.3886628485333783 0.4525661766529083 0.0
108 0.9693478345870972 2.823549181054724 3.4468281269073486 1.8898377418518066 0.0 1.3886628485333783 0.4525661766529083 0.0
109 0.9693478345870972 2.823549181054724 3.4468281269073486 1.8898377418518066 0.0 1.3886628485333783 0.4525661766529083 0.0
110 0.9693478345870972 2.823549181054724 3.4468281269073486 1.8898377418518066 0.0 1.3886628485333783 0.4525661766529083 0.0
111 0.9693478345870972 2.823549181054724 3.4468281269073486 1.8898377418518066 0.0 1.3886628485333783 0.4525661766529083 0.0
112 0.9693478345870972 2.823549181054724 3.4468281269073486 1.8898377418518066 0.0 1.3886628485333783 0.4525661766529083 0.0
113 0.9693478345870972 2.823549181054724 3.4468281269073486 1.8898377418518066 0.0 1.3886628485333783 0.4525661766529083 0.0
114 0.9693478345870972 2.823549181054724 3.4468281269073486 1.8898377418518066 0.0 1.3886628485333783 0.4525661766529083 0.0
115 0.9693478345870972 2.823549181054724 3.4468281269073486 1.8898377418518066 0.0 1.3886628485333783 0.4525661766529083 0.0
116 0.9693478345870972 2.823549181054724 3.4468281269073486 1.8898377418518066 0.0 1.3886628485333783 0.4525661766529083 0.0
117 0.9693478345870972 2.823549181054724 3.4468281269073486 1.8898377418518066 0.0 1.3886628485333783 0.4525661766529083 0.0
118 0.9693478345870972 2.823549181054724 3.4468281269073486 1.8898377418518066 0.0 1.3886628485333783 0.4525661766529083 0.0
119 0.9693478345870972 2.823549181054724 3.4468281269073486 1.8898377418518066 0.0 1.3886628485333783 0.4525661766529083 0.0
120 0.9693478345870972 2.823549181054724 3.4468281269073486 1.8898377418518066 0.0 1.3886628485333783 0.4525661766529083 0.0
121 0.9693478345870972 2.823549181054724 3.4468281269073486 1.8898377418518066 0.0 1.3886628485333783 0.4525661766529083 0.0
122 0.9693478345870972 2.823549181054724 3.4468281269073486 1.8898377418518066 0.0 1.3886628485333783 0.4525661766529083 0.0
123 0.9693478345870972 2.823549181054724 3.4468281269073486 1.8898377418518066 0.0 1.3886628485333783 0.4525661766529083 0.0
124 0.9693478345870972 2.823549181054724 3.4468281269073486 1.8898377418518066 0.0 1.3886628485333783 0.4525661766529083 0.0
125 0.9693478345870972 2.823549181054724 3.4468281269073486 1.8898377418518066 0.0 1.3886628485333783 0.4525661766529083 0.0
126 0.9693478345870972 2.823549181054724 3.4468281269073486 1.8898377418518066 0.0 1.3886628485333783 0.4525661766529083 0.0
127 0.9693478345870972 2.818634688225906 3.4468281269073486 1.8898377418518066 0.0 1.3903933538217943 0.4529772400856018 0.0
128 0.9693478345870972 2.818634688225906 3.4468281269073486 1.8898377418518066 0.0 1.3903933538217943 0.4529772400856018 0.0
129 0.9693478345870972 2.818978186155575 3.4468281269073486 1.8898377418518066 0.0 1.3917555434128843 0.41340336203575134 0.0
130 0.9693478345870972 2.818978186155575 3.4468281269073486 1.8898377418518066 0.0 1.3917555434128843 0.41340336203575134 0.0
131 0.9693478345870972 2.818978186155575 3.4468281269073486 1.8898377418518066 0.0 1.3917555434128843 0.41340336203575134 0.0
132 0.9693478345870972 2.818978186155575 3.4468281269073486 1.8898377418518066 0.0 1.3917555434128843 0.41340336203575134 0.0
133 0.9693478345870972 2.8189739821611877 3.4468281269073486 1.8898377418518066 0.0 1.3916999702849109 0.41342654824256897 0.0
134 0.9693478345870972 2.8189739821611877 3.4468281269073486 1.8898377418518066 0.0 1.3916999702849109 0.41342654824256897 0.0
135 0.9693478345870972 2.818977769565806 3.4468281269073486 1.8898377418518066 0.0 1.3940479970021264 0.4534970819950104 0.0
136 0.9693478345870972 2.818977769565806 3.4468281269073486 1.8898377418518066 0.0 1.3940479970021264 0.4534970819950104 0.0
137 0.9693478345870972 2.818977769565806 3.4468281269073486 1.8898377418518066 0.0 1.3940479970021264 0.4534970819950104 0.0
138 0.9693478345870972 2.818977769565806 3.4468281269073486 1.8898377418518066 0.0 1.3940479970021264 0.4534970819950104 0.0
139 0.9693478345870972 2.818977769565806 3.4468281269073486 1.8898377418518066 0.0 1.3940479970021264 0.4534970819950104 0.0
140 0.9693478345870972 2.818977769565806 3.4468281269073486 1.8898377418518066 0.0 1.3940479970021264 0.4534970819950104 0.0
141 0.9693478345870972 2.818977769565806 3.4468281269073486 1.8898377418518066 0.0 1.3940479970021264 0.4534970819950104 0.0
142 0.9693478345870972 2.818977769565806 3.4468281269073486 1.8898377418518066 0.0 1.3940479970021264 0.4534970819950104 0.0
143 0.9693478345870972 2.818977769565806 3.4468281269073486 1.8898377418518066 0.0 1.3940479970021264 0.4534970819950104 0.0
144 0.9693478345870972 2.818977769565806 3.4468281269073486 1.8898377418518066 0.0 1.3940479970021264 0.4534970819950104 0.0
145 0.9693478345870972 2.818977769565806 3.4468281269073486 1.8898377418518066 0.0 1.3940479970021264 0.4534970819950104 0.0
146 0.9693478345870972 2.81849017490345 3.4468281269073486 1.8898377418518066 0.0 1.3944746377026258 0.45359858870506287 0.0
147 0.9693478345870972 2.81849017490345 3.4468281269073486 1.8898377418518066 0.0 1.3944746377026258 0.45359858870506287 0.0
148 0.9693478345870972 2.81849017490345 3.4468281269073486 1.8898377418518066 0.0 1.3944746377026258 0.45359858870506287 0.0
149 0.9693478345870972 2.81849017490345 3.4468281269073486 1.8898377418518066 0.0 1.3944746377026258 0.45359858870506287 0.0
150 0.9693478345870972 2.81849017490345 3.4468281269073486 1.8898377418518066 0.0 1.3944746377026258 0.45359858870506287 0.0
151 0.9693478345870972 2.81849017490345 3.4468281269073486 1.8898377418518066 0.0 1.3944746377026258 0.45359858870506287 0.0
152 0.9693478345870972 2.81849017490345 3.4468281269073486 1.8898377418518066 0.0 1.3944746377026258 0.45359858870506287 0.0
153 0.9693478345870972 2.81849017490345 3.4468281269073486 1.8898377418518066 0.0 1.3944746377026258 0.45359858870506287 0.0
154 0.9693478345870972 2.818293956637105 3.4468281269073486 1.8898377418518066 0.0 1.394674014762195 0.4536460340023041 0.0
155 0.9693478345870972 2.818293956637105 3.4468281269073486 1.8898377418518066 0.0 1.394674014762195 0.4536460340023041 0.0
156 0.9693478345870972 2.818293956637105 3.4468281269073486 1.8898377418518066 0.0 1.394674014762195 0.4536460340023041 0.0
157 0.9693478345870972 2.818293956637105 3.4468281269073486 1.8898377418518066 0.0 1.394674014762195 0.4536460340023041 0.0
158 0.9693478345870972 2.818293956637105 3.4468281269073486 1.8898377418518066 0.0 1.394674014762195 0.4536460340023041 0.0
159 0.9693478345870972 2.818999123013453 3.4468281269073486 1.8898377418518066 0.0 1.3996574316776107 0.3893951177597046 0.0
160 0.9693478345870972 2.818999123013453 3.4468281269073486 1.8898377418518066 0.0 1.3996574316776107 0.3893951177597046 0.0
161 0.9693478345870972 2.818766148030463 3.4468281269073486 1.8898377418518066 0.0 1.396914373018972 0.4117226004600525 0.0
162 0.9693478345870972 2.818766148030463 3.4468281269073486 1.8898377418518066 0.0 1.396914373018972 0.4117226004600525 0.0
163 0.9693478345870972 2.8188888215567793 3.4468281269073486 1.8898377418518066 0.0 1.3967879333139805 0.4116894006729126 0.0
164 0.9693478345870972 2.8188888215567793 3.4468281269073486 1.8898377418518066 0.0 1.3967879333139805 0.4116894006729126 0.0
165 0.9693478345870972 2.8188888215567793 3.4468281269073486 1.8898377418518066 0.0 1.3967879333139805 0.4116894006729126 0.0
166 0.9693478345870972 2.8188888215567793 3.4468281269073486 1.8898377418518066 0.0 1.3967879333139805 0.4116894006729126 0.0
167 0.9693478345870972 2.8188888215567793 3.4468281269073486 1.8898377418518066 0.0 1.3967879333139805 0.4116894006729126 0.0
168 0.9693478345870972 2.8188888215567793 3.4468281269073486 1.8898377418518066 0.0 1.3967879333139805 0.4116894006729126 0.0
169 0.9693478345870972 2.818613256873641 3.4468281269073486 1.8898377418518066 0.0 1.3963567405919433 0.45384618639945984 0.0
170 0.9693478345870972 2.818613256873641 3.4468281269073486 1.8898377418518066 0.0 1.3963567405919433 0.45384618639945984 0.0
171 0.9693478345870972 2.818613256873641 3.4468281269073486 1.8898377418518066 0.0 1.3963567405919433 0.45384618639945984 0.0
172 0.9693478345870972 2.818613256873641 3.4468281269073486 1.8898377418518066 0.0 1.3963567405919433 0.45384618639945984 0.0
173 0.9693478345870972 2.818613256873641 3.4468281269073486 1.8898377418518066 0.0 1.3963567405919433 0.45384618639945984 0.0
174 0.9693478345870972 2.818613256873641 3.4468281269073486 1.8898377418518066 0.0 1.3963567405919433 0.45384618639945984 0.0
175 0.9693478345870972 2.818613256873641 3.4468281269073486 1.8898377418518066 0.0 1.3963567405919433 0.45384618639945984 0.0
176 0.9693478345870972 2.814706743929915 3.4468281269073486 1.8898377418518066 0.0 1.3979733506030956 0.4542312026023865 0.0
177 0.9693478345870972 2.814706743929915 3.4468281269073486 1.8898377418518066 0.0 1.3979733506030956 0.4542312026023865 0.0
178 0.9693478345870972 2.814706743929915 3.4468281269073486 1.8898377418518066 0.0 1.3979733506030956 0.4542312026023865 0.0
179 0.9693478345870972 2.814706743929915 3.4468281269073486 1.8898377418518066 0.0 1.3979733506030956 0.4542312026023865 0.0
180 0.9693478345870972 2.814706743929915 3.4468281269073486 1.8898377418518066 0.0 1.3979733506030956 0.4542312026023865 0.0
181 0.9693478345870972 2.811696033626401 3.4468281269073486 1.8898377418518066 0.0 1.3993979820609637 0.4545706510543823 0.0
182 0.9693478345870972 2.811696033626401 3.4468281269073486 1.8898377418518066 0.0 1.3993979820609637 0.4545706510543823 0.0
183 0.9693478345870972 2.811696033626401 3.4468281269073486 1.8898377418518066 0.0 1.3993979820609637 0.4545706510543823 0.0
184 0.9693478345870972 2.811696033626401 3.4468281269073486 1.8898377418518066 0.0 1.3993979820609637 0.4545706510543823 0.0
185 0.9693478345870972 2.811696033626401 3.4468281269073486 1.8898377418518066 0.0 1.3993979820609637 0.4545706510543823 0.0
186 0.9693478345870972 2.811726480775966 3.4468281269073486 1.8898377418518066 0.0 1.399365651962159 0.4545629322528839 0.0
187 0.9693478345870972 2.811726480775966 3.4468281269073486 1.8898377418518066 0.0 1.399365651962159 0.4545629322528839 0.0
188 0.9693478345870972 2.811726480775966 3.4468281269073486 1.8898377418518066 0.0 1.399365651962159 0.4545629322528839 0.0
189 0.9693478345870972 2.811726480775966 3.4468281269073486 1.8898377418518066 0.0 1.399365651962159 0.4545629322528839 0.0
190 0.9693478345870972 2.811726480775966 3.4468281269073486 1.8898377418518066 0.0 1.399365651962159 0.4545629322528839 0.0
191 0.9693478345870972 2.811726480775966 3.4468281269073486 1.8898377418518066 0.0 1.399365651962159 0.4545629322528839 0.0
192 0.9693478345870972 2.811726480775966 3.4468281269073486 1.8898377418518066 0.0 1.399365651962159 0.4545629322528839 0.0
193 0.9693478345870972 2.811726480775966 3.4468281269073486 1.8898377418518066 0.0 1.399365651962159 0.4545629322528839 0.0
194 0.9693478345870972 2.812216099958089 3.4468281269073486 1.8898377418518066 0.0 1.4062286951017686 0.4553535282611847 0.0
195 0.9693478345870972 2.812216099958089 3.4468281269073486 1.8898377418518066 0.0 1.4062286951017686 0.4553535282611847 0.0
196 0.9693478345870972 2.812216099958089 3.4468281269073486 1.8898377418518066 0.0 1.4062286951017686 0.4553535282611847 0.0
197 0.9693478345870972 2.812216099958089 3.4468281269073486 1.8898377418518066 0.0 1.4062286951017686 0.4553535282611847 0.0
198 0.9693478345870972 2.812216099958089 3.4468281269073486 1.8898377418518066 0.0 1.4062286951017686 0.4553535282611847 0.0
199 0.9693478345870972 2.812216099958089 3.4468281269073486 1.8898377418518066 0.0 1.4062286951017686 0.4553535282611847 0.0
200 0.9693478345870972 2.812216099958089 3.4468281269073486 1.8898377418518066 0.0 1.4062286951017686 0.4553535282611847 0.0
201 0.9693478345870972 2.812216099958089 3.4468281269073486 1.8898377418518066 0.0 1.4062286951017686 0.4553535282611847 0.0
202 0.9693478345870972 2.812216099958089 3.4468281269073486 1.8898377418518066 0.0 1.4062286951017686 0.4553535282611847 0.0
203 0.9693478345870972 2.812216099958089 3.4468281269073486 1.8898377418518066 0.0 1.4062286951017686 0.4553535282611847 0.0
204 0.9693478345870972 2.812216099958089 3.4468281269073486 1.8898377418518066 0.0 1.4062286951017686 0.4553535282611847 0.0
205 0.9693478345870972 2.812216099958089 3.4468281269073486 1.8898377418518066 0.0 1.4062286951017686 0.4553535282611847 0.0
206 0.9693478345870972 2.812216099958089 3.4468281269073486 1.8898377418518066 0.0 1.4062286951017686 0.4553535282611847 0.0
207 0.9693478345870972 2.8156270195466755 3.4468281269073486 1.8898377418518066 0.0 1.402326479282212 0.390137642621994 0.0
208 0.9693478345870972 2.8156270195466755 3.4468281269073486 1.8898377418518066 0.0 1.402326479282212 0.390137642621994 0.0
209 0.9693478345870972 2.8156270195466755 3.4468281269073486 1.8898377418518066 0.0 1.402326479282212 0.390137642621994 0.0
210 0.9693478345870972 2.815602317271349 3.4468281269073486 1.8898377418518066 0.0 1.4023572751579756 0.3901462256908417 0.0
211 0.9693478345870972 2.815602317271349 3.4468281269073486 1.8898377418518066 0.0 1.4023572751579756 0.3901462256908417 0.0
212 0.9693478345870972 2.815602317271349 3.4468281269073486 1.8898377418518066 0.0 1.4023572751579756 0.3901462256908417 0.0
213 0.9693478345870972 2.815602317271349 3.4468281269073486 1.8898377418518066 0.0 1.4023572751579756 0.3901462256908417 0.0
214 0.9693478345870972 2.815602317271349 3.4468281269073486 1.8898377418518066 0.0 1.4023572751579756 0.3901462256908417 0.0
215 0.9693478345870972 2.815602317271349 3.4468281269073486 1.8898377418518066 0.0 1.4023572751579756 0.3901462256908417 0.0
216 0.9693478345870972 2.815602317271349 3.4468281269073486 1.8898377418518066 0.0 1.4023572751579756 0.3901462256908417 0.0
217 0.9693478345870972 2.815602317271349 3.4468281269073486 1.8898377418518066 0.0 1.4023572751579756 0.3901462256908417 0.0
218 0.9693478345870972 2.815602317271349 3.4468281269073486 1.8898377418518066 0.0 1.4023572751579756 0.3901462256908417 0.0
219 0.9693478345870972 2.8155903192553304 3.4468281269073486 1.8898377418518066 0.0 1.4023714223614445 0.39015015959739685 0.0
220 0.9693478345870972 2.8155903192553304 3.4468281269073486 1.8898377418518066 0.0 1.4023714223614445 0.39015015959739685 0.0
221 0.9693478345870972 2.8155903192553304 3.4468281269073486 1.8898377418518066 0.0 1.4023714223614445 0.39015015959739685 0.0
222 0.9693478345870972 2.8155903192553304 3.4468281269073486 1.8898377418518066 0.0 1.4023714223614445 0.39015015959739685 0.0
223 0.9693478345870972 2.8155903192553304 3.4468281269073486 1.8898377418518066 0.0 1.4023714223614445 0.39015015959739685 0.0
224 0.9693478345870972 2.8155903192553304 3.4468281269073486 1.8898377418518066 0.0 1.4023714223614445 0.39015015959739685 0.0
225 0.9693478345870972 2.8154761055639517 3.4468281269073486 1.8898377418518066 0.0 1.4024325396909838 0.4547460079193115 0.0
226 0.9693478345870972 2.8154761055639517 3.4468281269073486 1.8898377418518066 0.0 1.4024325396909838 0.4547460079193115 0.0
227 0.9693478345870972 2.8154761055639517 3.4468281269073486 1.8898377418518066 0.0 1.4024325396909838 0.4547460079193115 0.0
228 0.9693478345870972 2.8154761055639517 3.4468281269073486 1.8898377418518066 0.0 1.4024325396909838 0.4547460079193115 0.0
229 0.9693478345870972 2.8154761055639517 3.4468281269073486 1.8898377418518066 0.0 1.4024325396909838 0.4547460079193115 0.0
230 0.9693478345870972 2.8152904195277206 3.4468281269073486 1.8898377418518066 0.0 1.4010096833704264 0.4545954763889313 0.0
231 0.9693478345870972 2.8152904195277206 3.4468281269073486 1.8898377418518066 0.0 1.4010096833704264 0.4545954763889313 0.0
232 0.9693478345870972 2.8152904195277206 3.4468281269073486 1.8898377418518066 0.0 1.4010096833704264 0.4545954763889313 0.0
233 0.9693478345870972 2.8152904195277206 3.4468281269073486 1.8898377418518066 0.0 1.4010096833704264 0.4545954763889313 0.0
234 0.9693478345870972 2.8152904195277206 3.4468281269073486 1.8898377418518066 0.0 1.4010096833704264 0.4545954763889313 0.0
235 0.9693478345870972 2.8152904195277206 3.4468281269073486 1.8898377418518066 0.0 1.4010096833704264 0.4545954763889313 0.0
236 0.9693478345870972 2.8152904195277206 3.4468281269073486 1.8898377418518066 0.0 1.4010096833704264 0.4545954763889313 0.0
237 0.9693478345870972 2.815478335246083 3.4468281269073486 1.8898377418518066 0.0 1.4007014679460617 0.41128647327423096 0.0
238 0.9693478345870972 2.8155054107712414 3.4468281269073486 1.8898377418518066 0.0 1.401718947390875 0.3899686336517334 0.0
239 0.9693478345870972 2.8155054107712414 3.4468281269073486 1.8898377418518066 0.0 1.401718947390875 0.3899686336517334 0.0
240 0.9693478345870972 2.8155054107712414 3.4468281269073486 1.8898377418518066 0.0 1.401718947390875 0.3899686336517334 0.0
241 0.9693478345870972 2.81615795007076 3.4468281269073486 1.8898377418518066 0.0 1.4013742090775783 0.3898727297782898 0.0
242 0.9693478345870972 2.81615795007076 3.4468281269073486 1.8898377418518066 0.0 1.4013742090775783 0.3898727297782898 0.0
243 0.9693478345870972 2.81615795007076 3.4468281269073486 1.8898377418518066 0.0 1.4013742090775783 0.3898727297782898 0.0
244 0.9693478345870972 2.81615795007076 3.4468281269073486 1.8898377418518066 0.0 1.4013742090775783 0.3898727297782898 0.0
245 0.9693478345870972 2.81615795007076 3.4468281269073486 1.8898377418518066 0.0 1.4013742090775783 0.3898727297782898 0.0
246 0.9693478345870972 2.81615795007076 3.4468281269073486 1.8898377418518066 0.0 1.4013742090775783 0.3898727297782898 0.0
247 0.9693478345870972 2.81615795007076 3.4468281269073486 1.8898377418518066 0.0 1.4013742090775783 0.3898727297782898 0.0
248 0.9693478345870972 2.81615795007076 3.4468281269073486 1.8898377418518066 0.0 1.4013742090775783 0.3898727297782898 0.0
249 0.9693478345870972 2.81615795007076 3.4468281269073486 1.8898377418518066 0.0 1.4013742090775783 0.3898727297782898 0.0
250 0.9693478345870972 2.81615795007076 3.4468281269073486 1.8898377418518066 0.0 1.4013742090775783 0.3898727297782898 0.0
251 0.9693478345870972 2.81615795007076 3.4468281269073486 1.8898377418518066 0.0 1.4013742090775783 0.3898727297782898 0.0
252 0.9693478345870972 2.81615795007076 3.4468281269073486 1.8898377418518066 0.0 1.4013742090775783 0.3898727297782898 0.0
253 0.9693478345870972 2.81615795007076 3.4468281269073486 1.8898377418518066 0.0 1.4013742090775783 0.3898727297782898 0.0
254 0.9693478345870972 2.81615795007076 3.4468281269073486 1.8898377418518066 0.0 1.4013742090775783 0.3898727297782898 0.0
255 0.9693478345870972 2.81615795007076 3.4468281269073486 1.8898377418518066 0.0 1.4013742090775783 0.3898727297782898 0.0
256 0.9693478345870972 2.81615795007076 3.4468281269073486 1.8898377418518066 0.0 1.4013742090775783 0.3898727297782898 0.0
257 0.9693478345870972 2.8117122068751437 3.4468281269073486 1.8898377418518066 0.0 1.40352598923796 0.39047136902809143 0.0
258 0.9693478345870972 2.8117122068751437 3.4468281269073486 1.8898377418518066 0.0 1.40352598923796 0.39047136902809143 0.0
259 0.9693478345870972 2.8117122068751437 3.4468281269073486 1.8898377418518066 0.0 1.40352598923796 0.39047136902809143 0.0
260 0.9693478345870972 2.8117122068751437 3.4468281269073486 1.8898377418518066 0.0 1.40352598923796 0.39047136902809143 0.0
261 0.9693478345870972 2.811642942384022 3.4468281269073486 1.8898377418518066 0.0 1.4029779518004302 0.390318900346756 0.0
262 0.9693478345870972 2.811642942384022 3.4468281269073486 1.8898377418518066 0.0 1.4029779518004302 0.390318900346756 0.0
263 0.9693478345870972 2.813684223260308 3.4468281269073486 1.8898377418518066 0.0 1.4020492039864214 0.39006054401397705 0.0
264 0.9693478345870972 2.813684223260308 3.4468281269073486 1.8898377418518066 0.0 1.4020492039864214 0.39006054401397705 0.0
265 0.9693478345870972 2.813684223260308 3.4468281269073486 1.8898377418518066 0.0 1.4020492039864214 0.39006054401397705 0.0
266 0.9693478345870972 2.813684223260308 3.4468281269073486 1.8898377418518066 0.0 1.4020492039864214 0.39006054401397705 0.0
267 0.9693478345870972 2.813684223260308 3.4468281269073486 1.8898377418518066 0.0 1.4020492039864214 0.39006054401397705 0.0
268 0.9693478345870972 2.813684223260308 3.4468281269073486 1.8898377418518066 0.0 1.4020492039864214 0.39006054401397705 0.0
269 0.9693478345870972 2.813684223260308 3.4468281269073486 1.8898377418518066 0.0 1.4020492039864214 0.39006054401397705 0.0
270 0.9693478345870972 2.813684223260308 3.4468281269073486 1.8898377418518066 0.0 1.4020492039864214 0.39006054401397705 0.0
271 0.9693478345870972 2.813684223260308 3.4468281269073486 1.8898377418518066 0.0 1.4020492039864214 0.39006054401397705 0.0
272 0.9693478345870972 2.8136135378477105 3.4468281269073486 1.8898377418518066 0.0 1.402468841304546 0.4548676013946533 0.0
273 0.9693478345870972 2.8136135378477105 3.4468281269073486 1.8898377418518066 0.0 1.402468841304546 0.4548676013946533 0.0
274 0.9693478345870972 2.8136135378477105 3.4468281269073486 1.8898377418518066 0.0 1.402468841304546 0.4548676013946533 0.0
275 0.9693478345870972 2.8136135378477105 3.4468281269073486 1.8898377418518066 0.0 1.402468841304546 0.4548676013946533 0.0
276 0.9693478345870972 2.8136135378477105 3.4468281269073486 1.8898377418518066 0.0 1.402468841304546 0.4548676013946533 0.0
277 0.9693478345870972 2.8136135378477105 3.4468281269073486 1.8898377418518066 0.0 1.402468841304546 0.4548676013946533 0.0
278 0.9693478345870972 2.8136135378477105 3.4468281269073486 1.8898377418518066 0.0 1.402468841304546 0.4548676013946533 0.0
279 0.9693478345870972 2.8136135378477105 3.4468281269073486 1.8898377418518066 0.0 1.402468841304546 0.4548676013946533 0.0
280 0.9693478345870972 2.8136135378477105 3.4468281269073486 1.8898377418518066 0.0 1.402468841304546 0.4548676013946533 0.0
281 0.9693478345870972 2.8136135378477105 3.4468281269073486 1.8898377418518066 0.0 1.402468841304546 0.4548676013946533 0.0
282 0.9693478345870972 2.8135184612513955 3.4468281269073486 1.8898377418518066 0.0 1.4017274602025847 0.4547879099845886 0.0
283 0.9693478345870972 2.8135184612513955 3.4468281269073486 1.8898377418518066 0.0 1.4017274602025847 0.4547879099845886 0.0
284 0.9693478345870972 2.8135184612513955 3.4468281269073486 1.8898377418518066 0.0 1.4017274602025847 0.4547879099845886 0.0
285 0.9693478345870972 2.8135184612513955 3.4468281269073486 1.8898377418518066 0.0 1.4017274602025847 0.4547879099845886 0.0
286 0.9693478345870972 2.813684679298683 3.4468281269073486 1.8898377418518066 0.0 1.4030100246551445 0.4549245834350586 0.0
287 0.9693478345870972 2.813684679298683 3.4468281269073486 1.8898377418518066 0.0 1.4030100246551445 0.4549245834350586 0.0
288 0.9693478345870972 2.813684679298683 3.4468281269073486 1.8898377418518066 0.0 1.4030100246551445 0.4549245834350586 0.0
289 0.9693478345870972 2.813684679298683 3.4468281269073486 1.8898377418518066 0.0 1.4030100246551445 0.4549245834350586 0.0
290 0.9693478345870972 2.813684679298683 3.4468281269073486 1.8898377418518066 0.0 1.4030100246551445 0.4549245834350586 0.0
291 0.9693478345870972 2.8135285310442786 3.4468281269073486 1.8898377418518066 0.0 1.4032093287714336 0.45497214794158936 0.0
292 0.9693478345870972 2.8135285310442786 3.4468281269073486 1.8898377418518066 0.0 1.4032093287714336 0.45497214794158936 0.0
293 0.9693478345870972 2.8135285310442786 3.4468281269073486 1.8898377418518066 0.0 1.4032093287714336 0.45497214794158936 0.0
294 0.9693478345870972 2.81388672548025 3.4468281269073486 1.8898377418518066 0.0 1.4027703449827085 0.4548673629760742 0.0
295 0.9693478345870972 2.81388672548025 3.4468281269073486 1.8898377418518066 0.0 1.4027703449827085 0.4548673629760742 0.0
296 0.9693478345870972 2.81388672548025 3.4468281269073486 1.8898377418518066 0.0 1.4027703449827085 0.4548673629760742 0.0
297 0.9693478345870972 2.81388672548025 3.4468281269073486 1.8898377418518066 0.0 1.4027703449827085 0.4548673629760742 0.0
298 0.9693478345870972 2.830054165828718 3.4468281269073486 1.8898377418518066 0.0 1.3937526587623126 0.45271655917167664 0.0
299 0.9693478345870972 2.830054165828718 3.4468281269073486 1.8898377418518066 0.0 1.3937526587623126 0.45271655917167664 0.0
300 0.9693478345870972 2.830054165828718 3.4468281269073486 1.8898377418518066 0.0 1.3937526587623126 0.45271655917167664 0.0
301 0.9693478345870972 2.830054165828718 3.4468281269073486 1.8898377418518066 0.0 1.3937526587623126 0.45271655917167664 0.0
302 0.9693478345870972 2.831743609720108 3.4468281269073486 1.8898377418518066 0.0 1.3928108387741318 0.4524921774864197 0.0
303 0.9693478345870972 2.831743609720108 3.4468281269073486 1.8898377418518066 0.0 1.3928108387741318 0.4524921774864197 0.0
304 0.9693478345870972 2.831743609720108 3.4468281269073486 1.8898377418518066 0.0 1.3928108387741318 0.4524921774864197 0.0
305 0.9693478345870972 2.831743609720108 3.4468281269073486 1.8898377418518066 0.0 1.3928108387741318 0.4524921774864197 0.0
306 0.9693478345870972 2.8309585175134826 3.4468281269073486 1.8898377418518066 0.0 1.3928185776275428 0.40851038694381714 0.0
307 0.9693478345870972 2.8309585175134826 3.4468281269073486 1.8898377418518066 0.0 1.3928185776275428 0.40851038694381714 0.0
308 0.9693478345870972 2.83039164286595 3.4468281269073486 1.8898377418518066 0.0 1.3900817369844827 0.4522359371185303 0.0
309 0.9693478345870972 2.83039164286595 3.4468281269073486 1.8898377418518066 0.0 1.3900817369844827 0.4522359371185303 0.0
310 0.9693478345870972 2.83039164286595 3.4468281269073486 1.8898377418518066 0.0 1.3900817369844827 0.4522359371185303 0.0
311 0.9693478345870972 2.83039164286595 3.4468281269073486 1.8898377418518066 0.0 1.3900817369844827 0.4522359371185303 0.0
312 0.9693478345870972 2.83039164286595 3.4468281269073486 1.8898377418518066 0.0 1.3900817369844827 0.4522359371185303 0.0
313 0.9693478345870972 2.83039164286595 3.4468281269073486 1.8898377418518066 0.0 1.3900817369844827 0.4522359371185303 0.0
314 0.9693478345870972 2.83039164286595 3.4468281269073486 1.8898377418518066 0.0 1.3900817369844827 0.4522359371185303 0.0
315 0.9693478345870972 2.83039164286595 3.4468281269073486 1.8898377418518066 0.0 1.3900817369844827 0.4522359371185303 0.0
316 0.9693478345870972 2.83039164286595 3.4468281269073486 1.8898377418518066 0.0 1.3900817369844827 0.4522359371185303 0.0
317 0.9693478345870972 2.830675589069136 3.4468281269073486 1.8898377418518066 0.0 1.3923999302585326 0.4524962604045868 0.0
318 0.9693478345870972 2.830675589069136 3.4468281269073486 1.8898377418518066 0.0 1.3923999302585326 0.4524962604045868 0.0
319 0.9693478345870972 2.831032004296156 3.4468281269073486 1.8898377418518066 0.0 1.3941834865926224 0.38787221908569336 0.0
320 0.9693478345870972 2.8308224394876724 3.4468281269073486 1.8898377418518066 0.0 1.3917518155706563 0.40891849994659424 0.0
321 0.9693478345870972 2.8308224394876724 3.4468281269073486 1.8898377418518066 0.0 1.3917518155706563 0.40891849994659424 0.0
322 0.9693478345870972 2.8308224394876724 3.4468281269073486 1.8898377418518066 0.0 1.3917518155706563 0.40891849994659424 0.0
323 0.9693478345870972 2.8308224394876724 3.4468281269073486 1.8898377418518066 0.0 1.3917518155706563 0.40891849994659424 0.0
324 0.9693478345870972 2.8308224394876724 3.4468281269073486 1.8898377418518066 0.0 1.3917518155706563 0.40891849994659424 0.0
325 0.9693478345870972 2.8308224394876724 3.4468281269073486 1.8898377418518066 0.0 1.3917518155706563 0.40891849994659424 0.0
326 0.9693478345870972 2.8308224394876724 3.4468281269073486 1.8898377418518066 0.0 1.3917518155706563 0.40891849994659424 0.0
327 0.9693478345870972 2.8308224394876724 3.4468281269073486 1.8898377418518066 0.0 1.3917518155706563 0.40891849994659424 0.0
328 0.9693478345870972 2.8308224394876724 3.4468281269073486 1.8898377418518066 0.0 1.3917518155706563 0.40891849994659424 0.0
329 0.9693478345870972 2.8308224394876724 3.4468281269073486 1.8898377418518066 0.0 1.3917518155706563 0.40891849994659424 0.0
330 0.9693478345870972 2.8308224394876724 3.4468281269073486 1.8898377418518066 0.0 1.3917518155706563 0.40891849994659424 0.0
331 0.9693478345870972 2.8308224394876724 3.4468281269073486 1.8898377418518066 0.0 1.3917518155706563 0.40891849994659424 0.0
332 0.9693478345870972 2.8308224394876724 3.4468281269073486 1.8898377418518066 0.0 1.3917518155706563 0.40891849994659424 0.0
333 0.9693478345870972 2.8310755243986288 3.4468281269073486 1.8898377418518066 0.0 1.3937095049481585 0.40817323327064514 0.0
334 0.9693478345870972 2.8310755243986288 3.4468281269073486 1.8898377418518066 0.0 1.3937095049481585 0.40817323327064514 0.0
335 0.9693478345870972 2.8310755243986288 3.4468281269073486 1.8898377418518066 0.0 1.3937095049481585 0.40817323327064514 0.0
336 0.9693478345870972 2.8310755243986288 3.4468281269073486 1.8898377418518066 0.0 1.3937095049481585 0.40817323327064514 0.0
337 0.9693478345870972 2.8310755243986288 3.4468281269073486 1.8898377418518066 0.0 1.3937095049481585 0.40817323327064514 0.0
338 0.9693478345870972 2.8310755243986288 3.4468281269073486 1.8898377418518066 0.0 1.3937095049481585 0.40817323327064514 0.0
339 0.9693478345870972 2.8310755243986288 3.4468281269073486 1.8898377418518066 0.0 1.3937095049481585 0.40817323327064514 0.0
340 0.9693478345870972 2.8307464780523808 3.4468281269073486 1.8898377418518066 0.0 1.3929534123515992 0.4525546729564667 0.0
341 0.9693478345870972 2.8307464780523808 3.4468281269073486 1.8898377418518066 0.0 1.3929534123515992 0.4525546729564667 0.0
342 0.9693478345870972 2.8307464780523808 3.4468281269073486 1.8898377418518066 0.0 1.3929534123515992 0.4525546729564667 0.0
343 0.9693478345870972 2.8307464780523808 3.4468281269073486 1.8898377418518066 0.0 1.3929534123515992 0.4525546729564667 0.0
344 0.9693478345870972 2.8307464780523808 3.4468281269073486 1.8898377418518066 0.0 1.3929534123515992 0.4525546729564667 0.0
345 0.9693478345870972 2.8307464780523808 3.4468281269073486 1.8898377418518066 0.0 1.3929534123515992 0.4525546729564667 0.0
346 0.9693478345870972 2.8307464780523808 3.4468281269073486 1.8898377418518066 0.0 1.3929534123515992 0.4525546729564667 0.0
347 0.9693478345870972 2.8307464780523808 3.4468281269073486 1.8898377418518066 0.0 1.3929534123515992 0.4525546729564667 0.0
348 0.9693478345870972 2.8299902499852254 3.4468281269073486 1.8898377418518066 0.0 1.393385401956278 0.4526575803756714 0.0
349 0.9693478345870972 2.8299902499852254 3.4468281269073486 1.8898377418518066 0.0 1.393385401956278 0.4526575803756714 0.0
350 0.9693478345870972 2.8299902499852254 3.4468281269073486 1.8898377418518066 0.0 1.393385401956278 0.4526575803756714 0.0
351 0.9693478345870972 2.8299902499852254 3.4468281269073486 1.8898377418518066 0.0 1.393385401956278 0.4526575803756714 0.0
352 0.9693478345870972 2.8299902499852254 3.4468281269073486 1.8898377418518066 0.0 1.393385401956278 0.4526575803756714 0.0
353 0.9693478345870972 2.8299902499852254 3.4468281269073486 1.8898377418518066 0.0 1.393385401956278 0.4526575803756714 0.0
354 0.9693478345870972 2.8299902499852254 3.4468281269073486 1.8898377418518066 0.0 1.393385401956278 0.4526575803756714 0.0
355 0.9693478345870972 2.8299902499852254 3.4468281269073486 1.8898377418518066 0.0 1.393385401956278 0.4526575803756714 0.0
356 0.9693478345870972 2.8299902499852254 3.4468281269073486 1.8898377418518066 0.0 1.393385401956278 0.4526575803756714 0.0
357 0.9693478345870972 2.8299902499852254 3.4468281269073486 1.8898377418518066 0.0 1.393385401956278 0.4526575803756714 0.0
358 0.9693478345870972 2.8299902499852254 3.4468281269073486 1.8898377418518066 0.0 1.393385401956278 0.4526575803756714 0.0
359 0.9693478345870972 2.8299902499852254 3.4468281269073486 1.8898377418518066 0.0 1.393385401956278 0.4526575803756714 0.0
360 0.9693478345870972 2.8299902499852254 3.4468281269073486 1.8898377418518066 0.0 1.393385401956278 0.4526575803756714 0.0
361 0.9693478345870972 2.8299902499852254 3.4468281269073486 1.8898377418518066 0.0 1.393385401956278 0.4526575803756714 0.0
362 0.9693478345870972 2.8299902499852254 3.4468281269073486 1.8898377418518066 0.0 1.393385401956278 0.4526575803756714 0.0
363 0.9693478345870972 2.8299902499852254 3.4468281269073486 1.8898377418518066 0.0 1.393385401956278 0.4526575803756714 0.0
364 0.9693478345870972 2.8299902499852254 3.4468281269073486 1.8898377418518066 0.0 1.393385401956278 0.4526575803756714 0.0
365 0.9693478345870972 2.8298731339888312 3.4468281269073486 1.8898377418518066 0.0 1.393493591203131 0.45268335938453674 0.0
366 0.9693478345870972 2.8298731339888312 3.4468281269073486 1.8898377418518066 0.0 1.393493591203131 0.45268335938453674 0.0
367 0.9693478345870972 2.8298731339888312 3.4468281269073486 1.8898377418518066 0.0 1.393493591203131 0.45268335938453674 0.0
368 0.9693478345870972 2.8298731339888312 3.4468281269073486 1.8898377418518066 0.0 1.393493591203131 0.45268335938453674 0.0
369 0.9693478345870972 2.8298731339888312 3.4468281269073486 1.8898377418518066 0.0 1.393493591203131 0.45268335938453674 0.0
370 0.9693478345870972 2.8298731339888312 3.4468281269073486 1.8898377418518066 0.0 1.393493591203131 0.45268335938453674 0.0
371 0.9693478345870972 2.8298731339888312 3.4468281269073486 1.8898377418518066 0.0 1.393493591203131 0.45268335938453674 0.0
372 0.9693478345870972 2.8298731339888312 3.4468281269073486 1.8898377418518066 0.0 1.393493591203131 0.45268335938453674 0.0
373 0.9693478345870972 2.8298731339888312 3.4468281269073486 1.8898377418518066 0.0 1.393493591203131 0.45268335938453674 0.0
374 0.9693478345870972 2.8298731339888312 3.4468281269073486 1.8898377418518066 0.0 1.393493591203131 0.45268335938453674 0.0
375 0.9693478345870972 2.8298731339888312 3.4468281269073486 1.8898377418518066 0.0 1.393493591203131 0.45268335938453674 0.0
376 0.9693478345870972 2.8298731339888312 3.4468281269073486 1.8898377418518066 0.0 1.393493591203131 0.45268335938453674 0.0
377 0.9693478345870972 2.8298731339888312 3.4468281269073486 1.8898377418518066 0.0 1.393493591203131 0.45268335938453674 0.0
378 0.9693478345870972 2.8298731339888312 3.4468281269073486 1.8898377418518066 0.0 1.393493591203131 0.45268335938453674 0.0
379 0.9693478345870972 2.8298731339888312 3.4468281269073486 1.8898377418518066 0.0 1.393493591203131 0.45268335938453674 0.0
380 0.9693478345870972 2.8298731339888312 3.4468281269073486 1.8898377418518066 0.0 1.393493591203131 0.45268335938453674 0.0
381 0.9693478345870972 2.8298731339888312 3.4468281269073486 1.8898377418518066 0.0 1.393493591203131 0.45268335938453674 0.0
382 0.9693478345870972 2.8298731339888312 3.4468281269073486 1.8898377418518066 0.0 1.393493591203131 0.45268335938453674 0.0
383 0.9693478345870972 2.8298731339888312 3.4468281269073486 1.8898377418518066 0.0 1.393493591203131 0.45268335938453674 0.0
384 0.9693478345870972 2.8298731339888312 3.4468281269073486 1.8898377418518066 0.0 1.393493591203131 0.45268335938453674 0.0
385 0.9693478345870972 2.8298731339888312 3.4468281269073486 1.8898377418518066 0.0 1.393493591203131 0.45268335938453674 0.0
386 0.9693478345870972 2.8298731339888312 3.4468281269073486 1.8898377418518066 0.0 1.393493591203131 0.45268335938453674 0.0
387 0.9693478345870972 2.8298731339888312 3.4468281269073486 1.8898377418518066 0.0 1.393493591203131 0.45268335938453674 0.0
388 0.9693478345870972 2.8298731339888312 3.4468281269073486 1.8898377418518066 0.0 1.393493591203131 0.45268335938453674 0.0
389 0.9693478345870972 2.8298731339888312 3.4468281269073486 1.8898377418518066 0.0 1.393493591203131 0.45268335938453674 0.0
390 0.9693478345870972 2.8298731339888312 3.4468281269073486 1.8898377418518066 0.0 1.393493591203131 0.45268335938453674 0.0
391 0.9693478345870972 2.8298731339888312 3.4468281269073486 1.8898377418518066 0.0 1.393493591203131 0.45268335938453674 0.0
392 0.9693478345870972 2.8298731339888312 3.4468281269073486 1.8898377418518066 0.0 1.393493591203131 0.45268335938453674 0.0
393 0.9693478345870972 2.8298731339888312 3.4468281269073486 1.8898377418518066 0.0 1.393493591203131 0.45268335938453674 0.0
394 0.9693478345870972 2.8298731339888312 3.4468281269073486 1.8898377418518066 0.0 1.393493591203131 0.45268335938453674 0.0
395 0.9693478345870972 2.8298731339888312 3.4468281269073486 1.8898377418518066 0.0 1.393493591203131 0.45268335938453674 0.0
396 0.9693478345870972 2.8298731339888312 3.4468281269073486 1.8898377418518066 0.0 1.393493591203131 0.45268335938453674 0.0
397 0.9693478345870972 2.8298731339888312 3.4468281269073486 1.8898377418518066 0.0 1.393493591203131 0.45268335938453674 0.0
398 0.9693478345870972 2.8298731339888312 3.4468281269073486 1.8898377418518066 0.0 1.393493591203131 0.45268335938453674 0.0
399 0.9693478345870972 2.8298731339888312 3.4468281269073486 1.8898377418518066 0.0 1.393493591203131 0.45268335938453674 0.0
400 0.9693478345870972 2.8298731339888312 3.4468281269073486 1.8898377418518066 0.0 1.393493591203131 0.45268335938453674 0.0
