init 1.0916062593460083 7.202970444737736 3.400463819503784 4.235945224761963 0.0 0.0 0.0 0.0
1 1.1520847082138062 7.484631652192671 3.4164581298828125 4.258394718170166 0.32376524806022644 1.0999255800531476 0.5633605122566223 0.3006027936935425
2 1.163612961769104 7.533896333097271 3.4090592861175537 4.276708602905273 0.33555299043655396 1.0500620664696658 0.6389044523239136 0.33600619435310364
3 1.2052133083343506 7.970855942996135 3.4225971698760986 4.278151512145996 0.4289620816707611 1.4214058701467234 0.9431155920028687 0.5398674011230469
4 1.2386603355407715 8.269483175928327 3.3690547943115234 4.285024166107178 0.4916985332965851 2.738310735215772 1.2648224830627441 0.6438157558441162
5 1.2508000135421753 8.003445811863413 3.3784756660461426 4.312304496765137 0.49176812171936035 2.4622485072496874 1.2656136751174927 0.7293039560317993
6 1.2250697612762451 8.051245609539306 3.3844869136810303 4.256388187408447 0.5049906373023987 2.629503466781945 1.3197823762893677 0.6561559438705444
7 1.2252527475357056 8.258545893589826 3.4001049995422363 4.257207870483398 0.5040275454521179 2.750195315939674 1.3926770687103271 0.6570757627487183
8 1.2620255947113037 8.416316369983988 3.414766788482666 4.279002666473389 0.5820627808570862 2.960738964548445 1.465334415435791 0.7215703725814819
9 1.2619174718856812 8.213235196632619 3.425971031188965 4.279539585113525 0.5819218754768372 2.7749369507607455 1.433212161064148 0.7276124358177185
10 1.25655198097229 8.24633775574068 3.4166667461395264 4.295894622802734 0.5698877573013306 2.8419643530265355 1.4811913967132568 0.7467933297157288
11 1.2606613636016846 8.16489061152362 3.4197051525115967 4.330428600311279 0.5628926157951355 2.7716318546806664 1.4698952436447144 0.8898987174034119
12 1.248976707458496 8.19312654011653 3.440354585647583 4.318488121032715 0.550437867641449 2.790540167864169 1.4463236331939697 0.8938413262367249
13 1.2470412254333496 8.219930568595105 3.4337193965911865 4.3336639404296875 0.5330478549003601 2.803683319931663 1.4044498205184937 0.8998355269432068
14 1.234705924987793 8.222568985870204 3.429550886154175 4.33122444152832 0.5024607181549072 2.9131678512177976 1.4340835809707642 0.8846100568771362
15 1.2380661964416504 8.207187058797603 3.434852361679077 4.33560848236084 0.5132231712341309 2.8922850385478345 1.446915626525879 0.9109562039375305
16 1.2295098304748535 8.272840751665825 3.439567804336548 4.327136993408203 0.49059805274009705 2.92101151828337 1.4569885730743408 0.8853718042373657
17 1.22003972530365 8.10942996684111 3.4392523765563965 4.317745208740234 0.47361400723457336 2.9869074356836953 1.4190239906311035 0.8569943308830261
18 1.2254693508148193 7.879832335746573 3.4083621501922607 4.319775581359863 0.492268830537796 2.8749368581705603 1.4131792783737183 0.8344511389732361
19 1.2205418348312378 7.782677962103772 3.3783226013183594 4.3071184158325195 0.49029210209846497 2.890393811212737 1.4299532175064087 0.8862109780311584
20 1.2192773818969727 7.729340561315856 3.3758721351623535 4.306678771972656 0.48935776948928833 2.8331016291885263 1.4181365966796875 0.8899065256118774
21 1.2166575193405151 7.852537864114637 3.375389814376831 4.299506664276123 0.49684998393058777 2.9317301581296262 1.4493818283081055 0.8902331590652466
22 1.2185029983520508 7.851533370974199 3.3778467178344727 4.303102016448975 0.49929559230804443 2.92251583072621 1.4525662660598755 0.8870371580123901
23 1.2144166231155396 7.859345505899467 3.3786709308624268 4.300731182098389 0.49261167645454407 2.927331768383643 1.4530011415481567 0.8817868828773499
24 1.21389901638031 7.847728588779026 3.350196599960327 4.298661231994629 0.49129998683929443 2.920856805320584 1.4982779026031494 0.8799523115158081
25 1.213985800743103 7.85303609037136 3.3610141277313232 4.296346187591553 0.4869684875011444 2.9250082482129836 1.5171931982040405 0.8738381862640381
26 1.214343786239624 7.8375028022522235 3.3600151538848877 4.2964019775390625 0.4852992594242096 2.9491367601343836 1.5211507081985474 0.8738001585006714
27 1.214539647102356 7.821768826555018 3.359251022338867 4.296555995941162 0.48573416471481323 3.0172477549636034 1.5336925983428955 0.8747149705886841
28 1.218888759613037 7.811980965093705 3.3634629249572754 4.276548385620117 0.4889540374279022 2.9928186609311753 1.5510560274124146 0.7516720294952393
29 1.21970534324646 7.809733944709274 3.3632094860076904 4.27707052230835 0.4904223680496216 2.992197824940403 1.553524136543274 0.7527309656143188
30 1.2102946043014526 7.799145493042386 3.36456298828125 4.272298812866211 0.47509753704071045 2.981425817009337 1.5514132976531982 0.7487572431564331
31 1.2152525186538696 7.826376073764646 3.3731250762939453 4.280727386474609 0.472207635641098 3.006204703324819 1.5420808792114258 0.7443603873252869
32 1.2153832912445068 7.826229315129347 3.372857093811035 4.280734539031982 0.47243356704711914 3.0062839491638624 1.5418671369552612 0.7444084882736206
33 1.214864730834961 7.828706374167918 3.372842788696289 4.281989097595215 0.4691178500652313 3.068305156356699 1.5503474473953247 0.7461144924163818
34 1.1980465650558472 7.980211528956539 3.3620970249176025 4.263704299926758 0.44454672932624817 3.0848192588574004 1.5245187282562256 0.6918925642967224
35 1.1999908685684204 7.904720860368632 3.3611676692962646 4.2688727378845215 0.4417775571346283 3.1555358554501316 1.5464906692504883 0.6944413781166077
36 1.1997727155685425 7.906174708101212 3.362560987472534 4.268529891967773 0.4413711428642273 3.2106906259109502 1.5408459901809692 0.6939534544944763
37 1.196747064590454 7.907541785249191 3.3649566173553467 4.279726028442383 0.4391537010669708 3.213176079528936 1.5532065629959106 0.8017886877059937
38 1.196828842163086 7.904553608221009 3.3699073791503906 4.2796149253845215 0.44092249870300293 3.2405812360199557 1.5711901187896729 0.8020594120025635
39 1.1984726190567017 7.923159109207453 3.370992422103882 4.284926414489746 0.4375901520252228 3.2239102620884657 1.5921138525009155 0.8031019568443298
40 1.200891137123108 7.964493637156563 3.3761396408081055 4.283473968505859 0.43545588850975037 3.213273219702147 1.598238229751587 0.7927386164665222
41 1.2016187906265259 7.9543014299732455 3.376790761947632 4.283897876739502 0.4372369647026062 3.2589613263418538 1.58927583694458 0.795904815196991
42 1.201952576637268 7.943891077788985 3.3757567405700684 4.284182071685791 0.4365081191062927 3.252959719061325 1.6003708839416504 0.7940168976783752
43 1.2015786170959473 7.9546329041452415 3.380723476409912 4.284180164337158 0.43557390570640564 3.217021981175198 1.6153172254562378 0.7940274477005005
44 1.2014472484588623 7.9405087714306015 3.387369394302368 4.283341884613037 0.4349137544631958 3.2731867334937976 1.6145991086959839 0.7933158874511719
45 1.2006115913391113 7.961338541548941 3.3899343013763428 4.2832441329956055 0.4332003891468048 3.1993895233604386 1.6006674766540527 0.7924449443817139
46 1.2060688734054565 8.20020811096253 3.395328998565674 4.279198169708252 0.4465002715587616 3.320942317895571 1.6398251056671143 0.7889612913131714
47 1.2110627889633179 8.114734066553032 3.3879623413085938 4.245739936828613 0.46633321046829224 3.239116504335343 1.6059247255325317 0.7234296798706055
48 1.2079877853393555 8.097833120258835 3.384920835494995 4.245005130767822 0.46039777994155884 3.2276686614321717 1.597428560256958 0.721231997013092
49 1.2088232040405273 8.111366205024284 3.3847789764404297 4.248005390167236 0.45882487297058105 3.1925611213248786 1.5881118774414063 0.718855619430542
50 1.2041655778884888 8.131344717761527 3.393907070159912 4.26459264755249 0.43217477202415466 3.243883204694165 1.6055474281311035 0.6991313695907593
51 1.1936750411987305 8.042861592716706 3.429166555404663 4.230151176452637 0.4485436677932739 3.172553120433347 1.6976165771484375 0.7247480750083923
52 1.192421555519104 8.161302596688847 3.4341537952423096 4.226879119873047 0.44829049706459045 3.328937530311251 1.7555009126663208 0.7279009819030762
53 1.1899014711380005 8.172833766259048 3.431922197341919 4.228489875793457 0.4413438141345978 3.283129836826701 1.7429986000061035 0.7310042977333069
54 1.1970702409744263 8.159110731984192 3.42655086517334 4.234247207641602 0.4540497064590454 3.274024158299233 1.7021554708480835 0.728938102722168
55 1.1972391605377197 8.156758213492992 3.448941707611084 4.237179279327393 0.4539165198802948 3.2721720494353863 1.7308157682418823 0.7324815988540649
56 1.1962640285491943 8.138510474797455 3.438673734664917 4.238350868225098 0.4528513252735138 3.3183028561190646 1.72217857837677 0.7349015474319458
57 1.1964250802993774 8.141971671998473 3.4371349811553955 4.238711357116699 0.451510488986969 3.2736665527019504 1.7046762704849243 0.735411524772644
58 1.192429780960083 8.05787884857057 3.44296932220459 4.229983329772949 0.4507364332675934 3.214338251545258 1.7032380104064941 0.7262953519821167
59 1.1849168539047241 8.079469894163505 3.431670665740967 4.225972652435303 0.4324897527694702 3.1392028841856834 1.6677324771881104 0.6819080710411072
60 1.1847999095916748 8.061080613755248 3.43198561668396 4.225922584533691 0.43194901943206787 3.18457349347677 1.6780990362167358 0.682680606842041
61 1.1854215860366821 8.063211783512555 3.4329981803894043 4.2325286865234375 0.4357854127883911 3.1492734908407036 1.6910836696624756 0.6961232423782349
62 1.1849373579025269 8.052610027635467 3.4329752922058105 4.232268333435059 0.43558382987976074 3.182212838848696 1.6973366737365723 0.6953256130218506
63 1.1886281967163086 8.05763475045434 3.4335861206054688 4.234375 0.43705978989601135 3.2276629331095052 1.703149676322937 0.6955060362815857
64 1.1880016326904297 8.057833114151217 3.432661533355713 4.229663372039795 0.4343927502632141 3.2050580708019165 1.7003676891326904 0.693821132183075
65 1.1880016326904297 8.054799607691175 3.432070732116699 4.229663372039795 0.4343927502632141 3.216559675921025 1.7168163061141968 0.693821132183075
66 1.1876442432403564 8.054429738105679 3.4326775074005127 4.2289018630981445 0.4340074956417084 3.216382902462993 1.7288906574249268 0.6926887035369873
67 1.1886396408081055 8.041593032781378 3.437544345855713 4.228959560394287 0.4358742833137512 3.2591797363494823 1.733147382736206 0.6928638815879822
68 1.1945263147354126 8.010617996369248 3.441621780395508 4.238621234893799 0.43495973944664 3.2900843035980727 1.727289080619812 0.7017969489097595
69 1.1890348196029663 8.047454418325989 3.4397542476654053 4.236710548400879 0.42791107296943665 3.3311764141246556 1.7288256883621216 0.6956483721733093
70 1.1890348196029663 8.050439058683326 3.4397542476654053 4.236710548400879 0.42791107296943665 3.2932489831903857 1.7209566831588745 0.6956483721733093
71 1.192281723022461 8.057642638632828 3.444411277770996 4.238809108734131 0.4309122860431671 3.2558119135099846 1.7200453281402588 0.7058835029602051
72 1.1920372247695923 8.031920734822547 3.4455018043518066 4.256819725036621 0.4292925000190735 3.2634288858505474 1.7209771871566772 0.7999715209007263
73 1.2269469499588013 7.92820164984764 3.4437851905822754 4.2981133460998535 0.46778497099876404 3.190376593153 1.708795189857483 0.8117392063140869
74 1.2130792140960693 7.93063969402863 3.4353556632995605 4.2899956703186035 0.4363691210746765 3.147665444936996 1.6863517761230469 0.7897785902023315
75 1.2102044820785522 7.8631438193556775 3.43768310546875 4.290421485900879 0.4277394115924835 3.1092897013412526 1.6877541542053223 0.7882263660430908
76 1.2100521326065063 7.862148520988106 3.389756441116333 4.288814067840576 0.42813682556152344 3.0580616439442534 1.5472546815872192 0.7863548398017883
77 1.207620620727539 7.872507035486558 3.381812572479248 4.288877010345459 0.42144984006881714 3.0193778250609435 1.5459740161895752 0.7863626480102539
78 1.2076219320297241 8.077852734808003 3.3865699768066406 4.316274642944336 0.4214494526386261 3.1754753099302055 1.6026527881622314 0.861748993396759
79 1.2128616571426392 8.14417293309547 3.3888187408447266 4.339963912963867 0.4058046042919159 3.2299259695063753 1.614431381225586 0.8615771532058716
80 1.2111258506774902 8.185737539749006 3.382488489151001 4.326544284820557 0.4002557694911957 3.301617940067614 1.6268446445465088 0.8507078886032104
81 1.2107288837432861 8.180143717636492 3.3918282985687256 4.335971355438232 0.3994481861591339 3.3212490904383656 1.66966712474823 0.8654211163520813
82 1.2083487510681152 8.180069071057426 3.389462947845459 4.335282325744629 0.39529794454574585 3.316940443952302 1.6458030939102173 0.8655210137367249
83 1.216902494430542 8.029577118517702 3.405970811843872 4.3105082511901855 0.4582033157348633 3.117612528717208 1.6314759254455566 0.9374610781669617
84 1.213723063468933 8.065044245543765 3.405221939086914 4.307410717010498 0.45683348178863525 3.0891627713589584 1.6264512538909912 0.9324468970298767
85 1.2135809659957886 8.045825791352309 3.406263828277588 4.301923751831055 0.4560604691505432 3.083687086908966 1.6283681392669678 0.9057656526565552
86 1.2197116613388062 8.046084415090785 3.4113223552703857 4.3079514503479 0.4654158055782318 3.084832457406833 1.6395817995071411 0.9170639514923096
87 1.2222846746444702 7.9908497533232214 3.4219894409179688 4.303470611572266 0.47265174984931946 3.0719879533223957 1.6573909521102905 0.9075682163238525
88 1.226704478263855 7.967566069198771 3.431931972503662 4.277032852172852 0.47969725728034973 3.0632514386641256 1.6709831953048706 0.8405655026435852
89 1.2270499467849731 7.976010239195464 3.4306886196136475 4.277264595031738 0.48087018728256226 3.048495163367169 1.6463028192520142 0.8408718705177307
90 1.227242112159729 7.981655646325717 3.4305789470672607 4.256462097167969 0.4812900722026825 3.03430029231228 1.6499488353729248 0.7434701323509216
91 1.2272931337356567 7.979525908662022 3.4247219562530518 4.256392478942871 0.4813646972179413 3.03205470560772 1.6513934135437012 0.742509126663208
92 1.2238826751708984 7.979056392240287 3.4244813919067383 4.253419399261475 0.47614237666130066 3.0314932049486583 1.6500076055526733 0.738418698310852
93 1.2238160371780396 7.958797331097416 3.4244978427886963 4.253716945648193 0.4756327271461487 3.13874319394405 1.67308509349823 0.7382405996322632
94 1.2261614799499512 7.913741549706947 3.4301164150238037 4.261439323425293 0.47150173783302307 3.1200115629965173 1.6575112342834473 0.7410413026809692
95 1.232887625694275 7.927997494085215 3.443014621734619 4.25912618637085 0.47720590233802795 3.1211917490880867 1.6599684953689575 0.7327541708946228
96 1.2311877012252808 8.008618416433581 3.439297676086426 4.257778644561768 0.4741651117801666 3.0777747562742928 1.6632778644561768 0.727690577507019
97 1.231199860572815 7.97976377175196 3.43265438079834 4.257768154144287 0.47404757142066956 3.042631502169946 1.666563630104065 0.7286869883537292
98 1.2311850786209106 7.983971977257096 3.42980694770813 4.257607936859131 0.4742582142353058 3.142117378448761 1.6843664646148682 0.728451669216156
99 1.2328369617462158 7.994678944629466 3.4286696910858154 4.260446548461914 0.4741584062576294 3.151885052528203 1.6769691705703735 0.7295023202896118
100 1.2331633567810059 8.011106527640587 3.428884506225586 4.260419845581055 0.4737125635147095 3.174423755412684 1.682572364807129 0.7261329889297485
101 1.233885407447815 7.87496210528193 3.42814302444458 4.2640533447265625 0.473211407661438 3.158803466643642 1.6760694980621338 0.7297056913375854
102 1.2324306964874268 7.854114284239606 3.423257827758789 4.265901565551758 0.467689573764801 3.0807347637514804 1.6650173664093018 0.7307125926017761
103 1.2314174175262451 7.8599428029021885 3.4208905696868896 4.288544654846191 0.4662777781486511 3.0155516116196894 1.6545900106430054 0.8425912857055664
104 1.2305498123168945 7.949134954410091 3.4193387031555176 4.2879414558410645 0.464214026927948 3.097215265400679 1.667853593826294 0.8401721715927124
105 1.2305498123168945 7.949134954410091 3.426408290863037 4.2879414558410645 0.464214026927948 3.097215265400679 1.6896730661392212 0.8401721715927124
106 1.231410026550293 7.948586690925634 3.4264371395111084 4.288465976715088 0.465994656085968 3.097084376675001 1.6876682043075562 0.8433905243873596
107 1.2311692237854004 7.947887186694403 3.4254820346832275 4.2905354499816895 0.4646728038787842 3.11658313301623 1.6903759241104126 0.8450185060501099
108 1.226660132408142 7.947928535615133 3.419328451156616 4.276897430419922 0.4636213779449463 3.0909431271525216 1.681994080543518 0.828118085861206
109 1.2369052171707153 7.993789665593514 3.4274168014526367 4.283100128173828 0.4898339807987213 3.1238895015275414 1.695159673690796 0.8652300238609314
110 1.2368464469909668 8.05870188329318 3.4267373085021973 4.283304214477539 0.4895026981830597 3.1355380872358696 1.697156310081482 0.8653729557991028
111 1.2362866401672363 8.040514802368197 3.43131160736084 4.283328056335449 0.4880467653274536 3.1809592004400224 1.694586157798767 0.8653667569160461
112 1.2354321479797363 8.033453002485599 3.431173801422119 4.281682014465332 0.48686325550079346 3.200629914159505 1.697448492050171 0.8635414242744446
113 1.235331654548645 8.08196759721365 3.4335219860076904 4.282385349273682 0.4868990480899811 3.2958209477079645 1.7209159135818481 0.8640361428260803
114 1.2530831098556519 8.048219277498236 3.43114972114563 4.317179203033447 0.4906159043312073 3.266301547596007 1.7122151851654053 0.8853769302368164
115 1.2622933387756348 8.097610060317265 3.4371938705444336 4.333678722381592 0.4993591010570526 3.264801419106499 1.7155253887176514 0.9118114709854126
116 1.2677874565124512 8.07012846984566 3.4433794021606445 4.3333330154418945 0.5165473222732544 3.2427638422213168 1.717599630355835 0.9332186579704285
117 1.267396092414856 8.102566072753522 3.4421908855438232 4.333653926849365 0.516791820526123 3.261917357356079 1.722335696220398 0.9314402937889099
118 1.2671937942504883 8.099857904082713 3.4431557655334473 4.334293842315674 0.5152373909950256 3.260894169331457 1.726660132408142 0.9305726289749146
119 1.2558661699295044 8.088880188305923 3.442063808441162 4.319930553436279 0.5022007822990417 3.2497751758279674 1.7200514078140259 0.8982738852500916
120 1.2540193796157837 8.064623733725924 3.454094886779785 4.306171417236328 0.5097431540489197 3.224824802507187 1.7382959127426147 0.8944416642189026
121 1.2557605504989624 8.005436912722024 3.4571776390075684 4.30304479598999 0.5163078904151917 3.193004431185084 1.744011640548706 0.8972985148429871
122 1.2538628578186035 8.026408778121803 3.48882794380188 4.300332069396973 0.5131160616874695 3.175864972637917 1.8294099569320679 0.8874671459197998
123 1.2424315214157104 8.092239545430866 3.4632487297058105 4.292228698730469 0.48960375785827637 3.2003468852030315 1.7899489402770996 0.8610743880271912
124 1.2440372705459595 8.067772560747935 3.479346752166748 4.364771842956543 0.5075126886367798 3.2656770822419596 1.8175595998764038 0.9736649394035339
125 1.2417900562286377 8.055962319981088 3.4687423706054688 4.363534450531006 0.501162052154541 3.226311400330778 1.7926380634307861 0.9757208228111267
126 1.2467514276504517 8.057665645564908 3.4747140407562256 4.368587970733643 0.5015461444854736 3.225867984053175 1.7888953685760498 0.9784978032112122
127 1.2522221803665161 8.033552780156834 3.4835171699523926 4.371183395385742 0.5101750493049622 3.2181008446541193 1.7876888513565063 0.9894639849662781
128 1.2500026226043701 7.981143777037213 3.489654541015625 4.362387180328369 0.5136396288871765 3.1893349951293897 1.7914135456085205 1.0009989738464355
129 1.247824788093567 8.00512044315559 3.4892358779907227 4.365619659423828 0.5091925859451294 3.20353554760676 1.799320936203003 1.0076872110366821
130 1.2394685745239258 7.946298244325829 3.476940155029297 4.365371227264404 0.4951048791408539 3.1661243477019885 1.7574596405029297 1.0077800750732422
131 1.2393320798873901 7.943357954172621 3.4767210483551025 4.364173889160156 0.49407923221588135 3.179232896613312 1.7950533628463745 1.0043232440948486
132 1.239622712135315 7.946785000443435 3.4766685962677 4.363078594207764 0.4946311116218567 3.225723768752809 1.8044427633285522 1.0025554895401
133 1.2392475605010986 7.900416910819655 3.4763407707214355 4.362443447113037 0.4954614043235779 3.151615111183488 1.7858471870422363 1.005086898803711
134 1.2402245998382568 7.93947742418447 3.4775259494781494 4.358758926391602 0.5028219819068909 3.1678219459362147 1.794512391090393 1.0127067565917969
135 1.2363874912261963 7.949166133588881 3.473463773727417 4.355208396911621 0.49253523349761963 3.1753401506029038 1.7936697006225586 1.0000873804092407
136 1.2351880073547363 8.041550307599804 3.4699296951293945 4.35781192779541 0.4799635112285614 3.2013679210964585 1.7967238426208496 0.9950082898139954
137 1.2450859546661377 8.0263043124784 3.463534355163574 4.361608028411865 0.49315711855888367 3.185194102128847 1.7349324226379395 1.0035223960876465
138 1.2445019483566284 8.027983287800282 3.4608306884765625 4.3611273765563965 0.4915035367012024 3.1576194614863784 1.729446530342102 1.0043456554412842
139 1.2599977254867554 8.202121602292644 3.4636237621307373 4.371803283691406 0.5125044584274292 3.314486421878048 1.7781795263290405 1.0276803970336914
140 1.266140341758728 8.186943645641653 3.468872547149658 4.377675533294678 0.5242548584938049 3.304482651220175 1.7707793712615967 1.039791464805603
141 1.2659533023834229 8.18711981261314 3.4690065383911133 4.377501964569092 0.5241606831550598 3.2614048990983138 1.7625640630722046 1.0396032333374023
142 1.2656644582748413 8.193467712539526 3.470614194869995 4.397278308868408 0.5265058875083923 3.265707321533106 1.774122953414917 1.1140038967132568
143 1.2684463262557983 8.192903128482895 3.4781720638275146 4.396983623504639 0.5328527092933655 3.2652930744173463 1.7847658395767212 1.113283634185791
144 1.2680118083953857 8.010054378002499 3.4783899784088135 4.397257328033447 0.532115638256073 3.1646370329779416 1.7644782066345215 1.1139353513717651
145 1.267970085144043 8.032296765273465 3.4783451557159424 4.397183895111084 0.5321238040924072 3.1112775075292305 1.7532252073287964 1.1139159202575684
146 1.259163737297058 8.21646791088325 3.469271421432495 4.3967461585998535 0.5093531012535095 3.287384982922405 1.7593265771865845 1.0939228534698486
147 1.255637526512146 8.210366425056968 3.4651081562042236 4.394711017608643 0.5039782524108887 3.341674470208632 1.7695075273513794 1.0898783206939697
148 1.2537111043930054 8.202717233755902 3.4726145267486572 4.390594482421875 0.5111347436904907 3.2875485622800684 1.7686184644699097 1.0985711812973022
149 1.2640920877456665 8.22080294155416 3.4690380096435547 4.410729885101318 0.512076199054718 3.300580238307365 1.772891879081726 1.1172683238983154
150 1.2642807960510254 8.106340227303528 3.469118595123291 4.409698486328125 0.5130159258842468 3.324918695398911 1.7769286632537842 1.117400884628296
151 1.2640390396118164 8.127847231814382 3.469574213027954 4.409897327423096 0.5131825804710388 3.270684125524818 1.7644392251968384 1.1173202991485596
152 1.260097861289978 8.101465708744813 3.4686989784240723 4.408524036407471 0.5054340958595276 3.2570485344949596 1.7700320482254028 1.1120129823684692
153 1.2601274251937866 8.06163950245773 3.473325252532959 4.408032417297363 0.5076226592063904 3.258934026303142 1.7762255668640137 1.1122756004333496
154 1.2594679594039917 8.021743545453294 3.4708049297332764 4.401190757751465 0.5086466073989868 3.231330511154113 1.7646031379699707 1.108826756477356
155 1.2594707012176514 8.017671395773066 3.4660563468933105 4.401190280914307 0.5086517333984375 3.249888393874721 1.765520691871643 1.108824372291565
156 1.2607476711273193 8.094411189730888 3.4704880714416504 4.401427268981934 0.5113824605941772 3.3222570978263404 1.7879137992858887 1.108886957168579
157 1.259422779083252 8.10315168167358 3.466212034225464 4.40326452255249 0.5059013962745667 3.320496180661454 1.7746052742004395 1.116522192955017
158 1.269466757774353 8.085155268895823 3.465012788772583 4.419571876525879 0.5091596245765686 3.3092729645961 1.7763564586639404 1.1330469846725464
159 1.2687420845031738 8.084606411730517 3.461789608001709 4.419769763946533 0.5075739622116089 3.308867283959166 1.7720856666564941 1.13333261013031
160 1.2702947854995728 8.059854708520849 3.4620492458343506 4.419031620025635 0.510729193687439 3.2872567505040275 1.7683809995651245 1.1355071067810059
161 1.2682298421859741 8.051350465113435 3.461214065551758 4.41898250579834 0.5076979994773865 3.309146023871388 1.7456028461456299 1.1308459043502808
162 1.26486074924469 8.072089292659072 3.4631354808807373 4.427007675170898 0.49669262766838074 3.3227751530025307 1.755042314529419 1.135753870010376
163 1.265236258506775 8.068476546640223 3.4607367515563965 4.426253795623779 0.49900954961776733 3.3170823415470703 1.765989065170288 1.135414958000183
164 1.2652976512908936 8.074547765298329 3.4605658054351807 4.426229476928711 0.4988798499107361 3.295512892068662 1.7609542608261108 1.1355080604553223
165 1.2649857997894287 8.075180939655835 3.4598491191864014 4.426104545593262 0.49829381704330444 3.2961664474565153 1.7621403932571411 1.13473379611969
166 1.269986867904663 8.05180103639168 3.4663376808166504 4.426130771636963 0.5156553387641907 3.2783874532171695 1.760157585144043 1.1486436128616333
167 1.2699573040008545 8.051659448292952 3.4661481380462646 4.4260029792785645 0.5153958201408386 3.2772535477979265 1.760582447052002 1.147937536239624
168 1.2699573040008545 8.049550627327616 3.46940279006958 4.352931499481201 0.5153958201408386 3.274136209927507 1.7493877410888672 1.043144941329956
169 1.2701910734176636 8.05196928804254 3.469557046890259 4.352490425109863 0.5158465504646301 3.2805856294512776 1.7655845880508423 1.0424156188964844
170 1.276892900466919 7.9233768239932365 3.4813663959503174 4.352964878082275 0.5347413420677185 3.161825913505797 1.7640705108642578 1.058237075805664
171 1.265576958656311 7.924715505902947 3.478025197982788 4.346986293792725 0.5154951214790344 3.0723056693896607 1.7337889671325684 1.0346907377243042
172 1.265576958656311 7.92753609189756 3.4780352115631104 4.346986293792725 0.5154951214790344 3.0654447151023962 1.7323418855667114 1.0346907377243042
173 1.265944004058838 7.928565859758816 3.476740598678589 4.346865177154541 0.5173394083976746 3.0673337887635865 1.7275341749191284 1.03460693359375
174 1.2661879062652588 7.903047153143768 3.4765830039978027 4.346844673156738 0.517993688583374 3.120663730207022 1.7233777046203613 1.0352468490600586
175 1.2654086351394653 7.882707243805818 3.4751713275909424 4.346947193145752 0.5166638493537903 3.1793401426092083 1.7339774370193481 1.0347003936767578
176 1.2650960683822632 7.940682277994542 3.4752047061920166 4.346260070800781 0.5167973041534424 3.1300016613480435 1.7224160432815552 1.0331538915634155
177 1.2651371955871582 7.93865062695379 3.475633382797241 4.345242023468018 0.5173009037971497 3.127824871676695 1.722487449645996 1.0323594808578491
178 1.270198941230774 7.956005568620706 3.4921023845672607 4.345431327819824 0.5360120534896851 3.0565172635177 1.7200794219970703 1.0490449666976929
179 1.2811096906661987 7.915413834513569 3.5008935928344727 4.3583269119262695 0.5496841073036194 3.0819132863780756 1.7372819185256958 1.0748820304870605
180 1.2847682237625122 7.937180179472085 3.50602126121521 4.359716415405273 0.5576012134552002 3.0102453383033616 1.7502092123031616 1.0817683935165405
181 1.28477144241333 7.788200798185144 3.5070266723632813 4.35926628112793 0.5590510964393616 2.781649029270541 1.7076624631881714 1.0846898555755615
182 1.2822329998016357 7.82016911759035 3.498461961746216 4.35496187210083 0.5562736988067627 2.7630501231529827 1.6793639659881592 1.0704723596572876
183 1.2800230979919434 7.820104248266953 3.4980595111846924 4.35316276550293 0.5529453754425049 2.7635475015912285 1.6777970790863037 1.0653783082962036
184 1.283633828163147 7.826601375545151 3.50437593460083 4.35176420211792 0.5603284239768982 2.772198673074469 1.6961151361465454 1.063405156135559
185 1.292387843132019 7.888604787492986 3.504232168197632 4.3598198890686035 0.5750018954277039 2.8195691409237202 1.7084311246871948 1.090042233467102
186 1.2950652837753296 7.8813523651106205 3.4969358444213867 4.36864709854126 0.5717745423316956 2.8653437396215122 1.6909112930297852 1.1072683334350586
187 1.2950139045715332 7.876785669540859 3.496396541595459 4.369038105010986 0.5711193680763245 2.849799512233532 1.6869750022888184 1.1076555252075195
188 1.2837837934494019 7.8811259904038495 3.492232084274292 4.366743087768555 0.5511792302131653 2.8556492026477995 1.6850109100341797 1.0884753465652466
189 1.2906360626220703 7.907229358239805 3.4889421463012695 4.358201026916504 0.5553587675094604 2.877851172405691 1.6749805212020874 1.0026439428329468
190 1.288906455039978 7.913157891897862 3.487851142883301 4.358407974243164 0.5503783822059631 2.8683439716741486 1.671730875968933 0.997131884098053
191 1.2904285192489624 7.921580566467559 3.491339921951294 4.3653388023376465 0.5483871698379517 2.910974538376178 1.6851871013641357 1.0087000131607056
192 1.294567346572876 7.908327687769812 3.502450704574585 4.3655924797058105 0.5681461095809937 2.9157992418305283 1.704235553741455 1.0186036825180054
193 1.2916346788406372 7.864344310749397 3.4894979000091553 4.363848686218262 0.5585677027702332 2.9780495302389696 1.6770317554473877 1.0197467803955078
194 1.291121006011963 7.873150307258379 3.492260694503784 4.363768100738525 0.5609467029571533 2.9725697721833226 1.6794805526733398 1.017928957939148
195 1.2853446006774902 7.867799778155657 3.490647792816162 4.353163242340088 0.5575188398361206 2.9877683775538877 1.67539381980896 1.002322793006897
196 1.2913520336151123 7.843288005337346 3.489884376525879 4.351054668426514 0.5735991597175598 3.020680494659081 1.668330192565918 1.002807378768921
197 1.2897475957870483 7.8333487160819715 3.498260498046875 4.353944301605225 0.5705977082252502 3.0402376567187863 1.706491470336914 0.9978403449058533
198 1.2893567085266113 7.842796051610573 3.4984941482543945 4.354213714599609 0.5692068934440613 2.961447104630906 1.690966248512268 0.9982861876487732
199 1.2893567085266113 7.843248256810616 3.4955086708068848 4.354213714599609 0.5692068934440613 2.9603796243072824 1.6806085109710693 0.9982861876487732
200 1.2893359661102295 7.842840813315664 3.495253086090088 4.353762149810791 0.5694104433059692 2.9599939943855156 1.679047703742981 0.997138500213623
201 1.287994623184204 7.841173231145435 3.493171215057373 4.354372501373291 0.5642405152320862 2.873155603476869 1.6583245992660522 0.9870367050170898
202 1.2879786491394043 7.83236031719313 3.4931681156158447 4.354362487792969 0.5642202496528625 2.8890087378164595 1.6614990234375 0.9870315194129944
203 1.288416862487793 7.845500772885414 3.4754207134246826 4.358000755310059 0.5628474354743958 2.872077925418895 1.6321699619293213 0.9894753098487854
204 1.2859734296798706 7.862863200498556 3.474428653717041 4.358094692230225 0.5543950796127319 2.883863801742086 1.6319873332977295 0.9752024412155151
205 1.285719394683838 7.862972370320072 3.479382038116455 4.358419418334961 0.5539695024490356 2.8841900571053793 1.6339439153671265 0.975782573223114
206 1.2854194641113281 7.836468030006226 3.4738378524780273 4.38498067855835 0.5462608337402344 2.953593329504328 1.6439106464385986 1.0695213079452515
207 1.2877370119094849 7.842147990877265 3.4771223068237305 4.386206150054932 0.54997318983078 2.9569592956417754 1.6471740007400513 1.0734548568725586
208 1.2859776020050049 7.88290714996119 3.476191759109497 4.379755020141602 0.5555112361907959 2.894489964573154 1.6375997066497803 1.0899107456207275
209 1.2911425828933716 7.894232498340969 3.485377550125122 4.378570556640625 0.566500186920166 2.8251698423576306 1.6418911218643188 1.0881577730178833
210 1.2927271127700806 7.9142900460115735 3.4864277839660645 4.378235816955566 0.5703886151313782 2.78747238975887 1.6385612487792969 1.0884250402450562
211 1.2983938455581665 7.904761959787183 3.4952940940856934 4.384829998016357 0.5784103870391846 2.801910798854325 1.6619817018508911 1.0992224216461182
212 1.295034646987915 7.920940762011228 3.487077236175537 4.38469123840332 0.5703181028366089 2.7689276127011127 1.643179178237915 1.0967243909835815
213 1.297433853149414 7.924468526978352 3.4889163970947266 4.384884357452393 0.5754207968711853 2.7887032286883837 1.6312624216079712 1.0972113609313965
214 1.297433853149414 7.924468526978352 3.4889557361602783 4.384884357452393 0.5754207968711853 2.7887032286883837 1.63138747215271 1.0972113609313965
215 1.296452522277832 7.947153107795827 3.486999750137329 4.382206439971924 0.5725544095039368 2.759946368216109 1.6201722621917725 1.090105652809143
216 1.309017539024353 7.969140302226075 3.4931323528289795 4.367453575134277 0.6100853681564331 2.775043836197529 1.6379139423370361 1.114351511001587
217 1.3085713386535645 7.969879101641694 3.4905014038085938 4.367396831512451 0.6088802814483643 2.7862678760172144 1.622788667678833 1.1135780811309814
218 1.3009063005447388 7.898751736551231 3.486811637878418 4.354188442230225 0.6032059788703918 2.8202178441155406 1.6267657279968262 1.1101032495498657
219 1.301256537437439 7.872519511908842 3.493745803833008 4.352443218231201 0.6089233160018921 2.8032243848135314 1.6313626766204834 1.118485927581787
220 1.298935055732727 7.920357553922455 3.4906766414642334 4.355224609375 0.6022710204124451 2.7547922453303477 1.6169439554214478 1.119261384010315
221 1.2958528995513916 7.881508411239533 3.4950125217437744 4.35127592086792 0.5974797606468201 2.980935583934346 1.6658095121383667 1.0977760553359985
222 1.2845876216888428 7.878735059060015 3.4665138721466064 4.347931861877441 0.5759745836257935 2.94818792438853 1.6229193210601807 1.0921838283538818
223 1.2839860916137695 7.895382118522627 3.46942400932312 4.346744537353516 0.5793145298957825 2.9315031076884037 1.6232588291168213 1.0868438482284546
224 1.2759718894958496 7.86119231555744 3.463700532913208 4.339882850646973 0.5688815712928772 2.9083065493227926 1.6273915767669678 1.0724376440048218
225 1.27531099319458 7.872989777951821 3.457411050796509 4.339726448059082 0.5674505233764648 2.8887568656023377 1.5947811603546143 1.0719935894012451
226 1.2783732414245605 7.876634827021378 3.4596917629241943 4.344943523406982 0.5639312267303467 2.9550968456870375 1.6256639957427979 1.0714125633239746
227 1.2786186933517456 7.877695158858491 3.4582760334014893 4.349827766418457 0.5589838624000549 2.9600719178604806 1.6161401271820068 1.0657552480697632
228 1.2786186933517456 7.877695158858491 3.4582693576812744 4.349637508392334 0.5589838624000549 2.9600719178604806 1.6159638166427612 1.0646699666976929
229 1.2797377109527588 7.904078152236272 3.4547712802886963 4.355920791625977 0.5570652484893799 2.964358996311912 1.611275315284729 1.0647945404052734
230 1.2770164012908936 7.91290003393973 3.4486396312713623 4.355108737945557 0.5515868067741394 2.970713288647473 1.6002299785614014 1.0650713443756104
231 1.280044674873352 7.923185669651453 3.4552416801452637 4.350763320922852 0.5522221326828003 2.9701651429428764 1.610926628112793 1.0529749393463135
232 1.2798031568527222 7.929263054971949 3.4490318298339844 4.352827548980713 0.5451189875602722 3.0247555197129725 1.5975937843322754 1.0576918125152588
233 1.2799969911575317 7.962227131501252 3.4506094455718994 4.350955009460449 0.5482010245323181 3.048034651266021 1.605664610862732 1.0621851682662964
234 1.279916763305664 7.976163565723391 3.449265718460083 4.3508124351501465 0.5480483770370483 3.036063129414876 1.597334861755371 1.062003493309021
235 1.2802793979644775 7.9383395459666515 3.44976806640625 4.348955154418945 0.5491741299629211 3.094371914034057 1.6110740900039673 1.0564284324645996
236 1.2802793979644775 7.997378152316516 3.450195550918579 4.347966194152832 0.5491741299629211 3.143986191616224 1.6255533695220947 1.0523490905761719
237 1.2854268550872803 8.005473369251952 3.4544639587402344 4.354062080383301 0.5563985109329224 3.0982603443247387 1.6243581771850586 1.0646876096725464
238 1.2847068309783936 7.990762934672813 3.4510490894317627 4.354463577270508 0.5548515915870667 3.129510254915958 1.6271129846572876 1.0654182434082031
239 1.2847445011138916 8.016187512942789 3.4509737491607666 4.354208469390869 0.555432140827179 3.0734782935677165 1.6213561296463013 1.0663563013076782
240 1.2853736877441406 8.005661388573651 3.4516568183898926 4.354015827178955 0.5575190782546997 3.1306006733514447 1.6156227588653564 1.0708242654800415
241 1.2854046821594238 8.020078421501797 3.451688766479492 4.352776050567627 0.5576032996177673 3.099371254967027 1.6081308126449585 1.068666934967041
242 1.2854046821594238 8.019120819269405 3.451688766479492 4.352776050567627 0.5576032996177673 3.092865105911992 1.621221661567688 1.068666934967041
243 1.2853076457977295 8.035956152437173 3.4528753757476807 4.423652648925781 0.5583912134170532 3.0816022368472558 1.6341383457183838 1.1673474311828613
244 1.285674810409546 7.9777435034224 3.451157808303833 4.404864311218262 0.560693621635437 3.124548288762726 1.6341848373413086 1.090589165687561
245 1.2733701467514038 7.975730190180217 3.4503822326660156 4.393667221069336 0.5446370840072632 3.1558283760080093 1.6323169469833374 1.074299931526184
246 1.2733701467514038 7.988236534477334 3.4503822326660156 4.393667221069336 0.5446370840072632 3.122601271059258 1.6246753931045532 1.074299931526184
247 1.2774525880813599 7.952559739954006 3.4528682231903076 4.3843092918396 0.5690603256225586 3.1067817150144097 1.6215211153030396 1.0804498195648193
248 1.2769010066986084 7.996756697734477 3.452232837677002 4.380416393280029 0.5704033970832825 3.1451042085349816 1.6464027166366577 1.078691840171814
249 1.280325174331665 8.003107201362642 3.453627824783325 4.3809051513671875 0.578851044178009 3.117443583872017 1.609739065170288 1.0841243267059326
250 1.281101107597351 8.041449758708104 3.4521279335021973 4.380012512207031 0.5794981122016907 3.0925375056810527 1.609615445137024 1.0831623077392578
251 1.2806886434555054 8.049398646173094 3.4514312744140625 4.379302501678467 0.5785027146339417 3.068686012694404 1.6044325828552246 1.070405125617981
252 1.2812492847442627 8.018765325913941 3.450993537902832 4.379636287689209 0.5795695781707764 3.15341527637623 1.6387335062026978 1.0743316411972046
253 1.2818456888198853 8.017554559589655 3.453089714050293 4.380563735961914 0.5812916159629822 3.1513381764245985 1.6326301097869873 1.0769762992858887
254 1.284194827079773 8.02284618588475 3.4551098346710205 4.381918430328369 0.5851750373840332 3.1206103566047645 1.6327110528945923 1.0855791568756104
255 1.282996654510498 8.04848444333343 3.4510507583618164 4.381061553955078 0.5833839178085327 3.0431402880874785 1.5995579957962036 1.0855101346969604
256 1.2790672779083252 8.056469901919623 3.445711135864258 4.376148700714111 0.5766860246658325 3.057084095964994 1.5960019826889038 1.0745958089828491
257 1.2818070650100708 8.05639215301806 3.4461236000061035 4.3783674240112305 0.5808721780776978 3.05633497109887 1.5977177619934082 1.0795923471450806
258 1.2819859981536865 8.017555226363037 3.4460575580596924 4.377813339233398 0.5811570286750793 3.0386596277117164 1.574663519859314 1.0791993141174316
259 1.2877178192138672 8.017818587852037 3.449493646621704 4.382080078125 0.5841751098632813 3.04127148351392 1.5708224773406982 1.0853869915008545
260 1.2844293117523193 8.020333704918725 3.4463083744049072 4.384912014007568 0.5784868001937866 3.042951272591572 1.5663460493087769 1.0896415710449219
261 1.285124659538269 8.016900449705618 3.448819160461426 4.385645866394043 0.5811085104942322 3.040057737863459 1.5652523040771484 1.0913175344467163
262 1.2787450551986694 8.021035590379638 3.452744245529175 4.407442092895508 0.5757697820663452 3.0462372010132834 1.609609842300415 1.1273903846740723
263 1.2787450551986694 8.007047913617185 3.452744245529175 4.407442092895508 0.5757697820663452 3.091321938999684 1.6195710897445679 1.1273903846740723
264 1.2824472188949585 7.993528089740396 3.4530317783355713 4.415318489074707 0.5767384171485901 3.104075262510787 1.6231269836425781 1.1334670782089233
265 1.282397747039795 7.987414044182362 3.4530277252197266 4.415307521820068 0.5766778588294983 3.122709468370381 1.618516206741333 1.1333727836608887
266 1.2824299335479736 7.988985870583099 3.451141834259033 4.415825366973877 0.5777170658111572 3.10969240660874 1.603798270225525 1.1340644359588623
267 1.2869387865066528 7.9756434000598295 3.462848663330078 4.423768043518066 0.5905164480209351 3.074255272909859 1.6166911125183105 1.1798089742660522
268 1.2794156074523926 8.054593266448183 3.4579789638519287 4.438538551330566 0.5521963238716125 3.2143398995357155 1.6320563554763794 1.1393389701843262
269 1.2817341089248657 8.089325696448832 3.4589662551879883 4.440529823303223 0.5556145310401917 3.1201033005608885 1.6050044298171997 1.1444467306137085
270 1.2746086120605469 8.090839577634725 3.4592931270599365 4.440498352050781 0.5493683218955994 3.1018120739849593 1.5977473258972168 1.1312732696533203
271 1.2745126485824585 7.96149379751935 3.457665205001831 4.443572044372559 0.5496867299079895 3.0273027031061797 1.5765935182571411 1.138149380683899
272 1.2745059728622437 7.963058967382478 3.4576642513275146 4.4435811042785645 0.5496805310249329 3.0199888843664744 1.5749719142913818 1.1381548643112183
273 1.2716875076293945 7.994170792675139 3.451785087585449 4.442850112915039 0.5438876152038574 2.9749302652487577 1.5578639507293701 1.1295238733291626
274 1.2909623384475708 7.972132056664667 3.4561071395874023 4.452756404876709 0.5747643113136292 2.959497779368216 1.5701162815093994 1.1643892526626587
275 1.2902644872665405 7.951415331805326 3.4597489833831787 4.444601058959961 0.5824481844902039 2.8544632260217453 1.5540534257888794 1.1708261966705322
276 1.2903386354446411 7.929353557196417 3.463494300842285 4.4447126388549805 0.5820828676223755 2.9063078389410135 1.5683355331420898 1.1704015731811523
277 1.2903962135314941 7.914362814166886 3.4635255336761475 4.444706916809082 0.5820737481117249 2.9331046033673176 1.5740928649902344 1.1703779697418213
278 1.289291262626648 7.9518770847835825 3.458890438079834 4.4492902755737305 0.5711484551429749 2.985411693057855 1.5806483030319214 1.1662395000457764
279 1.288748025894165 7.982275064404399 3.459299325942993 4.449183464050293 0.5715663433074951 2.9249101823784165 1.5680668354034424 1.1657118797302246
280 1.289534568786621 7.957784279318216 3.463249444961548 4.450348854064941 0.5726482272148132 2.9783297197604752 1.5831928253173828 1.1666913032531738
281 1.2912453413009644 7.925192010391293 3.459078311920166 4.451675891876221 0.5769689679145813 3.0284180869479855 1.5857994556427002 1.1668939590454102
282 1.2821906805038452 7.930518601085636 3.4588541984558105 4.439612865447998 0.5673653483390808 3.0325428122955116 1.585911750793457 1.1510285139083862
283 1.2832294702529907 7.987304850195716 3.457568407058716 4.441455364227295 0.56614089012146 3.066935636898682 1.5943987369537354 1.1356966495513916
284 1.2839363813400269 8.011425404620852 3.4584860801696777 4.4393110275268555 0.5688493847846985 3.0023949834634633 1.5813937187194824 1.134518027305603
285 1.2815994024276733 8.023395046096711 3.4642229080200195 4.435928821563721 0.5656508803367615 2.9570172610393355 1.6172071695327759 1.1282389163970947
286 1.2829856872558594 8.03516367341842 3.461170196533203 4.437979221343994 0.5593410134315491 2.9677474277237517 1.6192232370376587 1.1262016296386719
287 1.2829856872558594 8.006247301245084 3.461231231689453 4.437979221343994 0.5593410134315491 3.0631522892307372 1.6397525072097778 1.1262016296386719
288 1.282768726348877 8.022869252379971 3.4599788188934326 4.437869548797607 0.5592426061630249 3.0342021107641526 1.641290545463562 1.1258882284164429
289 1.2820425033569336 8.031552571453547 3.465038776397705 4.4363532066345215 0.5605279207229614 3.0548947745818085 1.6559455394744873 1.1250308752059937
290 1.2820425033569336 8.032942513544741 3.465038776397705 4.4363532066345215 0.5605279207229614 3.047599504352747 1.6543891429901123 1.1250308752059937
291 1.2813494205474854 8.031163594340066 3.464707851409912 4.436407566070557 0.5590857267379761 3.0648854611505345 1.6568982601165771 1.1250889301300049
292 1.281577467918396 8.088556219312512 3.465378999710083 4.436404705047607 0.5596039295196533 3.10439017853984 1.6747511625289917 1.1250685453414917
293 1.2816952466964722 8.092515857411028 3.465205669403076 4.436586380004883 0.559565007686615 3.093423370248832 1.6890429258346558 1.1252620220184326
294 1.2818808555603027 8.095813052554469 3.4647789001464844 4.438158988952637 0.558295488357544 3.0960716745607417 1.690281867980957 1.126952052116394
295 1.2815196514129639 8.099563536454578 3.46398663520813 4.437857151031494 0.557115375995636 3.080039949121727 1.685157060623169 1.12729012966156
296 1.2818368673324585 8.138959153599503 3.4642982482910156 4.438665866851807 0.5574234127998352 3.082428933423803 1.6860209703445435 1.1293113231658936
297 1.2842190265655518 8.16363579018145 3.466972589492798 4.438565731048584 0.562655508518219 3.114116907075105 1.6961781978607178 1.1316323280334473
298 1.2902231216430664 8.156247555137794 3.466001510620117 4.445815563201904 0.5670231580734253 3.108648708232732 1.69452702999115 1.1466277837753296
299 1.3015772104263306 8.126715399947335 3.4791462421417236 4.455437660217285 0.5847197771072388 3.075808032368449 1.6915783882141113 1.169953465461731
300 1.3020739555358887 8.124140796135398 3.4832465648651123 4.454409122467041 0.5864899158477783 3.0673749935996586 1.6609858274459839 1.168910026550293
301 1.306868553161621 8.110346574856907 3.4826607704162598 4.4583048820495605 0.5897214412689209 3.075108881170201 1.6552048921585083 1.1683661937713623
302 1.306868553161621 8.118062349622313 3.481174945831299 4.4583048820495605 0.5897214412689209 3.08549893562477 1.6506928205490112 1.1683661937713623
303 1.3077197074890137 8.103161421224977 3.4845733642578125 4.4577860832214355 0.5914627313613892 3.129332950301577 1.6653860807418823 1.1665621995925903
304 1.3078125715255737 8.119095599458227 3.4842731952667236 4.4552388191223145 0.5922512412071228 3.0855837640385677 1.6541765928268433 1.161843180656433
305 1.3049702644348145 8.149932877557786 3.485809087753296 4.455657482147217 0.5847888588905334 3.0810783495879432 1.6567946672439575 1.1549530029296875
306 1.302547574043274 8.14209290714056 3.4817419052124023 4.433737754821777 0.5810359716415405 3.101460498511327 1.6445616483688354 1.0753391981124878
307 1.3025410175323486 8.106454453203465 3.481271982192993 4.4331231117248535 0.5817611217498779 3.076102464828972 1.6380181312561035 1.074770212173462
308 1.3028615713119507 8.125866596873204 3.475165843963623 4.427585601806641 0.5839788913726807 3.046964824751997 1.6397862434387207 1.071090817451477
309 1.3001515865325928 8.113256642523735 3.474976062774658 4.428184986114502 0.5793390870094299 3.117659102903029 1.6518831253051758 1.068419098854065
310 1.2979471683502197 7.797196475503217 3.475432872772217 4.441140651702881 0.5645099878311157 2.825882595215855 1.6070899963378906 1.0671650171279907
311 1.2955636978149414 7.802709928467817 3.4737532138824463 4.438833236694336 0.5598005652427673 2.8411274021885817 1.6107741594314575 1.0612603425979614
312 1.292188286781311 7.83451911795199 3.4703781604766846 4.436903953552246 0.553934633731842 2.7801209087310075 1.598732590675354 1.054207682609558
313 1.2932409048080444 7.81770061196615 3.4716384410858154 4.436615467071533 0.556768536567688 2.7984409474327063 1.6024655103683472 1.0556906461715698
314 1.2928582429885864 7.82458913539033 3.4715936183929443 4.43758487701416 0.5564089417457581 2.7720869393728127 1.580349087715149 1.056673526763916
315 1.2927310466766357 7.828613445889422 3.466722249984741 4.437637805938721 0.5560088753700256 2.77671496788882 1.5737937688827515 1.0566000938415527
316 1.292746901512146 7.829714470386471 3.4665350914001465 4.437453746795654 0.5559977889060974 2.7774308003154498 1.573525309562683 1.0560665130615234
317 1.2887295484542847 7.832888675045337 3.4649887084960938 4.431057929992676 0.5546021461486816 2.7814974739744716 1.574037790298462 1.054513692855835
318 1.2854505777359009 7.843599338882185 3.4782590866088867 4.415925025939941 0.5648955702781677 2.792480247985299 1.5800634622573853 1.0556535720825195
319 1.282966136932373 7.84304267825916 3.4719173908233643 4.415791034698486 0.5599198937416077 2.791525381670113 1.568798542022705 1.0558810234069824
320 1.2763515710830688 7.843612479025951 3.4507510662078857 4.4151787757873535 0.5453286170959473 2.7932602174950207 1.5311015844345093 1.0546982288360596
321 1.276129961013794 7.843547823294813 3.4498438835144043 4.4153828620910645 0.544954776763916 2.793335138587376 1.5303325653076172 1.0549232959747314
322 1.2739460468292236 7.8400074859422215 3.4519119262695313 4.415673732757568 0.5404302477836609 2.7925643012550614 1.5265899896621704 1.0565552711486816
323 1.2733657360076904 7.8899741529368494 3.450625419616699 4.415891647338867 0.5359846949577332 2.7275039630252196 1.5333300828933716 1.0528829097747803
324 1.2752084732055664 7.829477590585882 3.4514503479003906 4.417477607727051 0.5402371287345886 2.6672608499438915 1.524408221244812 1.0556020736694336
325 1.2783055305480957 7.833414622891813 3.4581711292266846 4.419144630432129 0.5439712405204773 2.6833044178291443 1.5413589477539063 1.0580992698669434
326 1.2761257886886597 7.869182038361576 3.461961269378662 4.416828155517578 0.5404807329177856 2.7685582603235095 1.5643839836120605 1.069056510925293
327 1.2746838331222534 7.841990760736646 3.4651777744293213 4.414463520050049 0.5408633947372437 2.824873777524371 1.582709550857544 1.0672740936279297
328 1.2746838331222534 7.8392639385515315 3.4641332626342773 4.414463520050049 0.5408633947372437 2.811410106712347 1.578940749168396 1.0672740936279297
329 1.2753260135650635 7.887383043716569 3.4660260677337646 4.412799835205078 0.5423160791397095 2.7329864603209657 1.563528299331665 1.0625429153442383
330 1.2758203744888306 7.880154578792596 3.46606707572937 4.413994789123535 0.5437170267105103 2.7280225242348726 1.5458896160125732 1.0647799968719482
331 1.2785053253173828 7.869256184270196 3.4671084880828857 4.414149761199951 0.5469427108764648 2.64823463536451 1.5512831211090088 1.0760345458984375
332 1.2828779220581055 7.86682005827505 3.4717397689819336 4.4189581871032715 0.5559449195861816 2.5552116760981702 1.5433032512664795 1.1024194955825806
333 1.280073881149292 7.869714999137088 3.4654948711395264 4.423275947570801 0.5492033958435059 2.5541608511596112 1.5418566465377808 1.1086455583572388
334 1.2840725183486938 7.9054607552931335 3.465190887451172 4.429800987243652 0.5506091713905334 2.571390068256722 1.5468863248825073 1.1014455556869507
335 1.2904698848724365 7.955524622006822 3.4756343364715576 4.428958415985107 0.5706952810287476 2.6166335308070248 1.5715148448944092 1.1082490682601929
336 1.2904698848724365 7.886726341646899 3.47562575340271 4.428958415985107 0.5706952810287476 2.9567511535762403 1.6426525115966797 1.1082490682601929
337 1.290990948677063 7.8785760079875375 3.4752697944641113 4.430442810058594 0.5708062648773193 2.97147030051954 1.6458427906036377 1.110550045967102
338 1.2902367115020752 7.845110783867386 3.4752817153930664 4.429843902587891 0.5693696141242981 3.083870228693461 1.650508165359497 1.1092174053192139
339 1.2875938415527344 7.840066143672236 3.4724526405334473 4.432168483734131 0.5606966018676758 3.0723257350253945 1.6613919734954834 1.1143263578414917
340 1.299314260482788 7.868644426397663 3.477544069290161 4.4394121170043945 0.5803148150444031 3.045178246973811 1.6662001609802246 1.1482973098754883
341 1.2991734743118286 7.969251593890284 3.4773495197296143 4.439177989959717 0.5783616304397583 3.0039827829578485 1.655670404434204 1.1474015712738037
342 1.2992844581604004 7.9651538772800325 3.477271556854248 4.439326763153076 0.5786244869232178 2.994112022771418 1.6394665241241455 1.1475750207901
343 1.2970000505447388 8.100172299804186 3.4711830615997314 4.435901165008545 0.5729676485061646 3.1299208089647697 1.6405807733535767 1.134385585784912
344 1.3014795780181885 8.170915378711577 3.4764983654022217 4.437035083770752 0.5788834095001221 2.7993610583728508 1.5776296854019165 1.1318506002426147
345 1.3013888597488403 8.146822758348316 3.4760518074035645 4.437150955200195 0.5787230730056763 2.8230269021823537 1.5818150043487549 1.1321178674697876
346 1.3089364767074585 8.148975527577075 3.4790899753570557 4.445704460144043 0.590710461139679 2.843799876728495 1.5904444456100464 1.1515896320343018
347 1.303344488143921 8.098419240275934 3.4727566242218018 4.4373459815979 0.5839163661003113 2.808273495921066 1.5672897100448608 1.1318145990371704
348 1.294999361038208 8.031393285050463 3.440169334411621 4.431009769439697 0.576062023639679 2.8153573153044507 1.5023071765899658 1.1345281600952148
349 1.2953308820724487 8.03705332264205 3.43704891204834 4.430525302886963 0.5762604475021362 2.796517834992507 1.4976823329925537 1.1353402137756348
350 1.2953908443450928 8.066710740402709 3.437018394470215 4.430500507354736 0.5763344764709473 2.759420903301671 1.4896873235702515 1.1353775262832642
351 1.2902920246124268 7.980071244149759 3.4358530044555664 4.426620006561279 0.5689390897750854 2.7310735496664638 1.490155816078186 1.1250591278076172
352 1.2912458181381226 7.96944003608353 3.423109769821167 4.43308687210083 0.5585600137710571 2.7253183633427835 1.464630365371704 1.1100883483886719
353 1.2908397912979126 7.9839168690632665 3.4228367805480957 4.432616233825684 0.5571418404579163 2.711137108918337 1.45900297164917 1.1070497035980225
354 1.289872646331787 7.977717232960957 3.4226081371307373 4.429942607879639 0.5574318766593933 2.7048862483160354 1.457628846168518 1.1068415641784668
355 1.288282871246338 7.97734528184958 3.4273228645324707 4.429224014282227 0.5547318458557129 2.696029941431232 1.4789667129516602 1.1035934686660767
356 1.2925729751586914 8.063114340819702 3.428919792175293 4.436365127563477 0.5619120001792908 2.7589063153078333 1.5020827054977417 1.1247093677520752
357 1.2862858772277832 8.054693127074877 3.4255683422088623 4.419710159301758 0.5601925253868103 2.728259333439273 1.4914456605911255 1.105437159538269
358 1.2929630279541016 8.057360184897771 3.4235379695892334 4.420586585998535 0.568684458732605 2.729756639336458 1.48917555809021 1.1002230644226074
359 1.2834093570709229 8.013097951831408 3.4276390075683594 4.401164531707764 0.5646206140518188 2.6860542192660066 1.4861360788345337 1.0929421186447144
360 1.2847073078155518 8.016745022989396 3.4269893169403076 4.401446342468262 0.5651999115943909 2.6859450108999208 1.4804704189300537 1.082857370376587
361 1.2770973443984985 7.996937836580056 3.428116798400879 4.390130996704102 0.5515084266662598 2.6674816446975025 1.4731762409210205 1.0726498365402222
362 1.2843570709228516 7.971847478734367 3.4278833866119385 4.3950676918029785 0.5643244385719299 2.688097812969327 1.4826546907424927 1.0871080160140991
363 1.2846755981445313 7.843228632415924 3.4282500743865967 4.396440029144287 0.5637709498405457 2.574470631272264 1.4584380388259888 1.0868524312973022
364 1.293516755104065 7.825370117678048 3.42061710357666 4.403989791870117 0.5717586278915405 2.6094903567491703 1.455665946006775 1.062139630317688
365 1.2935162782669067 7.785893129034384 3.421950340270996 4.403989791870117 0.5717580318450928 2.6736980005143196 1.4915635585784912 1.0621402263641357
366 1.290200114250183 7.784913653232789 3.4225363731384277 4.402298927307129 0.5657259225845337 2.6725384076514205 1.491575002670288 1.0639071464538574
367 1.2896898984909058 7.7880961584836115 3.4218828678131104 4.399745464324951 0.5622780919075012 2.6947099125809797 1.4987095594406128 1.0640432834625244
368 1.2836631536483765 7.755446007981399 3.4201884269714355 4.4142165184021 0.5552530884742737 2.763593488977879 1.5203965902328491 1.1313269138336182
369 1.2812190055847168 7.742646555290461 3.4182820320129395 4.416118621826172 0.553982138633728 2.77247319436589 1.51858651638031 1.1362248659133911
370 1.2842559814453125 7.753730479332658 3.418118953704834 4.4166083335876465 0.5594128966331482 2.7843438560607034 1.5208678245544434 1.133355736732483
371 1.2959691286087036 7.762800189474299 3.420663595199585 4.424180507659912 0.5798622965812683 2.79389307178848 1.5290783643722534 1.1545429229736328
372 1.3011889457702637 7.754428281566323 3.424487829208374 4.424574375152588 0.5867302417755127 2.7924671909691443 1.5368943214416504 1.1611688137054443
373 1.3011889457702637 7.741090569191841 3.424614191055298 4.4246039390563965 0.5867302417755127 2.8360761755597483 1.5474598407745361 1.1619250774383545
374 1.294096827507019 7.886819596882656 3.421177625656128 4.4185004234313965 0.5764905214309692 2.9858920945933245 1.5728799104690552 1.1474888324737549
375 1.299118995666504 7.921502231581324 3.4238083362579346 4.422665596008301 0.5843668580055237 2.8207836102066715 1.543384075164795 1.1560595035552979
376 1.2991220951080322 7.942176845422187 3.423804521560669 4.422609806060791 0.5843703150749207 2.7662849351115564 1.5318843126296997 1.1556934118270874
377 1.2991220951080322 7.969867501905157 3.4248392581939697 4.422609806060791 0.5843703150749207 2.720682340618766 1.5144834518432617 1.1556934118270874
378 1.296645998954773 8.029873773374716 3.4251954555511475 4.418032169342041 0.5816863775253296 2.757856931166199 1.5230849981307983 1.151539921760559
379 1.2964274883270264 8.016745092338601 3.424260139465332 4.418572902679443 0.5788004398345947 2.74009257145975 1.5395913124084473 1.1530654430389404
380 1.296690583229065 8.00825134712566 3.4237921237945557 4.419266700744629 0.579951286315918 2.7558817644464573 1.520827054977417 1.1548231840133667
381 1.2953221797943115 8.028601753663558 3.4197592735290527 4.421178817749023 0.5738866925239563 2.7998247183987788 1.5211875438690186 1.1595849990844727
382 1.2901709079742432 8.051479385200276 3.414076805114746 4.415996074676514 0.5685998201370239 2.776720226299197 1.5160764455795288 1.150588870048523
383 1.284327507019043 8.061385906195945 3.4052774906158447 4.4218244552612305 0.5498595237731934 2.855694806342609 1.5082141160964966 1.1428234577178955
384 1.277389645576477 8.079860942320686 3.403656005859375 4.408429145812988 0.5464413166046143 2.7657627028956857 1.4891027212142944 1.140696406364441
385 1.2804980278015137 7.986019523623178 3.3981423377990723 4.413578510284424 0.550630509853363 2.7688714462372213 1.491987943649292 1.1517722606658936
386 1.281966209411621 7.983756481457149 3.3978688716888428 4.413818359375 0.5526686310768127 2.766062591247475 1.481440544128418 1.1535351276397705
387 1.278127908706665 7.992133154317126 3.400449514389038 4.408773899078369 0.548184335231781 2.8009470308513125 1.5007450580596924 1.1485222578048706
388 1.2764049768447876 7.974378083877252 3.4001245498657227 4.40749454498291 0.5447643995285034 2.8245156989783435 1.5224924087524414 1.1432313919067383
389 1.2763147354125977 7.982216641648518 3.400129795074463 4.407474040985107 0.5446340441703796 2.8127042163335956 1.519706130027771 1.1430912017822266
390 1.2965384721755981 7.969814607193091 3.404498815536499 4.422733783721924 0.5762804746627808 2.8034966810169775 1.5324132442474365 1.1915658712387085
391 1.263575553894043 7.929405748083295 3.4008548259735107 4.382852077484131 0.5367562770843506 2.848436220949727 1.546593427658081 1.134529709815979
392 1.2643193006515503 7.942669084043486 3.4010627269744873 4.386795520782471 0.5333390235900879 2.8595238303927446 1.5390228033065796 1.1343648433685303
393 1.30015230178833 7.86772438622795 3.406620979309082 4.436826229095459 0.5708640813827515 2.7051010472169317 1.5393037796020508 1.2131962776184082
394 1.28280508518219 7.8818305871517795 3.406160831451416 4.425666332244873 0.5461440682411194 2.7093783055426974 1.5130681991577148 1.1909778118133545
395 1.298718810081482 7.8920458583449475 3.404486894607544 4.38356876373291 0.5599662065505981 2.690291075327654 1.4825539588928223 1.1274751424789429
396 1.3034013509750366 7.910946342681553 3.413339138031006 4.398441314697266 0.5693231225013733 2.6740267371445388 1.5075747966766357 1.190313458442688
397 1.3065721988677979 7.889741638897309 3.41677188873291 4.382864475250244 0.6014105677604675 2.5245204304633266 1.513182520866394 1.2212018966674805
398 1.3079677820205688 8.13306306143785 3.4170074462890625 4.383845329284668 0.6034597754478455 2.783109126019739 1.5702570676803589 1.2229641675949097
399 1.2967181205749512 8.126524262335051 3.412388563156128 4.380411148071289 0.5780779719352722 2.752777941417494 1.553645133972168 1.1921186447143555
400 1.296083688735962 8.117593158386693 3.412444591522217 4.380316257476807 0.5775110721588135 2.763825475278221 1.5554096698760986 1.1921412944793701
