init 0.6222176551818848 5.500692015417447 3.4642605781555176 1.5458264350891113 0.0 0.0 0.0 0.0
1 0.6222176551818848 5.500668499633495 3.4641311168670654 1.531380534172058 0.0 0.0004518499186021566 0.13580000400543213 0.5543257594108582
2 0.6222176551818848 5.500668499633495 3.4607176780700684 1.531380534172058 0.0 0.0004518499186021566 0.21887671947479248 0.5543257594108582
3 0.6222176551818848 5.560205086441287 3.461129665374756 1.531380534172058 0.0 0.21079422654082947 0.25373587012290955 0.5543257594108582
4 0.6222176551818848 5.560205086441287 3.4629337787628174 1.5066312551498413 0.0 0.21079422654082947 0.3618028461933136 0.7317386269569397
5 0.6222176551818848 5.560205086441287 3.4629337787628174 1.5066312551498413 0.0 0.21079422654082947 0.3618028461933136 0.7317386269569397
6 0.6222176551818848 5.560205086441287 3.462989330291748 1.5066312551498413 0.0 0.21079422654082947 0.36180415749549866 0.7317386269569397
7 0.6222176551818848 5.560205086441287 3.432551860809326 1.5066312551498413 0.0 0.21079422654082947 0.5105878710746765 0.7317386269569397
8 0.6222176551818848 5.791703598722035 3.464390277862549 1.5066312551498413 0.0 0.8309925772641792 0.8275529146194458 0.7317386269569397
9 0.6222176551818848 5.791703598722035 3.4639644622802734 1.5066312551498413 0.0 0.8309925772641792 0.8235607147216797 0.7317386269569397
10 0.6222176551818848 5.878622002550519 3.458324432373047 1.5066312551498413 0.0 0.9593918282034589 0.8496708869934082 0.7317386269569397
11 0.6222176551818848 5.878622002550519 3.458324432373047 1.5066312551498413 0.0 0.9593918282034589 0.8496708869934082 0.7317386269569397
12 0.6222176551818848 5.879982888220586 3.457810878753662 1.4931279420852661 0.0 0.9636413912137786 0.8675819039344788 0.7401643395423889
13 0.6222176551818848 5.879982888220586 3.457810878753662 1.4931279420852661 0.0 0.9636413912137786 0.8675819039344788 0.7401643395423889
14 0.6222176551818848 5.882599529337455 3.4523394107818604 1.4931279420852661 0.0 0.9726296650244421 0.9090946912765503 0.7401643395423889
15 0.6222176551818848 5.882599529337455 3.4517056941986084 1.4931279420852661 0.0 0.9726296650244421 0.9458950757980347 0.7401643395423889
16 0.6222176551818848 5.882599529337455 3.4517056941986084 1.4931279420852661 0.0 0.9726296650244421 0.9458950757980347 0.7401643395423889
17 0.6222176551818848 5.882599529337455 3.4516546726226807 1.4931279420852661 0.0 0.9726296650244421 0.961729109287262 0.7401643395423889
18 0.6222176551818848 5.882599529337455 3.4517297744750977 1.488240361213684 0.0 0.9726296650244421 0.9603658318519592 0.7266824841499329
19 0.6222176551818848 5.882599529337455 3.4511868953704834 1.4802539348602295 0.0 0.9726296650244421 0.9645784497261047 0.7712113261222839
20 0.6222176551818848 5.882599529337455 3.4517061710357666 1.4802539348602295 0.0 0.9726296650244421 0.9736185669898987 0.7712113261222839
21 0.6222176551818848 5.882599529337455 3.452558755874634 1.4801154136657715 0.0 0.9726296650244421 0.9626101851463318 0.7717944979667664
22 0.6222176551818848 5.882599529337455 3.452558755874634 1.4801154136657715 0.0 0.9726296650244421 0.9626101851463318 0.7717944979667664
23 0.6222176551818848 5.882599529337455 3.452963352203369 1.429281234741211 0.0 0.9726296650244421 0.9636994004249573 0.7878229022026062
24 0.6222176551818848 5.882599529337455 3.452963352203369 1.429281234741211 0.0 0.9726296650244421 0.9636994004249573 0.7878229022026062
25 0.6222176551818848 5.882599529337455 3.4539194107055664 1.429281234741211 0.0 0.9726296650244421 0.9674811959266663 0.7878229022026062
26 0.6222176551818848 5.882599529337455 3.4522485733032227 1.4376246929168701 0.0 0.9726296650244421 0.969870388507843 0.7833743691444397
27 0.6222176551818848 5.882599529337455 3.450540781021118 1.461769938468933 0.0 0.9726296650244421 0.9535729289054871 0.7740211486816406
28 0.6222176551818848 5.944038651769565 3.4490349292755127 1.542516827583313 0.0 1.0751912853945225 0.98403000831604 0.9127175807952881
29 0.6222176551818848 5.940607953424209 3.4396822452545166 1.5566949844360352 0.0 1.0646301833157075 0.9955112338066101 0.8298852443695068
30 0.6222176551818848 5.941674773598296 3.441838026046753 1.5566949844360352 0.0 1.0672918123467803 1.0296363830566406 0.8298852443695068
31 0.6222176551818848 5.937747001189927 3.4430556297302246 1.571228265762329 0.0 1.0573986345761408 1.0030382871627808 0.8487423658370972
32 0.6222176551818848 5.937130390678253 3.442744493484497 1.571228265762329 0.0 1.05612044402413 1.0383204221725464 0.8487423658370972
33 0.6222176551818848 5.937130390678253 3.4449665546417236 1.5739569664001465 0.0 1.05612044402413 1.0548465251922607 0.8563809394836426
34 0.6222176551818848 5.937130390678253 3.446942090988159 1.5739569664001465 0.0 1.05612044402413 1.029305100440979 0.8563809394836426
35 0.6222176551818848 5.937130390678253 3.446945905685425 1.5739569664001465 0.0 1.05612044402413 1.0360324382781982 0.8563809394836426
36 0.6222176551818848 5.937130390678253 3.446945905685425 1.5739569664001465 0.0 1.05612044402413 1.0360324382781982 0.8563809394836426
37 0.6222176551818848 5.937130390678253 3.446951389312744 1.5744740962982178 0.0 1.05612044402413 1.0360326766967773 0.8563188314437866
38 0.6222176551818848 5.937130390678253 3.440049886703491 1.5744740962982178 0.0 1.05612044402413 1.0389939546585083 0.8563188314437866
39 0.6222176551818848 5.937130390678253 3.440049886703491 1.5744740962982178 0.0 1.05612044402413 1.0389939546585083 0.8563188314437866
40 0.6222176551818848 5.983662168017826 3.4394640922546387 1.5744740962982178 0.0 1.1505836486943746 1.0406700372695923 0.8563188314437866
41 0.6222176551818848 5.983662168017826 3.4394640922546387 1.5744740962982178 0.0 1.1505836486943746 1.0406700372695923 0.8563188314437866
42 0.6222176551818848 5.983662168017826 3.4394640922546387 1.5744740962982178 0.0 1.1505836486943746 1.0406700372695923 0.8563188314437866
43 0.6222176551818848 5.983662168017826 3.4395053386688232 1.5744740962982178 0.0 1.1505836486943746 1.0543816089630127 0.8563188314437866
44 0.6222176551818848 5.983662168017826 3.43959641456604 1.5744740962982178 0.0 1.1505836486943746 1.055314064025879 0.8563188314437866
45 0.6222176551818848 5.983662168017826 3.439535617828369 1.5744740962982178 0.0 1.1505836486943746 1.0557512044906616 0.8563188314437866
46 0.6222176551818848 5.983662168017826 3.439807891845703 1.5747863054275513 0.0 1.1505836486943746 1.0526169538497925 0.825642466545105
47 0.6222176551818848 5.983662168017826 3.439807891845703 1.5747863054275513 0.0 1.1505836486943746 1.0526169538497925 0.825642466545105
48 0.6222176551818848 5.983110986837992 3.439807891845703 1.5747863054275513 0.0 1.149626165748137 1.0525542497634888 0.825642466545105
49 0.6222176551818848 5.983110986837992 3.4396297931671143 1.572273850440979 0.0 1.149626165748137 1.0527178049087524 0.8263516426086426
50 0.6222176551818848 5.983110986837992 3.4395320415496826 1.572273850440979 0.0 1.149626165748137 1.0526989698410034 0.8263516426086426
51 0.6222176551818848 5.983110986837992 3.4424242973327637 1.572273850440979 0.0 1.149626165748137 1.0443154573440552 0.8263516426086426
52 0.6222176551818848 5.983110986837992 3.442314624786377 1.585525631904602 0.0 1.149626165748137 1.0464063882827759 0.8410199284553528
53 0.6222176551818848 5.983110986837992 3.4418091773986816 1.5390692949295044 0.0 1.149626165748137 1.048458456993103 0.8737900853157043
54 0.6222176551818848 5.983110986837992 3.4418091773986816 1.5390692949295044 0.0 1.149626165748137 1.048458456993103 0.8737900853157043
55 0.6222176551818848 5.983110986837992 3.4418091773986816 1.5390692949295044 0.0 1.149626165748137 1.048458456993103 0.8737900853157043
56 0.6222176551818848 5.983110986837992 3.4418091773986816 1.5390692949295044 0.0 1.149626165748137 1.048458456993103 0.8737900853157043
57 0.6222176551818848 5.983110986837992 3.4418091773986816 1.5390692949295044 0.0 1.149626165748137 1.048458456993103 0.8737900853157043
58 0.6222176551818848 5.983110986837992 3.4393136501312256 1.5390692949295044 0.0 1.149626165748137 1.0292255878448486 0.8737900853157043
59 0.6222176551818848 5.983110986837992 3.4393136501312256 1.5390692949295044 0.0 1.149626165748137 1.0292255878448486 0.8737900853157043
60 0.6222176551818848 5.983110986837992 3.4393136501312256 1.5390692949295044 0.0 1.149626165748137 1.0292255878448486 0.8737900853157043
61 0.6222176551818848 5.983110986837992 3.4393136501312256 1.5390692949295044 0.0 1.149626165748137 1.0292255878448486 0.8737900853157043
62 0.6222176551818848 5.983110986837992 3.4393136501312256 1.5390692949295044 0.0 1.149626165748137 1.0292255878448486 0.8737900853157043
63 0.6222176551818848 5.984235989093994 3.4393136501312256 1.5390692949295044 0.0 1.1515473993134386 1.063475251197815 0.8737900853157043
64 0.6222176551818848 5.984235989093994 3.4393136501312256 1.5390692949295044 0.0 1.1515473993134386 1.063475251197815 0.8737900853157043
65 0.6222176551818848 5.984235989093994 3.4395930767059326 1.5325127840042114 0.0 1.1515473993134386 1.0611921548843384 0.8361526131629944
66 0.6222176551818848 5.984235989093994 3.4395930767059326 1.5325127840042114 0.0 1.1515473993134386 1.0611921548843384 0.8361526131629944
67 0.6222176551818848 5.984235989093994 3.439612627029419 1.5159863233566284 0.0 1.1515473993134386 1.0569154024124146 0.7358236312866211
68 0.6222176551818848 5.984235989093994 3.4392030239105225 1.5159863233566284 0.0 1.1515473993134386 1.058645248413086 0.7358236312866211
69 0.6222176551818848 5.984235989093994 3.4391467571258545 1.5159863233566284 0.0 1.1515473993134386 1.0583797693252563 0.7358236312866211
70 0.6222176551818848 5.984235989093994 3.4391467571258545 1.5159863233566284 0.0 1.1515473993134386 1.0583797693252563 0.7358236312866211
71 0.6222176551818848 5.984235989093994 3.438937187194824 1.5159863233566284 0.0 1.1515473993134386 1.0583205223083496 0.7358236312866211
72 0.6222176551818848 5.984235989093994 3.4387874603271484 1.5159863233566284 0.0 1.1515473993134386 1.0584336519241333 0.7358236312866211
73 0.6222176551818848 5.984235989093994 3.4388108253479004 1.5159863233566284 0.0 1.1515473993134386 1.0588161945343018 0.7358236312866211
74 0.6222176551818848 5.984235989093994 3.4388585090637207 1.5159863233566284 0.0 1.1515473993134386 1.0527585744857788 0.7358236312866211
75 0.6222176551818848 5.984235989093994 3.4388811588287354 1.5255812406539917 0.0 1.1515473993134386 1.0563328266143799 0.814091682434082
76 0.6222176551818848 5.983492286199853 3.4330196380615234 1.5255812406539917 0.0 1.1501789786032948 1.0731531381607056 0.814091682434082
77 0.6222176551818848 5.983492286199853 3.438455581665039 1.5255812406539917 0.0 1.1501789786032948 1.0402668714523315 0.814091682434082
78 0.6222176551818848 5.983492286199853 3.4387500286102295 1.5255812406539917 0.0 1.1501789786032948 1.042528510093689 0.814091682434082
79 0.6222176551818848 5.983492286199853 3.4387502670288086 1.5246257781982422 0.0 1.1501789786032948 1.0423603057861328 0.8104909658432007
80 0.6222176551818848 5.983492286199853 3.4377589225769043 1.5246257781982422 0.0 1.1501789786032948 1.0417366027832031 0.8104909658432007
81 0.6222176551818848 5.983492286199853 3.4377589225769043 1.5246257781982422 0.0 1.1501789786032948 1.0417366027832031 0.8104909658432007
82 0.6222176551818848 5.983492286199853 3.4377589225769043 1.5246257781982422 0.0 1.1501789786032948 1.0412484407424927 0.8104909658432007
83 0.6222176551818848 5.983492286199853 3.4377589225769043 1.5246257781982422 0.0 1.1501789786032948 1.0412484407424927 0.8104909658432007
84 0.6222176551818848 5.983492286199853 3.437509059906006 1.5220074653625488 0.0 1.1501789786032948 1.0435664653778076 0.8347191214561462
85 0.6222176551818848 5.983492286199853 3.4374234676361084 1.5220074653625488 0.0 1.1501789786032948 1.0412349700927734 0.8347191214561462
86 0.6222176551818848 5.983492286199853 3.4374003410339355 1.5220074653625488 0.0 1.1501789786032948 1.0406969785690308 0.8347191214561462
87 0.6222176551818848 5.983492286199853 3.437480926513672 1.5220074653625488 0.0 1.1501789786032948 1.038376808166504 0.8347191214561462
88 0.6222176551818848 5.983492286199853 3.437451124191284 1.5204088687896729 0.0 1.1501789786032948 1.0385807752609253 0.8382740616798401
89 0.6222176551818848 5.983492286199853 3.437451124191284 1.5204088687896729 0.0 1.1501789786032948 1.0385807752609253 0.8382740616798401
90 0.6222176551818848 5.983492286199853 3.441511392593384 1.5204088687896729 0.0 1.1501789786032948 1.0276806354522705 0.8382740616798401
91 0.6222176551818848 5.983492286199853 3.440399646759033 1.5204088687896729 0.0 1.1501789786032948 1.0323439836502075 0.8382740616798401
92 0.6222176551818848 5.983492286199853 3.4172303676605225 1.5204088687896729 0.0 1.1501789786032948 1.033433198928833 0.8382740616798401
93 0.6222176551818848 5.983492286199853 3.4298877716064453 1.5204088687896729 0.0 1.1501789786032948 1.041297197341919 0.8382740616798401
94 0.6222176551818848 5.983492286199853 3.4299230575561523 1.519975185394287 0.0 1.1501789786032948 1.0404585599899292 0.8294728398323059
95 0.6222176551818848 5.983492286199853 3.4299230575561523 1.519975185394287 0.0 1.1501789786032948 1.0404585599899292 0.8294728398323059
96 0.6222176551818848 5.983492286199853 3.447127342224121 1.519975185394287 0.0 1.1501789786032948 1.021170735359192 0.8294728398323059
97 0.6222176551818848 5.983492286199853 3.447127342224121 1.519975185394287 0.0 1.1501789786032948 1.021170735359192 0.8294728398323059
98 0.6222176551818848 5.983492286199853 3.4479551315307617 1.52322518825531 0.0 1.1501789786032948 1.014212965965271 0.8443812131881714
99 0.6222176551818848 5.983492286199853 3.466923713684082 1.52322518825531 0.0 1.1501789786032948 0.9902892112731934 0.8443812131881714
100 0.6222176551818848 5.983492286199853 3.466987133026123 1.52322518825531 0.0 1.1501789786032948 0.98954176902771 0.8443812131881714
101 0.6222176551818848 5.98529890095814 3.4672131538391113 1.52322518825531 0.0 1.153953707067842 0.9516377449035645 0.8443812131881714
102 0.6222176551818848 5.98529890095814 3.4672131538391113 1.52322518825531 0.0 1.153953707067842 0.9516377449035645 0.8443812131881714
103 0.6222176551818848 5.98529890095814 3.467193841934204 1.5232267379760742 0.0 1.153953707067842 0.9516380429267883 0.8443832397460938
104 0.6222176551818848 5.98529890095814 3.467193841934204 1.5232267379760742 0.0 1.153953707067842 0.9516380429267883 0.8443832397460938
105 0.6222176551818848 5.98529890095814 3.4789528846740723 1.5169124603271484 0.0 1.153953707067842 0.9179214835166931 0.8606522679328918
106 0.6222176551818848 5.98529890095814 3.4789528846740723 1.5169124603271484 0.0 1.153953707067842 0.9179214835166931 0.8606522679328918
107 0.6222176551818848 5.98529890095814 3.4789469242095947 1.5169124603271484 0.0 1.153953707067842 0.9179249405860901 0.8606522679328918
108 0.6222176551818848 5.98529890095814 3.4790260791778564 1.5171781778335571 0.0 1.153953707067842 0.9211540818214417 0.8606516122817993
109 0.6222176551818848 6.0038496837727 3.4790260791778564 1.5171781778335571 0.0 1.1872606573025413 0.9236876368522644 0.8606516122817993
110 0.6222176551818848 6.0038496837727 3.4789717197418213 1.5171781778335571 0.0 1.1872606573025413 0.9210309982299805 0.8606516122817993
111 0.6222176551818848 6.0038496837727 3.4789717197418213 1.5171781778335571 0.0 1.1872606573025413 0.9210309982299805 0.8606516122817993
112 0.6222176551818848 5.972903968051412 3.4792983531951904 1.5171781778335571 0.0 1.1305511959652526 0.9178789854049683 0.8606516122817993
113 0.6222176551818848 5.972903968051412 3.4793484210968018 1.5197875499725342 0.0 1.1305511959652526 0.9174019694328308 0.8524582982063293
114 0.6222176551818848 5.964437424100745 3.4798521995544434 1.5201541185379028 0.0 1.1112618176393718 0.9020516276359558 0.8537876009941101
115 0.6222176551818848 5.964240667626774 3.4798521995544434 1.5201541185379028 0.0 1.1108022107343727 0.9020176529884338 0.8537876009941101
116 0.6222176551818848 5.964240667626774 3.454376220703125 1.5201541185379028 0.0 1.1108022107343727 0.9136998653411865 0.8537876009941101
117 0.6222176551818848 5.964240667626774 3.4550509452819824 1.5201541185379028 0.0 1.1108022107343727 0.9272748231887817 0.8537876009941101
118 0.6222176551818848 5.964240667626774 3.478395938873291 1.5201541185379028 0.0 1.1108022107343727 0.9268929362297058 0.8537876009941101
119 0.6222176551818848 5.964240667626774 3.478395938873291 1.5201541185379028 0.0 1.1108022107343727 0.9268929362297058 0.8537876009941101
120 0.6222176551818848 5.964240667626774 3.478395938873291 1.5201541185379028 0.0 1.1108022107343727 0.9268929362297058 0.8537876009941101
121 0.6222176551818848 5.964240667626774 3.478395938873291 1.5201541185379028 0.0 1.1108022107343727 0.9268929362297058 0.8537876009941101
122 0.6222176551818848 5.963906128680117 3.4786317348480225 1.5201541185379028 0.0 1.1100465357981406 0.9280200600624084 0.8537876009941101
123 0.6222176551818848 5.963906128680117 3.4781081676483154 1.5201541185379028 0.0 1.1100465357981406 0.9337505102157593 0.8537876009941101
124 0.6222176551818848 5.963906128680117 3.476749897003174 1.5201541185379028 0.0 1.1100465357981406 0.9332407712936401 0.8537876009941101
125 0.6222176551818848 5.963906128680117 3.4768292903900146 1.5201541185379028 0.0 1.1100465357981406 0.9384875297546387 0.8537876009941101
126 0.6222176551818848 5.963906128680117 3.476797103881836 1.5197087526321411 0.0 1.1100465357981406 0.9384986758232117 0.853295624256134
127 0.6222176551818848 5.963906128680117 3.476774215698242 1.5197087526321411 0.0 1.1100465357981406 0.9386245608329773 0.853295624256134
128 0.6222176551818848 5.963906128680117 3.47680926322937 1.5197087526321411 0.0 1.1100465357981406 0.9380218386650085 0.853295624256134
129 0.6222176551818848 5.963906128680117 3.47680926322937 1.5197087526321411 0.0 1.1100465357981406 0.9380218386650085 0.853295624256134
130 0.6222176551818848 5.963906128680117 3.473949432373047 1.5197087526321411 0.0 1.1100465357981406 0.9371882081031799 0.853295624256134
131 0.6222176551818848 5.96257747139195 3.473949432373047 1.5197087526321411 0.0 1.1073552481759945 0.9369972944259644 0.853295624256134
132 0.6222176551818848 5.96257747139195 3.473517894744873 1.5197087526321411 0.0 1.1073552481759945 0.9355838894844055 0.853295624256134
133 0.6222176551818848 5.963517604634296 3.473667621612549 1.5197087526321411 0.0 1.109207908576333 0.935921311378479 0.853295624256134
134 0.6222176551818848 5.96293109942448 3.4726040363311768 1.5197087526321411 0.0 1.1078578651607356 0.9658652544021606 0.853295624256134
135 0.6222176551818848 5.96293109942448 3.4741885662078857 1.5197087526321411 0.0 1.1078578651607356 0.9665481448173523 0.853295624256134
136 0.6222176551818848 5.96293109942448 3.4743080139160156 1.5197087526321411 0.0 1.1078578651607356 0.9666023254394531 0.853295624256134
137 0.6222176551818848 5.96293109942448 3.476255416870117 1.5197087526321411 0.0 1.1078578651607356 0.9665127396583557 0.853295624256134
138 0.6222176551818848 5.96293109942448 3.476255416870117 1.5197087526321411 0.0 1.1078578651607356 0.9665127396583557 0.853295624256134
139 0.6222176551818848 5.96293109942448 3.476255416870117 1.5197087526321411 0.0 1.1078578651607356 0.9665127396583557 0.853295624256134
140 0.6222176551818848 5.962449369027681 3.4757440090179443 1.5197087526321411 0.0 1.107124584600017 0.9231171607971191 0.853295624256134
141 0.6222176551818848 5.962449369027681 3.475855588912964 1.5197087526321411 0.0 1.107124584600017 0.9245214462280273 0.853295624256134
142 0.6222176551818848 5.962449369027681 3.4753317832946777 1.5200523138046265 0.0 1.107124584600017 0.9239473938941956 0.8529393076896667
143 0.6222176551818848 5.962449369027681 3.475903034210205 1.5200523138046265 0.0 1.107124584600017 0.9378232955932617 0.8529393076896667
144 0.6222176551818848 5.962449369027681 3.475903034210205 1.5200523138046265 0.0 1.107124584600017 0.9378232955932617 0.8529393076896667
145 0.6222176551818848 5.962449369027681 3.4759790897369385 1.5200523138046265 0.0 1.107124584600017 0.9398735165596008 0.8529393076896667
146 0.6222176551818848 5.962449369027681 3.4765920639038086 1.5200523138046265 0.0 1.107124584600017 0.9463557600975037 0.8529393076896667
147 0.6222176551818848 5.962449369027681 3.476905584335327 1.5200523138046265 0.0 1.107124584600017 0.9541471600532532 0.8529393076896667
148 0.6222176551818848 5.9639162504492305 3.476905584335327 1.5200523138046265 0.0 1.1100709945374272 0.9543523788452148 0.8529393076896667
149 0.6222176551818848 5.9639162504492305 3.475644588470459 1.5200523138046265 0.0 1.1100709945374272 0.9540913701057434 0.8529393076896667
150 0.6222176551818848 5.9639162504492305 3.4751744270324707 1.5200523138046265 0.0 1.1100709945374272 0.9632307291030884 0.8529393076896667
151 0.6222176551818848 5.9639162504492305 3.449765920639038 1.5200523138046265 0.0 1.1100709945374272 0.9952425360679626 0.8529393076896667
152 0.6222176551818848 5.9639162504492305 3.4493372440338135 1.5200523138046265 0.0 1.1100709945374272 0.9918057918548584 0.8529393076896667
153 0.6222176551818848 5.9639162504492305 3.4493372440338135 1.5200523138046265 0.0 1.1100709945374272 0.9918057918548584 0.8529393076896667
154 0.6222176551818848 5.963005572631457 3.4493372440338135 1.5200523138046265 0.0 1.1079997554303607 1.0271292924880981 0.8529393076896667
155 0.6222176551818848 5.963005572631457 3.44948148727417 1.5200523138046265 0.0 1.1079997554303607 1.0248517990112305 0.8529393076896667
156 0.6222176551818848 5.963351786793445 3.44948148727417 1.5200523138046265 0.0 1.108680456845107 1.0248082876205444 0.8529393076896667
157 0.6222176551818848 5.963351786793445 3.44948148727417 1.5200523138046265 0.0 1.108680456845107 1.0248082876205444 0.8529393076896667
158 0.6222176551818848 5.963351786793445 3.449599504470825 1.5200523138046265 0.0 1.108680456845107 1.0122469663619995 0.8529393076896667
159 0.6222176551818848 5.963351786793445 3.4503743648529053 1.5180779695510864 0.0 1.108680456845107 1.0195088386535645 0.8458399772644043
160 0.6222176551818848 5.963351786793445 3.4525527954101563 1.5180779695510864 0.0 1.108680456845107 1.0168381929397583 0.8458399772644043
161 0.6222176551818848 5.963351786793445 3.4526524543762207 1.5180779695510864 0.0 1.108680456845107 1.0020756721496582 0.8458399772644043
162 0.6222176551818848 5.963351786793445 3.4526524543762207 1.5180779695510864 0.0 1.108680456845107 1.0020756721496582 0.8458399772644043
163 0.6222176551818848 5.963351786793445 3.4532248973846436 1.5191222429275513 0.0 1.108680456845107 1.0079920291900635 0.8463022112846375
164 0.6222176551818848 5.963351786793445 3.4532248973846436 1.5191222429275513 0.0 1.108680456845107 1.0079920291900635 0.8463022112846375
165 0.6222176551818848 5.963351786793445 3.4532248973846436 1.5191222429275513 0.0 1.108680456845107 1.0079920291900635 0.8463022112846375
166 0.6222176551818848 5.963351786793445 3.4531002044677734 1.5191222429275513 0.0 1.108680456845107 1.0043902397155762 0.8463022112846375
167 0.6222176551818848 5.963351786793445 3.4494152069091797 1.5191222429275513 0.0 1.108680456845107 0.9623754620552063 0.8463022112846375
168 0.6222176551818848 5.963351786793445 3.449420690536499 1.5191222429275513 0.0 1.108680456845107 0.9778281450271606 0.8463022112846375
169 0.6222176551818848 5.963351786793445 3.4494054317474365 1.518963098526001 0.0 1.108680456845107 0.977834165096283 0.84635990858078
170 0.6222176551818848 5.963351786793445 3.4474892616271973 1.518963098526001 0.0 1.108680456845107 0.9800245761871338 0.84635990858078
171 0.6222176551818848 5.962534810951027 3.4474892616271973 1.518963098526001 0.0 1.1071345835599378 0.9801281690597534 0.84635990858078
172 0.6222176551818848 5.962534810951027 3.4474892616271973 1.518963098526001 0.0 1.1071345835599378 0.9801281690597534 0.84635990858078
173 0.6222176551818848 5.962534810951027 3.4478323459625244 1.518963098526001 0.0 1.1071345835599378 0.9765745997428894 0.84635990858078
174 0.6222176551818848 5.962534810951027 3.45101261138916 1.518963098526001 0.0 1.1071345835599378 0.9938362240791321 0.84635990858078
175 0.6222176551818848 5.962534810951027 3.45101261138916 1.518963098526001 0.0 1.1071345835599378 0.9938362240791321 0.84635990858078
176 0.6222176551818848 5.962534810951027 3.45101261138916 1.518963098526001 0.0 1.1071345835599378 0.9938362240791321 0.84635990858078
177 0.6222176551818848 5.962534810951027 3.450164318084717 1.518963098526001 0.0 1.1071345835599378 0.998326301574707 0.84635990858078
178 0.6222176551818848 5.962534810951027 3.450042963027954 1.518963098526001 0.0 1.1071345835599378 0.997965931892395 0.84635990858078
179 0.6222176551818848 5.962534810951027 3.446944236755371 1.5189204216003418 0.0 1.1071345835599378 0.9804938435554504 0.8462948203086853
180 0.6222176551818848 5.962534810951027 3.446944236755371 1.5189204216003418 0.0 1.1071345835599378 0.9804938435554504 0.8462948203086853
181 0.6222176551818848 5.962534810951027 3.4468843936920166 1.5189204216003418 0.0 1.1071345835599378 0.9778881669044495 0.8462948203086853
182 0.6222176551818848 5.962534810951027 3.4481680393218994 1.5189204216003418 0.0 1.1071345835599378 0.9776512384414673 0.8462948203086853
183 0.6222176551818848 5.962534810951027 3.442146062850952 1.5217182636260986 0.0 1.1071345835599378 0.950005292892456 0.8562238812446594
184 0.6222176551818848 5.962534810951027 3.4419004917144775 1.5137038230895996 0.0 1.1071345835599378 0.9486449360847473 0.8195682168006897
185 0.6222176551818848 5.962534810951027 3.442004442214966 1.5276044607162476 0.0 1.1071345835599378 0.9474712014198303 0.8016557097434998
186 0.6222176551818848 5.962534810951027 3.4433844089508057 1.5276044607162476 0.0 1.1071345835599378 0.9562057256698608 0.8016557097434998
187 0.6222176551818848 5.962534810951027 3.4433844089508057 1.5276044607162476 0.0 1.1071345835599378 0.9562057256698608 0.8016557097434998
188 0.6222176551818848 5.962534810951027 3.4436426162719727 1.5276044607162476 0.0 1.1071345835599378 0.9427752494812012 0.8016557097434998
189 0.6222176551818848 5.962534810951027 3.443631649017334 1.5276044607162476 0.0 1.1071345835599378 0.9438328742980957 0.8016557097434998
190 0.6222176551818848 5.962534810951027 3.4379184246063232 1.5276044607162476 0.0 1.1071345835599378 0.9419352412223816 0.8016557097434998
191 0.6222176551818848 5.962534810951027 3.43788480758667 1.5276044607162476 0.0 1.1071345835599378 0.9420983195304871 0.8016557097434998
192 0.6222176551818848 5.962534810951027 3.4383044242858887 1.5276044607162476 0.0 1.1071345835599378 0.9416174292564392 0.8016557097434998
193 0.6222176551818848 5.964300518870585 3.437316417694092 1.5276044607162476 0.0 1.1107125122342758 0.9414466023445129 0.8016557097434998
194 0.6222176551818848 5.964300518870585 3.4354238510131836 1.5276044607162476 0.0 1.1107125122342758 0.9420138597488403 0.8016557097434998
195 0.6222176551818848 5.964300518870585 3.4354238510131836 1.5276044607162476 0.0 1.1107125122342758 0.9420138597488403 0.8016557097434998
196 0.6222176551818848 5.964300518870585 3.4354238510131836 1.5276044607162476 0.0 1.1107125122342758 0.9420138597488403 0.8016557097434998
197 0.6222176551818848 5.964300518870585 3.4404137134552 1.5276044607162476 0.0 1.1107125122342758 0.9410329461097717 0.8016557097434998
198 0.6222176551818848 5.964300518870585 3.4349749088287354 1.5277512073516846 0.0 1.1107125122342758 0.9533267021179199 0.7981967329978943
199 0.6222176551818848 5.964300518870585 3.447291135787964 1.5277512073516846 0.0 1.1107125122342758 0.9532672762870789 0.7981967329978943
200 0.6222176551818848 5.964300518870585 3.447291135787964 1.5277512073516846 0.0 1.1107125122342758 0.9532672762870789 0.7981967329978943
201 0.6222176551818848 5.964300518870585 3.447442054748535 1.5278234481811523 0.0 1.1107125122342758 0.9666905403137207 0.7990910410881042
202 0.6222176551818848 5.964300518870585 3.46641206741333 1.5278234481811523 0.0 1.1107125122342758 0.9357272982597351 0.7990910410881042
203 0.6222176551818848 5.963091695003796 3.4661686420440674 1.5278234481811523 0.0 1.1083319019580924 0.8970941305160522 0.7990910410881042
204 0.6222176551818848 5.963091695003796 3.4661200046539307 1.5278234481811523 0.0 1.1083319019580924 0.8961294889450073 0.7990910410881042
205 0.6222176551818848 5.963091695003796 3.4234375953674316 1.5278234481811523 0.0 1.1083319019580924 1.0145955085754395 0.7990910410881042
206 0.6222176551818848 5.963091695003796 3.4229021072387695 1.5278234481811523 0.0 1.1083319019580924 1.0114219188690186 0.7990910410881042
207 0.6222176551818848 5.963091695003796 3.4229021072387695 1.5278234481811523 0.0 1.1083319019580924 1.0114219188690186 0.7990910410881042
208 0.6222176551818848 5.963091695003796 3.422739267349243 1.5278234481811523 0.0 1.1083319019580924 1.0243909358978271 0.7990910410881042
209 0.6222176551818848 5.963091695003796 3.4227683544158936 1.532373309135437 0.0 1.1083319019580924 1.0123776197433472 0.8237077593803406
210 0.6222176551818848 5.963091695003796 3.4226884841918945 1.532373309135437 0.0 1.1083319019580924 1.0132447481155396 0.8237077593803406
211 0.6222176551818848 5.962613150634874 3.4226884841918945 1.532373309135437 0.0 1.1074207553461102 1.0131850242614746 0.8237077593803406
212 0.6222176551818848 5.962613150634874 3.422217845916748 1.532373309135437 0.0 1.1074207553461102 1.0153181552886963 0.8237077593803406
213 0.6222176551818848 5.963359765762214 3.4221713542938232 1.5325047969818115 0.0 1.1086967767459215 1.0502369403839111 0.8261887431144714
214 0.6222176551818848 5.963359765762214 3.4221713542938232 1.5325047969818115 0.0 1.1086967767459215 1.0502369403839111 0.8261887431144714
215 0.6222176551818848 5.963359765762214 3.422034502029419 1.5325264930725098 0.0 1.1086967767459215 1.062719464302063 0.8244832158088684
216 0.6222176551818848 5.963359765762214 3.41963791847229 1.5325264930725098 0.0 1.1086967767459215 1.0828814506530762 0.8244832158088684
217 0.6222176551818848 5.963359765762214 3.41963791847229 1.5325264930725098 0.0 1.1086967767459215 1.0828814506530762 0.8244832158088684
218 0.6222176551818848 5.962564445022354 3.4197897911071777 1.5325264930725098 0.0 1.107187269755774 1.0832704305648804 0.8244832158088684
219 0.6222176551818848 5.962564445022354 3.418663740158081 1.5325264930725098 0.0 1.107187269755774 1.080779790878296 0.8244832158088684
220 0.6222176551818848 5.962564445022354 3.418828248977661 1.5304242372512817 0.0 1.107187269755774 1.0798550844192505 0.8151383399963379
221 0.6222176551818848 5.962564445022354 3.418828248977661 1.5304242372512817 0.0 1.107187269755774 1.0798550844192505 0.8151383399963379
222 0.6222176551818848 5.962564445022354 3.418828248977661 1.5304242372512817 0.0 1.107187269755774 1.0798550844192505 0.8151383399963379
223 0.6222176551818848 5.962564445022354 3.418828248977661 1.5304242372512817 0.0 1.107187269755774 1.0798550844192505 0.8151383399963379
224 0.6222176551818848 5.962564445022354 3.418674945831299 1.5304242372512817 0.0 1.107187269755774 1.084580659866333 0.8151383399963379
225 0.6222176551818848 5.962564445022354 3.4186573028564453 1.5304242372512817 0.0 1.107187269755774 1.0843801498413086 0.8151383399963379
226 0.6222176551818848 5.962564445022354 3.4131836891174316 1.5304242372512817 0.0 1.107187269755774 1.11570143699646 0.8151383399963379
227 0.6222176551818848 5.962564445022354 3.4127776622772217 1.5304242372512817 0.0 1.107187269755774 1.1167656183242798 0.8151383399963379
228 0.6222176551818848 5.962564445022354 3.4135050773620605 1.5304242372512817 0.0 1.107187269755774 1.1196972131729126 0.8151383399963379
229 0.6222176551818848 5.962564445022354 3.413778781890869 1.5304242372512817 0.0 1.107187269755774 1.1226550340652466 0.8151383399963379
230 0.6222176551818848 5.962564445022354 3.413778781890869 1.5304242372512817 0.0 1.107187269755774 1.1226550340652466 0.8151383399963379
231 0.6222176551818848 5.962564445022354 3.414458990097046 1.5304242372512817 0.0 1.107187269755774 1.122994303703308 0.8151383399963379
232 0.6222176551818848 5.962564445022354 3.413696765899658 1.5304242372512817 0.0 1.107187269755774 1.1199133396148682 0.8151383399963379
233 0.6222176551818848 5.962564445022354 3.4140777587890625 1.5304242372512817 0.0 1.107187269755774 1.1104395389556885 0.8151383399963379
234 0.6222176551818848 5.962564445022354 3.4140777587890625 1.5304242372512817 0.0 1.107187269755774 1.1104395389556885 0.8151383399963379
235 0.6222176551818848 5.962564445022354 3.4140777587890625 1.5304242372512817 0.0 1.107187269755774 1.1104395389556885 0.8151383399963379
236 0.6222176551818848 5.962564445022354 3.412729501724243 1.5488166809082031 0.0 1.107187269755774 1.0928771495819092 0.7994974255561829
237 0.6222176551818848 5.962564445022354 3.4179861545562744 1.5488166809082031 0.0 1.107187269755774 1.109001636505127 0.7994974255561829
238 0.6222176551818848 5.962564445022354 3.4179861545562744 1.5488166809082031 0.0 1.107187269755774 1.109001636505127 0.7994974255561829
239 0.6222176551818848 5.962564445022354 3.4232773780822754 1.5488166809082031 0.0 1.107187269755774 1.0776946544647217 0.7994974255561829
240 0.6222176551818848 5.962564445022354 3.4233222007751465 1.5488166809082031 0.0 1.107187269755774 1.0879629850387573 0.7994974255561829
241 0.6222176551818848 5.963215953767173 3.4233222007751465 1.5488166809082031 0.0 1.1084099383786086 1.0878891944885254 0.7994974255561829
242 0.6222176551818848 5.963215953767173 3.4233222007751465 1.5488166809082031 0.0 1.1084099383786086 1.0878891944885254 0.7994974255561829
243 0.6222176551818848 5.963215953767173 3.4233222007751465 1.5488166809082031 0.0 1.1084099383786086 1.0878891944885254 0.7994974255561829
244 0.6222176551818848 5.963215953767173 3.426302671432495 1.5332216024398804 0.0 1.1084099383786086 1.0846632719039917 0.8134568929672241
245 0.6222176551818848 5.963215953767173 3.426558017730713 1.5336647033691406 0.0 1.1084099383786086 1.0847660303115845 0.8146550059318542
246 0.6222176551818848 5.963215953767173 3.426755428314209 1.5336647033691406 0.0 1.1084099383786086 1.0848766565322876 0.8146550059318542
247 0.6222176551818848 5.963215953767173 3.426332473754883 1.5336647033691406 0.0 1.1084099383786086 1.0809656381607056 0.8146550059318542
248 0.6222176551818848 5.963215953767173 3.4264602661132813 1.5336647033691406 0.0 1.1084099383786086 1.0824668407440186 0.8146550059318542
249 0.6222176551818848 5.963215953767173 3.426865816116333 1.5336647033691406 0.0 1.1084099383786086 1.0847141742706299 0.8146550059318542
250 0.6222176551818848 5.963215953767173 3.426865816116333 1.5336647033691406 0.0 1.1084099383786086 1.0847141742706299 0.8146550059318542
251 0.6222176551818848 5.963215953767173 3.426865816116333 1.5336647033691406 0.0 1.1084099383786086 1.0847141742706299 0.8146550059318542
252 0.6222176551818848 5.963215953767173 3.426865816116333 1.5336647033691406 0.0 1.1084099383786086 1.0854097604751587 0.8146550059318542
253 0.6222176551818848 5.963215953767173 3.426865816116333 1.5336647033691406 0.0 1.1084099383786086 1.0854097604751587 0.8146550059318542
254 0.6222176551818848 5.963215953767173 3.426865816116333 1.5336647033691406 0.0 1.1084099383786086 1.0854097604751587 0.8146550059318542
255 0.6222176551818848 5.963215953767173 3.426734447479248 1.5336647033691406 0.0 1.1084099383786086 1.0856150388717651 0.8146550059318542
256 0.6222176551818848 5.963343995673149 3.4267616271972656 1.5336647033691406 0.0 1.1086644059521455 1.0855255126953125 0.8146550059318542
257 0.6222176551818848 5.962733873703717 3.4267616271972656 1.5336647033691406 0.0 1.1074928356903764 1.0855963230133057 0.8146550059318542
258 0.6222176551818848 5.962733873703717 3.4265267848968506 1.5336647033691406 0.0 1.1074928356903764 1.0842630863189697 0.8146550059318542
259 0.6222176551818848 5.962733873703717 3.42643141746521 1.5336647033691406 0.0 1.1074928356903764 1.0840259790420532 0.8146550059318542
260 0.6222176551818848 5.962733873703717 3.42643141746521 1.5336647033691406 0.0 1.1074928356903764 1.0840259790420532 0.8146550059318542
261 0.6222176551818848 5.962733873703717 3.426727771759033 1.5986058712005615 0.0 1.1074928356903764 1.082052230834961 0.780664324760437
262 0.6222176551818848 5.962733873703717 3.426727771759033 1.5986058712005615 0.0 1.1074928356903764 1.082052230834961 0.780664324760437
263 0.6222176551818848 5.962733873703717 3.426727771759033 1.5986058712005615 0.0 1.1074928356903764 1.082052230834961 0.780664324760437
264 0.6222176551818848 5.962298494307755 3.426727771759033 1.5986058712005615 0.0 1.1067287373717365 1.0820987224578857 0.780664324760437
265 0.6222176551818848 5.962298494307755 3.4252712726593018 1.5986058712005615 0.0 1.1067287373717365 1.083882451057434 0.780664324760437
266 0.6222176551818848 5.962298494307755 3.4253265857696533 1.5986058712005615 0.0 1.1067287373717365 1.0835589170455933 0.780664324760437
267 0.6222176551818848 5.962298494307755 3.4253132343292236 1.5986058712005615 0.0 1.1067287373717365 1.0835896730422974 0.780664324760437
268 0.6222176551818848 5.962298494307755 3.424924373626709 1.5986058712005615 0.0 1.1067287373717365 1.0852793455123901 0.780664324760437
269 0.6222176551818848 5.962298494307755 3.425232410430908 1.5929917097091675 0.0 1.1067287373717365 1.0860047340393066 0.7405580282211304
270 0.6222176551818848 5.962298494307755 3.4260401725769043 1.5929917097091675 0.0 1.1067287373717365 1.0867537260055542 0.7405580282211304
271 0.6222176551818848 5.962298494307755 3.4260401725769043 1.5929917097091675 0.0 1.1067287373717365 1.0867537260055542 0.7405580282211304
272 0.6222176551818848 5.962298494307755 3.4260430335998535 1.5929917097091675 0.0 1.1067287373717365 1.0856313705444336 0.7405580282211304
273 0.6222176551818848 5.962298494307755 3.4260430335998535 1.5929917097091675 0.0 1.1067287373717365 1.0856313705444336 0.7405580282211304
274 0.6222176551818848 5.962298494307755 3.4257020950317383 1.5929917097091675 0.0 1.1067287373717365 1.085604190826416 0.7405580282211304
275 0.6222176551818848 5.962298494307755 3.4243664741516113 1.5929917097091675 0.0 1.1067287373717365 1.098365068435669 0.7405580282211304
276 0.6222176551818848 5.962298494307755 3.423783540725708 1.5533746480941772 0.0 1.1067287373717365 1.1003392934799194 0.7545651197433472
277 0.6222176551818848 5.962298494307755 3.423783540725708 1.5533746480941772 0.0 1.1067287373717365 1.1003392934799194 0.7545651197433472
278 0.6222176551818848 5.962298494307755 3.423783540725708 1.5533746480941772 0.0 1.1067287373717365 1.1003392934799194 0.7545651197433472
279 0.6222176551818848 5.962298494307755 3.423774242401123 1.5550665855407715 0.0 1.1067287373717365 1.1041396856307983 0.7708020806312561
280 0.6222176551818848 5.962298494307755 3.4236879348754883 1.5550665855407715 0.0 1.1067287373717365 1.1042108535766602 0.7708020806312561
281 0.6222176551818848 5.962298494307755 3.421356439590454 1.5647441148757935 0.0 1.1067287373717365 1.1073414087295532 0.8176872134208679
282 0.6222176551818848 5.962298494307755 3.421992301940918 1.5647441148757935 0.0 1.1067287373717365 1.1008192300796509 0.8176872134208679
283 0.6222176551818848 5.962298494307755 3.4217944145202637 1.5647441148757935 0.0 1.1067287373717365 1.0995817184448242 0.8176872134208679
284 0.6222176551818848 5.962298494307755 3.421926975250244 1.5647441148757935 0.0 1.1067287373717365 1.0863802433013916 0.8176872134208679
285 0.6222176551818848 5.962298494307755 3.421701431274414 1.5647441148757935 0.0 1.1067287373717365 1.0873128175735474 0.8176872134208679
286 0.6222176551818848 5.962298494307755 3.421802043914795 1.5647441148757935 0.0 1.1067287373717365 1.0989024639129639 0.8176872134208679
287 0.6222176551818848 5.962298494307755 3.422569751739502 1.5647441148757935 0.0 1.1067287373717365 1.098646640777588 0.8176872134208679
288 0.6222176551818848 5.962298494307755 3.4216105937957764 1.5675325393676758 0.0 1.1067287373717365 1.103133201599121 0.8286058902740479
289 0.6222176551818848 5.9629235773089615 3.4216105937957764 1.5675325393676758 0.0 1.1080043771703632 1.0701143741607666 0.8286058902740479
290 0.6222176551818848 5.9629235773089615 3.4216408729553223 1.5675325393676758 0.0 1.1080043771703632 1.070931315422058 0.8286058902740479
291 0.6222176551818848 5.9629235773089615 3.4216408729553223 1.5675325393676758 0.0 1.1080043771703632 1.070931315422058 0.8286058902740479
292 0.6222176551818848 5.963358901810084 3.4216408729553223 1.5675325393676758 0.0 1.108873330923555 1.0709853172302246 0.8286058902740479
293 0.6222176551818848 5.963358901810084 3.422213077545166 1.5675575733184814 0.0 1.108873330923555 1.0774480104446411 0.8286943435668945
294 0.6222176551818848 5.963358901810084 3.4217569828033447 1.5675575733184814 0.0 1.108873330923555 1.0753757953643799 0.8286943435668945
295 0.6222176551818848 5.963358901810084 3.4217569828033447 1.5675575733184814 0.0 1.108873330923555 1.0753757953643799 0.8286943435668945
296 0.6222176551818848 5.963358901810084 3.4217569828033447 1.5675575733184814 0.0 1.108873330923555 1.0753757953643799 0.8286943435668945
297 0.6222176551818848 5.963358901810084 3.4210727214813232 1.5675575733184814 0.0 1.108873330923555 1.06737220287323 0.8286943435668945
298 0.6222176551818848 5.963358901810084 3.4205732345581055 1.5675575733184814 0.0 1.108873330923555 1.0678976774215698 0.8286943435668945
299 0.6222176551818848 5.963358901810084 3.4209489822387695 1.565748691558838 0.0 1.108873330923555 1.0682721138000488 0.7541371583938599
300 0.6222176551818848 5.963358901810084 3.4202184677124023 1.565748691558838 0.0 1.108873330923555 1.0729784965515137 0.7541371583938599
301 0.6222176551818848 5.99268754059686 3.423710823059082 1.565748691558838 0.0 1.166992102090764 1.0722588300704956 0.7541371583938599
302 0.6222176551818848 5.99268754059686 3.423710823059082 1.565748691558838 0.0 1.166992102090764 1.0722588300704956 0.7541371583938599
303 0.6222176551818848 5.99268754059686 3.423725128173828 1.565748691558838 0.0 1.166992102090764 1.0722383260726929 0.7541371583938599
304 0.6222176551818848 5.99268754059686 3.4234108924865723 1.565748691558838 0.0 1.166992102090764 1.0718917846679688 0.7541371583938599
305 0.6222176551818848 5.99268754059686 3.4234108924865723 1.565748691558838 0.0 1.166992102090764 1.0718917846679688 0.7541371583938599
306 0.6222176551818848 5.99268754059686 3.4211699962615967 1.5665391683578491 0.0 1.166992102090764 1.0372563600540161 0.7545523643493652
307 0.6222176551818848 5.99268754059686 3.421710729598999 1.5723111629486084 0.0 1.166992102090764 1.0285027027130127 0.7884318232536316
308 0.6222176551818848 5.99268754059686 3.421710729598999 1.5723111629486084 0.0 1.166992102090764 1.0285027027130127 0.7884318232536316
309 0.6222176551818848 5.99268754059686 3.421710729598999 1.5723111629486084 0.0 1.166992102090764 1.0285027027130127 0.7884318232536316
310 0.6222176551818848 5.99268754059686 3.421710729598999 1.5723111629486084 0.0 1.166992102090764 1.0285027027130127 0.7884318232536316
311 0.6222176551818848 5.99268754059686 3.4220941066741943 1.5723111629486084 0.0 1.166992102090764 1.026732087135315 0.7884318232536316
312 0.6222176551818848 5.99268754059686 3.4219002723693848 1.5805853605270386 0.0 1.166992102090764 1.027769684791565 0.8201687932014465
313 0.6222176551818848 5.99268754059686 3.4276771545410156 1.5805853605270386 0.0 1.166992102090764 1.0584654808044434 0.8201687932014465
314 0.6222176551818848 5.99268754059686 3.4263648986816406 1.5805853605270386 0.0 1.166992102090764 1.0569831132888794 0.8201687932014465
315 0.6222176551818848 5.99268754059686 3.4263648986816406 1.5805853605270386 0.0 1.166992102090764 1.0569831132888794 0.8201687932014465
316 0.6222176551818848 5.99268754059686 3.4264540672302246 1.5815107822418213 0.0 1.166992102090764 1.0561859607696533 0.8116594552993774
317 0.6222176551818848 5.99268754059686 3.4265477657318115 1.5815107822418213 0.0 1.166992102090764 1.0565344095230103 0.8116594552993774
318 0.6222176551818848 5.99268754059686 3.4265477657318115 1.5815107822418213 0.0 1.166992102090764 1.0565344095230103 0.8116594552993774
319 0.6222176551818848 5.99268754059686 3.4265477657318115 1.5815107822418213 0.0 1.166992102090764 1.0565344095230103 0.8116594552993774
320 0.6222176551818848 5.99268754059686 3.426543951034546 1.5815510749816895 0.0 1.166992102090764 1.0565297603607178 0.8115577697753906
321 0.6222176551818848 5.99268754059686 3.4271926879882813 1.5815510749816895 0.0 1.166992102090764 1.0620924234390259 0.8115577697753906
322 0.6222176551818848 5.99268754059686 3.4267396926879883 1.5815510749816895 0.0 1.166992102090764 1.064444661140442 0.8115577697753906
323 0.6222176551818848 5.99268754059686 3.4251034259796143 1.5815510749816895 0.0 1.166992102090764 1.0558496713638306 0.8115577697753906
324 0.6222176551818848 5.99268754059686 3.425652265548706 1.5815510749816895 0.0 1.166992102090764 1.0547484159469604 0.8115577697753906
325 0.6222176551818848 5.99268754059686 3.425652265548706 1.5815510749816895 0.0 1.166992102090764 1.0547484159469604 0.8115577697753906
326 0.6222176551818848 5.99268754059686 3.42527174949646 1.5815510749816895 0.0 1.166992102090764 1.0511314868927002 0.8115577697753906
327 0.6222176551818848 5.99268754059686 3.42527174949646 1.5815510749816895 0.0 1.166992102090764 1.0511314868927002 0.8115577697753906
328 0.6222176551818848 5.99268754059686 3.42527174949646 1.5815510749816895 0.0 1.166992102090764 1.0511314868927002 0.8115577697753906
329 0.6222176551818848 5.99268754059686 3.4269440174102783 1.5815510749816895 0.0 1.166992102090764 1.0484246015548706 0.8115577697753906
330 0.6222176551818848 5.99268754059686 3.4269440174102783 1.5815510749816895 0.0 1.166992102090764 1.0484246015548706 0.8115577697753906
331 0.6222176551818848 5.99268754059686 3.4264731407165527 1.5815510749816895 0.0 1.166992102090764 1.0490226745605469 0.8115577697753906
332 0.6222176551818848 5.99268754059686 3.425933599472046 1.5815510749816895 0.0 1.166992102090764 1.043020486831665 0.8115577697753906
333 0.6222176551818848 5.99268754059686 3.425933599472046 1.5815510749816895 0.0 1.166992102090764 1.043020486831665 0.8115577697753906
334 0.6222176551818848 5.99268754059686 3.426395893096924 1.5815510749816895 0.0 1.166992102090764 1.040859341621399 0.8115577697753906
335 0.6222176551818848 5.99268754059686 3.426395893096924 1.5815510749816895 0.0 1.166992102090764 1.040859341621399 0.8115577697753906
336 0.6222176551818848 5.99268754059686 3.4261486530303955 1.578757643699646 0.0 1.166992102090764 1.0453037023544312 0.8008472323417664
337 0.6222176551818848 5.99268754059686 3.4262678623199463 1.578757643699646 0.0 1.166992102090764 1.033495306968689 0.8008472323417664
338 0.6222176551818848 5.99268754059686 3.4262287616729736 1.578757643699646 0.0 1.166992102090764 1.032925009727478 0.8008472323417664
339 0.6222176551818848 5.99268754059686 3.42622971534729 1.5724961757659912 0.0 1.166992102090764 1.0316100120544434 0.7720464468002319
340 0.6222176551818848 5.99268754059686 3.4259634017944336 1.505078911781311 0.0 1.166992102090764 1.036983609199524 0.8602358102798462
341 0.6222176551818848 5.99268754059686 3.4260051250457764 1.5069913864135742 0.0 1.166992102090764 1.0364245176315308 0.8536319732666016
342 0.6222176551818848 5.99268754059686 3.4231278896331787 1.5069913864135742 0.0 1.166992102090764 1.0416549444198608 0.8536319732666016
343 0.6222176551818848 5.99268754059686 3.423107385635376 1.506837010383606 0.0 1.166992102090764 1.0416510105133057 0.853620707988739
344 0.6222176551818848 5.99268754059686 3.4234440326690674 1.506837010383606 0.0 1.166992102090764 1.0430152416229248 0.853620707988739
345 0.6222176551818848 5.99268754059686 3.4239330291748047 1.506837010383606 0.0 1.166992102090764 1.039349913597107 0.853620707988739
346 0.6222176551818848 5.99268754059686 3.4222612380981445 1.506837010383606 0.0 1.166992102090764 1.0453253984451294 0.853620707988739
347 0.6222176551818848 5.99268754059686 3.4222612380981445 1.506837010383606 0.0 1.166992102090764 1.0453253984451294 0.853620707988739
348 0.6222176551818848 5.99268754059686 3.422243356704712 1.506837010383606 0.0 1.166992102090764 1.0455085039138794 0.853620707988739
349 0.6222176551818848 5.99268754059686 3.422001361846924 1.5040349960327148 0.0 1.166992102090764 1.0465492010116577 0.8595184087753296
350 0.6222176551818848 5.99268754059686 3.4213976860046387 1.5040349960327148 0.0 1.166992102090764 1.0573515892028809 0.8595184087753296
351 0.6222176551818848 5.99268754059686 3.4217615127563477 1.5040349960327148 0.0 1.166992102090764 1.0599274635314941 0.8595184087753296
352 0.6222176551818848 5.99301278969054 3.4217615127563477 1.5040349960327148 0.0 1.167648242468061 1.0599708557128906 0.8595184087753296
353 0.6222176551818848 5.99301278969054 3.4217615127563477 1.5040349960327148 0.0 1.167648242468061 1.0599708557128906 0.8595184087753296
354 0.6222176551818848 5.99301278969054 3.4217615127563477 1.5040349960327148 0.0 1.167648242468061 1.0599708557128906 0.8595184087753296
355 0.6222176551818848 5.99301278969054 3.422029972076416 1.504554033279419 0.0 1.167648242468061 1.060274600982666 0.8601577877998352
356 0.6222176551818848 5.99301278969054 3.422029972076416 1.504554033279419 0.0 1.167648242468061 1.060274600982666 0.8601577877998352
357 0.6222176551818848 5.993893193853557 3.422079086303711 1.5048134326934814 0.0 1.16955578358505 1.0598341226577759 0.8606217503547668
358 0.6222176551818848 5.993893193853557 3.422079086303711 1.5048134326934814 0.0 1.16955578358505 1.0598341226577759 0.8606217503547668
359 0.6222176551818848 5.993893193853557 3.421832799911499 1.5048134326934814 0.0 1.16955578358505 1.0758304595947266 0.8606217503547668
360 0.6222176551818848 5.993893193853557 3.421832799911499 1.5048134326934814 0.0 1.16955578358505 1.0758304595947266 0.8606217503547668
361 0.6222176551818848 5.993893193853557 3.4233925342559814 1.5010806322097778 0.0 1.16955578358505 1.0654057264328003 0.8551783561706543
362 0.6222176551818848 5.993893193853557 3.4231395721435547 1.5010806322097778 0.0 1.16955578358505 1.0691914558410645 0.8551783561706543
363 0.6222176551818848 5.993893193853557 3.422654390335083 1.5010806322097778 0.0 1.16955578358505 1.0701744556427002 0.8551783561706543
364 0.6222176551818848 5.993893193853557 3.422654390335083 1.50129234790802 0.0 1.16955578358505 1.0702214241027832 0.8561573028564453
365 0.6222176551818848 5.993893193853557 3.421290636062622 1.50129234790802 0.0 1.16955578358505 1.062909722328186 0.8561573028564453
366 0.6222176551818848 5.993893193853557 3.421398639678955 1.50129234790802 0.0 1.16955578358505 1.0634981393814087 0.8561573028564453
367 0.6222176551818848 5.993893193853557 3.4217047691345215 1.50129234790802 0.0 1.16955578358505 1.069573163986206 0.8561573028564453
368 0.6222176551818848 5.993893193853557 3.4216296672821045 1.50129234790802 0.0 1.16955578358505 1.0680196285247803 0.8561573028564453
369 0.6222176551818848 5.993893193853557 3.421846389770508 1.50129234790802 0.0 1.16955578358505 1.0673701763153076 0.8561573028564453
370 0.6222176551818848 5.993893193853557 3.421757936477661 1.50129234790802 0.0 1.16955578358505 1.0670746564865112 0.8561573028564453
371 0.6222176551818848 5.993893193853557 3.422239303588867 1.50129234790802 0.0 1.16955578358505 1.066712498664856 0.8561573028564453
372 0.6222176551818848 5.993893193853557 3.422239303588867 1.50129234790802 0.0 1.16955578358505 1.066712498664856 0.8561573028564453
373 0.6222176551818848 5.993893193853557 3.422487258911133 1.50129234790802 0.0 1.16955578358505 1.0727940797805786 0.8561573028564453
374 0.6222176551818848 5.993893193853557 3.422367572784424 1.5023113489151 0.0 1.16955578358505 1.0728286504745483 0.8563147783279419
375 0.6222176551818848 5.993893193853557 3.422386646270752 1.5025966167449951 0.0 1.16955578358505 1.0726677179336548 0.8547382950782776
376 0.6222176551818848 5.993893193853557 3.422386646270752 1.5025966167449951 0.0 1.16955578358505 1.0726677179336548 0.8547382950782776
377 0.6222176551818848 5.993893193853557 3.422386646270752 1.5025966167449951 0.0 1.16955578358505 1.0726677179336548 0.8547382950782776
378 0.6222176551818848 5.993893193853557 3.4225637912750244 1.5025966167449951 0.0 1.16955578358505 1.0593793392181396 0.8547382950782776
379 0.6222176551818848 5.993893193853557 3.4225637912750244 1.5025966167449951 0.0 1.16955578358505 1.0593793392181396 0.8547382950782776
380 0.6222176551818848 5.993893193853557 3.4225637912750244 1.5025966167449951 0.0 1.16955578358505 1.0593793392181396 0.8547382950782776
381 0.6222176551818848 5.993893193853557 3.422459602355957 1.5060608386993408 0.0 1.16955578358505 1.0594929456710815 0.8563611507415771
382 0.6222176551818848 5.993893193853557 3.422382116317749 1.5060608386993408 0.0 1.16955578358505 1.0497894287109375 0.8563611507415771
383 0.6222176551818848 5.993893193853557 3.421995162963867 1.5060608386993408 0.0 1.16955578358505 1.050724744796753 0.8563611507415771
384 0.6222176551818848 5.993893193853557 3.421886682510376 1.5060608386993408 0.0 1.16955578358505 1.0449029207229614 0.8563611507415771
385 0.6222176551818848 5.993893193853557 3.42240309715271 1.505450963973999 0.0 1.16955578358505 1.034745693206787 0.8548064827919006
386 0.6222176551818848 5.993893193853557 3.422402858734131 1.505450963973999 0.0 1.16955578358505 1.0347942113876343 0.8548064827919006
387 0.6222176551818848 5.993893193853557 3.421765089035034 1.505450963973999 0.0 1.16955578358505 1.042841911315918 0.8548064827919006
388 0.6222176551818848 5.993893193853557 3.421765089035034 1.505450963973999 0.0 1.16955578358505 1.042841911315918 0.8548064827919006
389 0.6222176551818848 5.993893193853557 3.421765089035034 1.505450963973999 0.0 1.16955578358505 1.042841911315918 0.8548064827919006
390 0.6222176551818848 5.993893193853557 3.422391653060913 1.505450963973999 0.0 1.16955578358505 1.047068476676941 0.8548064827919006
391 0.6222176551818848 5.993893193853557 3.422391653060913 1.505450963973999 0.0 1.16955578358505 1.047068476676941 0.8548064827919006
392 0.6222176551818848 5.993893193853557 3.422438383102417 1.5068939924240112 0.0 1.16955578358505 1.047153353691101 0.8556452989578247
393 0.6222176551818848 5.993893193853557 3.423049211502075 1.5068939924240112 0.0 1.16955578358505 1.053026795387268 0.8556452989578247
394 0.6222176551818848 5.993893193853557 3.423049211502075 1.5068939924240112 0.0 1.16955578358505 1.053026795387268 0.8556452989578247
395 0.6222176551818848 5.993893193853557 3.4236912727355957 1.5068939924240112 0.0 1.16955578358505 1.0446192026138306 0.8556452989578247
396 0.6222176551818848 5.993893193853557 3.423621892929077 1.5068939924240112 0.0 1.16955578358505 1.0436714887619019 0.8556452989578247
397 0.6222176551818848 5.993893193853557 3.422015428543091 1.5068939924240112 0.0 1.16955578358505 1.0559239387512207 0.8556452989578247
398 0.6222176551818848 5.993893193853557 3.4220354557037354 1.5068939924240112 0.0 1.16955578358505 1.0559029579162598 0.8556452989578247
399 0.6222176551818848 5.993893193853557 3.4220340251922607 1.5156700611114502 0.0 1.16955578358505 1.0575547218322754 0.889032244682312
400 0.6222176551818848 5.993893193853557 3.4220340251922607 1.5156700611114502 0.0 1.16955578358505 1.0575547218322754 0.889032244682312
