init 0.6357049345970154 3.640434308853131 3.255033016204834 1.9958096742630005 0.0 0.0 0.0 0.0
1 0.6405907869338989 3.594145424093845 3.2423601150512695 2.0030860900878906 0.1975940614938736 0.6557778715991286 0.3106191158294678 0.12503930926322937
2 0.6814777255058289 3.6331485979736495 3.2444679737091064 2.016418695449829 0.33165594935417175 0.6014461574083407 0.4290309548377991 0.2490616738796234
3 0.7228278517723083 3.6308695524814465 3.2419593334198 2.019029140472412 0.4548723101615906 0.5673636035112406 0.5460368394851685 0.5232998132705688
4 0.7247617244720459 3.60102767982014 3.2504467964172363 2.009119987487793 0.42403414845466614 0.7603070665735259 0.6351742744445801 0.4931688904762268
5 0.7224951982498169 3.5987777838552133 3.2526779174804688 2.009289264678955 0.41964414715766907 0.7790374713615995 0.6331874132156372 0.5314505696296692
6 0.7376492023468018 3.6929296442367217 3.2703373432159424 2.0361971855163574 0.5115786194801331 0.9991179013342225 0.7425722479820251 0.6628167629241943
7 0.7168219089508057 3.652955636097661 3.2578306198120117 1.998603105545044 0.3837190270423889 0.7504968019172092 0.6508682370185852 0.5393555164337158
8 0.7766176462173462 3.633180897240238 3.2650346755981445 2.0130603313446045 0.45656153559684753 0.6378939576036802 0.6580968499183655 0.5488442778587341
9 0.7732847332954407 3.6388717543781586 3.2690298557281494 2.015346050262451 0.4491790235042572 0.6268207539935915 0.6674765348434448 0.549191951751709
10 0.7723890542984009 2.4258730752239694 3.2618093490600586 2.0213284492492676 0.46918463706970215 2.781603323635337 1.0450679063796997 0.5713834762573242
11 0.7708995938301086 2.42651187949116 3.2573838233947754 2.021624803543091 0.4674389064311981 2.7817345957524737 1.0749880075454712 0.5697908997535706
12 0.760764479637146 2.418150209697026 3.249235153198242 2.0199408531188965 0.45749902725219727 2.781824189034953 1.0532537698745728 0.5662752985954285
13 0.7490585446357727 2.433466104791657 3.2472028732299805 2.0198163986206055 0.4524666666984558 2.7921560541308312 1.0773296356201172 0.5630043148994446
14 0.7550471425056458 2.4676283073488086 3.244508981704712 2.0219385623931885 0.4622110426425934 2.7758312057827896 1.1173025369644165 0.5597808361053467
15 0.7550471425056458 2.4676283073488086 3.244725465774536 2.091808319091797 0.4622110426425934 2.7758312057827896 1.1200814247131348 0.7558809518814087
16 0.7555940747261047 2.3981014666887157 3.246245861053467 2.0915234088897705 0.4642654359340668 2.781150332947156 1.1291584968566895 0.7535592317581177
17 0.7551503777503967 2.3962733036352266 3.248863697052002 2.095641851425171 0.45568740367889404 2.7851041162225494 1.1303352117538452 0.7388315796852112
18 0.7870079874992371 2.4212146272920294 3.273761034011841 2.150225877761841 0.5091045498847961 2.7865029194696715 1.1648526191711426 0.8517441749572754
19 0.7757229804992676 2.4135911098560774 3.2682254314422607 2.148592948913574 0.5000035166740417 2.78250233024982 1.1673985719680786 0.8521115183830261
20 0.775139331817627 2.4129049679780534 3.2684614658355713 2.148484230041504 0.4993213415145874 2.782813411498878 1.1676100492477417 0.8520968556404114
21 0.7771070003509521 2.410332956306447 3.268672227859497 2.1490330696105957 0.513253390789032 2.7878254974519594 1.1812270879745483 0.8565924763679504
22 0.7665332555770874 2.421737795508507 3.268733501434326 2.144888162612915 0.49296918511390686 2.7869790054323995 1.1802139282226563 0.8568474650382996
23 0.7654892206192017 2.410622230471141 3.2684473991394043 2.144223928451538 0.48944151401519775 2.7854750695680734 1.1769875288009644 0.8531247973442078
24 0.766257107257843 2.42340573997792 3.272305488586426 2.146435022354126 0.48535650968551636 2.787986974759927 1.1674745082855225 0.8575924634933472
25 0.7644606828689575 2.423386438625323 3.2708163261413574 2.1414401531219482 0.48288410902023315 2.788151368467376 1.1651242971420288 0.8433562517166138
26 0.7666466236114502 2.497807331068167 3.270477294921875 2.1393299102783203 0.4858629107475281 2.800356943695609 1.1805309057235718 0.8367249965667725
27 0.7617924809455872 2.5289835788234343 3.26737642288208 2.126398801803589 0.47833967208862305 2.801253691507669 1.1805071830749512 0.8320725560188293
28 0.7523128390312195 2.550220076240251 3.2632291316986084 2.1239521503448486 0.4820670783519745 2.808909891615608 1.1845636367797852 0.8366143703460693
29 0.755791187286377 2.552412964381492 3.2638907432556152 2.12553334236145 0.4857587218284607 2.8099570407018843 1.189116358757019 0.8416380882263184
30 0.7570563554763794 2.546255791820986 3.266080617904663 2.1128997802734375 0.48654118180274963 2.8115553018760684 1.2191485166549683 1.0535751581192017
31 0.7569891810417175 2.547948449744708 3.2662599086761475 2.113342523574829 0.4862009286880493 2.812695947617498 1.2206511497497559 1.055341362953186
32 0.7346896529197693 2.5496788268773725 3.2619855403900146 2.1066696643829346 0.4646065831184387 2.8044951637272164 1.2150230407714844 1.038572072982788
33 0.753157377243042 2.5430862146159776 3.2632617950439453 2.1068665981292725 0.4852217137813568 2.8089696769775223 1.2253748178482056 1.0432806015014648
34 0.7552253603935242 2.5424306816612754 3.2631406784057617 2.1073122024536133 0.4876495897769928 2.808504149248534 1.2302451133728027 1.0442334413528442
35 0.7545331120491028 2.5428258444686307 3.2634270191192627 2.1092822551727295 0.4878070652484894 2.8085970848987807 1.2321269512176514 1.0488193035125732
36 0.7571152448654175 2.5464349101975583 3.2646892070770264 2.1106667518615723 0.48962950706481934 2.811648961619576 1.2305327653884888 1.050467610359192
37 0.7477367520332336 2.4684091263985635 3.2639963626861572 2.107466220855713 0.4765346050262451 2.7786890351384828 1.2267543077468872 1.050072431564331
38 0.745718240737915 2.4735640135315204 3.263399600982666 2.104830503463745 0.47157740592956543 2.780022310182346 1.2243860960006714 1.0396618843078613
39 0.7454424500465393 2.4796329338366307 3.2616446018218994 2.1032893657684326 0.4626235067844391 2.781533011021208 1.245141625404358 1.0434411764144897
40 0.7378570437431335 2.4738263283871524 3.2599849700927734 2.1068098545074463 0.44548138976097107 2.7771604961678165 1.244135856628418 1.0442523956298828
41 0.7339410781860352 2.4805538329548136 3.2594408988952637 2.1110289096832275 0.4398464560508728 2.7780145499046833 1.2438859939575195 1.0565167665481567
42 0.7352792024612427 2.481248948096615 3.260179281234741 2.1114697456359863 0.43978986144065857 2.7789188241025693 1.2421927452087402 1.0573434829711914
43 0.7317667007446289 2.4784150374185763 3.2590036392211914 2.1085829734802246 0.4317982792854309 2.7803594692984213 1.2372914552688599 1.052225112915039
44 0.7325952053070068 2.479547804578413 3.2594916820526123 2.1070101261138916 0.43073570728302 2.7812664235078204 1.2400362491607666 1.0465521812438965
45 0.7350180745124817 2.4586417989223674 3.2596702575683594 2.104055881500244 0.4270733892917633 2.7764243903347476 1.2384518384933472 1.0408445596694946
46 0.733647882938385 2.459954150259314 3.258561134338379 2.103555917739868 0.42423322796821594 2.770053519686665 1.2382338047027588 1.0430694818496704
47 0.7348671555519104 2.465265123082372 3.2594072818756104 2.105116844177246 0.4234146475791931 2.771413581408383 1.2376481294631958 1.046643853187561
48 0.7319698929786682 2.4694887135691133 3.2588255405426025 2.1088485717773438 0.42075687646865845 2.779786411290199 1.2404087781906128 1.063440203666687
49 0.7248299717903137 2.4583722374390833 3.2580153942108154 2.105217456817627 0.4139813482761383 2.7775319859537277 1.2363958358764648 1.0579471588134766
50 0.723239541053772 2.462349091168905 3.255664110183716 2.104830741882324 0.41397824883461 2.7718203346554837 1.2361713647842407 1.0527589321136475
51 0.7165141105651855 2.457024808051422 3.2554514408111572 2.0972132682800293 0.40090832114219666 2.7727132053902848 1.2326405048370361 1.035118818283081
52 0.7308250665664673 2.4561096277149974 3.2601845264434814 2.126286029815674 0.4353181719779968 2.773850014252217 1.2420026063919067 1.0912948846817017
53 0.7370086312294006 2.4040282059511937 3.262084722518921 2.1309421062469482 0.4561895728111267 2.76142217942306 1.2585307359695435 1.086404800415039
54 0.7462868690490723 2.4320298529264845 3.261425733566284 2.1239969730377197 0.44730499386787415 2.765845365015775 1.2444490194320679 1.0809520483016968
55 0.7455602884292603 2.433368980516309 3.2619142532348633 2.1255831718444824 0.4475938379764557 2.766314506516612 1.2458419799804688 1.0846132040023804
56 0.7404145002365112 2.4237523397689413 3.254542112350464 2.1143617630004883 0.4318385124206543 2.768786049574472 1.2484925985336304 1.0641250610351563
57 0.7401003241539001 2.423728039267319 3.25319504737854 2.1142494678497314 0.4313657879829407 2.768746537592976 1.2505439519882202 1.06397545337677
58 0.7401285767555237 2.423404310280391 3.253134250640869 2.1141388416290283 0.4315955340862274 2.7686827593917163 1.2504369020462036 1.063643455505371
59 0.7407961487770081 2.4234039606829505 3.2533323764801025 2.1142024993896484 0.43198153376579285 2.768780675204208 1.2519314289093018 1.0637072324752808
60 0.7410834431648254 2.425180953774696 3.2534945011138916 2.115104913711548 0.4343169033527374 2.767870658436851 1.252424955368042 1.0652912855148315
61 0.737928032875061 2.424467020324812 3.2531917095184326 2.114983081817627 0.4340516924858093 2.7679036812127316 1.2417447566986084 1.065026879310608
62 0.7412673234939575 2.43442318461628 3.2533388137817383 2.1167428493499756 0.43342313170433044 2.767092523707099 1.237308144569397 1.0674293041229248
63 0.7438430190086365 2.4370044859422437 3.254030466079712 2.119117021560669 0.4359245002269745 2.770235202983134 1.258358120918274 1.0704169273376465
64 0.7445734143257141 2.4375650419089325 3.2550909519195557 2.1141905784606934 0.4346505403518677 2.7699226527687397 1.2834168672561646 1.0708495378494263
65 0.7480982542037964 2.4325458149349726 3.255382537841797 2.1105053424835205 0.43258899450302124 2.768266708933249 1.278517246246338 1.06305992603302
66 0.7482156753540039 2.432623023139409 3.255295515060425 2.0832507610321045 0.4327203631401062 2.7682628497424244 1.2808359861373901 1.0924001932144165
67 0.748223602771759 2.4326392802974355 3.256927490234375 2.1016955375671387 0.4327285885810852 2.768306765410684 1.293900489807129 1.1317882537841797
68 0.7473467588424683 2.4303014603298316 3.2558248043060303 2.100310802459717 0.4312390089035034 2.7677081293803614 1.2932837009429932 1.129622459411621
69 0.7470409870147705 2.431695965285949 3.2556660175323486 2.100804090499878 0.43054357171058655 2.7671513964884293 1.2930349111557007 1.1296089887619019
70 0.7452601790428162 2.4327486759597243 3.255282402038574 2.100917339324951 0.4316779673099518 2.766809536314257 1.2961928844451904 1.1183853149414063
71 0.746358335018158 2.4309977884932437 3.2553517818450928 2.1007213592529297 0.432127445936203 2.7666307905490415 1.2962599992752075 1.1175305843353271
72 0.746863842010498 2.431462284171163 3.2552292346954346 2.1240317821502686 0.43433964252471924 2.7667331985443537 1.2941186428070068 1.0884572267532349
73 0.7476559281349182 2.4411112951018343 3.2563247680664063 2.129065990447998 0.4371258020401001 2.771081071868203 1.301562786102295 1.0996153354644775
74 0.7527994513511658 2.3875959877594046 3.2586123943328857 2.134385585784912 0.4467405378818512 2.752532110606793 1.3076996803283691 1.1085890531539917
75 0.7377179861068726 2.378165970029336 3.2566874027252197 2.127197504043579 0.4295397102832794 2.7492604947703065 1.3017264604568481 1.09343421459198
76 0.736043393611908 2.4148103356195985 3.256159782409668 2.128239631652832 0.4292895793914795 2.7637629974753013 1.3046892881393433 1.0962985754013062
77 0.7362068295478821 2.41264020430577 3.2563211917877197 2.1285812854766846 0.43029990792274475 2.7626742281539998 1.3052717447280884 1.0964086055755615
78 0.735421359539032 2.4128873347007387 3.2576558589935303 2.104393720626831 0.4289167821407318 2.7626655040254637 1.3120336532592773 1.0955302715301514
79 0.7359915971755981 2.412918692877827 3.257619619369507 2.1042392253875732 0.42888909578323364 2.7626053263504455 1.3116506338119507 1.0952026844024658
80 0.7256175875663757 2.3963698120745662 3.255932092666626 2.103282928466797 0.4323352873325348 2.757048853102092 1.3162312507629395 1.093180537223816
81 0.7278589606285095 2.3984900560165032 3.2559115886688232 2.1033358573913574 0.4373461604118347 2.759672456100589 1.3170087337493896 1.0940080881118774
82 0.7226743698120117 2.391863071975599 3.2584524154663086 2.1012933254241943 0.4193677306175232 2.760362566167326 1.306705117225647 1.0867881774902344
83 0.7284234166145325 2.3904620146262054 3.257504940032959 2.103257656097412 0.4238632321357727 2.7584072529487687 1.3123544454574585 1.088722586631775
84 0.730040967464447 2.3876239796878345 3.2587547302246094 2.1037557125091553 0.4228086769580841 2.7581294187200167 1.3099278211593628 1.0839143991470337
85 0.7297571301460266 2.3874954496166114 3.2576234340667725 2.0996882915496826 0.4226425588130951 2.7581212883931907 1.3168784379959106 1.0573068857192993
86 0.7298065423965454 2.3873195281952313 3.2576797008514404 2.0967040061950684 0.4227879047393799 2.758156051332132 1.3170186281204224 1.059320092201233
87 0.7277767658233643 2.391308989399543 3.2573070526123047 2.0973684787750244 0.4213571548461914 2.7579362832349927 1.3207541704177856 1.0600323677062988
88 0.727688193321228 2.3916175562766915 3.2572991847991943 2.097402334213257 0.4216780662536621 2.757912935234323 1.320833444595337 1.0600091218948364
89 0.7335686683654785 2.397982204291721 3.2608067989349365 2.0999321937561035 0.4305957853794098 2.761564068285264 1.3278716802597046 1.0661464929580688
90 0.7321820259094238 2.391759591391508 3.2604174613952637 2.0974977016448975 0.4266011714935303 2.760949680270511 1.3243615627288818 1.0633232593536377
91 0.7503167986869812 2.3820876058866878 3.2599027156829834 2.0981104373931885 0.4464987516403198 2.7613207970351596 1.303408145904541 1.0623153448104858
92 0.7499660849571228 2.382970506766667 3.259714365005493 2.0978243350982666 0.44677841663360596 2.7612878800113103 1.3032459020614624 1.0619163513183594
93 0.7516639232635498 2.383602088312125 3.259910821914673 2.0976929664611816 0.45089414715766907 2.7612884727168767 1.3034273386001587 1.062144160270691
94 0.7491452693939209 2.382633485251234 3.2600462436676025 2.0944368839263916 0.4437759816646576 2.761829657423425 1.299316167831421 1.0566900968551636
95 0.7501052021980286 2.381157591038844 3.268980026245117 2.0930581092834473 0.44222381711006165 2.760957176425191 1.2642546892166138 1.0528806447982788
96 0.7523176074028015 2.377961381594825 3.269845724105835 2.0933587551116943 0.4473872482776642 2.7612025932407183 1.2658768892288208 1.0531339645385742
97 0.7103496193885803 2.4097483755939715 3.270246744155884 2.0745372772216797 0.38822054862976074 2.7710589051391112 1.249781608581543 1.026915431022644
98 0.7091165781021118 2.3960895047458024 3.274044990539551 2.0740320682525635 0.39085066318511963 2.7674394025951097 1.21474289894104 1.0232762098312378
99 0.7094008922576904 2.397493640250946 3.2727651596069336 2.0756702423095703 0.3934771418571472 2.765397476005083 1.2124032974243164 1.0289522409439087
100 0.7127639055252075 2.394689255229325 3.2708301544189453 2.0803956985473633 0.4118393361568451 2.7649680394472553 1.2269089221954346 1.039145588874817
101 0.7167688608169556 2.3879277674564894 3.2713470458984375 2.0789296627044678 0.39980626106262207 2.7640467075733324 1.219664454460144 1.042551875114441
102 0.7169841527938843 2.381791269950816 3.2716448307037354 2.0781912803649902 0.3989104926586151 2.763197607011348 1.2199410200119019 1.0402103662490845
103 0.723527193069458 2.383234289723258 3.272487163543701 2.078829288482666 0.4056425392627716 2.765134120469802 1.2196054458618164 1.0428955554962158
104 0.7237275838851929 2.3831123919783743 3.272437810897827 2.078850746154785 0.4058389663696289 2.7648877064877513 1.225691318511963 1.0428911447525024
105 0.7249363660812378 2.3857081954185952 3.2736611366271973 2.0789754390716553 0.4064590632915497 2.763757608945652 1.2309247255325317 1.043262004852295
106 0.7318593859672546 2.4078112303590857 3.2723708152770996 2.079779863357544 0.4124835431575775 2.7610820200704023 1.2319819927215576 1.0429744720458984
107 0.7316333055496216 2.407527898882789 3.2722854614257813 2.079787015914917 0.4121243953704834 2.7606948489930856 1.2311856746673584 1.0425771474838257
108 0.7301503419876099 2.401736656005751 3.2726309299468994 2.078993797302246 0.406936377286911 2.7597433961959585 1.230094313621521 1.0406261682510376
109 0.7292228937149048 2.414013537159358 3.2751808166503906 2.078965425491333 0.4023165702819824 2.7625801800558465 1.2378689050674438 1.0399296283721924
110 0.7295661568641663 2.4148040105427784 3.2751271724700928 2.079510450363159 0.40372130274772644 2.762437024332769 1.2385382652282715 1.04109787940979
111 0.7296240925788879 2.5082646463285503 3.2750532627105713 2.078831195831299 0.4032651484012604 2.7643290096965965 1.2375954389572144 1.0401967763900757
112 0.7220085859298706 2.464791812206832 3.2730844020843506 2.075747013092041 0.39573654532432556 2.7595307042103507 1.2339633703231812 1.0345230102539063
113 0.7251268029212952 2.4637559429211286 3.2743520736694336 2.0769801139831543 0.4025244414806366 2.7588344397438544 1.2365241050720215 1.0367662906646729
114 0.7176529169082642 2.428491937113463 3.273348093032837 2.073537826538086 0.39452698826789856 2.7486232388607097 1.2269970178604126 1.028370976448059
115 0.7159672379493713 2.4330453460154677 3.2689597606658936 2.07234263420105 0.39013993740081787 2.751264898114451 1.2423344850540161 1.0257704257965088
116 0.7159854769706726 2.428458881295227 3.267787456512451 2.084059953689575 0.39099448919296265 2.7502470719943894 1.230967402458191 1.037436604499817
117 0.716041624546051 2.4285433344376157 3.26806378364563 2.0840344429016113 0.39098748564720154 2.7502293870980443 1.2309712171554565 1.037321925163269
118 0.7223818302154541 2.445610170610804 3.2705860137939453 2.079913854598999 0.3825496733188629 2.752426206757781 1.230165719985962 1.025198221206665
119 0.7199573516845703 2.4370911766653807 3.2660093307495117 2.0789077281951904 0.39580926299095154 2.749231795346982 1.240468978881836 1.0359210968017578
120 0.7199870347976685 2.436981559053323 3.2654473781585693 2.0179686546325684 0.3957723081111908 2.7492042236852847 1.2520062923431396 1.1783896684646606
121 0.7185208201408386 2.434838316442811 3.2650465965270996 2.0183608531951904 0.3955370783805847 2.7490481296134592 1.255439043045044 1.1794601678848267
122 0.7185208201408386 2.434838316442811 3.2650465965270996 2.0183608531951904 0.39553704857826233 2.7490480846990937 1.255439043045044 1.1794601678848267
123 0.7159239053726196 2.434054454622873 3.262101650238037 2.0182249546051025 0.388379842042923 2.7486768692454486 1.2361449003219604 1.178119421005249
124 0.7206839323043823 2.433714915450527 3.266118049621582 2.0270118713378906 0.40144822001457214 2.7470972055849203 1.2448331117630005 1.190683364868164
125 0.7280218005180359 2.448110077176815 3.267641305923462 2.0226638317108154 0.3939555585384369 2.748137680662544 1.2166575193405151 1.1801292896270752
126 0.7294906973838806 2.451625446540776 3.271089792251587 2.028029680252075 0.4087355136871338 2.751628374875491 1.2133537530899048 1.191918134689331
127 0.7297589778900146 2.4516514735722166 3.2710745334625244 2.0274505615234375 0.4089191257953644 2.751731386491761 1.2145694494247437 1.1938931941986084
128 0.7410884499549866 2.446950267978112 3.2715139389038086 2.0287768840789795 0.4256647229194641 2.75320692109401 1.2237359285354614 1.1972917318344116
129 0.7410762906074524 2.4470142471526124 3.2703299522399902 2.025261878967285 0.42568671703338623 2.753222357181314 1.216553807258606 1.1830826997756958
130 0.7410756945610046 2.447015745712682 3.2715322971343994 2.0252609252929688 0.42568737268447876 2.7532218955735503 1.2187001705169678 1.183082103729248
131 0.740882396697998 2.4486046198038145 3.2695446014404297 2.017376661300659 0.42656680941581726 2.753291856989372 1.219002604484558 1.180616021156311
132 0.740882396697998 2.4486046198038145 3.270434856414795 2.017376661300659 0.42656680941581726 2.753291856989372 1.2087677717208862 1.180616021156311
133 0.7429131269454956 2.4500543549959732 3.269031047821045 2.017799139022827 0.4322216212749481 2.753980850927546 1.2118183374404907 1.1814770698547363
134 0.7412472367286682 2.458718296207048 3.268836259841919 2.0199294090270996 0.43536123633384705 2.751991166888806 1.215134859085083 1.1870620250701904
135 0.7502313852310181 2.476812526611365 3.269617795944214 2.0184433460235596 0.4461331367492676 2.7562728425757834 1.2216503620147705 1.1826692819595337
136 0.7504391074180603 2.4751828203118866 3.27034854888916 2.0183866024017334 0.44553518295288086 2.75627569441514 1.2247170209884644 1.1827195882797241
137 0.7514101266860962 2.474945161442788 3.2705018520355225 2.0181572437286377 0.44727057218551636 2.756321392469903 1.237560510635376 1.1821755170822144
138 0.7475389838218689 2.4741394803706656 3.268139362335205 2.0115857124328613 0.434272438287735 2.753736609763745 1.2248549461364746 1.168541431427002
139 0.7480050325393677 2.472957126419369 3.268312931060791 2.011514902114868 0.4342387020587921 2.752707282366772 1.2243717908859253 1.1683967113494873
140 0.7462383508682251 2.471889580640385 3.26808500289917 2.0099260807037354 0.4310174882411957 2.752480155240297 1.2239621877670288 1.1659585237503052
141 0.7466107606887817 2.4725744345301477 3.2679827213287354 2.0102996826171875 0.43388447165489197 2.75306559198333 1.227237343788147 1.1669803857803345
142 0.7461960911750793 2.4736122209209683 3.268578052520752 2.013298988342285 0.42508676648139954 2.754776007322692 1.2274872064590454 1.1749205589294434
143 0.7498829960823059 2.4369633843585987 3.2682366371154785 2.0136525630950928 0.42757463455200195 2.7478838143179867 1.2275019884109497 1.1756054162979126
144 0.7380032539367676 2.4294583531712926 3.2659387588500977 2.0120840072631836 0.4194810688495636 2.747014949550512 1.2278655767440796 1.1739938259124756
145 0.7370170950889587 2.4305539230175865 3.266923189163208 2.01249098777771 0.4172685742378235 2.7471874895590997 1.2253080606460571 1.1741204261779785
146 0.7380959391593933 2.434216688747253 3.266401767730713 2.0039308071136475 0.41952618956565857 2.745616608952325 1.2256718873977661 1.1842046976089478
147 0.7405847311019897 2.409212191329045 3.2634599208831787 2.0041325092315674 0.4261123239994049 2.741673536661057 1.2080985307693481 1.1848928928375244
148 0.7386617660522461 2.4181719807340696 3.2630975246429443 2.011727809906006 0.4377664029598236 2.746691106396428 1.209977388381958 1.1994469165802002
149 0.7394827008247375 2.417678844263023 3.2594547271728516 2.0118465423583984 0.4394729733467102 2.74682503529683 1.1975187063217163 1.1997222900390625
150 0.7320154905319214 2.4227344539759037 3.256956100463867 2.0110743045806885 0.42768239974975586 2.7465780718145894 1.188197374343872 1.199553370475769
151 0.7320389747619629 2.422845627530419 3.2569403648376465 2.0110976696014404 0.4277341961860657 2.746580247489704 1.1882221698760986 1.1995787620544434
152 0.7345150113105774 2.4201214848554162 3.2561469078063965 2.0108070373535156 0.43105074763298035 2.750889967536229 1.1807286739349365 1.2000415325164795
153 0.7343398332595825 2.4210440905645854 3.2561655044555664 2.0106282234191895 0.431356281042099 2.7507623166256123 1.1804816722869873 1.2000200748443604
154 0.7364346981048584 2.428949840861974 3.25700306892395 2.01153826713562 0.43244633078575134 2.7522657807807263 1.1817548274993896 1.200905442237854
155 0.7373839616775513 2.4319937420912985 3.2570927143096924 2.012176036834717 0.43765419721603394 2.7535887697904786 1.1949197053909302 1.1979442834854126
156 0.7365244030952454 2.431828025478768 3.2573163509368896 2.0125536918640137 0.43691253662109375 2.754318025108301 1.1971725225448608 1.1992096900939941
157 0.7324303388595581 2.428869082868175 3.2569098472595215 2.0119595527648926 0.43670400977134705 2.754111967825345 1.1981768608093262 1.1985152959823608
158 0.7357226610183716 2.415484420832941 3.25671648979187 2.011474847793579 0.4376676678657532 2.7513953853123674 1.1926575899124146 1.1989511251449585
159 0.7354398369789124 2.414316895367496 3.25715970993042 2.0118916034698486 0.43678945302963257 2.7510774017738946 1.1919293403625488 1.1994503736495972
160 0.7369406223297119 2.4143407924965827 3.2559244632720947 2.0169382095336914 0.4414224922657013 2.749400515965632 1.1738815307617188 1.2027006149291992
161 0.7379463911056519 2.4138347946603336 3.257143497467041 2.0178794860839844 0.44318243861198425 2.7490781752556543 1.1773624420166016 1.2033939361572266
162 0.7359542846679688 2.4147624277378585 3.2580933570861816 2.0079150199890137 0.43271172046661377 2.749243379223572 1.1769402027130127 1.1885100603103638
163 0.7259119153022766 2.4195132279737197 3.2530646324157715 2.0001630783081055 0.4110042154788971 2.751787018064238 1.1568387746810913 1.178977370262146
164 0.7287246584892273 2.42297239516806 3.2576403617858887 2.000361204147339 0.410171240568161 2.7520878236807342 1.1549831628799438 1.1790997982025146
165 0.71933913230896 2.408276449076517 3.266418695449829 1.9969782829284668 0.4003673195838928 2.7457503990349683 1.1695441007614136 1.171560287475586
166 0.7192514538764954 2.4112728240087997 3.266421318054199 1.9974573850631714 0.40143367648124695 2.7452832177498534 1.1673184633255005 1.1722902059555054
167 0.7175468802452087 2.4128975171265616 3.2659826278686523 1.997624397277832 0.40056106448173523 2.745196720709116 1.1716761589050293 1.1725125312805176
168 0.7169325947761536 2.411368300016625 3.266040325164795 1.9976747035980225 0.3975886404514313 2.744797709444578 1.171433925628662 1.1722692251205444
169 0.7169104814529419 2.411336139769793 3.2660369873046875 1.9976717233657837 0.39760056138038635 2.7447897863752395 1.1714195013046265 1.1722480058670044
170 0.7191555500030518 2.4047665617849203 3.267055034637451 1.9981590509414673 0.4052605926990509 2.739594209100234 1.1698522567749023 1.1648390293121338
171 0.7182382941246033 2.4036995642364674 3.26572847366333 2.0141124725341797 0.4041728973388672 2.739332761144574 1.1688967943191528 1.1535933017730713
172 0.7214365005493164 2.399905652335094 3.266843795776367 2.014641523361206 0.40820711851119995 2.7393732771749333 1.169443964958191 1.154071569442749
173 0.7185820937156677 2.4036951762901304 3.2634897232055664 2.016286849975586 0.4086708724498749 2.7378648313601737 1.1683820486068726 1.160178780555725
174 0.719998300075531 2.398199349915593 3.2634665966033936 2.0052943229675293 0.40959975123405457 2.7378011048423465 1.168563961982727 1.1611568927764893
175 0.7209053039550781 2.398658472069561 3.263091564178467 2.0050785541534424 0.41015738248825073 2.7394389830945594 1.1677184104919434 1.1620724201202393
176 0.7309778332710266 2.3813313811737897 3.2639551162719727 2.0114808082580566 0.4216625988483429 2.738811918567533 1.1671823263168335 1.1667535305023193
177 0.7293687462806702 2.3979272258719107 3.2510201930999756 2.0122153759002686 0.41919809579849243 2.7402510168204617 1.220794677734375 1.1685714721679688
178 0.7323580384254456 2.398143226097237 3.2533328533172607 2.013584613800049 0.4254159927368164 2.7410784342858614 1.2350983619689941 1.1703566312789917
179 0.7352182865142822 2.401897333631352 3.2548091411590576 2.0149338245391846 0.42858177423477173 2.7429630421088063 1.2374212741851807 1.1732747554779053
180 0.7329970598220825 2.4095177596338675 3.2539539337158203 2.0143134593963623 0.4255267083644867 2.7431839789401047 1.235435128211975 1.1719017028808594
181 0.733197033405304 2.4089983906964836 3.273345470428467 2.013503313064575 0.4227431118488312 2.743601072434611 1.1954303979873657 1.1679073572158813
182 0.7340681552886963 2.4083273477632074 3.2734577655792236 2.013550281524658 0.42457500100135803 2.7437759647923885 1.19613778591156 1.1680846214294434
183 0.726958692073822 2.411151166376051 3.27473783493042 2.0177366733551025 0.4140852093696594 2.7435491181427505 1.196024775505066 1.1822162866592407
184 0.7243677973747253 2.4681602299479555 3.2730908393859863 2.017970561981201 0.41029706597328186 2.7504915994402874 1.192597508430481 1.182597279548645
185 0.7235725522041321 2.4680395304509 3.271604537963867 2.017838716506958 0.41029030084609985 2.7505333893772206 1.188217043876648 1.182536244392395
186 0.7234135270118713 2.468298269673783 3.27165150642395 2.0183346271514893 0.41078534722328186 2.7504621563962575 1.1880626678466797 1.183018684387207
187 0.7232441306114197 2.4682377138584677 3.276177167892456 2.0183517932891846 0.4104807376861572 2.7504837350803366 1.1452807188034058 1.1830426454544067
188 0.7233805656433105 2.476297330092835 3.2790937423706055 2.018723249435425 0.40925633907318115 2.757777365351837 1.1464580297470093 1.1830986738204956
189 0.7233248353004456 2.476211472872437 3.279074192047119 2.018695116043091 0.40912607312202454 2.7576584350599624 1.1453828811645508 1.1829509735107422
190 0.7216482758522034 2.482481697837624 3.2767059803009033 2.019979476928711 0.40605464577674866 2.757708161315896 1.1667685508728027 1.1848584413528442
191 0.7219311594963074 2.4830694016107433 3.2768290042877197 2.0203065872192383 0.40719226002693176 2.758473411431088 1.1687458753585815 1.1856437921524048
192 0.7216693758964539 2.4825586789071585 3.276339292526245 2.020266056060791 0.4078555107116699 2.7582686013203506 1.1704903841018677 1.1853415966033936
193 0.721724808216095 2.482713312222613 3.276362180709839 2.020211696624756 0.4080130457878113 2.7582832093086664 1.170451283454895 1.185318946838379
194 0.7239072322845459 2.4794907886521766 3.2782230377197266 2.02014422416687 0.41160935163497925 2.7584346202238432 1.1759401559829712 1.185152530670166
195 0.7240716814994812 2.4839388690618738 3.280735492706299 2.0203680992126465 0.40752729773521423 2.7553955487757777 1.1721092462539673 1.1858049631118774
196 0.731863796710968 2.4817005536358483 3.2791173458099365 2.020113229751587 0.4223951995372772 2.755978825428519 1.1739426851272583 1.186456322669983
197 0.7311906218528748 2.483907156199855 3.2786669731140137 2.0203888416290283 0.4225233495235443 2.755994291127316 1.173919439315796 1.1867554187774658
198 0.7265191674232483 2.4804063548602526 3.282259225845337 2.0194876194000244 0.4150047302246094 2.757815241820585 1.1988489627838135 1.1864873170852661
199 0.7259071469306946 2.478471061499012 3.2822351455688477 2.01942777633667 0.41389000415802 2.7576976160691142 1.2123351097106934 1.1867012977600098
200 0.7266747355461121 2.4788931198214383 3.282557964324951 2.019340991973877 0.41171780228614807 2.7578781293221195 1.2118088006973267 1.1868253946304321
201 0.7266913056373596 2.4789846489389182 3.282310724258423 2.0188300609588623 0.41186055541038513 2.7579186982715775 1.2173782587051392 1.187078833580017
202 0.7270366549491882 2.480713527653343 3.2816691398620605 2.0191657543182373 0.41386061906814575 2.757850860079425 1.2172083854675293 1.18729567527771
203 0.7404613494873047 2.4790890652076807 3.2813425064086914 2.014967203140259 0.42766502499580383 2.757901604049832 1.2165534496307373 1.1649672985076904
204 0.7404613494873047 2.4790890652076807 3.281437397003174 2.014967203140259 0.42766502499580383 2.757901604049832 1.2167950868606567 1.1649672985076904
205 0.747130811214447 2.483163052798542 3.280988931655884 2.0158965587615967 0.43957895040512085 2.7585651318854203 1.21816086769104 1.1557599306106567
206 0.7481972575187683 2.4821905515674128 3.281092882156372 2.0158262252807617 0.4402554929256439 2.758597847210094 1.2181715965270996 1.1556349992752075
207 0.7483594417572021 2.4765886621799154 3.2820537090301514 2.0141165256500244 0.4374004900455475 2.7592066011351464 1.2176836729049683 1.1501749753952026
208 0.7499052882194519 2.476398403233471 3.2835757732391357 2.0142314434051514 0.438027024269104 2.759254720515997 1.2119096517562866 1.150132417678833
209 0.7509579658508301 2.4738022831824376 3.281933307647705 2.013082981109619 0.4378693103790283 2.758036910227778 1.215416431427002 1.1489843130111694
210 0.752930760383606 2.473524426828735 3.282576560974121 2.0150458812713623 0.43879950046539307 2.758119039973945 1.2152690887451172 1.1532864570617676
211 0.7528876662254333 2.473500065876863 3.2824933528900146 2.015068292617798 0.43886488676071167 2.7581358149768453 1.2153701782226563 1.1533278226852417
212 0.7522353529930115 2.5048046002839914 3.2839837074279785 2.0154709815979004 0.43818920850753784 2.7607518924987775 1.2194271087646484 1.1561812162399292
213 0.7525110840797424 2.504882703389402 3.2840681076049805 2.0153822898864746 0.43792039155960083 2.76073761331874 1.1876885890960693 1.156125545501709
214 0.7543947100639343 2.5029735783957507 3.2841973304748535 2.0154922008514404 0.43783038854599 2.7610177378032414 1.1885594129562378 1.1564143896102905
215 0.7549538016319275 2.5014660844480505 3.2842726707458496 2.0154366493225098 0.4385548532009125 2.760802903835823 1.1882637739181519 1.1558971405029297
216 0.7575480341911316 2.4914689647084254 3.2850492000579834 2.012831926345825 0.4343745708465576 2.762183836672088 1.1831763982772827 1.148592472076416
217 0.7539169192314148 2.492200097766107 3.2838034629821777 2.0119881629943848 0.4272114932537079 2.762365865960599 1.1780200004577637 1.1469900608062744
218 0.7480304837226868 2.483413681262668 3.284510374069214 2.011364459991455 0.41785046458244324 2.765473200873031 1.1757935285568237 1.147188663482666
219 0.7481117844581604 2.487592078632377 3.285902976989746 2.0128393173217773 0.41698989272117615 2.7653240190435127 1.18040132522583 1.1495932340621948
220 0.7468612194061279 2.4919152705916567 3.285964250564575 2.012507438659668 0.4211074113845825 2.768658935454106 1.1841013431549072 1.1516083478927612
221 0.7464209198951721 2.531822196396379 3.287384033203125 2.011741876602173 0.4216237962245941 2.785072631254926 1.189051866531372 1.14943265914917
222 0.7484038472175598 2.531268184523157 3.2872884273529053 2.0120277404785156 0.42410215735435486 2.785507521881639 1.1873185634613037 1.1497045755386353
223 0.7481461763381958 2.5297606289152026 3.287989616394043 2.011566638946533 0.421620637178421 2.784301257370125 1.218045949935913 1.1485486030578613
224 0.7481151223182678 2.5296092835658377 3.2879998683929443 2.011258363723755 0.4213605225086212 2.784341463351997 1.2177280187606812 1.1477832794189453
225 0.7471081018447876 2.528349781962615 3.288139820098877 2.011125326156616 0.41932204365730286 2.7842874821168544 1.2104101181030273 1.1477391719818115
226 0.7446872591972351 2.525576186425376 3.2882919311523438 2.010680913925171 0.4152659475803375 2.7840108654435753 1.2094866037368774 1.1463340520858765
227 0.7426887154579163 2.5234039473134082 3.283043146133423 2.0104992389678955 0.4138268530368805 2.784115312592309 1.2318216562271118 1.1457442045211792
228 0.7415799498558044 2.541608117235073 3.2831690311431885 2.0103836059570313 0.4124974012374878 2.7738153250395037 1.2302390336990356 1.1457020044326782
229 0.7417563796043396 2.5417481952501815 3.2833096981048584 2.011324882507324 0.4134191572666168 2.7740869330371134 1.2317098379135132 1.1463172435760498
230 0.7435579299926758 2.542917933846731 3.2837302684783936 2.011030435562134 0.41526558995246887 2.778831250415932 1.2322916984558105 1.1459991931915283
231 0.7435579299926758 2.542917933846731 3.283583402633667 2.012075185775757 0.41526558995246887 2.778831250415932 1.235044240951538 1.1781426668167114
232 0.745577871799469 2.543626049045424 3.2831943035125732 2.0124495029449463 0.41747963428497314 2.7788934151171816 1.2357341051101685 1.178578495979309
233 0.7454026341438293 2.5466918527033635 3.284048318862915 2.0128226280212402 0.42150241136550903 2.7817886463435206 1.2445805072784424 1.1777739524841309
234 0.7466697096824646 2.5478879280546756 3.284111976623535 2.0118682384490967 0.4215645492076874 2.7822139023135035 1.2446098327636719 1.1752561330795288
235 0.7467080950737 2.548193045135508 3.2841053009033203 2.011870861053467 0.421596497297287 2.7822806978288024 1.2446668148040771 1.1753495931625366
236 0.7442272305488586 2.5427398675280974 3.2841360569000244 2.0131847858428955 0.41450035572052 2.7799058691174694 1.237870454788208 1.1792166233062744
237 0.7442053556442261 2.5428730873274894 3.284177541732788 2.0126571655273438 0.4123927652835846 2.781853532146476 1.2379215955734253 1.178351879119873
238 0.743129551410675 2.5584518062925112 3.2835967540740967 2.010528326034546 0.40484869480133057 2.7931225332098055 1.2445616722106934 1.1796391010284424
239 0.7432247996330261 2.5600683371869852 3.283423900604248 2.025454044342041 0.40789595246315 2.7941980946875016 1.2451393604278564 1.1852571964263916
240 0.7447821497917175 2.563803991752315 3.2838830947875977 2.025667428970337 0.40915435552597046 2.799682586996287 1.247196912765503 1.1855543851852417
241 0.7443668842315674 2.563428216769105 3.2829854488372803 2.025395154953003 0.40857067704200745 2.799343229809966 1.2491670846939087 1.184988021850586
242 0.7446527481079102 2.5635978196900995 3.2826459407806396 2.025428056716919 0.40880754590034485 2.799314755723052 1.2447704076766968 1.1849884986877441
243 0.7580099105834961 2.5577538040823407 3.289576530456543 2.036668539047241 0.4335058033466339 2.8007686211648717 1.260669231414795 1.1991151571273804
244 0.7580374479293823 2.5577585698424805 3.2891597747802734 2.0366568565368652 0.4335412085056305 2.8007690476293514 1.2574434280395508 1.1991084814071655
245 0.7665916681289673 2.558599137938835 3.2885661125183105 2.0364623069763184 0.4497049152851105 2.800017126821201 1.2581523656845093 1.1992406845092773
246 0.7671188116073608 2.5577913896712663 3.2897515296936035 2.036242723464966 0.4498263895511627 2.7990338942968807 1.259630799293518 1.1976021528244019
247 0.7671188116073608 2.5577913896712663 3.289149284362793 2.0374386310577393 0.4498263895511627 2.7990338942968807 1.2601429224014282 1.1993539333343506
248 0.7722547650337219 2.5594746050180066 3.2872915267944336 2.03818941116333 0.45751720666885376 2.7977833359999 1.2609589099884033 1.1988776922225952
249 0.7722538113594055 2.5600564270098403 3.2875401973724365 2.038227081298828 0.4547733962535858 2.7962786524311425 1.2593612670898438 1.1984765529632568
250 0.7732918858528137 2.5617895122438994 3.28762149810791 2.0380969047546387 0.4522986114025116 2.7988647446219233 1.2575831413269043 1.1985150575637817
251 0.7682434320449829 2.561769162733444 3.2876288890838623 2.036743640899658 0.44520679116249084 2.7985281284720394 1.255813717842102 1.196403980255127
252 0.7671898603439331 2.5624821606837203 3.2864983081817627 2.036827802658081 0.4444795548915863 2.79852132611542 1.2608563899993896 1.1967328786849976
253 0.7669435143470764 2.786781720426006 3.2862212657928467 2.035653591156006 0.44671353697776794 2.835247581098318 1.2657907009124756 1.1948803663253784
254 0.7602604627609253 2.7872913096485035 3.282200574874878 2.0364580154418945 0.44079986214637756 2.834783658051393 1.258240818977356 1.204378604888916
255 0.7583934664726257 2.7837061626735373 3.282541036605835 2.035921096801758 0.4386763572692871 2.8339243459113184 1.2586338520050049 1.2035198211669922
256 0.7556850910186768 2.6726004841971256 3.2823448181152344 2.0360066890716553 0.4368358552455902 2.7926347304117902 1.2657837867736816 1.2032748460769653
257 0.757729172706604 2.674927253874407 3.2818119525909424 2.0304410457611084 0.44035038352012634 2.793700184555027 1.2641403675079346 1.1876165866851807
258 0.757997453212738 2.6739295447487113 3.2793636322021484 2.0311965942382813 0.44162458181381226 2.793544387798414 1.2572193145751953 1.1883028745651245
259 0.7622411847114563 2.6743416996900637 3.27913761138916 2.0278244018554688 0.4412638545036316 2.7946366886817917 1.2516809701919556 1.1808818578720093
260 0.7674815058708191 2.6780508689172384 3.2821247577667236 2.0307860374450684 0.44650983810424805 2.7981756560318027 1.2746161222457886 1.186842679977417
261 0.7670584321022034 2.677701982749604 3.2817864418029785 2.0306553840637207 0.44690603017807007 2.798031012769293 1.2754799127578735 1.186415195465088
262 0.7668927907943726 2.6777935010484946 3.2818124294281006 2.030592918395996 0.44656795263290405 2.7980396818354145 1.2753350734710693 1.1864221096038818
263 0.7614914178848267 2.6812524998698066 3.28183650970459 2.027315139770508 0.43623971939086914 2.800374692371328 1.2707133293151855 1.1821008920669556
264 0.7553275227546692 2.6818367401355605 3.282762289047241 2.022709608078003 0.43026018142700195 2.802746682976053 1.2679609060287476 1.1649945974349976
265 0.7542747855186462 2.685284410794363 3.2826590538024902 2.02270245552063 0.42938870191574097 2.827267537536385 1.271445631980896 1.1649980545043945
266 0.7553974390029907 2.684530753734869 3.2826826572418213 2.0227715969085693 0.43049851059913635 2.827286848211762 1.2715494632720947 1.1650094985961914
267 0.7557709813117981 2.6845704563366963 3.2829926013946533 2.0233051776885986 0.4304862916469574 2.827240613898928 1.2709367275238037 1.1597844362258911
268 0.7557709813117981 2.6845704563366963 3.2829926013946533 2.0233051776885986 0.4304862916469574 2.827240613898928 1.2709367275238037 1.1597844362258911
269 0.7545508146286011 2.68673570156409 3.281888961791992 2.023768186569214 0.43148767948150635 2.828303337057097 1.2736053466796875 1.1607745885849
270 0.7373964190483093 2.693958108350739 3.281851053237915 2.0227603912353516 0.4009496867656708 2.82871230445507 1.262607455253601 1.1581982374191284
271 0.736129879951477 2.694026213503026 3.279859781265259 2.0225613117218018 0.39947617053985596 2.8286880549472366 1.2597723007202148 1.158209204673767
272 0.7351163625717163 2.6955679770756684 3.279703378677368 2.0227510929107666 0.39813232421875 2.829148798409654 1.2605546712875366 1.1589542627334595
273 0.7378842830657959 2.6973169399639256 3.2789735794067383 2.023588180541992 0.40137648582458496 2.8308206854285203 1.262416958808899 1.1603829860687256
274 0.7375625967979431 2.6972026599345806 3.2784931659698486 2.0236997604370117 0.40062299370765686 2.8303239281068246 1.2738559246063232 1.1650816202163696
275 0.7372639775276184 2.6960654624091593 3.27958345413208 2.029653310775757 0.3973190486431122 2.8300624088351904 1.2738803625106812 1.1724504232406616
276 0.7374609112739563 2.7129831978575423 3.2785558700561523 2.0299112796783447 0.3980000615119934 2.8282688462236174 1.273660659790039 1.1727406978607178
277 0.7383179664611816 2.712932635081036 3.2791106700897217 2.02998685836792 0.39890944957733154 2.828086859392915 1.275766134262085 1.1726036071777344
278 0.7370438575744629 2.7026898264568016 3.278468132019043 2.0297019481658936 0.39719319343566895 2.827222242316636 1.2756942510604858 1.172572135925293
279 0.731743574142456 2.6974722025161673 3.279198408126831 2.0298399925231934 0.39765751361846924 2.8390075743499583 1.280366063117981 1.1749342679977417
280 0.7236441373825073 2.6808952201714957 3.2800610065460205 2.0269834995269775 0.3870747685432434 2.831918978873155 1.2743746042251587 1.1711965799331665
281 0.731490969657898 2.699774509212229 3.282459020614624 2.0295305252075195 0.3914337456226349 2.837492675253813 1.278166651725769 1.1737875938415527
282 0.7276802659034729 2.74845829340702 3.2813639640808105 2.0269253253936768 0.38588130474090576 2.8492006692507243 1.2738685607910156 1.1720554828643799
283 0.7275379300117493 2.751487905418038 3.2813453674316406 2.027230978012085 0.386477530002594 2.8489723998860894 1.2738114595413208 1.17219877243042
284 0.7339128851890564 2.751370812151214 3.278731107711792 2.027111768722534 0.3951902985572815 2.845868175390218 1.2730636596679688 1.169210433959961
285 0.7396358251571655 2.7466659977828543 3.2802517414093018 2.0277438163757324 0.40037721395492554 2.8459556792109812 1.2775856256484985 1.169599175453186
286 0.7379987835884094 2.7589913768829724 3.2776007652282715 2.027900218963623 0.39193058013916016 2.8466928453639464 1.2740552425384521 1.167922019958496
287 0.7387174367904663 2.7586860671560753 3.2775027751922607 2.027921199798584 0.3917280435562134 2.8467716059648107 1.2741230726242065 1.1679307222366333
288 0.7446401119232178 2.7549496829558455 3.277987241744995 2.0290884971618652 0.3984404504299164 2.846542763650146 1.2740859985351563 1.1693075895309448
289 0.7359039783477783 2.752743153721527 3.2807581424713135 2.027280807495117 0.3875788450241089 2.8449324650319245 1.2716031074523926 1.1687710285186768
290 0.7352859973907471 2.7468072469699134 3.279560089111328 2.0278074741363525 0.3895556628704071 2.8421159310640842 1.2748191356658936 1.1687535047531128
291 0.7357630133628845 2.746834008703737 3.279569387435913 2.0278115272521973 0.38991448283195496 2.842131080434125 1.2748255729675293 1.168768048286438
292 0.7344661355018616 2.7466267158759 3.2785236835479736 2.028357744216919 0.38722702860832214 2.8415257454513947 1.2746644020080566 1.1806155443191528
293 0.7342501878738403 2.746811647937552 3.2786710262298584 2.0283987522125244 0.3865707516670227 2.841612618219613 1.2748756408691406 1.1807835102081299
294 0.7365899682044983 2.738806469212094 3.2783162593841553 2.0086557865142822 0.3857910633087158 2.840670532160962 1.2731237411499023 1.1743723154067993
295 0.7365210652351379 2.737327310151219 3.278362512588501 2.0085527896881104 0.38544949889183044 2.840695041501757 1.2727437019348145 1.1740387678146362
296 0.7369830012321472 2.734088909016061 3.27858304977417 2.0083653926849365 0.3839488625526428 2.8391423108217 1.2675665616989136 1.1729259490966797
297 0.7342650294303894 2.7273541862874566 3.2787444591522217 2.008568286895752 0.3860657811164856 2.8386826734224853 1.2666962146759033 1.161662220954895
298 0.7399198412895203 2.734626151572875 3.277754306793213 2.008251190185547 0.39153289794921875 2.839625084748563 1.2666378021240234 1.1582952737808228
299 0.7405651211738586 2.7336777513614283 3.2777624130249023 2.0076167583465576 0.392553448677063 2.8393167296172397 1.2663824558258057 1.1575744152069092
300 0.7391285300254822 2.733224717548828 3.2778894901275635 2.0074539184570313 0.3888922929763794 2.8393193782705923 1.2549092769622803 1.1570061445236206
301 0.738900363445282 2.7324485780875465 3.2779600620269775 2.0108134746551514 0.38925817608833313 2.838167251663989 1.2542271614074707 1.1619648933410645
302 0.7380205988883972 2.724993313469665 3.2773184776306152 2.011397123336792 0.39189839363098145 2.840152700354353 1.255345106124878 1.1623430252075195
303 0.7377233505249023 2.74427884822445 3.2762091159820557 2.0171959400177 0.4048093855381012 2.837173229214018 1.264216423034668 1.174404263496399
304 0.7390590906143188 2.744980620615378 3.276045560836792 2.0179216861724854 0.4062933027744293 2.8376903687788597 1.2685922384262085 1.1751447916030884
305 0.7386685609817505 2.7437344753181727 3.27777361869812 2.017909049987793 0.40658167004585266 2.8370592450185175 1.2679535150527954 1.1745152473449707
306 0.73891681432724 2.744846468570957 3.2765045166015625 2.017723321914673 0.4060839116573334 2.838156789584029 1.2541364431381226 1.1740138530731201
307 0.7433880567550659 2.6983055767958666 3.2777633666992188 2.020364284515381 0.41062700748443604 2.7968357693090415 1.2506386041641235 1.1791126728057861
308 0.7433667182922363 2.697146424211399 3.277763605117798 2.020364284515381 0.41061997413635254 2.7955712722227233 1.2504521608352661 1.179112434387207
309 0.7443660497665405 2.68821214336403 3.2772834300994873 2.0249178409576416 0.4153311848640442 2.7898441752385446 1.2560293674468994 1.1880996227264404
310 0.7448593974113464 2.6872245989546046 3.277377128601074 2.0248591899871826 0.41648149490356445 2.7898117443084534 1.2562377452850342 1.187902569770813
311 0.7461866736412048 2.6882763304547184 3.2773711681365967 2.0248935222625732 0.4182979166507721 2.7905130691127105 1.2575372457504272 1.1900287866592407
312 0.7456815242767334 2.6869512995151315 3.277751922607422 2.023104190826416 0.4151771366596222 2.789228068480071 1.2512725591659546 1.1860401630401611
313 0.7487162351608276 2.6798156081345357 3.2801616191864014 2.020023822784424 0.4096778929233551 2.791088567412466 1.2426695823669434 1.1768524646759033
314 0.7483571171760559 2.6813172482608847 3.280306100845337 2.021536111831665 0.40976691246032715 2.791637454695147 1.2441413402557373 1.1788884401321411
315 0.745604395866394 2.6713149397244544 3.2815206050872803 2.02067494392395 0.3987998366355896 2.7869905095949132 1.2392361164093018 1.1806409358978271
316 0.7461135983467102 2.714681359213523 3.280447483062744 2.020784616470337 0.4006992280483246 2.840470378294951 1.2465977668762207 1.1799300909042358
317 0.7523155808448792 2.7070358417545046 3.281620740890503 2.0246386528015137 0.41000601649284363 2.8347657403470587 1.2522704601287842 1.1840964555740356
318 0.7498800754547119 2.6984437356906366 3.279916286468506 2.0258004665374756 0.40442216396331787 2.82975937093715 1.24957275390625 1.1899070739746094
319 0.7441717982292175 2.7058469510063925 3.2807013988494873 2.025280237197876 0.3996173143386841 2.8320417231043975 1.2601267099380493 1.1906070709228516
320 0.7373459339141846 2.7127969300473262 3.2774691581726074 2.0228378772735596 0.3924550712108612 2.8347635887669607 1.249485731124878 1.1883442401885986
321 0.7380477786064148 2.7084759854886524 3.277589797973633 2.022550106048584 0.39052513241767883 2.8341716845154497 1.2482738494873047 1.1868088245391846
322 0.7378184795379639 2.7096551733168996 3.2776007652282715 2.0229432582855225 0.39339715242385864 2.834755672845419 1.2490127086639404 1.1873975992202759
323 0.7334380745887756 2.697620114281052 3.2773988246917725 2.0188393592834473 0.38477474451065063 2.8283935352197767 1.2440937757492065 1.1802619695663452
324 0.7333823442459106 2.697837783319697 3.276787042617798 2.0188589096069336 0.3846448063850403 2.828504041698999 1.2431752681732178 1.1803587675094604
325 0.7353715896606445 2.696688688990574 3.277726411819458 2.0200917720794678 0.3876464366912842 2.827455337016042 1.2448042631149292 1.1815214157104492
326 0.735123872756958 2.6977929038517123 3.2778146266937256 2.020008087158203 0.38593268394470215 2.8271568527802398 1.2439703941345215 1.1809073686599731
327 0.7446799874305725 2.6593734023113327 3.2774224281311035 2.019163131713867 0.40805506706237793 2.8113546034199435 1.2497307062149048 1.1745634078979492
328 0.7446881532669067 2.6340331036974085 3.2774202823638916 2.01937198638916 0.40819770097732544 2.7910460562989825 1.2468516826629639 1.1746878623962402
329 0.7433858513832092 2.6349371291002983 3.2761342525482178 2.008413791656494 0.40628674626350403 2.791161584951017 1.2416383028030396 1.1537251472473145
330 0.7424418926239014 2.615299072793347 3.275624990463257 2.0078301429748535 0.40735286474227905 2.7864606336756843 1.2385480403900146 1.1521477699279785
331 0.7403252720832825 2.7366577635645153 3.275283098220825 2.0077035427093506 0.4061717391014099 2.812271346928219 1.2420172691345215 1.1522884368896484
332 0.7311788201332092 2.7323548452786026 3.27459454536438 2.0075087547302246 0.4036432206630707 2.8139715841535895 1.2466378211975098 1.1540491580963135
333 0.7470611929893494 2.7267648638026096 3.2798123359680176 2.0145723819732666 0.416840523481369 2.8055428918522893 1.2586010694503784 1.1717413663864136
334 0.7401187419891357 2.724832512819719 3.278951406478882 2.015239953994751 0.419497013092041 2.8052070485387315 1.2477933168411255 1.1709280014038086
335 0.7405930161476135 2.7245830577419756 3.278939962387085 2.0155904293060303 0.42025360465049744 2.8051457933013544 1.248026967048645 1.171410083770752
336 0.7374815344810486 2.714293872415487 3.278498649597168 2.0138838291168213 0.4108279347419739 2.8007231416149003 1.2449841499328613 1.1642093658447266
337 0.7452108860015869 2.7150114876824425 3.280019998550415 2.014291524887085 0.4137203097343445 2.8008251618310536 1.2429664134979248 1.16451895236969
338 0.7455954551696777 2.7150896846662897 3.2796778678894043 2.014538049697876 0.4159702658653259 2.8265663550897813 1.2473349571228027 1.1648452281951904
339 0.7455931901931763 2.7151058142342 3.279802083969116 2.015540599822998 0.416267991065979 2.8266155941500157 1.2478185892105103 1.1669964790344238
340 0.7432123422622681 2.6999766208341103 3.280385971069336 2.0142836570739746 0.4149979054927826 2.8236329862100584 1.2454495429992676 1.1635053157806396
341 0.7415357232093811 2.6988579090761284 3.280313491821289 2.0150132179260254 0.41186097264289856 2.8245531479517316 1.2508463859558105 1.1641902923583984
342 0.7405411601066589 2.692543032740904 3.280062198638916 2.0148239135742188 0.4109591543674469 2.8230584222517194 1.2497471570968628 1.1633986234664917
343 0.7428388595581055 2.7044091383222515 3.281012773513794 2.017000675201416 0.41961410641670227 2.821065385699126 1.253130555152893 1.1640098094940186
344 0.7399142980575562 2.7639715543767505 3.2809832096099854 2.016613245010376 0.41360384225845337 2.828210992859152 1.2547614574432373 1.161726951599121
345 0.7455928921699524 2.763826946886918 3.2810423374176025 2.020042896270752 0.42662665247917175 2.8289576154651717 1.2589802742004395 1.1649067401885986
346 0.7445740103721619 2.7438862063670104 3.279920816421509 2.0171053409576416 0.4199376702308655 2.830264008393736 1.2491034269332886 1.1527385711669922
347 0.7310959696769714 2.735284353221879 3.282888174057007 2.011688232421875 0.3945601284503937 2.82629281487742 1.242488980293274 1.1521875858306885
348 0.7306578755378723 2.734998832107787 3.2828476428985596 2.0116524696350098 0.3944114148616791 2.8261467621078884 1.2425954341888428 1.1521910429000854
349 0.728916347026825 2.7267713043462027 3.2828316688537598 2.0143866539001465 0.39063403010368347 2.824090476547167 1.2429883480072021 1.1577068567276
350 0.7298215627670288 2.7133827038958946 3.2820849418640137 2.0172247886657715 0.38919469714164734 2.8004428869352473 1.248546838760376 1.1625765562057495
351 0.7362976670265198 2.7264238434605508 3.285304069519043 2.023765802383423 0.398978590965271 2.80912138426287 1.2518341541290283 1.1716892719268799
352 0.7353532910346985 2.7269420075193094 3.287085771560669 2.0492866039276123 0.39901819825172424 2.809027219729587 1.2582576274871826 1.1771544218063354
353 0.7342485785484314 2.731059146108432 3.2869138717651367 2.049499034881592 0.39916571974754333 2.8101978748375536 1.2604305744171143 1.1789188385009766
354 0.7347656488418579 2.730497385677956 3.2862954139709473 2.049896717071533 0.3992660939693451 2.8102077091918254 1.2722951173782349 1.178938627243042
355 0.7358177900314331 2.6792338205827857 3.2876431941986084 2.049973726272583 0.4007619023323059 2.8178313801411687 1.2766592502593994 1.1789429187774658
356 0.7325630784034729 2.6579259964927897 3.287930488586426 2.0494589805603027 0.3975232243537903 2.801142819491417 1.2731865644454956 1.1781302690505981
357 0.7316009998321533 2.674314296956117 3.2837350368499756 2.0451135635375977 0.38625478744506836 2.8031280770124636 1.260411024093628 1.1708937883377075
358 0.7324290871620178 2.672145617071294 3.283454179763794 2.0451955795288086 0.38727572560310364 2.802866356099408 1.260636329650879 1.170900583267212
359 0.7373256087303162 2.690719035915009 3.283067464828491 2.0493457317352295 0.39608070254325867 2.8102096178256875 1.2647441625595093 1.1755940914154053
360 0.7406861782073975 2.6946102616336156 3.284386396408081 2.050031900405884 0.39910393953323364 2.80403396472124 1.2618210315704346 1.1752091646194458
361 0.7399994730949402 2.680270747552933 3.2845535278320313 2.0501153469085693 0.3972483277320862 2.8000001782032404 1.2595776319503784 1.1733883619308472
362 0.7399978637695313 2.6504254071836546 3.2845659255981445 2.0501298904418945 0.39734748005867004 2.819388953372863 1.2624529600143433 1.1734511852264404
363 0.7220630049705505 2.6759945130156404 3.2801032066345215 2.036573886871338 0.3837117552757263 2.810771348431124 1.2471234798431396 1.146041989326477
364 0.7236582040786743 2.6816618132315195 3.2838876247406006 2.0372085571289063 0.3845119774341583 2.8132395422331444 1.2661296129226685 1.1513493061065674
365 0.7237972021102905 2.6820973396389745 3.2838668823242188 2.03720760345459 0.38458552956581116 2.8132710128571525 1.2661404609680176 1.1513828039169312
366 0.7232136130332947 2.7740635311338124 3.284858226776123 2.037224292755127 0.3841955065727234 2.836375147990203 1.2679617404937744 1.1515142917633057
367 0.7205615639686584 2.746846271493443 3.2813801765441895 2.0368685722351074 0.3817281424999237 2.8125201271965325 1.259913682937622 1.1516430377960205
368 0.719067394733429 2.7481855440653695 3.2812345027923584 2.0368103981018066 0.380562424659729 2.812584670315779 1.2597576379776 1.1515519618988037
369 0.7177528738975525 2.7661839182389096 3.2815754413604736 2.0375449657440186 0.37982073426246643 2.8163808687200036 1.2617255449295044 1.154189109802246
370 0.7180327773094177 2.766160229223617 3.2826993465423584 2.0322749614715576 0.3793175518512726 2.817119546192621 1.2608678340911865 1.1469839811325073
371 0.7188157439231873 2.76559384081736 3.2827298641204834 2.0321900844573975 0.37900009751319885 2.817184873960072 1.2609425783157349 1.147189736366272
372 0.7166975140571594 2.7664118858506077 3.2816617488861084 2.0288305282592773 0.37425312399864197 2.8184592882137385 1.2587913274765015 1.1421644687652588
373 0.716446578502655 2.7668064408968154 3.2816550731658936 2.028836250305176 0.3737054467201233 2.818567976869925 1.2587648630142212 1.1422014236450195
374 0.7162705063819885 2.6245560036659366 3.2822866439819336 2.029534339904785 0.3729114532470703 2.7623158914461534 1.2623138427734375 1.1437965631484985
375 0.7152495384216309 2.65306783872667 3.2819015979766846 2.0296835899353027 0.37278512120246887 2.7967418349046027 1.2673497200012207 1.1437504291534424
376 0.7153276801109314 2.6590857367248906 3.2817718982696533 2.0301146507263184 0.37305596470832825 2.800665707219854 1.268898606300354 1.1453322172164917
377 0.7242088317871094 2.6732283620946635 3.2841074466705322 2.032735824584961 0.37888795137405396 2.8056906692583317 1.271772027015686 1.1490994691848755
378 0.7207490801811218 2.6618202113123766 3.2844386100769043 2.0315678119659424 0.3721057176589966 2.80462959055732 1.270677924156189 1.1497676372528076
379 0.7219564318656921 2.6631189169719267 3.285494565963745 2.029402494430542 0.3675353229045868 2.8093698979800887 1.2680919170379639 1.1448466777801514
380 0.7244160175323486 2.681495716083536 3.284566640853882 2.0311172008514404 0.3706049621105194 2.814858847816985 1.2711467742919922 1.1486231088638306
381 0.7208376526832581 2.6794973789379344 3.2842836380004883 2.0309433937072754 0.36842039227485657 2.8140965842096755 1.2718356847763062 1.1491138935089111
382 0.7205768823623657 2.680864858673596 3.2838797569274902 2.0314462184906006 0.369166761636734 2.814628003541087 1.2722841501235962 1.1496950387954712
383 0.7201711535453796 2.681575249858499 3.2839996814727783 2.0314888954162598 0.3696269989013672 2.8146471486600615 1.2718838453292847 1.1496210098266602
384 0.7201711535453796 2.681575249858499 3.2807390689849854 2.0314888954162598 0.3696269989013672 2.8146471486600615 1.2575169801712036 1.1496210098266602
385 0.7216339111328125 2.6817208990079733 3.2807772159576416 2.0314583778381348 0.3694744110107422 2.8146689264074416 1.2573761940002441 1.1495670080184937
386 0.7334341406822205 2.685562394786908 3.2793474197387695 2.0320191383361816 0.3815576136112213 2.8126382549207474 1.2569406032562256 1.1477442979812622
387 0.7304580807685852 2.689608336464182 3.278935432434082 2.0314807891845703 0.38090428709983826 2.81249428745905 1.2557231187820435 1.147063136100769
388 0.7298426628112793 2.6885737196682653 3.2789108753204346 2.0331408977508545 0.38302382826805115 2.813513227816288 1.2577197551727295 1.1480813026428223
389 0.7303127646446228 2.686358084850808 3.2799060344696045 2.032846212387085 0.38577479124069214 2.8115945098379638 1.259810447692871 1.1465258598327637
390 0.7315499782562256 2.685293861709065 3.2801015377044678 2.0326852798461914 0.38713520765304565 2.8112648144692245 1.259626865386963 1.1462796926498413
391 0.7311629056930542 2.676241605402837 3.2792768478393555 2.0308151245117188 0.3866981267929077 2.806372127024852 1.2493321895599365 1.1424167156219482
392 0.7309888601303101 2.6770965249126597 3.278970241546631 2.0314581394195557 0.38895249366760254 2.806594116494966 1.2497555017471313 1.1441315412521362
393 0.7302122712135315 2.6748237086070596 3.2786550521850586 2.0304665565490723 0.3866625428199768 2.8045187087943253 1.2480840682983398 1.1428335905075073
394 0.730414092540741 2.6746910753949127 3.2786519527435303 2.030747890472412 0.38626745343208313 2.8049050171271066 1.2481354475021362 1.1430021524429321
395 0.7330390214920044 2.6762914701540863 3.2791707515716553 2.0304298400878906 0.38806062936782837 2.804413953541781 1.2479346990585327 1.1428859233856201
396 0.7331382632255554 2.6752917798119227 3.2776038646698 2.030008554458618 0.3875121474266052 2.8036941690028305 1.2467926740646362 1.142109990119934
397 0.7331382632255554 2.6752917798119227 3.2776038646698 2.030008554458618 0.3875121474266052 2.8036941690028305 1.2467926740646362 1.142109990119934
398 0.7302547097206116 2.674088169762832 3.2751331329345703 2.030179977416992 0.3834930956363678 2.803302745487296 1.2473489046096802 1.1434017419815063
399 0.7310219407081604 2.674029031224659 3.2754008769989014 2.030323028564453 0.3850901126861572 2.8033275075859025 1.2341004610061646 1.1435655355453491
400 0.7385474443435669 2.673428112108268 3.2747676372528076 2.037116765975952 0.3998205065727234 2.802802041276446 1.2254137992858887 1.1526014804840088
