init 1.2523988485336304 8.323563298692033 3.3432228565216064 2.1636741161346436 0.0 0.0 0.0 0.0
1 1.2523988485336304 10.868946242855689 3.3432228565216064 2.1636741161346436 0.0 6.690555695601189 2.142084836959839 0.0
2 1.2523988485336304 10.744887481706554 3.3432228565216064 2.1636741161346436 0.0 6.656309473261343 2.132983684539795 0.0
3 1.2523988485336304 10.739545528962912 3.3432228565216064 2.1636741161346436 0.0 6.680175839542614 2.1404168605804443 0.0
4 1.2523988485336304 10.841759314665381 3.3432228565216064 2.1636741161346436 0.0 7.071570475977363 2.2655224800109863 0.0
5 1.2523988485336304 10.86946814915669 3.3432228565216064 2.1636741161346436 0.0 7.139432737140691 2.2873756885528564 0.0
6 1.2523988485336304 10.853402805364208 3.3432228565216064 2.1636741161346436 0.0 7.031534412718839 2.2527341842651367 0.0
7 1.2523988485336304 10.842916609373061 3.3432228565216064 2.1636741161346436 0.0 7.104633055738679 2.2745370864868164 0.0
8 1.2523988485336304 10.805795113861567 3.3432228565216064 2.1636741161346436 0.0 6.905288019189872 2.214745044708252 0.0
9 1.2523988485336304 10.797572832546633 3.3432228565216064 2.1636741161346436 0.0 6.9141433913368875 2.217674970626831 0.0
10 1.2523988485336304 10.871724335518188 3.3432228565216064 2.1636741161346436 0.0 6.95945047953556 2.2322516441345215 0.0
11 1.2523988485336304 10.893655726909216 3.3432228565216064 2.1636741161346436 0.0 7.032214462927418 2.258037567138672 0.0
12 1.2523988485336304 10.874996163056194 3.3432228565216064 2.1636741161346436 0.0 7.040068346491647 2.2653908729553223 0.0
13 1.2523988485336304 10.880298082343613 3.3432228565216064 2.1636741161346436 0.0 7.039748962658314 2.253781795501709 0.0
14 1.2523988485336304 10.880298082343613 3.3432228565216064 2.1636741161346436 0.0 7.039748962658314 2.253781795501709 0.0
15 1.2523988485336304 10.897181097742807 3.3432228565216064 2.1636741161346436 0.0 7.152869682583971 2.2899672985076904 0.0
16 1.2523988485336304 10.89855954923496 3.3432228565216064 2.1636741161346436 0.0 7.151676843797672 2.289585828781128 0.0
17 1.2523988485336304 10.96461452720434 3.3432228565216064 2.1636741161346436 0.0 7.171618447246999 2.295964479446411 0.0
18 1.2523988485336304 10.946771819639496 3.3432228565216064 2.1636741161346436 0.0 7.134933587861925 2.2842297554016113 0.0
19 1.2523988485336304 10.911375945547721 3.3432228565216064 2.1636741161346436 0.0 7.129681362163924 2.2891151905059814 0.0
20 1.2523988485336304 10.895690989053026 3.3432228565216064 2.1636741161346436 0.0 7.1175703188338435 2.285384178161621 0.0
21 1.2523988485336304 10.924535917309488 3.3432228565216064 2.1636741161346436 0.0 7.091688489190378 2.2767205238342285 0.0
22 1.2523988485336304 10.9135692867064 3.3432228565216064 2.1636741161346436 0.0 7.097301372895667 2.27946400642395 0.0
23 1.2523988485336304 10.915713992999638 3.3432228565216064 2.1636741161346436 0.0 7.078991985930064 2.2736258506774902 0.0
24 1.2523988485336304 10.915713992999638 3.3432228565216064 2.1636741161346436 0.0 7.078991985930064 2.2736258506774902 0.0
25 1.2523988485336304 10.934499953034813 3.3432228565216064 2.1636741161346436 0.0 7.210407297048518 2.3204216957092285 0.0
26 1.2523988485336304 10.919428024382835 3.3432228565216064 2.1636741161346436 0.0 7.101634111032407 2.2808117866516113 0.0
27 1.2523988485336304 10.97023691375274 3.3432228565216064 2.1636741161346436 0.0 7.15928309844648 2.2979049682617188 0.0
28 1.2523988485336304 10.970107682284874 3.3432228565216064 2.1636741161346436 0.0 7.146744315167401 2.2938594818115234 0.0
29 1.2523988485336304 10.959916261143919 3.3432228565216064 2.1636741161346436 0.0 7.187488681996645 2.3070552349090576 0.0
30 1.2523988485336304 11.213686337576032 3.3432228565216064 2.1636741161346436 0.0 7.28019424212529 2.3367629051208496 0.0
31 1.2523988485336304 11.231694680004873 3.3432228565216064 2.1636741161346436 0.0 7.4304826535470365 2.4020915031433105 0.0
32 1.2523988485336304 11.139340100733625 3.3432228565216064 2.1636741161346436 0.0 7.478055566218418 2.418423652648926 0.0
33 1.2523988485336304 11.034394010564071 3.3432228565216064 2.1636741161346436 0.0 7.3762230023239805 2.3739635944366455 0.0
34 1.2523988485336304 10.992056767085298 3.3432228565216064 2.1636741161346436 0.0 7.436283322853906 2.3935611248016357 0.0
35 1.2523988485336304 10.999750045604179 3.3432228565216064 2.1636741161346436 0.0 7.435169549806613 2.3931620121002197 0.0
36 1.2523988485336304 11.028424856450718 3.3432228565216064 2.1636741161346436 0.0 7.463516199514159 2.4025235176086426 0.0
37 1.2523988485336304 11.108099921128137 3.3432228565216064 2.1636741161346436 0.0 7.436985051359275 2.393892526626587 0.0
38 1.2523988485336304 11.074487767648701 3.3432228565216064 2.1636741161346436 0.0 7.4401236228774765 2.3951447010040283 0.0
39 1.2523988485336304 11.091052284771905 3.3432228565216064 2.1636741161346436 0.0 7.537353995415752 2.4299914836883545 0.0
40 1.2523988485336304 11.091052284771905 3.3432228565216064 2.1636741161346436 0.0 7.537353995415752 2.4299914836883545 0.0
41 1.2523988485336304 11.084695047388253 3.3432228565216064 2.1636741161346436 0.0 7.535639685532446 2.429503917694092 0.0
42 1.2523988485336304 11.047210571848764 3.3432228565216064 2.1636741161346436 0.0 7.497276499286064 2.4140148162841797 0.0
43 1.2523988485336304 11.089210016533167 3.3432228565216064 2.1636741161346436 0.0 7.513586127672591 2.420503616333008 0.0
44 1.2523988485336304 11.040731905453262 3.3432228565216064 2.1636741161346436 0.0 7.516431509179576 2.421684503555298 0.0
45 1.2523988485336304 11.073706485175057 3.3432228565216064 2.1636741161346436 0.0 7.456493267687099 2.400812864303589 0.0
46 1.2523988485336304 11.107132852735313 3.3432228565216064 2.1636741161346436 0.0 7.567343700082657 2.449415683746338 0.0
47 1.2523988485336304 11.080374447123546 3.3432228565216064 2.1636741161346436 0.0 7.569330450259523 2.4502146244049072 0.0
48 1.2523988485336304 11.060423969909197 3.3432228565216064 2.1636741161346436 0.0 7.570133300297388 2.4505786895751953 0.0
49 1.2523988485336304 11.087872330941904 3.3432228565216064 2.1636741161346436 0.0 7.568882880372386 2.450029134750366 0.0
50 1.2523988485336304 11.102010737794355 3.3432228565216064 2.1636741161346436 0.0 7.588585772158882 2.456134796142578 0.0
51 1.2523988485336304 11.071555499124823 3.3432228565216064 2.1636741161346436 0.0 7.590423620862819 2.456894874572754 0.0
52 1.2523988485336304 11.071021163435496 3.3432228565216064 2.1636741161346436 0.0 7.588713605359447 2.4561758041381836 0.0
53 1.2523988485336304 11.088203466690778 3.3432228565216064 2.1636741161346436 0.0 7.585391996444381 2.4547677040100098 0.0
54 1.2523988485336304 11.105890804387268 3.3432228565216064 2.1636741161346436 0.0 7.584031819011695 2.454227924346924 0.0
55 1.2523988485336304 11.065454973162929 3.3432228565216064 2.1636741161346436 0.0 7.586484842203917 2.455242156982422 0.0
56 1.2523988485336304 11.065454973162929 3.3432228565216064 2.1636741161346436 0.0 7.586484842203917 2.455242156982422 0.0
57 1.2523988485336304 11.065426774419798 3.3432228565216064 2.1636741161346436 0.0 7.586485788661465 2.4552416801452637 0.0
58 1.2523988485336304 11.080953867213221 3.3432228565216064 2.1636741161346436 0.0 7.585341236246853 2.454742193222046 0.0
59 1.2523988485336304 11.055424286913189 3.3432228565216064 2.1636741161346436 0.0 7.586268465950244 2.4551689624786377 0.0
60 1.2523988485336304 11.081612122258878 3.3432228565216064 2.1636741161346436 0.0 7.585302143845614 2.4547221660614014 0.0
61 1.2523988485336304 11.114166889970765 3.3432228565216064 2.1636741161346436 0.0 7.583023584198516 2.4536263942718506 0.0
62 1.2523988485336304 11.087330630020682 3.3432228565216064 2.1636741161346436 0.0 7.585234850190262 2.4545114040374756 0.0
63 1.2523988485336304 11.08633902076825 3.3432228565216064 2.1636741161346436 0.0 7.580030506036609 2.4528286457061768 0.0
64 1.2523988485336304 11.08633902076825 3.3432228565216064 2.1636741161346436 0.0 7.580030506036609 2.4528286457061768 0.0
65 1.2523988485336304 11.033401798152012 3.3432228565216064 2.1636741161346436 0.0 7.4760779635115355 2.407165050506592 0.0
66 1.2523988485336304 11.083997202217246 3.3432228565216064 2.1636741161346436 0.0 7.574908488955306 2.450643301010132 0.0
67 1.2523988485336304 11.090665048755062 3.3432228565216064 2.1636741161346436 0.0 7.595653980642813 2.4577534198760986 0.0
68 1.2523988485336304 11.090001572521588 3.3432228565216064 2.1636741161346436 0.0 7.595685656329005 2.4577674865722656 0.0
69 1.2523988485336304 11.046505228136112 3.3432228565216064 2.1636741161346436 0.0 7.402526827249782 2.3836755752563477 0.0
70 1.2523988485336304 11.036554778761566 3.3432228565216064 2.1636741161346436 0.0 7.402942245004535 2.38387131690979 0.0
71 1.2523988485336304 11.083786996300708 3.3432228565216064 2.1636741161346436 0.0 7.60593572574883 2.4615256786346436 0.0
72 1.2523988485336304 11.090651869154069 3.3432228565216064 2.1636741161346436 0.0 7.605839984794664 2.4614577293395996 0.0
73 1.2523988485336304 11.092831212270763 3.3432228565216064 2.1636741161346436 0.0 7.612794612810441 2.4643566608428955 0.0
74 1.2523988485336304 11.150612886895551 3.3432228565216064 2.1636741161346436 0.0 7.4211459471648835 2.389784812927246 0.0
75 1.2523988485336304 11.21457445361044 3.3432228565216064 2.1636741161346436 0.0 7.645671080573294 2.475102663040161 0.0
76 1.2523988485336304 11.270512363552866 3.3432228565216064 2.1636741161346436 0.0 7.641560464151404 2.460336208343506 0.0
77 1.2523988485336304 11.135594882501103 3.3432228565216064 2.1636741161346436 0.0 7.653139639417871 2.477447748184204 0.0
78 1.2523988485336304 11.154023647338992 3.3432228565216064 2.1636741161346436 0.0 7.652603141925711 2.4771623611450195 0.0
79 1.2523988485336304 11.121907502442301 3.3432228565216064 2.1636741161346436 0.0 7.65323256429549 2.477557420730591 0.0
80 1.2523988485336304 11.15648222025354 3.3432228565216064 2.1636741161346436 0.0 7.6524954226726285 2.477112293243408 0.0
81 1.2523988485336304 11.124312822345486 3.3432228565216064 2.1636741161346436 0.0 7.653235148265917 2.4775443077087402 0.0
82 1.2523988485336304 11.119050938694686 3.3432228565216064 2.1636741161346436 0.0 7.653749488379607 2.4642136096954346 0.0
83 1.2523988485336304 11.157895178153511 3.3432228565216064 2.1636741161346436 0.0 7.652680171505934 2.4638736248016357 0.0
84 1.2523988485336304 11.142522052963828 3.3432228565216064 2.1636741161346436 0.0 7.645181613639699 2.4605984687805176 0.0
85 1.2523988485336304 11.141791934344806 3.3432228565216064 2.1636741161346436 0.0 7.637234752835767 2.4581053256988525 0.0
86 1.2523988485336304 11.120497370800667 3.3432228565216064 2.1636741161346436 0.0 7.637202223212814 2.458094835281372 0.0
87 1.2523988485336304 11.137749101278194 3.3432228565216064 2.1636741161346436 0.0 7.636955487946612 2.4580166339874268 0.0
88 1.2523988485336304 11.204606186608336 3.3432228565216064 2.1636741161346436 0.0 7.636618908455584 2.471327781677246 0.0
89 1.2523988485336304 11.20846192496293 3.3432228565216064 2.1636741161346436 0.0 7.6366068183980875 2.471306085586548 0.0
90 1.2523988485336304 11.22694979002677 3.3432228565216064 2.1636741161346436 0.0 7.636264007150097 2.4711060523986816 0.0
91 1.2523988485336304 11.229968261359657 3.3432228565216064 2.1636741161346436 0.0 7.6363194585963425 2.4578139781951904 0.0
92 1.2523988485336304 11.221637141749317 3.3432228565216064 2.1636741161346436 0.0 7.636340793887944 2.4578208923339844 0.0
93 1.2523988485336304 11.189250554142914 3.3432228565216064 2.1636741161346436 0.0 7.713552247599705 2.4832019805908203 0.0
94 1.2523988485336304 11.154012006748681 3.3432228565216064 2.1636741161346436 0.0 7.714143637973057 2.4833900928497314 0.0
95 1.2523988485336304 11.149492670208778 3.3432228565216064 2.1636741161346436 0.0 7.714296244474094 2.4967617988586426 0.0
96 1.2523988485336304 11.171181295466203 3.3432228565216064 2.1636741161346436 0.0 7.716503420603453 2.497408151626587 0.0
97 1.2523988485336304 11.186247492187265 3.3432228565216064 2.1636741161346436 0.0 7.716063373655448 2.4971916675567627 0.0
98 1.2523988485336304 11.166272114325903 3.3432228565216064 2.1636741161346436 0.0 7.716580503740742 2.4974560737609863 0.0
99 1.2523988485336304 11.1702781749198 3.3432228565216064 2.1636741161346436 0.0 7.720097902314301 2.4985976219177246 0.0
100 1.2523988485336304 11.178431279359105 3.3432228565216064 2.1636741161346436 0.0 7.720022482284787 2.498533010482788 0.0
101 1.2523988485336304 11.179286290686694 3.3432228565216064 2.1636741161346436 0.0 7.71988072157917 2.4985735416412354 0.0
102 1.2523988485336304 11.200426709003834 3.3432228565216064 2.1636741161346436 0.0 7.719274431142047 2.4982619285583496 0.0
103 1.2523988485336304 11.188495280277989 3.3432228565216064 2.1636741161346436 0.0 7.719691316263603 2.4984629154205322 0.0
104 1.2523988485336304 11.159981250487867 3.3432228565216064 2.1636741161346436 0.0 7.719907095386784 2.498680353164673 0.0
105 1.2523988485336304 11.215855570489481 3.3432228565216064 2.1636741161346436 0.0 7.733708932390379 2.502857208251953 0.0
106 1.2523988485336304 11.215855570489481 3.3432228565216064 2.1636741161346436 0.0 7.733708932390379 2.502857208251953 0.0
107 1.2523988485336304 11.186576293190996 3.3432228565216064 2.1636741161346436 0.0 7.723266764158622 2.4996402263641357 0.0
108 1.2523988485336304 11.212514855481551 3.3432228565216064 2.1636741161346436 0.0 7.72341065615975 2.4995322227478027 0.0
109 1.2523988485336304 11.214458905083651 3.3432228565216064 2.1636741161346436 0.0 7.723384185168609 2.499511480331421 0.0
110 1.2523988485336304 11.255536575560201 3.3432228565216064 2.1636741161346436 0.0 7.7122202177319625 2.495979070663452 0.0
111 1.2523988485336304 11.255536575560201 3.3432228565216064 2.1636741161346436 0.0 7.7122202177319625 2.495979070663452 0.0
112 1.2523988485336304 11.241312148016474 3.3432228565216064 2.1636741161346436 0.0 7.712209607998162 2.496063232421875 0.0
113 1.2523988485336304 11.228932734050646 3.3432228565216064 2.1636741161346436 0.0 7.7119713103031495 2.496058940887451 0.0
114 1.2523988485336304 11.261650306418447 3.3432228565216064 2.1636741161346436 0.0 7.712137113210295 2.49591326713562 0.0
115 1.2523988485336304 11.230919580213826 3.3432228565216064 2.1636741161346436 0.0 7.7120238039872495 2.4960644245147705 0.0
116 1.2523988485336304 11.246174514718682 3.3432228565216064 2.1636741161346436 0.0 7.71224543250969 2.4960451126098633 0.0
117 1.2523988485336304 11.232962692677194 3.3432228565216064 2.1636741161346436 0.0 7.712072171332699 2.496068239212036 0.0
118 1.2523988485336304 11.219992654251781 3.3432228565216064 2.1636741161346436 0.0 7.711668396185426 2.496011972427368 0.0
119 1.2523988485336304 11.209677048799945 3.3432228565216064 2.1636741161346436 0.0 7.643695718776822 2.474496841430664 0.0
120 1.2523988485336304 11.230316232768493 3.3432228565216064 2.1636741161346436 0.0 7.644233955200913 2.4745500087738037 0.0
121 1.2523988485336304 11.231370515939407 3.3432228565216064 2.1636741161346436 0.0 7.644245653727932 2.4745473861694336 0.0
122 1.2523988485336304 11.242095913939725 3.3432228565216064 2.1636741161346436 0.0 7.673920669463894 2.483935832977295 0.0
123 1.2523988485336304 11.243030439876017 3.3432228565216064 2.1636741161346436 0.0 7.676055591367482 2.4847795963287354 0.0
124 1.2523988485336304 11.242052011346596 3.3432228565216064 2.1636741161346436 0.0 7.676144799485539 2.4847567081451416 0.0
125 1.2523988485336304 11.245059360949398 3.3432228565216064 2.1636741161346436 0.0 7.67268397793712 2.483354091644287 0.0
126 1.2523988485336304 11.229293824021243 3.3432228565216064 2.1636741161346436 0.0 7.676425848548679 2.4846818447113037 0.0
127 1.2523988485336304 11.220626481211486 3.3432228565216064 2.1636741161346436 0.0 7.676186825491662 2.4846510887145996 0.0
128 1.2523988485336304 11.228086100007774 3.3432228565216064 2.1636741161346436 0.0 7.676398686607348 2.484679698944092 0.0
129 1.2523988485336304 11.228086100007774 3.3432228565216064 2.1636741161346436 0.0 7.676398686607348 2.484679698944092 0.0
130 1.2523988485336304 11.230109722169768 3.3432228565216064 2.1636741161346436 0.0 7.681100103273377 2.4862632751464844 0.0
131 1.2523988485336304 11.20787643229931 3.3432228565216064 2.1636741161346436 0.0 7.668374985520677 2.482449769973755 0.0
132 1.2523988485336304 11.200840076016947 3.3432228565216064 2.1636741161346436 0.0 7.666109760837015 2.4816081523895264 0.0
133 1.2523988485336304 11.23736656079532 3.3432228565216064 2.1636741161346436 0.0 7.6675913900590595 2.4818735122680664 0.0
134 1.2523988485336304 11.242519181154611 3.3432228565216064 2.1636741161346436 0.0 7.7128502867984565 2.496156692504883 0.0
135 1.2523988485336304 11.242519181154611 3.3432228565216064 2.1636741161346436 0.0 7.7128502867984565 2.496156692504883 0.0
136 1.2523988485336304 11.255779388996814 3.3432228565216064 2.1636741161346436 0.0 7.713100207852374 2.4960691928863525 0.0
137 1.2523988485336304 11.246159126356469 3.3432228565216064 2.1636741161346436 0.0 7.713017292527217 2.4961066246032715 0.0
138 1.2523988485336304 11.242498672428368 3.3432228565216064 2.1636741161346436 0.0 7.712872770999059 2.496142864227295 0.0
139 1.2523988485336304 11.246858597040235 3.3432228565216064 2.1636741161346436 0.0 7.7129427098371535 2.496137857437134 0.0
140 1.2523988485336304 11.246858597040235 3.3432228565216064 2.1636741161346436 0.0 7.7129427098371535 2.496137857437134 0.0
141 1.2523988485336304 11.257221398045887 3.3432228565216064 2.1636741161346436 0.0 7.713001676048672 2.4960899353027344 0.0
142 1.2523988485336304 11.24998260605236 3.3432228565216064 2.1636741161346436 0.0 7.712976068258502 2.496128559112549 0.0
143 1.2523988485336304 11.264410444240383 3.3432228565216064 2.1636741161346436 0.0 7.712955289148892 2.4960272312164307 0.0
144 1.2523988485336304 11.255314501479196 3.3432228565216064 2.1636741161346436 0.0 7.713002269128069 2.4961023330688477 0.0
145 1.2523988485336304 11.244055663276919 3.3432228565216064 2.1636741161346436 0.0 7.712900272974022 2.4961419105529785 0.0
146 1.2523988485336304 11.244055663276919 3.3432228565216064 2.1636741161346436 0.0 7.712900272974022 2.4961419105529785 0.0
147 1.2523988485336304 11.242476887107564 3.3432228565216064 2.1636741161346436 0.0 7.713267639498921 2.496011257171631 0.0
148 1.2523988485336304 11.261111753755916 3.3432228565216064 2.1636741161346436 0.0 7.713378385438176 2.4959166049957275 0.0
149 1.2523988485336304 11.242273462039002 3.3432228565216064 2.1636741161346436 0.0 7.7132639679902795 2.496011257171631 0.0
150 1.2523988485336304 11.242273462039002 3.3432228565216064 2.1636741161346436 0.0 7.7132639679902795 2.496011257171631 0.0
151 1.2523988485336304 11.236982399657613 3.3432228565216064 2.1636741161346436 0.0 7.713141276745274 2.4960079193115234 0.0
152 1.2523988485336304 11.262480592689604 3.3432228565216064 2.1636741161346436 0.0 7.713079001367575 2.4959890842437744 0.0
153 1.2523988485336304 11.233221136520147 3.3432228565216064 2.1636741161346436 0.0 7.712697543263136 2.496090888977051 0.0
154 1.2523988485336304 11.24316401880534 3.3432228565216064 2.1636741161346436 0.0 7.699898208755015 2.4907033443450928 0.0
155 1.2523988485336304 11.24316401880534 3.3432228565216064 2.1636741161346436 0.0 7.699898208755015 2.4907033443450928 0.0
156 1.2523988485336304 11.24316401880534 3.3432228565216064 2.1636741161346436 0.0 7.699898208755015 2.4907033443450928 0.0
157 1.2523988485336304 11.254475522943526 3.3432228565216064 2.1636741161346436 0.0 7.697677783344805 2.4898481369018555 0.0
158 1.2523988485336304 11.229338610985097 3.3432228565216064 2.1636741161346436 0.0 7.697421621875465 2.4899206161499023 0.0
159 1.2523988485336304 11.208939396925313 3.3432228565216064 2.1636741161346436 0.0 7.611362527316376 2.4521732330322266 0.0
160 1.2523988485336304 11.207674657201546 3.3432228565216064 2.1636741161346436 0.0 7.6068450047665515 2.4501566886901855 0.0
161 1.2523988485336304 11.207674657201546 3.3432228565216064 2.1636741161346436 0.0 7.6068450047665515 2.4501566886901855 0.0
162 1.2523988485336304 11.258516902565983 3.3432228565216064 2.1636741161346436 0.0 7.712268773228854 2.4959051609039307 0.0
163 1.2523988485336304 11.233163250720335 3.3432228565216064 2.1636741161346436 0.0 7.713003136788327 2.4964118003845215 0.0
164 1.2523988485336304 11.234333759260617 3.3432228565216064 2.1636741161346436 0.0 7.713034089708154 2.496415138244629 0.0
165 1.2523988485336304 11.26059496045315 3.3432228565216064 2.1636741161346436 0.0 7.721302047614587 2.498865842819214 0.0
166 1.2523988485336304 11.252199810692181 3.3432228565216064 2.1636741161346436 0.0 7.721331458155637 2.4989266395568848 0.0
167 1.2523988485336304 11.260509315670262 3.3432228565216064 2.1636741161346436 0.0 7.72424702719364 2.5000553131103516 0.0
168 1.2523988485336304 11.260509315670262 3.3432228565216064 2.1636741161346436 0.0 7.72424702719364 2.5000553131103516 0.0
169 1.2523988485336304 11.260509315670262 3.3432228565216064 2.1636741161346436 0.0 7.72424702719364 2.5000553131103516 0.0
170 1.2523988485336304 11.259044073476632 3.3432228565216064 2.1636741161346436 0.0 7.719403646170369 2.498093605041504 0.0
171 1.2523988485336304 11.245204866512584 3.3432228565216064 2.1636741161346436 0.0 7.719379643079836 2.498169422149658 0.0
172 1.2523988485336304 11.221363114202216 3.3432228565216064 2.1636741161346436 0.0 7.7172771850349635 2.4975342750549316 0.0
173 1.2523988485336304 11.226495614220514 3.3432228565216064 2.1636741161346436 0.0 7.717303875989713 2.4975123405456543 0.0
174 1.2523988485336304 11.227186674506994 3.3432228565216064 2.1636741161346436 0.0 7.705603295116405 2.493823766708374 0.0
175 1.2523988485336304 11.216109708912994 3.3432228565216064 2.1636741161346436 0.0 7.705520373602918 2.4938504695892334 0.0
176 1.2523988485336304 11.239189672304548 3.3432228565216064 2.1636741161346436 0.0 7.704122870929425 2.493119716644287 0.0
177 1.2523988485336304 11.228125002615215 3.3432228565216064 2.1636741161346436 0.0 7.702725920521557 2.4926040172576904 0.0
178 1.2523988485336304 11.26781880406198 3.3432228565216064 2.1636741161346436 0.0 7.73532884670194 2.503485918045044 0.0
179 1.2523988485336304 11.2668772560937 3.3432228565216064 2.1636741161346436 0.0 7.735319768663892 2.5034892559051514 0.0
180 1.2523988485336304 11.2668772560937 3.3432228565216064 2.1636741161346436 0.0 7.735319768663892 2.5034892559051514 0.0
181 1.2523988485336304 11.229723678680811 3.3432228565216064 2.1636741161346436 0.0 7.711980815641328 2.4962196350097656 0.0
182 1.2523988485336304 11.218515882280386 3.3432228565216064 2.1636741161346436 0.0 7.710455221869475 2.495683431625366 0.0
183 1.2523988485336304 11.218515882280386 3.3432228565216064 2.1636741161346436 0.0 7.710455221869475 2.495683431625366 0.0
184 1.2523988485336304 11.201363935450793 3.3432228565216064 2.1636741161346436 0.0 7.709770586714846 2.4955573081970215 0.0
185 1.2523988485336304 11.250388784867276 3.3432228565216064 2.1636741161346436 0.0 7.710665824171504 2.4955615997314453 0.0
186 1.2523988485336304 11.228917882579779 3.3432228565216064 2.1636741161346436 0.0 7.709964536366999 2.4954700469970703 0.0
187 1.2523988485336304 11.229992062965938 3.3432228565216064 2.1636741161346436 0.0 7.71606334047833 2.4974210262298584 0.0
188 1.2523988485336304 11.228988616476581 3.3432228565216064 2.1636741161346436 0.0 7.716061920202941 2.4974265098571777 0.0
189 1.2523988485336304 11.229081521964547 3.3432228565216064 2.1636741161346436 0.0 7.716364768804516 2.4973134994506836 0.0
190 1.2523988485336304 11.276148633173605 3.3432228565216064 2.1636741161346436 0.0 7.715552568366295 2.496731758117676 0.0
191 1.2523988485336304 11.276148633173605 3.3432228565216064 2.1636741161346436 0.0 7.715552568366295 2.496731758117676 0.0
192 1.2523988485336304 11.24424406453541 3.3432228565216064 2.1636741161346436 0.0 7.704656611223667 2.49328351020813 0.0
193 1.2523988485336304 11.222547278482985 3.3432228565216064 2.1636741161346436 0.0 7.705421168724288 2.4936819076538086 0.0
194 1.2523988485336304 11.207100876414346 3.3432228565216064 2.1636741161346436 0.0 7.705367888397932 2.4937520027160645 0.0
195 1.2523988485336304 11.21206259152633 3.3432228565216064 2.1636741161346436 0.0 7.705361160990491 2.4937167167663574 0.0
196 1.2523988485336304 11.1902462566286 3.3432228565216064 2.1636741161346436 0.0 7.705133799818328 2.4937846660614014 0.0
197 1.2523988485336304 11.1902462566286 3.3432228565216064 2.1636741161346436 0.0 7.705133799818328 2.4937846660614014 0.0
198 1.2523988485336304 11.1902462566286 3.3432228565216064 2.1636741161346436 0.0 7.705133799818328 2.4937846660614014 0.0
199 1.2523988485336304 11.219573319692838 3.3432228565216064 2.1636741161346436 0.0 7.705284888603844 2.4936418533325195 0.0
200 1.2523988485336304 11.173345853766193 3.3432228565216064 2.1636741161346436 0.0 7.704507326738541 2.4936869144439697 0.0
201 1.2523988485336304 11.22394975442061 3.3432228565216064 2.1636741161346436 0.0 7.705278245356347 2.4805757999420166 0.0
202 1.2523988485336304 11.20287870662907 3.3432228565216064 2.1636741161346436 0.0 7.705391870545654 2.480611801147461 0.0
203 1.2523988485336304 11.191815405153598 3.3432228565216064 2.1636741161346436 0.0 7.705203191334421 2.4805519580841064 0.0
204 1.2523988485336304 11.191815405153598 3.3432228565216064 2.1636741161346436 0.0 7.705203191334421 2.4805519580841064 0.0
205 1.2523988485336304 11.190021766729169 3.3432228565216064 2.1636741161346436 0.0 7.695557358491622 2.4774937629699707 0.0
206 1.2523988485336304 11.190021766729169 3.3432228565216064 2.1636741161346436 0.0 7.695557358491622 2.4774937629699707 0.0
207 1.2523988485336304 11.199384400339854 3.3432228565216064 2.1636741161346436 0.0 7.695737124191165 2.477550983428955 0.0
208 1.2523988485336304 11.229259664634938 3.3432228565216064 2.1636741161346436 0.0 7.698691220389104 2.4784908294677734 0.0
209 1.2523988485336304 11.213303033327149 3.3432228565216064 2.1636741161346436 0.0 7.676382456449343 2.4713988304138184 0.0
210 1.2523988485336304 11.242185352710012 3.3432228565216064 2.1636741161346436 0.0 7.71211640529737 2.482745885848999 0.0
211 1.2523988485336304 11.242185352710012 3.3432228565216064 2.1636741161346436 0.0 7.71211640529737 2.482745885848999 0.0
212 1.2523988485336304 11.242185352710012 3.3432228565216064 2.1636741161346436 0.0 7.71211640529737 2.482745885848999 0.0
213 1.2523988485336304 11.229287855654185 3.3432228565216064 2.1636741161346436 0.0 7.712074802231223 2.4827325344085693 0.0
214 1.2523988485336304 11.244951725493888 3.3432228565216064 2.1636741161346436 0.0 7.712094784571245 2.482738971710205 0.0
215 1.2523988485336304 11.232791246458897 3.3432228565216064 2.1636741161346436 0.0 7.712109934746252 2.482743740081787 0.0
216 1.2523988485336304 11.232791246458897 3.3432228565216064 2.1636741161346436 0.0 7.712109934746252 2.482743740081787 0.0
217 1.2523988485336304 11.255853853275857 3.3432228565216064 2.1636741161346436 0.0 7.724426112930134 2.486661672592163 0.0
218 1.2523988485336304 11.248775461997505 3.3432228565216064 2.1636741161346436 0.0 7.727561364496181 2.4879348278045654 0.0
219 1.2523988485336304 11.246403374148622 3.3432228565216064 2.1636741161346436 0.0 7.720052304069126 2.4848577976226807 0.0
220 1.2523988485336304 11.2415852673228 3.3432228565216064 2.1636741161346436 0.0 7.719910948399662 2.4848127365112305 0.0
221 1.2523988485336304 11.2415852673228 3.3432228565216064 2.1636741161346436 0.0 7.719910948399662 2.4848127365112305 0.0
222 1.2523988485336304 11.219213556626915 3.3432228565216064 2.1636741161346436 0.0 7.719010078141607 2.4845261573791504 0.0
223 1.2523988485336304 11.233214821719761 3.3432228565216064 2.1636741161346436 0.0 7.724333571105832 2.4866747856140137 0.0
224 1.2523988485336304 11.243327807564818 3.3432228565216064 2.1636741161346436 0.0 7.7029979298883475 2.479905366897583 0.0
225 1.2523988485336304 11.232836573402981 3.3432228565216064 2.1636741161346436 0.0 7.702697671966243 2.4798097610473633 0.0
226 1.2523988485336304 11.239461824213862 3.3432228565216064 2.1636741161346436 0.0 7.697189206329664 2.478057622909546 0.0
227 1.2523988485336304 11.27069219769757 3.3432228565216064 2.1636741161346436 0.0 7.696837888613622 2.477937698364258 0.0
228 1.2523988485336304 11.238339855239962 3.3432228565216064 2.1636741161346436 0.0 7.696694753837489 2.4778921604156494 0.0
229 1.2523988485336304 11.238339855239962 3.3432228565216064 2.1636741161346436 0.0 7.696694753837489 2.4778921604156494 0.0
230 1.2523988485336304 11.235215823790792 3.3432228565216064 2.1636741161346436 0.0 7.702209162063343 2.4796462059020996 0.0
231 1.2523988485336304 11.225854241234796 3.3432228565216064 2.1636741161346436 0.0 7.674273755914973 2.4707601070404053 0.0
232 1.2523988485336304 11.217585454324228 3.3432228565216064 2.1636741161346436 0.0 7.693173983760609 2.4767720699310303 0.0
233 1.2523988485336304 11.24702069418909 3.3432228565216064 2.1636741161346436 0.0 7.696228410162923 2.4778075218200684 0.0
234 1.2523988485336304 11.24702069418909 3.3432228565216064 2.1636741161346436 0.0 7.696228410162923 2.4778075218200684 0.0
235 1.2523988485336304 11.241657789216399 3.3432228565216064 2.1636741161346436 0.0 7.696415469784548 2.4778671264648438 0.0
236 1.2523988485336304 11.23329170629948 3.3432228565216064 2.1636741161346436 0.0 7.697176697286885 2.478109359741211 0.0
237 1.2523988485336304 11.228946240535477 3.3432228565216064 2.1636741161346436 0.0 7.697253693184383 2.4781339168548584 0.0
238 1.2523988485336304 11.21633423528926 3.3432228565216064 2.1636741161346436 0.0 7.729395586741964 2.4883384704589844 0.0
239 1.2523988485336304 11.245600316702495 3.3432228565216064 2.1636741161346436 0.0 7.729381058662967 2.4883339405059814 0.0
240 1.2523988485336304 11.222014124322564 3.3432228565216064 2.1636741161346436 0.0 7.72948602466424 2.4883673191070557 0.0
241 1.2523988485336304 11.239079952604191 3.3432228565216064 2.1636741161346436 0.0 7.729684913982285 2.488447904586792 0.0
242 1.2523988485336304 11.20647947795435 3.3432228565216064 2.1636741161346436 0.0 7.729323844714206 2.488333225250244 0.0
243 1.2523988485336304 11.24762358140837 3.3432228565216064 2.1636741161346436 0.0 7.748212909274401 2.4943418502807617 0.0
244 1.2523988485336304 11.256125560881985 3.3432228565216064 2.1636741161346436 0.0 7.738252451234707 2.491185188293457 0.0
245 1.2523988485336304 11.250656345068904 3.3432228565216064 2.1636741161346436 0.0 7.739551523341547 2.491598606109619 0.0
246 1.2523988485336304 11.260497327753608 3.3432228565216064 2.1636741161346436 0.0 7.742201575822057 2.492471218109131 0.0
247 1.2523988485336304 11.259175740731767 3.3432228565216064 2.1636741161346436 0.0 7.725932850032278 2.487302541732788 0.0
248 1.2523988485336304 11.256787952447683 3.3432228565216064 2.1636741161346436 0.0 7.725523203752502 2.4871721267700195 0.0
249 1.2523988485336304 11.29708696326766 3.3432228565216064 2.1636741161346436 0.0 7.729133216893127 2.4883203506469727 0.0
250 1.2523988485336304 11.269159095650934 3.3432228565216064 2.1636741161346436 0.0 7.720159735991711 2.484750986099243 0.0
251 1.2523988485336304 11.303182120563937 3.3432228565216064 2.1636741161346436 0.0 7.732809899481949 2.4887423515319824 0.0
252 1.2523988485336304 11.253972519255202 3.3432228565216064 2.1636741161346436 0.0 7.735850830011872 2.489959716796875 0.0
253 1.2523988485336304 11.260340638510755 3.3432228565216064 2.1636741161346436 0.0 7.752108072874928 2.4950830936431885 0.0
254 1.2523988485336304 11.284153483042125 3.3432228565216064 2.1636741161346436 0.0 7.720632037301115 2.4848976135253906 0.0
255 1.2523988485336304 11.248527743747173 3.3432228565216064 2.1636741161346436 0.0 7.725752209210444 2.4870734214782715 0.0
256 1.2523988485336304 11.279725165378654 3.3432228565216064 2.1636741161346436 0.0 7.726265607611397 2.487236738204956 0.0
257 1.2523988485336304 11.305173527679763 3.3432228565216064 2.1636741161346436 0.0 7.725598036273443 2.4870243072509766 0.0
258 1.2523988485336304 11.287476468064263 3.3432228565216064 2.1636741161346436 0.0 7.726161172822595 2.487203598022461 0.0
259 1.2523988485336304 11.300773910105333 3.3432228565216064 2.1636741161346436 0.0 7.725567491607396 2.4870145320892334 0.0
260 1.2523988485336304 11.354726200959043 3.3432228565216064 2.1636741161346436 0.0 7.744622692160456 2.4930765628814697 0.0
261 1.2523988485336304 11.36087321348209 3.3432228565216064 2.1636741161346436 0.0 7.743813427413334 2.4927122592926025 0.0
262 1.2523988485336304 11.319199567141007 3.3432228565216064 2.1636741161346436 0.0 7.744480095131861 2.492924451828003 0.0
263 1.2523988485336304 11.338314627925413 3.3432228565216064 2.1636741161346436 0.0 7.744484339164627 2.4929258823394775 0.0
264 1.2523988485336304 11.321529022139206 3.3432228565216064 2.1636741161346436 0.0 7.74450806291539 2.4929332733154297 0.0
265 1.2523988485336304 11.320595105552487 3.3432228565216064 2.1636741161346436 0.0 7.744497608755359 2.4929299354553223 0.0
266 1.2523988485336304 11.352261280338544 3.3432228565216064 2.1636741161346436 0.0 7.744034890867019 2.492769956588745 0.0
267 1.2523988485336304 11.288613248039631 3.3432228565216064 2.1636741161346436 0.0 7.743302137870894 2.492536783218384 0.0
268 1.2523988485336304 11.31484900601458 3.3432228565216064 2.1636741161346436 0.0 7.7442579579058535 2.4928410053253174 0.0
269 1.2523988485336304 11.294429437403327 3.3432228565216064 2.1636741161346436 0.0 7.743580700459944 2.4926254749298096 0.0
270 1.2523988485336304 11.308211037569851 3.3432228565216064 2.1636741161346436 0.0 7.74409944093805 2.492790460586548 0.0
271 1.2523988485336304 11.298010979997613 3.3432228565216064 2.1636741161346436 0.0 7.743740354491168 2.4926764965057373 0.0
272 1.2523988485336304 11.29338708772822 3.3432228565216064 2.1636741161346436 0.0 7.705670594561964 2.480668544769287 0.0
273 1.2523988485336304 11.326163161177886 3.3432228565216064 2.1636741161346436 0.0 7.706323715631171 2.4808764457702637 0.0
274 1.2523988485336304 11.296309131376052 3.3432228565216064 2.1636741161346436 0.0 7.722195361788859 2.4859819412231445 0.0
275 1.2523988485336304 11.312918684423057 3.3432228565216064 2.1636741161346436 0.0 7.715741844632763 2.483227014541626 0.0
276 1.2523988485336304 11.315373689248768 3.3432228565216064 2.1636741161346436 0.0 7.723503970256362 2.4864678382873535 0.0
277 1.2523988485336304 11.298547767678613 3.3432228565216064 2.1636741161346436 0.0 7.758384928961409 2.4974920749664307 0.0
278 1.2523988485336304 11.343399817344956 3.3432228565216064 2.1636741161346436 0.0 7.759022402356237 2.497694730758667 0.0
279 1.2523988485336304 11.300725208047519 3.3432228565216064 2.1636741161346436 0.0 7.75918374564214 2.4978132247924805 0.0
280 1.2523988485336304 11.362379164278487 3.3432228565216064 2.1636741161346436 0.0 7.758963479258094 2.4977428913116455 0.0
281 1.2523988485336304 11.360901074330695 3.3432228565216064 2.1636741161346436 0.0 7.756181179993279 2.4965715408325195 0.0
282 1.2523988485336304 11.31233194220276 3.3432228565216064 2.1636741161346436 0.0 7.746992285841511 2.493648052215576 0.0
283 1.2523988485336304 11.292698520810811 3.3432228565216064 2.1636741161346436 0.0 7.746956872413296 2.4936368465423584 0.0
284 1.2523988485336304 11.290474750279945 3.3432228565216064 2.1636741161346436 0.0 7.746919898557374 2.4936251640319824 0.0
285 1.2523988485336304 11.304996869188631 3.3432228565216064 2.1636741161346436 0.0 7.747039500674595 2.4936633110046387 0.0
286 1.2523988485336304 11.28539053588611 3.3432228565216064 2.1636741161346436 0.0 7.746810331435215 2.4935901165008545 0.0
287 1.2523988485336304 11.305558974384889 3.3432228565216064 2.1636741161346436 0.0 7.747039162537601 2.4936630725860596 0.0
288 1.2523988485336304 11.344316177179687 3.3432228565216064 2.1636741161346436 0.0 7.757111217295647 2.5098588466644287 0.0
289 1.2523988485336304 11.28822137017139 3.3432228565216064 2.1636741161346436 0.0 7.729729104130937 2.501332998275757 0.0
290 1.2523988485336304 11.28712065780502 3.3432228565216064 2.1636741161346436 0.0 7.729723469611942 2.501338243484497 0.0
291 1.2523988485336304 11.287587452572879 3.3432228565216064 2.1636741161346436 0.0 7.7322429482129404 2.5021471977233887 0.0
292 1.2523988485336304 11.289922498308261 3.3432228565216064 2.1636741161346436 0.0 7.732252925138498 2.5021347999572754 0.0
293 1.2523988485336304 11.287145609867652 3.3432228565216064 2.1636741161346436 0.0 7.712289780959459 2.4955830574035645 0.0
294 1.2523988485336304 11.287178487657112 3.3432228565216064 2.1636741161346436 0.0 7.712153616362293 2.4956302642822266 0.0
295 1.2523988485336304 11.286150143223502 3.3432228565216064 2.1636741161346436 0.0 7.712564387845731 2.4958083629608154 0.0
296 1.2523988485336304 11.307752476490972 3.3432228565216064 2.1636741161346436 0.0 7.712312804290221 2.4955849647521973 0.0
297 1.2523988485336304 11.250245060884144 3.3432228565216064 2.1636741161346436 0.0 7.7060118216364675 2.4937994480133057 0.0
298 1.2523988485336304 11.250583426724631 3.3432228565216064 2.1636741161346436 0.0 7.7071809870674075 2.49428391456604 0.0
299 1.2523988485336304 11.250583426724631 3.3432228565216064 2.1636741161346436 0.0 7.7071809870674075 2.49428391456604 0.0
300 1.2523988485336304 11.254627388576061 3.3432228565216064 2.1636741161346436 0.0 7.728655006971415 2.501173973083496 0.0
301 1.2523988485336304 11.27092791794109 3.3432228565216064 2.1636741161346436 0.0 7.728873449656452 2.50101375579834 0.0
302 1.2523988485336304 11.27092791794109 3.3432228565216064 2.1636741161346436 0.0 7.728873449656452 2.50101375579834 0.0
303 1.2523988485336304 11.266099296394486 3.3432228565216064 2.1636741161346436 0.0 7.703987498121233 2.4933676719665527 0.0
304 1.2523988485336304 11.224004185508782 3.3432228565216064 2.1636741161346436 0.0 7.583349664149678 2.4415252208709717 0.0
305 1.2523988485336304 11.251598567944509 3.3432228565216064 2.1636741161346436 0.0 7.704939190980287 2.493856430053711 0.0
306 1.2523988485336304 11.247371906756031 3.3432228565216064 2.1636741161346436 0.0 7.704881133069383 2.4938406944274902 0.0
307 1.2523988485336304 11.267670472775134 3.3432228565216064 2.1636741161346436 0.0 7.705112285202746 2.493781328201294 0.0
308 1.2523988485336304 11.212196358684746 3.3432228565216064 2.1636741161346436 0.0 7.577497167883466 2.4393200874328613 0.0
309 1.2523988485336304 11.22129251066004 3.3432228565216064 2.1636741161346436 0.0 7.5942909963400504 2.4463515281677246 0.0
310 1.2523988485336304 11.23877210518927 3.3432228565216064 2.1636741161346436 0.0 7.687824899868167 2.486980438232422 0.0
311 1.2523988485336304 11.245224676470043 3.3432228565216064 2.1636741161346436 0.0 7.591674170635605 2.445218801498413 0.0
312 1.2523988485336304 11.255457808972087 3.3432228565216064 2.1636741161346436 0.0 7.592635813343254 2.4464526176452637 0.0
313 1.2523988485336304 11.260327334239332 3.3432228565216064 2.1636741161346436 0.0 7.592486778049654 2.4463706016540527 0.0
314 1.2523988485336304 11.227029224979878 3.3432228565216064 2.1636741161346436 0.0 7.594603450321664 2.447326898574829 0.0
315 1.2523988485336304 11.25021444070215 3.3432228565216064 2.1636741161346436 0.0 7.59510837150108 2.4474036693573 0.0
316 1.2523988485336304 11.241362981004885 3.3432228565216064 2.1636741161346436 0.0 7.594992890323469 2.447421073913574 0.0
317 1.2523988485336304 11.251748559276441 3.3432228565216064 2.1636741161346436 0.0 7.650527322925602 2.465862274169922 0.0
318 1.2523988485336304 11.252230930386249 3.3432228565216064 2.1636741161346436 0.0 7.651936302658859 2.466477632522583 0.0
319 1.2523988485336304 11.260611288298586 3.3432228565216064 2.1636741161346436 0.0 7.61677648703546 2.451935291290283 0.0
320 1.2523988485336304 11.234888752092711 3.3432228565216064 2.1636741161346436 0.0 7.624749904740807 2.454634666442871 0.0
321 1.2523988485336304 11.27277842520176 3.3432228565216064 2.1636741161346436 0.0 7.624439899454704 2.4543066024780273 0.0
322 1.2523988485336304 11.241698608763356 3.3432228565216064 2.1636741161346436 0.0 7.605796320587926 2.4483985900878906 0.0
323 1.2523988485336304 11.243041574207561 3.3432228565216064 2.1636741161346436 0.0 7.605889830941916 2.448362112045288 0.0
324 1.2523988485336304 11.24714166817065 3.3432228565216064 2.1636741161346436 0.0 7.607408364610606 2.448820114135742 0.0
325 1.2523988485336304 11.24714166817065 3.3432228565216064 2.1636741161346436 0.0 7.607408364610606 2.448820114135742 0.0
326 1.2523988485336304 11.25049324987276 3.3432228565216064 2.1636741161346436 0.0 7.617572823282778 2.4526278972625732 0.0
327 1.2523988485336304 11.287179463424959 3.3432228565216064 2.1636741161346436 0.0 7.616207091615003 2.45192289352417 0.0
328 1.2523988485336304 11.229225632283901 3.3432228565216064 2.1636741161346436 0.0 7.6212538827890945 2.4543910026550293 0.0
329 1.2523988485336304 11.206025277255602 3.3432228565216064 2.1636741161346436 0.0 7.620365446491358 2.4542460441589355 0.0
330 1.2523988485336304 11.206025277255602 3.3432228565216064 2.1636741161346436 0.0 7.620365446491358 2.4542460441589355 0.0
331 1.2523988485336304 11.233372380974032 3.3432228565216064 2.1636741161346436 0.0 7.619686849958914 2.4538636207580566 0.0
332 1.2523988485336304 11.246379643476324 3.3432228565216064 2.1636741161346436 0.0 7.61971087190151 2.4537863731384277 0.0
333 1.2523988485336304 11.246162437296714 3.3432228565216064 2.1636741161346436 0.0 7.619712953446721 2.4537882804870605 0.0
334 1.2523988485336304 11.246162437296714 3.3432228565216064 2.1636741161346436 0.0 7.619712953446721 2.4537882804870605 0.0
335 1.2523988485336304 11.235620022801921 3.3432228565216064 2.1636741161346436 0.0 7.61970824235908 2.4538557529449463 0.0
336 1.2523988485336304 11.235620022801921 3.3432228565216064 2.1636741161346436 0.0 7.61970824235908 2.4538557529449463 0.0
337 1.2523988485336304 11.243348716315566 3.3432228565216064 2.1636741161346436 0.0 7.619726782208466 2.4538114070892334 0.0
338 1.2523988485336304 11.252163803490927 3.3432228565216064 2.1636741161346436 0.0 7.6196438069531585 2.453725814819336 0.0
339 1.2523988485336304 11.22991860220322 3.3432228565216064 2.1636741161346436 0.0 7.589974859605106 2.4432692527770996 0.0
340 1.2523988485336304 11.232473482539188 3.3432228565216064 2.1636741161346436 0.0 7.5898110367373555 2.4432573318481445 0.0
341 1.2523988485336304 11.239324057355924 3.3432228565216064 2.1636741161346436 0.0 7.59487379417226 2.4448304176330566 0.0
342 1.2523988485336304 11.214749974468024 3.3432228565216064 2.1636741161346436 0.0 7.604202381262702 2.4480223655700684 0.0
343 1.2523988485336304 11.246127879781257 3.3432228565216064 2.1636741161346436 0.0 7.625645877800272 2.4547064304351807 0.0
344 1.2523988485336304 11.243304102092766 3.3432228565216064 2.1636741161346436 0.0 7.625670619434682 2.4547324180603027 0.0
345 1.2523988485336304 11.243304102092766 3.3432228565216064 2.1636741161346436 0.0 7.625670619434682 2.4547324180603027 0.0
346 1.2523988485336304 11.24404356334829 3.3432228565216064 2.1636741161346436 0.0 7.625906240701455 2.454648017883301 0.0
347 1.2523988485336304 11.238405496403852 3.3432228565216064 2.1636741161346436 0.0 7.625917644294285 2.4546902179718018 0.0
348 1.2523988485336304 11.241852193917438 3.3432228565216064 2.1636741161346436 0.0 7.625916033898368 2.4546661376953125 0.0
349 1.2523988485336304 11.238211007619862 3.3432228565216064 2.1636741161346436 0.0 7.624543402901474 2.4542553424835205 0.0
350 1.2523988485336304 11.238211007619862 3.3432228565216064 2.1636741161346436 0.0 7.624543402901474 2.4542553424835205 0.0
351 1.2523988485336304 11.238211007619862 3.3432228565216064 2.1636741161346436 0.0 7.624543402901474 2.4542553424835205 0.0
352 1.2523988485336304 11.236432055794655 3.3432228565216064 2.1636741161346436 0.0 7.633821082723157 2.457308053970337 0.0
353 1.2523988485336304 11.232498003930479 3.3432228565216064 2.1636741161346436 0.0 7.632433230391462 2.4568753242492676 0.0
354 1.2523988485336304 11.228975091936942 3.3432228565216064 2.1636741161346436 0.0 7.632432027130862 2.456894636154175 0.0
355 1.2523988485336304 11.2415068319358 3.3432228565216064 2.1636741161346436 0.0 7.632355619030179 2.456798553466797 0.0
356 1.2523988485336304 11.251324446974433 3.3432228565216064 2.1636741161346436 0.0 7.667130312873814 2.469515085220337 0.0
357 1.2523988485336304 11.249082019685677 3.3432228565216064 2.1636741161346436 0.0 7.667160368330317 2.4695379734039307 0.0
358 1.2523988485336304 11.232866034732698 3.3432228565216064 2.1636741161346436 0.0 7.627643802577208 2.4575345516204834 0.0
359 1.2523988485336304 11.226593495029542 3.3432228565216064 2.1636741161346436 0.0 7.602464469268886 2.449190616607666 0.0
360 1.2523988485336304 11.214132339024122 3.3432228565216064 2.1636741161346436 0.0 7.602441450752227 2.449287176132202 0.0
361 1.2523988485336304 11.214132339024122 3.3432228565216064 2.1636741161346436 0.0 7.602441450752227 2.449287176132202 0.0
362 1.2523988485336304 11.214132339024122 3.3432228565216064 2.1636741161346436 0.0 7.602441450752227 2.449287176132202 0.0
363 1.2523988485336304 11.234757805289311 3.3432228565216064 2.1636741161346436 0.0 7.602284844000316 2.449115753173828 0.0
364 1.2523988485336304 11.210588394552131 3.3432228565216064 2.1636741161346436 0.0 7.602407877719306 2.449295997619629 0.0
365 1.2523988485336304 11.246761703016743 3.3432228565216064 2.1636741161346436 0.0 7.601913583622381 2.4489214420318604 0.0
366 1.2523988485336304 11.216290201292843 3.3432228565216064 2.1636741161346436 0.0 7.60245371104321 2.4492788314819336 0.0
367 1.2523988485336304 11.216290201292843 3.3432228565216064 2.1636741161346436 0.0 7.60245371104321 2.4492788314819336 0.0
368 1.2523988485336304 11.216290201292843 3.3432228565216064 2.1636741161346436 0.0 7.60245371104321 2.4492788314819336 0.0
369 1.2523988485336304 11.207237802341998 3.3432228565216064 2.1636741161346436 0.0 7.602360124698273 2.449298858642578 0.0
370 1.2523988485336304 11.268263046261428 3.3432228565216064 2.1636741161346436 0.0 7.633371382265371 2.4591193199157715 0.0
371 1.2523988485336304 11.286053474446891 3.3432228565216064 2.1636741161346436 0.0 7.6435435589942475 2.462137222290039 0.0
372 1.2523988485336304 11.282516751035267 3.3432228565216064 2.1636741161346436 0.0 7.644778670374693 2.4626755714416504 0.0
373 1.2523988485336304 11.280942285602064 3.3432228565216064 2.1636741161346436 0.0 7.645597247507379 2.4628729820251465 0.0
374 1.2523988485336304 11.280942285602064 3.3432228565216064 2.1636741161346436 0.0 7.645597247507379 2.4628729820251465 0.0
375 1.2523988485336304 11.298173886008321 3.3432228565216064 2.1636741161346436 0.0 7.645517918529176 2.4627480506896973 0.0
376 1.2523988485336304 11.299806921460345 3.3432228565216064 2.1636741161346436 0.0 7.645488887836688 2.462728977203369 0.0
377 1.2523988485336304 11.277959412471192 3.3432228565216064 2.1636741161346436 0.0 7.592521651827944 2.4451870918273926 0.0
378 1.2523988485336304 11.277959412471192 3.3432228565216064 2.1636741161346436 0.0 7.592521651827944 2.4451870918273926 0.0
379 1.2523988485336304 11.289612269560944 3.3432228565216064 2.1636741161346436 0.0 7.592393079666124 2.4450769424438477 0.0
380 1.2523988485336304 11.273831403873702 3.3432228565216064 2.1636741161346436 0.0 7.592521969210462 2.4452106952667236 0.0
381 1.2523988485336304 11.303875744971895 3.3432228565216064 2.1636741161346436 0.0 7.591971845878716 2.444852352142334 0.0
382 1.2523988485336304 11.275292265315437 3.3432228565216064 2.1636741161346436 0.0 7.592523862884401 2.4452030658721924 0.0
383 1.2523988485336304 11.25211386751027 3.3432228565216064 2.1636741161346436 0.0 7.567778626394876 2.437368154525757 0.0
384 1.2523988485336304 11.246081789199204 3.3432228565216064 2.1636741161346436 0.0 7.54992639858643 2.43060040473938 0.0
385 1.2523988485336304 11.229103602618476 3.3432228565216064 2.1636741161346436 0.0 7.564398864077971 2.4354054927825928 0.0
386 1.2523988485336304 11.223267148009294 3.3432228565216064 2.1636741161346436 0.0 7.564152600229453 2.4353625774383545 0.0
387 1.2523988485336304 11.250517353738358 3.3432228565216064 2.1636741161346436 0.0 7.5942387323796545 2.4483067989349365 0.0
388 1.2523988485336304 11.245319511583002 3.3432228565216064 2.1636741161346436 0.0 7.593879029882249 2.448378562927246 0.0
389 1.2523988485336304 11.256271920832248 3.3432228565216064 2.1636741161346436 0.0 7.594117948573755 2.448390483856201 0.0
390 1.2523988485336304 11.27354861085862 3.3432228565216064 2.1636741161346436 0.0 7.594149232982042 2.4482927322387695 0.0
391 1.2523988485336304 11.288341500694614 3.3432228565216064 2.1636741161346436 0.0 7.599479715494103 2.4498555660247803 0.0
392 1.2523988485336304 11.274935286710635 3.3432228565216064 2.1636741161346436 0.0 7.582765654623955 2.443291187286377 0.0
393 1.2523988485336304 11.240073660471309 3.3432228565216064 2.1636741161346436 0.0 7.582394942545472 2.4434027671813965 0.0
394 1.2523988485336304 11.237795985531395 3.3432228565216064 2.1636741161346436 0.0 7.582310992157024 2.443389892578125 0.0
395 1.2523988485336304 11.264494933541693 3.3432228565216064 2.1636741161346436 0.0 7.58283756932887 2.4433863162994385 0.0
396 1.2523988485336304 11.26402092607639 3.3432228565216064 2.1636741161346436 0.0 7.582836815481839 2.4433891773223877 0.0
397 1.2523988485336304 11.254302453534816 3.3432228565216064 2.1636741161346436 0.0 7.582918210510495 2.443373918533325 0.0
398 1.2523988485336304 11.243485634556375 3.3432228565216064 2.1636741161346436 0.0 7.582701231340018 2.4433321952819824 0.0
399 1.2523988485336304 11.233726296714236 3.3432228565216064 2.1636741161346436 0.0 7.582514975271664 2.4433372020721436 0.0
400 1.2523988485336304 11.238388640227614 3.3432228565216064 2.1636741161346436 0.0 7.583878334417475 2.4413230419158936 0.0
