init 0.7719670534133911 2.6632310725333594 3.1900441646575928 2.1624069213867188 0.0 0.0 0.0 0.0
1 0.7719670534133911 2.897872884714747 3.1886098384857178 2.1624069213867188 0.0 1.5832278021811719 0.43269845843315125 0.0
2 0.7719670534133911 2.897872884714747 3.1886098384857178 2.1624069213867188 0.0 1.5832278021811719 0.43269845843315125 0.0
3 0.7719670534133911 6.137444789789369 3.1885948181152344 2.1624069213867188 0.0 5.633348936716123 1.3629119396209717 0.0
4 0.7719670534133911 6.137444789789369 3.193962335586548 2.159860134124756 0.0 5.633348936716123 1.3949551582336426 0.017375662922859192
5 0.7719670534133911 6.139384156424905 3.195160150527954 2.159860134124756 0.0 5.630708903234746 1.396458387374878 0.017375662922859192
6 0.7719670534133911 6.139384156424905 3.1941778659820557 2.1481010913848877 0.0 5.630708903234746 1.4147638082504272 0.16021080315113068
7 0.7719670534133911 6.139384156424905 3.1897735595703125 2.062128782272339 0.0 5.630708903234746 1.4471484422683716 0.6368573904037476
8 0.7719670534133911 6.139384156424905 3.189910650253296 2.062128782272339 0.0 5.630708903234746 1.4570568799972534 0.6368573904037476
9 0.7719670534133911 6.139384156424905 3.1893656253814697 2.062128782272339 0.0 5.630708903234746 1.457927942276001 0.6368573904037476
10 0.7719670534133911 6.115579898411593 3.1893577575683594 2.062128782272339 0.0 5.646539402380462 1.4614124298095703 0.6368573904037476
11 0.7719670534133911 6.115579898411593 3.1893868446350098 2.0623719692230225 0.0 5.646539402380462 1.4615061283111572 0.6382171511650085
12 0.7719670534133911 6.115579898411593 3.186980962753296 2.0623719692230225 0.0 5.646539402380462 1.4532561302185059 0.6382171511650085
13 0.7719670534133911 6.115579898411593 3.185338258743286 2.0623719692230225 0.0 5.646539402380462 1.4660013914108276 0.6382171511650085
14 0.7719670534133911 6.115579898411593 3.185347557067871 2.0623719692230225 0.0 5.646539402380462 1.4660035371780396 0.6382171511650085
15 0.7719670534133911 6.115579898411593 3.1820592880249023 2.0623719692230225 0.0 5.646539402380462 1.4599045515060425 0.6382171511650085
16 0.7719670534133911 6.115579898411593 3.1821374893188477 2.0620529651641846 0.0 5.646539402380462 1.45990788936615 0.6382471919059753
17 0.7719670534133911 6.115579898411593 3.1754846572875977 2.0620529651641846 0.0 5.646539402380462 1.4733299016952515 0.6382471919059753
18 0.7719670534133911 6.115579898411593 3.175426483154297 2.043433427810669 0.0 5.646539402380462 1.4732557535171509 0.6527225971221924
19 0.7719670534133911 6.115579898411593 3.1761090755462646 2.043433427810669 0.0 5.646539402380462 1.4755293130874634 0.6527225971221924
20 0.7719670534133911 6.11442964003776 3.1752960681915283 2.043433427810669 0.0 5.64798052306752 1.475067138671875 0.6527225971221924
21 0.7719670534133911 6.11442964003776 3.177273750305176 2.043433427810669 0.0 5.64798052306752 1.4807647466659546 0.6527225971221924
22 0.7719670534133911 6.3354248798607165 3.172198534011841 2.043433427810669 0.0 5.896234652867477 1.534865379333496 0.6527225971221924
23 0.7719670534133911 6.3354248798607165 3.1699628829956055 2.041308879852295 0.0 5.896234652867477 1.534838080406189 0.7309162020683289
24 0.7719670534133911 6.338171237619671 3.169999599456787 2.0423152446746826 0.0 5.890602383241535 1.533608317375183 0.7309582233428955
25 0.7719670534133911 6.338171237619671 3.1719634532928467 2.038872241973877 0.0 5.890602383241535 1.532144546508789 0.6913275122642517
26 0.7719670534133911 6.338171237619671 3.1718571186065674 2.0386784076690674 0.0 5.890602383241535 1.5321638584136963 0.6915294528007507
27 0.7719670534133911 6.338171237619671 3.171873092651367 2.0386784076690674 0.0 5.890602383241535 1.5321224927902222 0.6915294528007507
28 0.7719670534133911 6.338171237619671 3.170234203338623 2.0382349491119385 0.0 5.890602383241535 1.53635835647583 0.6946591138839722
29 0.7719670534133911 6.33785884134769 3.169229030609131 2.0382349491119385 0.0 5.8914211417778075 1.5357202291488647 0.6946591138839722
30 0.7719670534133911 6.329034718786922 3.169093132019043 2.0382349491119385 0.0 5.896716300504695 1.5248600244522095 0.6946591138839722
31 0.7719670534133911 6.338930158767642 3.1671712398529053 2.0382349491119385 0.0 5.897208917208913 1.5268168449401855 0.6946591138839722
32 0.7719670534133911 6.338930158767642 3.1957201957702637 2.0382349491119385 0.0 5.897208917208913 1.6459242105484009 0.6946591138839722
33 0.7719670534133911 6.338930158767642 3.1966958045959473 2.0377941131591797 0.0 5.897208917208913 1.6471831798553467 0.6950030326843262
34 0.7719670534133911 6.338930158767642 3.199984073638916 2.0376105308532715 0.0 5.897208917208913 1.65656578540802 0.702202558517456
35 0.7719670534133911 6.337093691631299 3.199984073638916 2.0376105308532715 0.0 5.900797872106334 1.6572935581207275 0.702202558517456
36 0.7719670534133911 6.337093691631299 3.199984073638916 2.0376105308532715 0.0 5.900797872106334 1.6572935581207275 0.702202558517456
37 0.7719670534133911 6.337093691631299 3.1995835304260254 2.0376105308532715 0.0 5.900797872106334 1.6647905111312866 0.702202558517456
38 0.7719670534133911 6.337093691631299 3.1995835304260254 2.0376105308532715 0.0 5.900797872106334 1.6647905111312866 0.702202558517456
39 0.7719670534133911 6.359005694180473 3.200562000274658 2.1275136470794678 0.0 5.8909485788358085 1.6535528898239136 0.32375267148017883
40 0.7719670534133911 6.359005694180473 3.200838088989258 2.1293585300445557 0.0 5.8909485788358085 1.6528092622756958 0.3374350070953369
41 0.7719670534133911 6.359005694180473 3.189955949783325 2.1293585300445557 0.0 5.8909485788358085 1.6619716882705688 0.3374350070953369
42 0.7719670534133911 6.361142079811515 3.1901497840881348 2.128544330596924 0.0 5.875247746712785 1.6587340831756592 0.3374357521533966
43 0.7719670534133911 6.361142079811515 3.1901562213897705 2.1285316944122314 0.0 5.875247746712785 1.658735990524292 0.33755770325660706
44 0.7719670534133911 6.361142079811515 3.1901562213897705 2.1285316944122314 0.0 5.875247746712785 1.658735990524292 0.33755770325660706
45 0.7719670534133911 6.361142079811515 3.1865501403808594 2.1285316944122314 0.0 5.875247746712785 1.6730819940567017 0.33755770325660706
46 0.7719670534133911 6.364076878955942 3.1856114864349365 2.123579502105713 0.0 5.869596539700908 1.6678823232650757 0.33960962295532227
47 0.7719670534133911 6.364076878955942 3.1856114864349365 2.123579502105713 0.0 5.869596539700908 1.6895519495010376 0.33960962295532227
48 0.7719670534133911 6.364076878955942 3.1856114864349365 2.123579502105713 0.0 5.869596539700908 1.6895519495010376 0.33960962295532227
49 0.7719670534133911 6.364076878955942 3.1858627796173096 2.123579502105713 0.0 5.869596539700908 1.6893075704574585 0.33960962295532227
50 0.7719670534133911 6.364076878955942 3.1865129470825195 2.1229817867279053 0.0 5.869596539700908 1.689394235610962 0.3438795804977417
51 0.7719670534133911 6.364076878955942 3.173245668411255 2.1229817867279053 0.0 5.869596539700908 1.6967241764068604 0.3438795804977417
52 0.7719670534133911 6.364076878955942 3.17328143119812 2.1233253479003906 0.0 5.869596539700908 1.6967267990112305 0.3439187705516815
53 0.7719670534133911 6.364076878955942 3.17328143119812 2.1233253479003906 0.0 5.869596539700908 1.6967267990112305 0.3439187705516815
54 0.7719670534133911 6.364076878955942 3.1757936477661133 2.1233253479003906 0.0 5.869596539700908 1.68630850315094 0.3439187705516815
55 0.7719670534133911 6.361812087659476 3.1757936477661133 2.1233253479003906 0.0 5.874196012391706 1.6872206926345825 0.3439187705516815
56 0.7719670534133911 6.36316936882079 3.176217555999756 2.128772258758545 0.0 5.871674606872427 1.68782377243042 0.36058279871940613
57 0.7719670534133911 6.36316936882079 3.176217555999756 2.128772258758545 0.0 5.871674606872427 1.68782377243042 0.36058279871940613
58 0.7719670534133911 6.36316936882079 3.176217555999756 2.128772258758545 0.0 5.871674606872427 1.687985897064209 0.36058279871940613
59 0.7719670534133911 6.36316936882079 3.1782145500183105 2.1317527294158936 0.0 5.871674606872427 1.6892740726470947 0.3618493378162384
60 0.7719670534133911 6.36316936882079 3.178802967071533 2.1317527294158936 0.0 5.871674606872427 1.6917906999588013 0.3618493378162384
61 0.7719670534133911 6.36316936882079 3.1879868507385254 2.1317527294158936 0.0 5.871674606872427 1.674505591392517 0.3618493378162384
62 0.7719670534133911 6.36316936882079 3.1974871158599854 2.1317527294158936 0.0 5.871674606872427 1.6852232217788696 0.3618493378162384
63 0.7719670534133911 6.36316936882079 3.196526050567627 2.1317527294158936 0.0 5.871674606872427 1.6827980279922485 0.3618493378162384
64 0.7719670534133911 6.36316936882079 3.196526050567627 2.1317527294158936 0.0 5.871674606872427 1.6827980279922485 0.3618493378162384
65 0.7719670534133911 6.36316936882079 3.196526050567627 2.1317527294158936 0.0 5.871674606872427 1.6827980279922485 0.3618493378162384
66 0.7719670534133911 6.357650172224313 3.196526050567627 2.1317527294158936 0.0 5.870207991540795 1.6825065612792969 0.3618493378162384
67 0.7719670534133911 6.35035818095056 3.196526050567627 2.1317527294158936 0.0 5.880344318132985 1.6845216751098633 0.3618493378162384
68 0.7719670534133911 6.348812791933445 3.196817636489868 2.1259937286376953 0.0 5.881560736679758 1.6851160526275635 0.40316614508628845
69 0.7719670534133911 6.348812791933445 3.196817636489868 2.1259937286376953 0.0 5.881560736679758 1.6851160526275635 0.40316614508628845
70 0.7719670534133911 6.356733397077437 3.196817636489868 2.1259937286376953 0.0 5.8721582346118595 1.6832470893859863 0.40316614508628845
71 0.7719670534133911 6.356733397077437 3.197042942047119 2.1214652061462402 0.0 5.8721582346118595 1.6840132474899292 0.40762534737586975
72 0.7719670534133911 6.357404612841097 3.197033643722534 2.1214652061462402 0.0 5.870764483198418 1.6837453842163086 0.40762534737586975
73 0.7719670534133911 6.351767104212154 3.1968469619750977 2.1214652061462402 0.0 5.879046378809423 1.6770302057266235 0.40762534737586975
74 0.7719670534133911 6.351767104212154 3.1966121196746826 2.1179471015930176 0.0 5.879046378809423 1.676043152809143 0.3946164548397064
75 0.7719670534133911 6.323128026009069 3.1965537071228027 2.1166210174560547 0.0 5.921961079715033 1.684730887413025 0.4001835286617279
76 0.7719670534133911 6.323128026009069 3.1965537071228027 2.1166210174560547 0.0 5.921961079715033 1.684730887413025 0.4001835286617279
77 0.7719670534133911 6.334126917936439 3.1965537071228027 2.1166210174560547 0.0 5.9098853138231595 1.6823137998580933 0.4001835286617279
78 0.7719670534133911 6.334126917936439 3.196575880050659 2.11913800239563 0.0 5.9098853138231595 1.683002233505249 0.4352368414402008
79 0.7719670534133911 6.334126917936439 3.196272850036621 2.118253707885742 0.0 5.9098853138231595 1.6829622983932495 0.43450596928596497
80 0.7719670534133911 6.334126917936439 3.196272850036621 2.118253707885742 0.0 5.9098853138231595 1.6829622983932495 0.43450596928596497
81 0.7719670534133911 6.334126917936439 3.196272850036621 2.118253707885742 0.0 5.9098853138231595 1.6829622983932495 0.43450596928596497
82 0.7719670534133911 6.334894471832881 3.195740222930908 2.118253707885742 0.0 5.897014996314342 1.679050326347351 0.43450596928596497
83 0.7719670534133911 6.334894471832881 3.195772647857666 2.1182260513305664 0.0 5.897014996314342 1.6790771484375 0.43580496311187744
84 0.7719670534133911 6.334894471832881 3.195772647857666 2.1182260513305664 0.0 5.897014996314342 1.6790771484375 0.43580496311187744
85 0.7719670534133911 6.334894471832881 3.196364402770996 2.1182260513305664 0.0 5.897014996314342 1.703342318534851 0.43580496311187744
86 0.7719670534133911 6.339246598176563 3.197826862335205 2.1182260513305664 0.0 5.89106400410026 1.7097541093826294 0.43580496311187744
87 0.7719670534133911 6.339246598176563 3.1972498893737793 2.1182260513305664 0.0 5.89106400410026 1.7102168798446655 0.43580496311187744
88 0.7719670534133911 6.339246598176563 3.1972498893737793 2.1182260513305664 0.0 5.89106400410026 1.7102168798446655 0.43580496311187744
89 0.7719670534133911 6.339246598176563 3.1974294185638428 2.1182260513305664 0.0 5.89106400410026 1.7049363851547241 0.43580496311187744
90 0.7719670534133911 6.340140605346312 3.1978375911712646 2.1182260513305664 0.0 5.889274981121562 1.7055790424346924 0.43580496311187744
91 0.7719670534133911 6.340140605346312 3.1978375911712646 2.1182260513305664 0.0 5.889274981121562 1.7055790424346924 0.43580496311187744
92 0.7719670534133911 6.336347801634944 3.1969611644744873 2.1201696395874023 0.0 5.895399112581062 1.7053463459014893 0.4361608624458313
93 0.7719670534133911 6.336347801634944 3.1969611644744873 2.1201696395874023 0.0 5.895399112581062 1.7053463459014893 0.4361608624458313
94 0.7719670534133911 6.341095142912873 3.196941614151001 2.123349666595459 0.0 5.886963774959314 1.7039523124694824 0.4459998309612274
95 0.7719670534133911 6.341095142912873 3.196535587310791 2.123349666595459 0.0 5.886963774959314 1.6899266242980957 0.4459998309612274
96 0.7719670534133911 6.335936460276036 3.1971681118011475 2.123349666595459 0.0 5.895886032222277 1.6945620775222778 0.4459998309612274
97 0.7719670534133911 6.335936460276036 3.1973118782043457 2.1180787086486816 0.0 5.895886032222277 1.6950315237045288 0.4680038094520569
98 0.7719670534133911 6.335936460276036 3.1977834701538086 2.1163055896759033 0.0 5.895886032222277 1.694981575012207 0.48667261004447937
99 0.7719670534133911 6.335936460276036 3.1972250938415527 2.1163055896759033 0.0 5.895886032222277 1.7129664421081543 0.48667261004447937
100 0.7719670534133911 6.335936460276036 3.197267770767212 2.1163055896759033 0.0 5.895886032222277 1.7130253314971924 0.48667261004447937
101 0.7719670534133911 6.335936460276036 3.197267770767212 2.1163055896759033 0.0 5.895886032222277 1.7130253314971924 0.48667261004447937
102 0.7719670534133911 6.335936460276036 3.1966426372528076 2.1124606132507324 0.0 5.895886032222277 1.7114595174789429 0.4871646463871002
103 0.7719670534133911 6.340478758339113 3.1669723987579346 2.118093252182007 0.0 5.888511355302084 1.592502236366272 0.5102378129959106
104 0.7719670534133911 6.340343848301966 3.1666133403778076 2.1222829818725586 0.0 5.888823047444742 1.5957856178283691 0.5758620500564575
105 0.7719670534133911 6.340343848301966 3.1668574810028076 2.1204895973205566 0.0 5.888823047444742 1.59188711643219 0.5704376697540283
106 0.7719670534133911 6.340343848301966 3.166663646697998 2.075258493423462 0.0 5.888823047444742 1.5966941118240356 0.7205126881599426
107 0.7719670534133911 6.340343848301966 3.164825677871704 2.0682625770568848 0.0 5.888823047444742 1.5971001386642456 0.7312097549438477
108 0.7719670534133911 6.340343848301966 3.1665849685668945 2.0682625770568848 0.0 5.888823047444742 1.6022733449935913 0.7312097549438477
109 0.7719670534133911 6.340343848301966 3.1657822132110596 2.0682625770568848 0.0 5.888823047444742 1.5982825756072998 0.7312097549438477
110 0.7719670534133911 6.335889942677617 3.1674675941467285 2.072718381881714 0.0 5.895939932231704 1.598305344581604 0.7241315245628357
111 0.7719670534133911 6.324030548437038 3.165678024291992 2.073946952819824 0.0 5.926781487994762 1.604703664779663 0.7241491079330444
112 0.7719670534133911 6.324030548437038 3.165678024291992 2.073946952819824 0.0 5.926781487994762 1.604703664779663 0.7241491079330444
113 0.7719670534133911 6.324030548437038 3.16564679145813 2.0745842456817627 0.0 5.926781487994762 1.6042784452438354 0.725307285785675
114 0.7719670534133911 6.324030548437038 3.1679017543792725 2.0745842456817627 0.0 5.926781487994762 1.5995196104049683 0.725307285785675
115 0.7719670534133911 6.324030548437038 3.1679017543792725 2.0745842456817627 0.0 5.926781487994762 1.5991822481155396 0.725307285785675
116 0.7719670534133911 6.31270553092456 3.1667442321777344 2.0745842456817627 0.0 5.947248740515346 1.6131221055984497 0.725307285785675
117 0.7719670534133911 6.31270553092456 3.1632423400878906 2.0745842456817627 0.0 5.947248740515346 1.6047711372375488 0.725307285785675
118 0.7719670534133911 6.31270553092456 3.1618452072143555 2.059016704559326 0.0 5.947248740515346 1.6106430292129517 0.7272046804428101
119 0.7719670534133911 6.31270553092456 3.1618452072143555 2.059016704559326 0.0 5.947248740515346 1.6106430292129517 0.7272046804428101
120 0.7719670534133911 6.31270553092456 3.1618425846099854 2.0589301586151123 0.0 5.947248740515346 1.6106654405593872 0.7277916669845581
121 0.7719670534133911 6.31270553092456 3.161831855773926 2.0589301586151123 0.0 5.947248740515346 1.6107624769210815 0.7277916669845581
122 0.7719670534133911 6.31270553092456 3.161831855773926 2.0589301586151123 0.0 5.947248740515346 1.6107624769210815 0.7277916669845581
123 0.7719670534133911 6.31270553092456 3.161831855773926 2.0589301586151123 0.0 5.947248740515346 1.6107624769210815 0.7277916669845581
124 0.7719670534133911 6.31270553092456 3.1615281105041504 2.0589301586151123 0.0 5.947248740515346 1.610793948173523 0.7277916669845581
125 0.7719670534133911 6.31270553092456 3.169360876083374 2.0589301586151123 0.0 5.947248740515346 1.5989952087402344 0.7277916669845581
126 0.7719670534133911 6.31270553092456 3.1708736419677734 2.052114486694336 0.0 5.947248740515346 1.5924806594848633 0.7202396988868713
127 0.7719670534133911 6.31270553092456 3.1709325313568115 2.052114486694336 0.0 5.947248740515346 1.5948305130004883 0.7202396988868713
128 0.7719670534133911 6.31270553092456 3.163377285003662 2.105410099029541 0.0 5.947248740515346 1.5961743593215942 0.5230038166046143
129 0.7719670534133911 6.31270553092456 3.163377285003662 2.105410099029541 0.0 5.947248740515346 1.5961743593215942 0.5230038166046143
130 0.7719670534133911 6.31270553092456 3.1632940769195557 2.105410099029541 0.0 5.947248740515346 1.5961560010910034 0.5230038166046143
131 0.7719670534133911 6.31270553092456 3.1661581993103027 2.105410099029541 0.0 5.947248740515346 1.5851459503173828 0.5230038166046143
132 0.7719670534133911 6.31270553092456 3.165985584259033 2.105410099029541 0.0 5.947248740515346 1.5849709510803223 0.5230038166046143
133 0.7719670534133911 6.31270553092456 3.165985584259033 2.105410099029541 0.0 5.947248740515346 1.5849709510803223 0.5230038166046143
134 0.7719670534133911 6.31270553092456 3.173342704772949 2.105410099029541 0.0 5.947248740515346 1.606384038925171 0.5230038166046143
135 0.7719670534133911 6.31270553092456 3.1734395027160645 2.105410099029541 0.0 5.947248740515346 1.6064672470092773 0.5230038166046143
136 0.7719670534133911 6.31270553092456 3.173826217651367 2.1054062843322754 0.0 5.947248740515346 1.5985538959503174 0.5229848623275757
137 0.7719670534133911 6.31270553092456 3.1751956939697266 2.1054062843322754 0.0 5.947248740515346 1.597005009651184 0.5229848623275757
138 0.7719670534133911 6.31270553092456 3.1751956939697266 2.1054062843322754 0.0 5.947248740515346 1.597005009651184 0.5229848623275757
139 0.7719670534133911 6.308764792997378 3.1751956939697266 2.1054062843322754 0.0 5.950974754342555 1.5894055366516113 0.5229848623275757
140 0.7719670534133911 6.308764792997378 3.17514967918396 2.1076109409332275 0.0 5.950974754342555 1.58918297290802 0.5143639445304871
141 0.7719670534133911 6.308764792997378 3.1758334636688232 2.1075992584228516 0.0 5.950974754342555 1.565484642982483 0.5147007703781128
142 0.7719670534133911 6.308764792997378 3.1745715141296387 2.0218446254730225 0.0 5.950974754342555 1.5757014751434326 0.8016958236694336
143 0.7719670534133911 6.308764792997378 3.1604580879211426 2.0218446254730225 0.0 5.950974754342555 1.5884811878204346 0.8016958236694336
144 0.7719670534133911 6.308764792997378 3.1608521938323975 2.0903544425964355 0.0 5.950974754342555 1.581207275390625 0.5926944613456726
145 0.7719670534133911 6.308764792997378 3.174830198287964 2.0903544425964355 0.0 5.950974754342555 1.5688130855560303 0.5926944613456726
146 0.7719670534133911 6.308764792997378 3.174868583679199 2.087381601333618 0.0 5.950974754342555 1.568851113319397 0.5939671993255615
147 0.7719670534133911 6.3121587006086095 3.173482656478882 2.087381601333618 0.0 5.947878671523099 1.5726795196533203 0.5939671993255615
148 0.7719670534133911 6.3121587006086095 3.180619478225708 2.087381601333618 0.0 5.947878671523099 1.552309274673462 0.5939671993255615
149 0.7719670534133911 6.311349710522872 3.1806726455688477 2.088193416595459 0.0 5.948737141410964 1.5521941184997559 0.5939996242523193
150 0.7719670534133911 6.311349710522872 3.1806726455688477 2.088193416595459 0.0 5.948737141410964 1.5521941184997559 0.5939996242523193
151 0.7719670534133911 6.311349710522872 3.1805381774902344 2.0829527378082275 0.0 5.948737141410964 1.5526164770126343 0.6073448061943054
152 0.7719670534133911 6.311349710522872 3.1821017265319824 2.0829527378082275 0.0 5.948737141410964 1.55491304397583 0.6073448061943054
153 0.7719670534133911 6.311349710522872 3.181485414505005 2.03401517868042 0.0 5.948737141410964 1.5608365535736084 0.7622455358505249
154 0.7719670534133911 6.311349710522872 3.1804041862487793 2.03401517868042 0.0 5.948737141410964 1.5519276857376099 0.7622455358505249
155 0.7719670534133911 6.311349710522872 3.179363250732422 2.03401517868042 0.0 5.948737141410964 1.55825674533844 0.7622455358505249
156 0.7719670534133911 6.311349710522872 3.1812336444854736 2.03401517868042 0.0 5.948737141410964 1.5510227680206299 0.7622455358505249
157 0.7719670534133911 6.311349710522872 3.181095600128174 2.03401517868042 0.0 5.948737141410964 1.5531057119369507 0.7622455358505249
158 0.7719670534133911 6.311349710522872 3.180795669555664 2.03401517868042 0.0 5.948737141410964 1.553528070449829 0.7622455358505249
159 0.7719670534133911 6.311349710522872 3.180795669555664 2.03401517868042 0.0 5.948737141410964 1.553528070449829 0.7622455358505249
160 0.7719670534133911 6.311349710522872 3.180894613265991 2.03420090675354 0.0 5.948737141410964 1.5549330711364746 0.797637939453125
161 0.7719670534133911 6.311349710522872 3.1841654777526855 2.03420090675354 0.0 5.948737141410964 1.5524030923843384 0.797637939453125
162 0.7719670534133911 6.311349710522872 3.1839563846588135 2.03420090675354 0.0 5.948737141410964 1.552582859992981 0.797637939453125
163 0.7719670534133911 6.311349710522872 3.184852361679077 2.1408920288085938 0.0 5.948737141410964 1.5642718076705933 1.0472517013549805
164 0.7719670534133911 6.311349710522872 3.1833183765411377 2.1408920288085938 0.0 5.948737141410964 1.563048005104065 1.0472517013549805
165 0.7719670534133911 6.311349710522872 3.1833183765411377 2.1408920288085938 0.0 5.948737141410964 1.563048005104065 1.0472517013549805
166 0.7719670534133911 6.311349710522872 3.1833183765411377 2.1408920288085938 0.0 5.948737141410964 1.563048005104065 1.0472517013549805
167 0.7719670534133911 6.311349710522872 3.1833934783935547 2.1408920288085938 0.0 5.948737141410964 1.5632232427597046 1.0472517013549805
168 0.7719670534133911 6.311349710522872 3.1831870079040527 2.1401779651641846 0.0 5.948737141410964 1.5633000135421753 1.0403919219970703
169 0.7719670534133911 6.311349710522872 3.1831870079040527 2.1401779651641846 0.0 5.948737141410964 1.5633000135421753 1.0403919219970703
170 0.7719670534133911 6.311349710522872 3.1831870079040527 2.1401779651641846 0.0 5.948737141410964 1.5633000135421753 1.0403919219970703
171 0.7719670534133911 6.311349710522872 3.183413028717041 2.1401779651641846 0.0 5.948737141410964 1.563098669052124 1.0403919219970703
172 0.7719670534133911 6.311349710522872 3.183413028717041 2.1401779651641846 0.0 5.948737141410964 1.563098669052124 1.0403919219970703
173 0.7719670534133911 6.311349710522872 3.178480863571167 2.164544105529785 0.0 5.948737141410964 1.5665478706359863 0.9781894087791443
174 0.7719670534133911 6.311349710522872 3.1786019802093506 2.1610846519470215 0.0 5.948737141410964 1.5666354894638062 0.9782224893569946
175 0.7719670534133911 6.311349710522872 3.1786019802093506 2.1610846519470215 0.0 5.948737141410964 1.5666354894638062 0.9782224893569946
176 0.7719670534133911 6.311349710522872 3.1786019802093506 2.1610846519470215 0.0 5.948737141410964 1.5666354894638062 0.9782224893569946
177 0.7719670534133911 6.311349710522872 3.1647636890411377 2.1610846519470215 0.0 5.948737141410964 1.5978045463562012 0.9782224893569946
178 0.7719670534133911 6.311349710522872 3.1651008129119873 2.1610846519470215 0.0 5.948737141410964 1.5983517169952393 0.9782224893569946
179 0.7719670534133911 6.311349710522872 3.1740028858184814 2.1610846519470215 0.0 5.948737141410964 1.5889679193496704 0.9782224893569946
180 0.7719670534133911 6.311349710522872 3.1739535331726074 2.16035532951355 0.0 5.948737141410964 1.5888237953186035 0.9773871898651123
181 0.7719670534133911 6.311349710522872 3.1739535331726074 2.16035532951355 0.0 5.948737141410964 1.5888237953186035 0.9773871898651123
182 0.7719670534133911 6.311349710522872 3.1739535331726074 2.16035532951355 0.0 5.948737141410964 1.5888237953186035 0.9773871898651123
183 0.7719670534133911 6.311349710522872 3.1739535331726074 2.16035532951355 0.0 5.948737141410964 1.5888237953186035 0.9773871898651123
184 0.7719670534133911 6.311349710522872 3.1739535331726074 2.16035532951355 0.0 5.948737141410964 1.5888237953186035 0.9773871898651123
185 0.7719670534133911 6.311349710522872 3.1739535331726074 2.16035532951355 0.0 5.948737141410964 1.5888237953186035 0.9773871898651123
186 0.7719670534133911 6.308197430246431 3.1739535331726074 2.16035532951355 0.0 5.9513817164954945 1.5893878936767578 0.9773871898651123
187 0.7719670534133911 6.308197430246431 3.1720800399780273 2.1579482555389404 0.0 5.9513817164954945 1.5845893621444702 0.9709991812705994
188 0.7719670534133911 6.308197430246431 3.1720800399780273 2.1579482555389404 0.0 5.9513817164954945 1.5845893621444702 0.9709991812705994
189 0.7719670534133911 6.308197430246431 3.173753499984741 2.1579482555389404 0.0 5.9513817164954945 1.588992953300476 0.9709991812705994
190 0.7719670534133911 6.309087871946752 3.173753499984741 2.1579482555389404 0.0 5.950728253446437 1.5888534784317017 0.9709991812705994
191 0.7719670534133911 6.309087871946752 3.174990653991699 2.1579482555389404 0.0 5.950728253446437 1.588623046875 0.9709991812705994
192 0.7719670534133911 6.309087871946752 3.172701835632324 2.16935658454895 0.0 5.950728253446437 1.588544249534607 0.9506368041038513
193 0.7719670534133911 6.309087871946752 3.172173261642456 2.16935658454895 0.0 5.950728253446437 1.5883697271347046 0.9506368041038513
194 0.7719670534133911 6.312048284300142 3.1733012199401855 2.1477506160736084 0.0 5.9479987276296225 1.5899707078933716 0.9944241046905518
195 0.7719670534133911 6.312048284300142 3.1658549308776855 2.1477506160736084 0.0 5.9479987276296225 1.566838026046753 0.9944241046905518
196 0.7719670534133911 6.312048284300142 3.164804458618164 2.1477506160736084 0.0 5.9479987276296225 1.5656006336212158 0.9944241046905518
197 0.7719670534133911 6.312048284300142 3.1634795665740967 2.1571476459503174 0.0 5.9479987276296225 1.5649360418319702 0.9811140298843384
198 0.7719670534133911 6.312048284300142 3.1635005474090576 2.1572253704071045 0.0 5.9479987276296225 1.5649160146713257 0.9814472198486328
199 0.7719670534133911 6.312048284300142 3.1635231971740723 2.1605939865112305 0.0 5.9479987276296225 1.5647802352905273 0.9804556369781494
200 0.7719670534133911 6.2970936021233 3.160853147506714 2.1227734088897705 0.0 5.98389158451948 1.5671604871749878 1.0506376028060913
201 0.7719670534133911 6.304424280533792 3.1595821380615234 2.124692678451538 0.0 5.943965576824167 1.5606707334518433 1.0539357662200928
202 0.7719670534133911 6.3089297217555025 3.161900281906128 2.124692678451538 0.0 5.930611423092456 1.5574668645858765 1.0539357662200928
203 0.7719670534133911 6.3089297217555025 3.16371750831604 2.124692678451538 0.0 5.930611423092456 1.5611127614974976 1.0539357662200928
204 0.7719670534133911 6.3089297217555025 3.166447877883911 2.1277785301208496 0.0 5.930611423092456 1.568029761314392 1.053504467010498
205 0.7719670534133911 6.3089297217555025 3.166447877883911 2.1277785301208496 0.0 5.930611423092456 1.568029761314392 1.053504467010498
206 0.7719670534133911 6.3089297217555025 3.1664490699768066 2.1276590824127197 0.0 5.930611423092456 1.5679810047149658 1.0526149272918701
207 0.7719670534133911 6.3089297217555025 3.1664490699768066 2.1276590824127197 0.0 5.930611423092456 1.5679810047149658 1.0526149272918701
208 0.7719670534133911 6.3089297217555025 3.173935890197754 2.1276040077209473 0.0 5.930611423092456 1.5909343957901 1.0521855354309082
209 0.7719670534133911 6.3089297217555025 3.173935890197754 2.1276040077209473 0.0 5.930611423092456 1.5909343957901 1.0521855354309082
210 0.7719670534133911 6.3089297217555025 3.173935890197754 2.1276040077209473 0.0 5.930611423092456 1.5909343957901 1.0521855354309082
211 0.7719670534133911 6.3089297217555025 3.173935890197754 2.1276040077209473 0.0 5.930611423092456 1.5909343957901 1.0521855354309082
212 0.7719670534133911 6.3089297217555025 3.179293155670166 2.1276040077209473 0.0 5.930611423092456 1.5648605823516846 1.0521855354309082
213 0.7719670534133911 6.3089297217555025 3.179631233215332 2.1276040077209473 0.0 5.930611423092456 1.5658706426620483 1.0521855354309082
214 0.7719670534133911 6.3089297217555025 3.1796247959136963 2.1276040077209473 0.0 5.930611423092456 1.566023826599121 1.0521855354309082
215 0.7719670534133911 6.3089297217555025 3.1796247959136963 2.1276040077209473 0.0 5.930611423092456 1.566023826599121 1.0521855354309082
216 0.7719670534133911 6.3089297217555025 3.180745840072632 2.1276040077209473 0.0 5.930611423092456 1.5690181255340576 1.0521855354309082
217 0.7719670534133911 6.3089297217555025 3.180745840072632 2.1276040077209473 0.0 5.930611423092456 1.5690181255340576 1.0521855354309082
218 0.7719670534133911 6.3089297217555025 3.180745840072632 2.1276040077209473 0.0 5.930611423092456 1.5690181255340576 1.0521855354309082
219 0.7719670534133911 6.3089297217555025 3.1815648078918457 2.1276040077209473 0.0 5.930611423092456 1.57066011428833 1.0521855354309082
220 0.7719670534133911 6.3089297217555025 3.1815738677978516 2.1276040077209473 0.0 5.930611423092456 1.570864200592041 1.0521855354309082
221 0.7719670534133911 6.3089297217555025 3.181184768676758 2.1276040077209473 0.0 5.930611423092456 1.5692204236984253 1.0521855354309082
222 0.7719670534133911 6.309811557582628 3.180659770965576 2.1301333904266357 0.0 5.929409168226405 1.570677638053894 1.064953327178955
223 0.7719670534133911 6.309811557582628 3.183823585510254 2.1301333904266357 0.0 5.929409168226405 1.574945092201233 1.064953327178955
224 0.7719670534133911 6.309811557582628 3.183823585510254 2.1301333904266357 0.0 5.929409168226405 1.574945092201233 1.064953327178955
225 0.7719670534133911 6.309811557582628 3.183823585510254 2.1301333904266357 0.0 5.929409168226405 1.574945092201233 1.064953327178955
226 0.7719670534133911 6.309811557582628 3.181727170944214 2.1301889419555664 0.0 5.929409168226405 1.5720655918121338 1.0546305179595947
227 0.7719670534133911 6.316749392453268 3.181727170944214 2.1301889419555664 0.0 5.921240223506541 1.5703105926513672 1.0546305179595947
228 0.7719670534133911 6.316749392453268 3.181727170944214 2.1301889419555664 0.0 5.921240223506541 1.5703105926513672 1.0546305179595947
229 0.7719670534133911 6.316749392453268 3.1811258792877197 2.1301889419555664 0.0 5.921240223506541 1.5708423852920532 1.0546305179595947
230 0.7719670534133911 6.316749392453268 3.1811258792877197 2.1301889419555664 0.0 5.921240223506541 1.5708423852920532 1.0546305179595947
231 0.7719670534133911 6.316749392453268 3.1811258792877197 2.1301889419555664 0.0 5.921240223506541 1.5708423852920532 1.0546305179595947
232 0.7719670534133911 6.316749392453268 3.1825573444366455 2.1299850940704346 0.0 5.921240223506541 1.5770671367645264 1.054940938949585
233 0.7719670534133911 6.316494504522398 3.182185649871826 2.1299850940704346 0.0 5.921572806977086 1.5767459869384766 1.054940938949585
234 0.7719670534133911 6.316494504522398 3.179063558578491 2.1299850940704346 0.0 5.921572806977086 1.5842989683151245 1.054940938949585
235 0.7719670534133911 6.318254699991567 3.1778175830841064 2.1299850940704346 0.0 5.919013439571449 1.5874404907226563 1.054940938949585
236 0.7719670534133911 6.318254699991567 3.1778175830841064 2.1299850940704346 0.0 5.919013439571449 1.5874404907226563 1.054940938949585
237 0.7719670534133911 6.318254699991567 3.1778175830841064 2.1299850940704346 0.0 5.919013439571449 1.5874404907226563 1.054940938949585
238 0.7719670534133911 6.322118800448128 3.1778175830841064 2.1299850940704346 0.0 5.918886188744924 1.5874135494232178 1.054940938949585
239 0.7719670534133911 6.322118800448128 3.1778175830841064 2.1299850940704346 0.0 5.918886188744924 1.5874135494232178 1.054940938949585
240 0.7719670534133911 6.322081668858579 3.1778175830841064 2.1299850940704346 0.0 5.918939073129634 1.5874247550964355 1.054940938949585
241 0.7719670534133911 6.322081668858579 3.178086280822754 2.1299850940704346 0.0 5.918939073129634 1.5880532264709473 1.054940938949585
242 0.7719670534133911 6.322081668858579 3.175644636154175 2.1299850940704346 0.0 5.918939073129634 1.5816000699996948 1.054940938949585
243 0.7719670534133911 6.322081668858579 3.175644636154175 2.1299850940704346 0.0 5.918939073129634 1.5816000699996948 1.054940938949585
244 0.7719670534133911 6.320180091489876 3.175633430480957 2.1299850940704346 0.0 5.921486385391468 1.5821421146392822 1.054940938949585
245 0.7719670534133911 6.320180091489876 3.1740176677703857 2.1299850940704346 0.0 5.921486385391468 1.5812938213348389 1.054940938949585
246 0.7719670534133911 6.320180091489876 3.1779282093048096 2.1299850940704346 0.0 5.921486385391468 1.5777162313461304 1.054940938949585
247 0.7719670534133911 6.320180091489876 3.1779282093048096 2.1299850940704346 0.0 5.921486385391468 1.5777162313461304 1.054940938949585
248 0.7719670534133911 6.320180091489876 3.1778180599212646 2.1299850940704346 0.0 5.921486385391468 1.5777055025100708 1.054940938949585
249 0.7719670534133911 6.320180091489876 3.1782641410827637 2.1299850940704346 0.0 5.921486385391468 1.5778820514678955 1.054940938949585
250 0.7719670534133911 6.320180091489876 3.1780710220336914 2.1299850940704346 0.0 5.921486385391468 1.5780690908432007 1.054940938949585
251 0.7719670534133911 6.320180091489876 3.1780710220336914 2.1299850940704346 0.0 5.921486385391468 1.5780690908432007 1.054940938949585
252 0.7719670534133911 6.31939054400248 3.178600788116455 2.1299850940704346 0.0 5.922368613634402 1.5783275365829468 1.054940938949585
253 0.7719670534133911 6.31939054400248 3.178213596343994 2.1299850940704346 0.0 5.922368613634402 1.5770666599273682 1.054940938949585
254 0.7719670534133911 6.31939054400248 3.178213596343994 2.1299850940704346 0.0 5.922368613634402 1.5770666599273682 1.054940938949585
255 0.7719670534133911 6.31939054400248 3.178213596343994 2.1299850940704346 0.0 5.922368613634402 1.5770666599273682 1.054940938949585
256 0.7719670534133911 6.31939054400248 3.1727471351623535 2.123556137084961 0.0 5.922368613634402 1.5820128917694092 1.0458288192749023
257 0.7719670534133911 6.31939054400248 3.1752727031707764 2.124797821044922 0.0 5.922368613634402 1.5885963439941406 1.0453723669052124
258 0.7719670534133911 6.31939054400248 3.1752727031707764 2.124797821044922 0.0 5.922368613634402 1.5885963439941406 1.0453723669052124
259 0.7719670534133911 6.31939054400248 3.176370620727539 2.124797821044922 0.0 5.922368613634402 1.58696448802948 1.0453723669052124
260 0.7719670534133911 6.320348767225329 3.1760001182556152 2.124581813812256 0.0 5.921286251312159 1.5865833759307861 1.0434420108795166
261 0.7719670534133911 6.313539543629257 3.1762096881866455 2.124581813812256 0.0 5.9242848313391425 1.5856233835220337 1.0434420108795166
262 0.7719670534133911 6.313539543629257 3.1760895252227783 2.124581813812256 0.0 5.9242848313391425 1.5860376358032227 1.0434420108795166
263 0.7719670534133911 6.313539543629257 3.1760895252227783 2.124581813812256 0.0 5.9242848313391425 1.5860376358032227 1.0434420108795166
264 0.7719670534133911 6.313539543629257 3.1749823093414307 2.1248786449432373 0.0 5.9242848313391425 1.587160348892212 1.0430837869644165
265 0.7719670534133911 6.313539543629257 3.1749823093414307 2.1248786449432373 0.0 5.9242848313391425 1.587160348892212 1.0430837869644165
266 0.7719670534133911 6.313539543629257 3.1761398315429688 2.1248786449432373 0.0 5.9242848313391425 1.5846648216247559 1.0430837869644165
267 0.7719670534133911 6.313539543629257 3.1741974353790283 2.1248786449432373 0.0 5.9242848313391425 1.5906552076339722 1.0430837869644165
268 0.7719670534133911 6.313539543629257 3.1740975379943848 2.1248786449432373 0.0 5.9242848313391425 1.5906999111175537 1.0430837869644165
269 0.7719670534133911 6.313539543629257 3.1740832328796387 2.124691963195801 0.0 5.9242848313391425 1.5906256437301636 1.0416500568389893
270 0.7719670534133911 6.313539543629257 3.1740832328796387 2.124691963195801 0.0 5.9242848313391425 1.5906256437301636 1.0416500568389893
271 0.7719670534133911 6.313539543629257 3.1742990016937256 2.1954245567321777 0.0 5.9242848313391425 1.5828042030334473 0.8782395124435425
272 0.7719670534133911 6.313539543629257 3.1742990016937256 2.1954245567321777 0.0 5.9242848313391425 1.5828042030334473 0.8782395124435425
273 0.7719670534133911 6.313539543629257 3.1732590198516846 2.1954245567321777 0.0 5.9242848313391425 1.582771897315979 0.8782395124435425
274 0.7719670534133911 6.313539543629257 3.172445058822632 2.111051082611084 0.0 5.9242848313391425 1.5922231674194336 1.0764458179473877
275 0.7719670534133911 6.313539543629257 3.1746509075164795 2.1109862327575684 0.0 5.9242848313391425 1.5951037406921387 1.0684804916381836
276 0.7719670534133911 6.312658170347574 3.1746509075164795 2.1109862327575684 0.0 5.925419438911063 1.5953437089920044 1.0684804916381836
277 0.7719670534133911 6.312122310964132 3.1739702224731445 2.1429646015167236 0.0 5.92604638156454 1.592618465423584 1.0131564140319824
278 0.7719670534133911 6.312122310964132 3.1719582080841064 2.144986629486084 0.0 5.92604638156454 1.5967905521392822 1.042054533958435
279 0.7719670534133911 6.312122310964132 3.171952962875366 2.1455190181732178 0.0 5.92604638156454 1.5972027778625488 1.0421148538589478
280 0.7719670534133911 6.319328578019645 3.1719276905059814 2.1455190181732178 0.0 5.929858548062832 1.5979808568954468 1.0421148538589478
281 0.7719670534133911 6.319328578019645 3.1719276905059814 2.1455190181732178 0.0 5.929858548062832 1.5979808568954468 1.0421148538589478
282 0.7719670534133911 6.303359713348447 3.172351837158203 2.1455190181732178 0.0 5.968318933509178 1.606253981590271 1.0421148538589478
283 0.7719670534133911 6.303359713348447 3.1668426990509033 2.1433193683624268 0.0 5.968318933509178 1.5832659006118774 1.0386375188827515
284 0.7719670534133911 6.303359713348447 3.166536808013916 2.153930187225342 0.0 5.968318933509178 1.582336187362671 1.0196219682693481
285 0.7719670534133911 6.303359713348447 3.1664044857025146 2.151296615600586 0.0 5.968318933509178 1.5815528631210327 1.0156633853912354
286 0.7719670534133911 6.303359713348447 3.1664044857025146 2.151296615600586 0.0 5.968318933509178 1.5815528631210327 1.0156633853912354
287 0.7719670534133911 6.303359713348447 3.168100357055664 2.171783924102783 0.0 5.968318933509178 1.5741803646087646 0.9691774845123291
288 0.7719670534133911 6.303359713348447 3.168100357055664 2.171783924102783 0.0 5.968318933509178 1.5741803646087646 0.9691774845123291
289 0.7719670534133911 6.302332372970203 3.1690003871917725 2.1345407962799072 0.0 5.969358810070437 1.5792112350463867 1.0634350776672363
290 0.7719670534133911 6.310588914667721 3.1690003871917725 2.1345407962799072 0.0 5.9445477665261794 1.551830768585205 1.0634350776672363
291 0.7719670534133911 6.310588914667721 3.1690003871917725 2.1345407962799072 0.0 5.9445477665261794 1.5614675283432007 1.0634350776672363
292 0.7719670534133911 6.310588914667721 3.1662824153900146 2.1345407962799072 0.0 5.9445477665261794 1.571732997894287 1.0634350776672363
293 0.7719670534133911 6.310588914667721 3.167025566101074 2.1625850200653076 0.0 5.9445477665261794 1.5718014240264893 1.0652915239334106
294 0.7719670534133911 6.310588914667721 3.167025566101074 2.1625850200653076 0.0 5.9445477665261794 1.5718014240264893 1.0652915239334106
295 0.7719670534133911 6.310588914667721 3.166778326034546 2.1625850200653076 0.0 5.9445477665261794 1.5804671049118042 1.0652915239334106
296 0.7719670534133911 6.310588914667721 3.166778087615967 2.1626172065734863 0.0 5.9445477665261794 1.5804753303527832 1.0654743909835815
297 0.7719670534133911 6.310588914667721 3.167332172393799 2.1626172065734863 0.0 5.9445477665261794 1.5836381912231445 1.0654743909835815
298 0.7719670534133911 6.310588914667721 3.167332172393799 2.1626172065734863 0.0 5.9445477665261794 1.5836381912231445 1.0654743909835815
299 0.7719670534133911 6.310588914667721 3.1670970916748047 2.227003812789917 0.0 5.9445477665261794 1.5766054391860962 0.9242884516716003
300 0.7719670534133911 6.310588914667721 3.1671268939971924 2.227003812789917 0.0 5.9445477665261794 1.57524836063385 0.9242884516716003
301 0.7719670534133911 6.310588914667721 3.168795347213745 2.227003812789917 0.0 5.9445477665261794 1.5738104581832886 0.9242884516716003
302 0.7719670534133911 6.310588914667721 3.1688175201416016 2.227003812789917 0.0 5.9445477665261794 1.5738345384597778 0.9242884516716003
303 0.7719670534133911 6.310588914667721 3.1688175201416016 2.227003812789917 0.0 5.9445477665261794 1.5738345384597778 0.9242884516716003
304 0.7719670534133911 6.310588914667721 3.1689798831939697 2.227003812789917 0.0 5.9445477665261794 1.5736483335494995 0.9242884516716003
305 0.7719670534133911 6.310588914667721 3.1692261695861816 2.227003812789917 0.0 5.9445477665261794 1.565148949623108 0.9242884516716003
306 0.7719670534133911 6.310588914667721 3.168532133102417 2.147576332092285 0.0 5.9445477665261794 1.5741649866104126 1.100942850112915
307 0.7719670534133911 6.310588914667721 3.1685311794281006 2.147576332092285 0.0 5.9445477665261794 1.576281189918518 1.100942850112915
308 0.7719670534133911 6.310588914667721 3.1690096855163574 2.147576332092285 0.0 5.9445477665261794 1.5756727457046509 1.100942850112915
309 0.7719670534133911 6.308805718850927 3.1690502166748047 2.147576332092285 0.0 5.930228132127594 1.569511890411377 1.100942850112915
310 0.7719670534133911 6.308805718850927 3.1675055027008057 2.147576332092285 0.0 5.930228132127594 1.5631918907165527 1.100942850112915
311 0.7719670534133911 6.308805718850927 3.167463779449463 2.147576332092285 0.0 5.930228132127594 1.564217209815979 1.100942850112915
312 0.7719670534133911 6.308805718850927 3.1668860912323 2.142627000808716 0.0 5.930228132127594 1.5635608434677124 1.09164559841156
313 0.7719670534133911 6.308805718850927 3.167295217514038 2.142627000808716 0.0 5.930228132127594 1.5636399984359741 1.09164559841156
314 0.7719670534133911 6.308805718850927 3.167332649230957 2.142627000808716 0.0 5.930228132127594 1.5635727643966675 1.09164559841156
315 0.7719670534133911 6.308805718850927 3.1677916049957275 2.142627000808716 0.0 5.930228132127594 1.5649969577789307 1.09164559841156
316 0.7719670534133911 6.308805718850927 3.167649984359741 2.131174325942993 0.0 5.930228132127594 1.5701056718826294 1.067642092704773
317 0.7719670534133911 6.314784979074165 3.167717218399048 2.1333539485931396 0.0 5.921696917185989 1.5684581995010376 1.071120023727417
318 0.7719670534133911 6.314784979074165 3.16892409324646 2.218775749206543 0.0 5.921696917185989 1.55862557888031 0.8710066676139832
319 0.7719670534133911 6.314784979074165 3.1689906120300293 2.219632148742676 0.0 5.921696917185989 1.5588951110839844 0.8725690245628357
320 0.7719670534133911 6.314784979074165 3.1689906120300293 2.219632148742676 0.0 5.921696917185989 1.5372401475906372 0.8725690245628357
321 0.7719670534133911 6.314784979074165 3.1771328449249268 2.2208638191223145 0.0 5.921696917185989 1.5131739377975464 0.8806812167167664
322 0.7719670534133911 6.315598513390921 3.1773412227630615 2.2180094718933105 0.0 5.9186013529163715 1.5126442909240723 0.8536556959152222
323 0.7719670534133911 6.315598513390921 3.1773412227630615 2.2180094718933105 0.0 5.9186013529163715 1.5126442909240723 0.8536556959152222
324 0.7719670534133911 6.315598513390921 3.177569627761841 2.217989444732666 0.0 5.9186013529163715 1.5126785039901733 0.8549752235412598
325 0.7719670534133911 6.315598513390921 3.1764023303985596 2.1323342323303223 0.0 5.9186013529163715 1.522801399230957 1.0584584474563599
326 0.7719670534133911 6.315598513390921 3.1764023303985596 2.1323342323303223 0.0 5.9186013529163715 1.522801399230957 1.0584584474563599
327 0.7719670534133911 6.315598513390921 3.17633318901062 2.135061502456665 0.0 5.9186013529163715 1.5219999551773071 1.0437887907028198
328 0.7719670534133911 6.315598513390921 3.1782145500183105 2.135061502456665 0.0 5.9186013529163715 1.5238271951675415 1.0437887907028198
329 0.7719670534133911 6.315598513390921 3.1783106327056885 2.132822275161743 0.0 5.9186013529163715 1.524991750717163 1.0650713443756104
330 0.7719670534133911 6.315598513390921 3.1783106327056885 2.132822275161743 0.0 5.9186013529163715 1.5262445211410522 1.0650713443756104
331 0.7719670534133911 6.315598513390921 3.17866587638855 2.132822275161743 0.0 5.9186013529163715 1.5276012420654297 1.0650713443756104
332 0.7719670534133911 6.315598513390921 3.178603172302246 2.132822275161743 0.0 5.9186013529163715 1.5302393436431885 1.0650713443756104
333 0.7719670534133911 6.315598513390921 3.178603172302246 2.132822275161743 0.0 5.9186013529163715 1.5302393436431885 1.0650713443756104
334 0.7719670534133911 6.315598513390921 3.180354118347168 2.1496145725250244 0.0 5.9186013529163715 1.5254013538360596 1.0247634649276733
335 0.7719670534133911 6.315598513390921 3.1761322021484375 2.1496145725250244 0.0 5.9186013529163715 1.54203462600708 1.0247634649276733
336 0.7719670534133911 6.315598513390921 3.1750986576080322 2.150174379348755 0.0 5.9186013529163715 1.5379828214645386 1.025464415550232
337 0.7719670534133911 6.316855523609857 3.1750926971435547 2.150144100189209 0.0 5.9169912707552665 1.5376423597335815 1.0256648063659668
338 0.7719670534133911 6.316855523609857 3.1750686168670654 2.150144100189209 0.0 5.9169912707552665 1.5376249551773071 1.0256648063659668
339 0.7719670534133911 6.316855523609857 3.1753437519073486 2.150144100189209 0.0 5.9169912707552665 1.5436713695526123 1.0256648063659668
340 0.7719670534133911 6.316855523609857 3.1753437519073486 2.150144100189209 0.0 5.9169912707552665 1.5436713695526123 1.0256648063659668
341 0.7719670534133911 6.316855523609857 3.175197124481201 2.1529574394226074 0.0 5.9169912707552665 1.5439506769180298 1.0358682870864868
342 0.7719670534133911 6.316855523609857 3.175197124481201 2.1529574394226074 0.0 5.9169912707552665 1.5439506769180298 1.0358682870864868
343 0.7719670534133911 6.316855523609857 3.1750645637512207 2.1529574394226074 0.0 5.9169912707552665 1.543626070022583 1.0358682870864868
344 0.7719670534133911 6.316855523609857 3.1750810146331787 2.1529574394226074 0.0 5.9169912707552665 1.543831467628479 1.0358682870864868
345 0.7719670534133911 6.3172438269691975 3.175065755844116 2.1507344245910645 0.0 5.9164364814328305 1.543832540512085 1.0367867946624756
346 0.7719670534133911 6.3172438269691975 3.1750683784484863 2.1508336067199707 0.0 5.9164364814328305 1.5666344165802002 1.0365656614303589
347 0.7719670534133911 6.3172438269691975 3.1750683784484863 2.1508336067199707 0.0 5.9164364814328305 1.5666344165802002 1.0365656614303589
348 0.7719670534133911 6.3172438269691975 3.1756229400634766 2.1547813415527344 0.0 5.9164364814328305 1.5660245418548584 1.025752305984497
349 0.7719670534133911 6.3172438269691975 3.1756229400634766 2.1547813415527344 0.0 5.9164364814328305 1.574047565460205 1.025752305984497
350 0.7719670534133911 6.3172438269691975 3.1750807762145996 2.1532535552978516 0.0 5.9164364814328305 1.572841763496399 0.9923272728919983
351 0.7719670534133911 6.317739969127307 3.175424098968506 2.1532535552978516 0.0 5.915676090025296 1.5728743076324463 0.9923272728919983
352 0.7719670534133911 6.320329363704061 3.175445318222046 2.1532535552978516 0.0 5.910406236666109 1.5723670721054077 0.9923272728919983
353 0.7719670534133911 6.320329363704061 3.175462484359741 2.1532535552978516 0.0 5.910406236666109 1.5723655223846436 0.9923272728919983
354 0.7719670534133911 6.320923601757672 3.175431728363037 2.1534221172332764 0.0 5.908694439380347 1.5723769664764404 0.9925267100334167
355 0.7719670534133911 6.320923601757672 3.175431728363037 2.1534221172332764 0.0 5.908694439380347 1.5723769664764404 0.9925267100334167
356 0.7719670534133911 6.320923601757672 3.175431728363037 2.1534221172332764 0.0 5.908694439380347 1.5723769664764404 0.9925267100334167
357 0.7719670534133911 6.320923601757672 3.175431728363037 2.1534221172332764 0.0 5.908694439380347 1.5723769664764404 0.9925267100334167
358 0.7719670534133911 6.320923601757672 3.1753389835357666 2.1529061794281006 0.0 5.908694439380347 1.571220874786377 0.9914213418960571
359 0.7719670534133911 6.320923601757672 3.1752123832702637 2.1525957584381104 0.0 5.908694439380347 1.5698390007019043 1.0069775581359863
360 0.7719670534133911 6.320923601757672 3.17336368560791 2.149517774581909 0.0 5.908694439380347 1.5656863451004028 1.008120059967041
361 0.7719670534133911 6.320923601757672 3.1734225749969482 2.1563096046447754 0.0 5.908694439380347 1.565840721130371 1.0055475234985352
362 0.7719670534133911 6.320923601757672 3.173682689666748 2.1563096046447754 0.0 5.908694439380347 1.5650227069854736 1.0055475234985352
363 0.7719670534133911 6.311929544013515 3.1730520725250244 2.1995365619659424 0.0 5.922077158810756 1.5632121562957764 0.9085924029350281
364 0.7719670534133911 6.311929544013515 3.1743838787078857 2.199570655822754 0.0 5.922077158810756 1.5702909231185913 0.90943843126297
365 0.7719670534133911 6.311929544013515 3.1743838787078857 2.199570655822754 0.0 5.922077158810756 1.5702909231185913 0.90943843126297
366 0.7719670534133911 6.315309758495805 3.1701231002807617 2.199570655822754 0.0 5.9189377183901435 1.5606681108474731 0.90943843126297
367 0.7719670534133911 6.315309758495805 3.172450304031372 2.199570655822754 0.0 5.9189377183901435 1.55757474899292 0.90943843126297
368 0.7719670534133911 6.315309758495805 3.172450304031372 2.199570655822754 0.0 5.9189377183901435 1.55757474899292 0.90943843126297
369 0.7719670534133911 6.315309758495805 3.172431707382202 2.199500322341919 0.0 5.9189377183901435 1.5575920343399048 0.9091142416000366
370 0.7719670534133911 6.315309758495805 3.172431707382202 2.199500322341919 0.0 5.9189377183901435 1.5575920343399048 0.9091142416000366
371 0.7719670534133911 6.315309758495805 3.171912908554077 2.199500322341919 0.0 5.9189377183901435 1.5589548349380493 0.9091142416000366
372 0.7719670534133911 6.315309758495805 3.1719796657562256 2.199500322341919 0.0 5.9189377183901435 1.553208351135254 0.9091142416000366
373 0.7719670534133911 6.315309758495805 3.17122220993042 2.199500322341919 0.0 5.9189377183901435 1.5487674474716187 0.9091142416000366
374 0.7719670534133911 6.315309758495805 3.17122220993042 2.199500322341919 0.0 5.9189377183901435 1.5487674474716187 0.9091142416000366
375 0.7719670534133911 6.315309758495805 3.17122220993042 2.199500322341919 0.0 5.9189377183901435 1.5487674474716187 0.9091142416000366
376 0.7719670534133911 6.315309758495805 3.171217441558838 2.199500322341919 0.0 5.9189377183901435 1.5487138032913208 0.9091142416000366
377 0.7719670534133911 6.317082770255064 3.172884941101074 2.199500322341919 0.0 5.916673292381142 1.5580145120620728 0.9091142416000366
378 0.7719670534133911 6.317082770255064 3.172884941101074 2.199500322341919 0.0 5.916673292381142 1.5580145120620728 0.9091142416000366
379 0.7719670534133911 6.317082770255064 3.1732237339019775 2.199500322341919 0.0 5.916673292381142 1.5606149435043335 0.9091142416000366
380 0.7719670534133911 6.317082770255064 3.1730079650878906 2.199500322341919 0.0 5.916673292381142 1.5599002838134766 0.9091142416000366
381 0.7719670534133911 6.317082770255064 3.1730079650878906 2.199500322341919 0.0 5.916673292381142 1.5599002838134766 0.9091142416000366
382 0.7719670534133911 6.317082770255064 3.1730079650878906 2.199500322341919 0.0 5.916673292381142 1.5599002838134766 0.9091142416000366
383 0.7719670534133911 6.317082770255064 3.1730079650878906 2.199500322341919 0.0 5.916673292381142 1.536431074142456 0.9091142416000366
384 0.7719670534133911 6.317082770255064 3.1730079650878906 2.199500322341919 0.0 5.916673292381142 1.536431074142456 0.9091142416000366
385 0.7719670534133911 6.317082770255064 3.1730079650878906 2.199500322341919 0.0 5.916673292381142 1.536431074142456 0.9091142416000366
386 0.7719670534133911 6.317082770255064 3.1727237701416016 2.1995937824249268 0.0 5.916673292381142 1.5359965562820435 0.9089618921279907
387 0.7719670534133911 6.317082770255064 3.1727237701416016 2.1995937824249268 0.0 5.916673292381142 1.5359965562820435 0.9089618921279907
388 0.7719670534133911 6.317082770255064 3.1727237701416016 2.1995937824249268 0.0 5.916673292381142 1.5359965562820435 0.9089618921279907
389 0.7719670534133911 6.317082770255064 3.1727237701416016 2.1995937824249268 0.0 5.916673292381142 1.5359965562820435 0.9089618921279907
390 0.7719670534133911 6.317082770255064 3.1704089641571045 2.1995937824249268 0.0 5.916673292381142 1.5384877920150757 0.9089618921279907
391 0.7719670534133911 6.317082770255064 3.1704089641571045 2.1995937824249268 0.0 5.916673292381142 1.5384877920150757 0.9089618921279907
392 0.7719670534133911 6.317082770255064 3.1703574657440186 2.2006242275238037 0.0 5.916673292381142 1.5864853858947754 0.9244539141654968
393 0.7719670534133911 6.317082770255064 3.1703648567199707 2.1999831199645996 0.0 5.916673292381142 1.5809553861618042 0.9244612455368042
394 0.7719670534133911 6.317082770255064 3.1704204082489014 2.1990268230438232 0.0 5.916673292381142 1.580378532409668 0.9178439974784851
395 0.7719670534133911 6.317082770255064 3.1727867126464844 2.1990268230438232 0.0 5.916673292381142 1.5788987874984741 0.9178439974784851
396 0.7719670534133911 6.317082770255064 3.1727867126464844 2.1990268230438232 0.0 5.916673292381142 1.5788987874984741 0.9178439974784851
397 0.7719670534133911 6.317082770255064 3.1727867126464844 2.1990268230438232 0.0 5.916673292381142 1.5788987874984741 0.9178439974784851
398 0.7719670534133911 6.317082770255064 3.172790765762329 2.1986401081085205 0.0 5.916673292381142 1.5927228927612305 0.9178310036659241
399 0.7719670534133911 6.317082770255064 3.172790765762329 2.1986401081085205 0.0 5.916673292381142 1.5927228927612305 0.9178310036659241
400 0.7719670534133911 6.33066838794047 3.172790765762329 2.1986401081085205 0.0 5.893489979442518 1.5878193378448486 0.9178310036659241
