init 0.5740702152252197 1.8036730745840712 3.422760248184204 2.0726211071014404 0.0 0.0 0.0 0.0
1 0.5740702152252197 1.6702285115849167 3.422760248184204 2.0726211071014404 0.0 0.7125905458970798 0.2815089523792267 0.0
2 0.5740702152252197 1.6702285115849167 3.422760248184204 2.0726211071014404 0.0 0.7125905458970798 0.2815089523792267 0.0
3 0.5740702152252197 1.8121678203460811 3.422760248184204 2.0726211071014404 0.0 0.5078772175199678 0.2711593806743622 0.0
4 0.5740702152252197 1.8121678203460811 3.422760248184204 2.0726211071014404 0.0 0.5078772175199678 0.2711593806743622 0.0
5 0.5740702152252197 1.8286377491482049 3.422760248184204 2.0726211071014404 0.0 0.5563907852513962 0.27708256244659424 0.0
6 0.5740702152252197 1.8329029325559296 3.422760248184204 2.0726211071014404 0.0 0.5544089856685662 0.27683258056640625 0.0
7 0.5740702152252197 1.8329029325559296 3.422760248184204 2.0726211071014404 0.0 0.5544089856685662 0.27683258056640625 0.0
8 0.5740702152252197 1.8329029325559296 3.422760248184204 2.0726211071014404 0.0 0.5544089856685662 0.27683258056640625 0.0
9 0.5740702152252197 1.8329029325559296 3.422760248184204 2.0726211071014404 0.0 0.5544089856685662 0.27683258056640625 0.0
10 0.5740702152252197 1.8329029325559296 3.422760248184204 2.0726211071014404 0.0 0.5544089856685662 0.27683258056640625 0.0
11 0.5740702152252197 1.8207420236562033 3.422760248184204 2.0726211071014404 0.0 0.5625656880883696 0.27786561846733093 0.0
12 0.5740702152252197 1.8207420236562033 3.422760248184204 2.0726211071014404 0.0 0.5625656880883696 0.27786561846733093 0.0
13 0.5740702152252197 1.8207420236562033 3.422760248184204 2.0726211071014404 0.0 0.5625656880883696 0.27786561846733093 0.0
14 0.5740702152252197 1.8207420236562033 3.422760248184204 2.0726211071014404 0.0 0.5625656880883696 0.27786561846733093 0.0
15 0.5740702152252197 1.8242072740412292 3.422760248184204 2.0726211071014404 0.0 0.5594615241551546 0.277471125125885 0.0
16 0.5740702152252197 1.8210131000754035 3.422760248184204 2.0726211071014404 0.0 0.5623006660156242 0.2778318524360657 0.0
17 0.5740702152252197 1.8262336777591093 3.422760248184204 2.0726211071014404 0.0 0.5579313426524763 0.2772773206233978 0.0
18 0.5740702152252197 1.8292706835825263 3.422760248184204 2.0726211071014404 0.0 0.5560354437194135 0.27703768014907837 0.0
19 0.5740702152252197 1.8292706835825263 3.422760248184204 2.0726211071014404 0.0 0.5560354437194135 0.27703768014907837 0.0
20 0.5740702152252197 1.8313401853279647 3.422760248184204 2.0726211071014404 0.0 0.5550219853808073 0.27690982818603516 0.0
21 0.5740702152252197 1.8313401853279647 3.422760248184204 2.0726211071014404 0.0 0.5550219853808073 0.27690982818603516 0.0
22 0.5740702152252197 1.8313401853279647 3.422760248184204 2.0726211071014404 0.0 0.5550219853808073 0.27690982818603516 0.0
23 0.5740702152252197 1.8313401853279647 3.422760248184204 2.0726211071014404 0.0 0.5550219853808073 0.27690982818603516 0.0
24 0.5740702152252197 1.8313401853279647 3.422760248184204 2.0726211071014404 0.0 0.5550219853808073 0.27690982818603516 0.0
25 0.5740702152252197 1.8313401853279647 3.422760248184204 2.0726211071014404 0.0 0.5550219853808073 0.27690982818603516 0.0
26 0.5740702152252197 1.8313401853279647 3.422760248184204 2.0726211071014404 0.0 0.5550219853808073 0.27690982818603516 0.0
27 0.5740702152252197 1.8301012017278613 3.422760248184204 2.0726211071014404 0.0 0.5587684655707148 0.14013071358203888 0.0
28 0.5740702152252197 1.8301012017278613 3.422760248184204 2.0726211071014404 0.0 0.5587684655707148 0.14013071358203888 0.0
29 0.5740702152252197 1.8301012017278613 3.422760248184204 2.0726211071014404 0.0 0.5587684655707148 0.14013071358203888 0.0
30 0.5740702152252197 1.8223186633328858 3.422760248184204 2.0726211071014404 0.0 0.5638508245275776 0.14140528440475464 0.0
31 0.5740702152252197 1.8223186633328858 3.422760248184204 2.0726211071014404 0.0 0.5638508245275776 0.14140528440475464 0.0
32 0.5740702152252197 1.8223186633328858 3.422760248184204 2.0726211071014404 0.0 0.5638508245275776 0.14140528440475464 0.0
33 0.5740702152252197 1.8223186633328858 3.422760248184204 2.0726211071014404 0.0 0.5638508245275776 0.14140528440475464 0.0
34 0.5740702152252197 1.8223186633328858 3.422760248184204 2.0726211071014404 0.0 0.5638508245275776 0.14140528440475464 0.0
35 0.5740702152252197 1.7129823497174936 3.422760248184204 2.0726211071014404 0.0 0.43728481016533777 0.1096644476056099 0.0
36 0.5740702152252197 1.7694384409708472 3.422760248184204 2.0726211071014404 0.0 0.34703934944482473 0.0870322436094284 0.0
37 0.5740702152252197 1.7694384409708472 3.422760248184204 2.0726211071014404 0.0 0.34703934944482473 0.0870322436094284 0.0
38 0.5740702152252197 1.7694384409708472 3.422760248184204 2.0726211071014404 0.0 0.34703934944482473 0.0870322436094284 0.0
39 0.5740702152252197 1.7694384409708472 3.422760248184204 2.0726211071014404 0.0 0.34703934944482473 0.0870322436094284 0.0
40 0.5740702152252197 1.7694384409708472 3.422760248184204 2.0726211071014404 0.0 0.34703934944482473 0.0870322436094284 0.0
41 0.5740702152252197 1.7694384409708472 3.422760248184204 2.0726211071014404 0.0 0.34703934944482473 0.0870322436094284 0.0
42 0.5740702152252197 1.7694384409708472 3.422760248184204 2.0726211071014404 0.0 0.34703934944482473 0.0870322436094284 0.0
43 0.5740702152252197 1.7694384409708472 3.422760248184204 2.0726211071014404 0.0 0.34703934944482473 0.0870322436094284 0.0
44 0.5740702152252197 1.738168895932852 3.422760248184204 2.0726211071014404 0.0 0.6267589170951675 0.15718171000480652 0.0
45 0.5740702152252197 1.7829442333822665 3.422760248184204 2.0726211071014404 0.0 0.34873376632836384 0.08745717257261276 0.0
46 0.5740702152252197 1.7829442333822665 3.422760248184204 2.0726211071014404 0.0 0.34873376632836384 0.08745717257261276 0.0
47 0.5740702152252197 1.7829442333822665 3.422760248184204 2.0726211071014404 0.0 0.34873376632836384 0.08745717257261276 0.0
48 0.5740702152252197 1.7829442333822665 3.422760248184204 2.0726211071014404 0.0 0.34873376632836384 0.08745717257261276 0.0
49 0.5740702152252197 1.7829442333822665 3.422760248184204 2.0726211071014404 0.0 0.34873376632836384 0.08745717257261276 0.0
50 0.5740702152252197 1.7389959440629177 3.422760248184204 2.0726211071014404 0.0 0.6304214684764936 0.1581002175807953 0.0
51 0.5740702152252197 1.7875646250844848 3.422760248184204 2.0726211071014404 0.0 0.35055585155403823 0.0879141241312027 0.0
52 0.5740702152252197 1.7728974764915406 3.422760248184204 2.0726211071014404 0.0 0.3537199409759198 0.08870762586593628 0.0
53 0.5740702152252197 1.7728974764915406 3.422760248184204 2.0726211071014404 0.0 0.3537199409759198 0.08870762586593628 0.0
54 0.5740702152252197 1.771731642194717 3.422760248184204 2.0726211071014404 0.0 0.3550622964497183 0.08904427289962769 0.0
55 0.5740702152252197 1.7691655774268413 3.422760248184204 2.0726211071014404 0.0 0.3585640198816461 0.0899224504828453 0.0
56 0.5740702152252197 1.7691655774268413 3.422760248184204 2.0726211071014404 0.0 0.3585640198816461 0.0899224504828453 0.0
57 0.5740702152252197 1.7780219402056636 3.422760248184204 2.0726211071014404 0.0 0.3496836999060376 0.0876954048871994 0.0
58 0.5740702152252197 1.7754076611822 3.422760248184204 2.0726211071014404 0.0 0.35136053737761197 0.08811593055725098 0.0
59 0.5740702152252197 1.8052743350626106 3.422760248184204 2.0726211071014404 0.0 0.41871548231575173 0.10500752925872803 0.0
60 0.5740702152252197 1.8032001504103055 3.422760248184204 2.0726211071014404 0.0 0.4207990860640419 0.10553006827831268 0.0
61 0.5740702152252197 1.8032001504103055 3.422760248184204 2.0726211071014404 0.0 0.4207990860640419 0.10553006827831268 0.0
62 0.5740702152252197 1.8013364858846252 3.422760248184204 2.0726211071014404 0.0 0.4285502674640005 0.1074739471077919 0.0
63 0.5740702152252197 1.7352433169985952 3.422760248184204 2.0726211071014404 0.0 0.36074370472873596 0.09046908468008041 0.0
64 0.5740702152252197 1.7352433169985952 3.422760248184204 2.0726211071014404 0.0 0.36074370472873596 0.09046908468008041 0.0
65 0.5740702152252197 1.7352433169985952 3.422760248184204 2.0726211071014404 0.0 0.36074370472873596 0.09046908468008041 0.0
66 0.5740702152252197 1.733283087025255 3.422760248184204 2.0726211071014404 0.0 0.364041980980914 0.0912962406873703 0.0
67 0.5740702152252197 1.7328752424929144 3.422760248184204 2.0726211071014404 0.0 0.3647952865019539 0.0914851650595665 0.0
68 0.5740702152252197 1.7328752424929144 3.422760248184204 2.0726211071014404 0.0 0.3647952865019539 0.0914851650595665 0.0
69 0.5740702152252197 1.7328752424929144 3.422760248184204 2.0726211071014404 0.0 0.3647952865019539 0.0914851650595665 0.0
70 0.5740702152252197 1.7328752424929144 3.422760248184204 2.0726211071014404 0.0 0.3647952865019539 0.0914851650595665 0.0
71 0.5740702152252197 1.7328752424929144 3.422760248184204 2.0726211071014404 0.0 0.3647952865019539 0.0914851650595665 0.0
72 0.5740702152252197 1.7328752424929144 3.422760248184204 2.0726211071014404 0.0 0.3647952865019539 0.0914851650595665 0.0
73 0.5740702152252197 1.7328752424929144 3.422760248184204 2.0726211071014404 0.0 0.3647952865019539 0.0914851650595665 0.0
74 0.5740702152252197 1.7328752424929144 3.422760248184204 2.0726211071014404 0.0 0.3647952865019539 0.0914851650595665 0.0
75 0.5740702152252197 1.7328752424929144 3.422760248184204 2.0726211071014404 0.0 0.3647952865019539 0.0914851650595665 0.0
76 0.5740702152252197 1.7328752424929144 3.422760248184204 2.0726211071014404 0.0 0.3647952865019539 0.0914851650595665 0.0
77 0.5740702152252197 1.7328752424929144 3.422760248184204 2.0726211071014404 0.0 0.3647952865019539 0.0914851650595665 0.0
78 0.5740702152252197 1.7247258794142903 3.422760248184204 2.0726211071014404 0.0 0.3663598168944857 0.0918775200843811 0.0
79 0.5740702152252197 1.7247258794142903 3.422760248184204 2.0726211071014404 0.0 0.3663598168944857 0.0918775200843811 0.0
80 0.5740702152252197 1.7247258794142903 3.422760248184204 2.0726211071014404 0.0 0.3663598168944857 0.0918775200843811 0.0
81 0.5740702152252197 1.7260275765034254 3.422760248184204 2.0726211071014404 0.0 0.3637392852622203 0.09122032672166824 0.0
82 0.5740702152252197 1.7260275765034254 3.422760248184204 2.0726211071014404 0.0 0.3637392852622203 0.09122032672166824 0.0
83 0.5740702152252197 1.7260275765034254 3.422760248184204 2.0726211071014404 0.0 0.3637392852622203 0.09122032672166824 0.0
84 0.5740702152252197 1.7260275765034254 3.422760248184204 2.0726211071014404 0.0 0.3637392852622203 0.09122032672166824 0.0
85 0.5740702152252197 1.7260275765034254 3.422760248184204 2.0726211071014404 0.0 0.3637392852622203 0.09122032672166824 0.0
86 0.5740702152252197 1.7301888556827112 3.422760248184204 2.0726211071014404 0.0 0.3620603381323297 0.09079927951097488 0.0
87 0.5740702152252197 1.7347873179802107 3.422760248184204 2.0726211071014404 0.0 0.3550051697825043 0.0890299454331398 0.0
88 0.5740702152252197 1.7347873179802107 3.422760248184204 2.0726211071014404 0.0 0.3550051697825043 0.0890299454331398 0.0
89 0.5740702152252197 1.7347873179802107 3.422760248184204 2.0726211071014404 0.0 0.3550051697825043 0.0890299454331398 0.0
90 0.5740702152252197 1.7347873179802107 3.422760248184204 2.0726211071014404 0.0 0.3550051697825043 0.0890299454331398 0.0
91 0.5740702152252197 1.726019825256498 3.422760248184204 2.0726211071014404 0.0 0.37116041625891744 0.09308144450187683 0.0
92 0.5740702152252197 1.7209720175154744 3.422760248184204 2.0726211071014404 0.0 0.39595629025584134 0.09929987043142319 0.0
93 0.5740702152252197 1.7209720175154744 3.422760248184204 2.0726211071014404 0.0 0.39595629025584134 0.09929987043142319 0.0
94 0.5740702152252197 1.7209720175154744 3.422760248184204 2.0726211071014404 0.0 0.39595629025584134 0.09929987043142319 0.0
95 0.5740702152252197 1.7209720175154744 3.422760248184204 2.0726211071014404 0.0 0.39595629025584134 0.09929987043142319 0.0
96 0.5740702152252197 1.7209720175154744 3.422760248184204 2.0726211071014404 0.0 0.39595629025584134 0.09929987043142319 0.0
97 0.5740702152252197 1.7209720175154744 3.422760248184204 2.0726211071014404 0.0 0.39595629025584134 0.09929987043142319 0.0
98 0.5740702152252197 1.7209720175154744 3.422760248184204 2.0726211071014404 0.0 0.39595629025584134 0.09929987043142319 0.0
99 0.5740702152252197 1.727531615425364 3.422760248184204 2.0726211071014404 0.0 0.364183335131507 0.09133169054985046 0.0
100 0.5740702152252197 1.727531615425364 3.422760248184204 2.0726211071014404 0.0 0.364183335131507 0.09133169054985046 0.0
101 0.5740702152252197 1.727531615425364 3.422760248184204 2.0726211071014404 0.0 0.364183335131507 0.09133169054985046 0.0
102 0.5740702152252197 1.727531615425364 3.422760248184204 2.0726211071014404 0.0 0.364183335131507 0.09133169054985046 0.0
103 0.5740702152252197 1.727531615425364 3.422760248184204 2.0726211071014404 0.0 0.364183335131507 0.09133169054985046 0.0
104 0.5740702152252197 1.7279151394758097 3.422760248184204 2.0726211071014404 0.0 0.36321707176835905 0.09108936786651611 0.0
105 0.5740702152252197 1.7279151394758097 3.422760248184204 2.0726211071014404 0.0 0.36321707176835905 0.09108936786651611 0.0
106 0.5740702152252197 1.7279151394758097 3.422760248184204 2.0726211071014404 0.0 0.36321707176835905 0.09108936786651611 0.0
107 0.5740702152252197 1.7348163685729447 3.422760248184204 2.0726211071014404 0.0 0.34967447051468964 0.08769308775663376 0.0
108 0.5740702152252197 1.7348163685729447 3.422760248184204 2.0726211071014404 0.0 0.34967447051468964 0.08769308775663376 0.0
109 0.5740702152252197 1.7348163685729447 3.422760248184204 2.0726211071014404 0.0 0.34967447051468964 0.08769308775663376 0.0
110 0.5740702152252197 1.7348163685729447 3.422760248184204 2.0726211071014404 0.0 0.34967447051468964 0.08769308775663376 0.0
111 0.5740702152252197 1.7137421076222044 3.422760248184204 2.0726211071014404 0.0 0.6662257450160934 0.167079359292984 0.0
112 0.5740702152252197 1.7137421076222044 3.422760248184204 2.0726211071014404 0.0 0.6662257450160934 0.167079359292984 0.0
113 0.5740702152252197 1.7160511139472034 3.422760248184204 2.0726211071014404 0.0 0.660692851289754 0.1656918078660965 0.0
114 0.5740702152252197 1.7160511139472034 3.422760248184204 2.0726211071014404 0.0 0.660692851289754 0.1656918078660965 0.0
115 0.5740702152252197 1.7210692618940158 3.422760248184204 2.0726211071014404 0.0 0.6497354410001145 0.16294385492801666 0.0
116 0.5740702152252197 1.7292608205888287 3.422760248184204 2.0726211071014404 0.0 0.3512460878071671 0.08808723092079163 0.0
117 0.5740702152252197 1.7292608205888287 3.422760248184204 2.0726211071014404 0.0 0.3512460878071671 0.08808723092079163 0.0
118 0.5740702152252197 1.7292608205888287 3.422760248184204 2.0726211071014404 0.0 0.3512460878071671 0.08808723092079163 0.0
119 0.5740702152252197 1.7292608205888287 3.422760248184204 2.0726211071014404 0.0 0.3512460878071671 0.08808723092079163 0.0
120 0.5740702152252197 1.7518001040521325 3.422760248184204 2.0726211071014404 0.0 0.30926287539207364 0.07755846530199051 0.0
121 0.5740702152252197 1.7518001040521325 3.422760248184204 2.0726211071014404 0.0 0.30926287539207364 0.07755846530199051 0.0
122 0.5740702152252197 1.7518001040521325 3.422760248184204 2.0726211071014404 0.0 0.30926287539207364 0.07755846530199051 0.0
123 0.5740702152252197 1.731488936080835 3.422760248184204 2.0726211071014404 0.0 0.3432762272883235 0.08608850836753845 0.0
124 0.5740702152252197 1.7295430895422959 3.422760248184204 2.0726211071014404 0.0 0.3509948543075896 0.08802422881126404 0.0
125 0.5740702152252197 1.7310787866987778 3.422760248184204 2.0726211071014404 0.0 0.34488210156187304 0.08649123460054398 0.0
126 0.5740702152252197 1.7310787866987778 3.422760248184204 2.0726211071014404 0.0 0.34488210156187304 0.08649123460054398 0.0
127 0.5740702152252197 1.7315856896427058 3.422760248184204 2.0726211071014404 0.0 0.34289834131308977 0.08599373698234558 0.0
128 0.5740702152252197 1.7276664095619576 3.422760248184204 2.0726211071014404 0.0 0.3575543326628939 0.08966924250125885 0.0
129 0.5740702152252197 1.7411904768109476 3.422760248184204 2.0726211071014404 0.0 0.3183354075158109 0.07983372360467911 0.0
130 0.5740702152252197 1.7411904768109476 3.422760248184204 2.0726211071014404 0.0 0.3183354075158109 0.07983372360467911 0.0
131 0.5740702152252197 1.7411904768109476 3.422760248184204 2.0726211071014404 0.0 0.3183354075158109 0.07983372360467911 0.0
132 0.5740702152252197 1.7266105578456683 3.422760248184204 2.0726211071014404 0.0 0.3877906534695861 0.09725204855203629 0.0
133 0.5740702152252197 1.736654785600844 3.422760248184204 2.0726211071014404 0.0 0.3381542753714579 0.0848039984703064 0.0
134 0.5740702152252197 1.736654785600844 3.422760248184204 2.0726211071014404 0.0 0.3381542753714579 0.0848039984703064 0.0
135 0.5740702152252197 1.736654785600844 3.422760248184204 2.0726211071014404 0.0 0.3381542753714579 0.0848039984703064 0.0
136 0.5740702152252197 1.736654785600844 3.422760248184204 2.0726211071014404 0.0 0.3381542753714579 0.0848039984703064 0.0
137 0.5740702152252197 1.734465183452051 3.422760248184204 2.0726211071014404 0.0 0.34214089935029623 0.08580378443002701 0.0
138 0.5740702152252197 1.734465183452051 3.422760248184204 2.0726211071014404 0.0 0.34214089935029623 0.08580378443002701 0.0
139 0.5740702152252197 1.734465183452051 3.422760248184204 2.0726211071014404 0.0 0.34214089935029623 0.08580378443002701 0.0
140 0.5740702152252197 1.734465183452051 3.422760248184204 2.0726211071014404 0.0 0.34214089935029623 0.08580378443002701 0.0
141 0.5740702152252197 1.734465183452051 3.422760248184204 2.0726211071014404 0.0 0.34214089935029623 0.08580378443002701 0.0
142 0.5740702152252197 1.734465183452051 3.422760248184204 2.0726211071014404 0.0 0.34214089935029623 0.08580378443002701 0.0
143 0.5740702152252197 1.7243771707650468 3.422760248184204 2.0726211071014404 0.0 0.39144074698598624 0.09816744178533554 0.0
144 0.5740702152252197 1.7243771707650468 3.422760248184204 2.0726211071014404 0.0 0.39144074698598624 0.09816744178533554 0.0
145 0.5740702152252197 1.7243771707650468 3.422760248184204 2.0726211071014404 0.0 0.39144074698598624 0.09816744178533554 0.0
146 0.5740702152252197 1.7065587997185527 3.422760248184204 2.0726211071014404 0.0 0.686921532545878 0.1722695678472519 0.0
147 0.5740702152252197 1.7065587997185527 3.422760248184204 2.0726211071014404 0.0 0.686921532545878 0.1722695678472519 0.0
148 0.5740702152252197 1.7162418688442458 3.422760248184204 2.0726211071014404 0.0 0.4036119153732909 0.1012197807431221 0.0
149 0.5740702152252197 1.7326064569956752 3.422760248184204 2.0726211071014404 0.0 0.3554978360987554 0.08915349841117859 0.0
150 0.5740702152252197 1.7326064569956752 3.422760248184204 2.0726211071014404 0.0 0.3554978360987554 0.08915349841117859 0.0
151 0.5740702152252197 1.7326064569956752 3.422760248184204 2.0726211071014404 0.0 0.3554978360987554 0.08915349841117859 0.0
152 0.5740702152252197 1.7326064569956752 3.422760248184204 2.0726211071014404 0.0 0.3554978360987554 0.08915349841117859 0.0
153 0.5740702152252197 1.7326064569956752 3.422760248184204 2.0726211071014404 0.0 0.3554978360987554 0.08915349841117859 0.0
154 0.5740702152252197 1.7326064569956752 3.422760248184204 2.0726211071014404 0.0 0.3554978360987554 0.08915349841117859 0.0
155 0.5740702152252197 1.7326064569956752 3.422760248184204 2.0726211071014404 0.0 0.3554978360987554 0.08915349841117859 0.0
156 0.5740702152252197 1.7326064569956752 3.422760248184204 2.0726211071014404 0.0 0.3554978360987554 0.08915349841117859 0.0
157 0.5740702152252197 1.7326064569956752 3.422760248184204 2.0726211071014404 0.0 0.3554978360987554 0.08915349841117859 0.0
158 0.5740702152252197 1.7326064569956752 3.422760248184204 2.0726211071014404 0.0 0.3554978360987554 0.08915349841117859 0.0
159 0.5740702152252197 1.7326064569956752 3.422760248184204 2.0726211071014404 0.0 0.3554978360987554 0.08915349841117859 0.0
160 0.5740702152252197 1.7326064569956752 3.422760248184204 2.0726211071014404 0.0 0.3554978360987554 0.08915349841117859 0.0
161 0.5740702152252197 1.7326064569956752 3.422760248184204 2.0726211071014404 0.0 0.3554978360987554 0.08915349841117859 0.0
162 0.5740702152252197 1.7326064569956752 3.422760248184204 2.0726211071014404 0.0 0.3554978360987554 0.08915349841117859 0.0
163 0.5740702152252197 1.731858592612453 3.422760248184204 2.0726211071014404 0.0 0.35676902899030616 0.08947228640317917 0.0
164 0.5740702152252197 1.731858592612453 3.422760248184204 2.0726211071014404 0.0 0.35676902899030616 0.08947228640317917 0.0
165 0.5740702152252197 1.7317789215013724 3.422760248184204 2.0726211071014404 0.0 0.35715050800804615 0.08956796675920486 0.0
166 0.5740702152252197 1.7317789215013724 3.422760248184204 2.0726211071014404 0.0 0.35715050800804615 0.08956796675920486 0.0
167 0.5740702152252197 1.7289140395757912 3.422760248184204 2.0726211071014404 0.0 0.3711861714535368 0.09308789670467377 0.0
168 0.5740702152252197 1.7289140395757912 3.422760248184204 2.0726211071014404 0.0 0.3711861714535368 0.09308789670467377 0.0
169 0.5740702152252197 1.7289140395757912 3.422760248184204 2.0726211071014404 0.0 0.3711861714535368 0.09308789670467377 0.0
170 0.5740702152252197 1.7289140395757912 3.422760248184204 2.0726211071014404 0.0 0.3711861714535368 0.09308789670467377 0.0
171 0.5740702152252197 1.745071237886459 3.422760248184204 2.0726211071014404 0.0 0.38836984229627625 0.09739730507135391 0.0
172 0.5740702152252197 1.745071237886459 3.422760248184204 2.0726211071014404 0.0 0.38836984229627625 0.09739730507135391 0.0
173 0.5740702152252197 1.745071237886459 3.422760248184204 2.0726211071014404 0.0 0.38836984229627625 0.09739730507135391 0.0
174 0.5740702152252197 1.745071237886459 3.422760248184204 2.0726211071014404 0.0 0.38836984229627625 0.09739730507135391 0.0
175 0.5740702152252197 1.745071237886459 3.422760248184204 2.0726211071014404 0.0 0.38836984229627625 0.09739730507135391 0.0
176 0.5740702152252197 1.7451658858802954 3.422760248184204 2.0726211071014404 0.0 0.3882223161724234 0.09736030548810959 0.0
177 0.5740702152252197 1.7374941344503352 3.422760248184204 2.0726211071014404 0.0 0.4045251747712401 0.10144881904125214 0.0
178 0.5740702152252197 1.7372853440672982 3.422760248184204 2.0726211071014404 0.0 0.43345737476075563 0.108704574406147 0.0
179 0.5740702152252197 1.7167709946898424 3.422760248184204 2.0726211071014404 0.0 0.5179928086926144 0.12990479171276093 0.0
180 0.5740702152252197 1.7167709946898424 3.422760248184204 2.0726211071014404 0.0 0.5179928086926144 0.12990479171276093 0.0
181 0.5740702152252197 1.7167709946898424 3.422760248184204 2.0726211071014404 0.0 0.5179928086926144 0.12990479171276093 0.0
182 0.5740702152252197 1.7255972293163424 3.422760248184204 2.0726211071014404 0.0 0.4895358048234761 0.12276820093393326 0.0
183 0.5740702152252197 1.7232206880422607 3.422760248184204 2.0726211071014404 0.0 0.4966302243825089 0.12454737722873688 0.0
184 0.5740702152252197 1.7232206880422607 3.422760248184204 2.0726211071014404 0.0 0.4966302243825089 0.12454737722873688 0.0
185 0.5740702152252197 1.7232206880422607 3.422760248184204 2.0726211071014404 0.0 0.4966302243825089 0.12454737722873688 0.0
186 0.5740702152252197 1.722217537211831 3.422760248184204 2.0726211071014404 0.0 0.4991103437196343 0.12516935169696808 0.0
187 0.5740702152252197 1.7206848099799117 3.422760248184204 2.0726211071014404 0.0 0.5032115563191174 0.12619787454605103 0.0
188 0.5740702152252197 1.7206848099799117 3.422760248184204 2.0726211071014404 0.0 0.5032115563191174 0.12619787454605103 0.0
189 0.5740702152252197 1.7064277925306457 3.422760248184204 2.0726211071014404 0.0 0.37765119341891445 0.09470923244953156 0.0
190 0.5740702152252197 1.7064277925306457 3.422760248184204 2.0726211071014404 0.0 0.37765119341891445 0.09470923244953156 0.0
191 0.5740702152252197 1.7064277925306457 3.422760248184204 2.0726211071014404 0.0 0.37765119341891445 0.09470923244953156 0.0
192 0.5740702152252197 1.7064277925306457 3.422760248184204 2.0726211071014404 0.0 0.37765119341891445 0.09470923244953156 0.0
193 0.5740702152252197 1.7064277925306457 3.422760248184204 2.0726211071014404 0.0 0.37765119341891445 0.09470923244953156 0.0
194 0.5740702152252197 1.7031851895513286 3.422760248184204 2.0726211071014404 0.0 0.39069715090842616 0.09798096120357513 0.0
195 0.5740702152252197 1.7031851895513286 3.422760248184204 2.0726211071014404 0.0 0.39069715090842616 0.09798096120357513 0.0
196 0.5740702152252197 1.7031851895513286 3.422760248184204 2.0726211071014404 0.0 0.39069715090842616 0.09798096120357513 0.0
197 0.5740702152252197 1.7031851895513286 3.422760248184204 2.0726211071014404 0.0 0.39069715090842616 0.09798096120357513 0.0
198 0.5740702152252197 1.7142399579229597 3.422760248184204 2.0726211071014404 0.0 0.3539554082104909 0.0887666866183281 0.0
199 0.5740702152252197 1.717353807925723 3.422760248184204 2.0726211071014404 0.0 0.3473107573026508 0.0871003046631813 0.0
200 0.5740702152252197 1.7164354860156745 3.422760248184204 2.0726211071014404 0.0 0.34910987556687845 0.08755149692296982 0.0
201 0.5740702152252197 1.7046082201746702 3.422760248184204 2.0726211071014404 0.0 0.38471843766632224 0.09648158401250839 0.0
202 0.5740702152252197 1.7046082201746702 3.422760248184204 2.0726211071014404 0.0 0.38471843766632224 0.09648158401250839 0.0
203 0.5740702152252197 1.7046082201746702 3.422760248184204 2.0726211071014404 0.0 0.38471843766632224 0.09648158401250839 0.0
204 0.5740702152252197 1.73338875327208 3.422760248184204 2.0726211071014404 0.0 0.41622168402177023 0.10438212007284164 0.0
205 0.5740702152252197 1.73338875327208 3.422760248184204 2.0726211071014404 0.0 0.41622168402177023 0.10438212007284164 0.0
206 0.5740702152252197 1.73338875327208 3.422760248184204 2.0726211071014404 0.0 0.41622168402177023 0.10438212007284164 0.0
207 0.5740702152252197 1.7501662000505995 3.422760248184204 2.0726211071014404 0.0 0.3759799908005731 0.0942901149392128 0.0
208 0.5740702152252197 1.7404516321176267 3.422760248184204 2.0726211071014404 0.0 0.39317413246645044 0.09860214591026306 0.0
209 0.5740702152252197 1.743462537771441 3.422760248184204 2.0726211071014404 0.0 0.38618208163755735 0.09684865176677704 0.0
210 0.5740702152252197 1.7490590093567768 3.422760248184204 2.0726211071014404 0.0 0.3859628318976736 0.09679366648197174 0.0
211 0.5740702152252197 1.7490590093567768 3.422760248184204 2.0726211071014404 0.0 0.3859628318976736 0.09679366648197174 0.0
212 0.5740702152252197 1.747256925404479 3.422760248184204 2.0726211071014404 0.0 0.38752005179125687 0.0971841886639595 0.0
213 0.5740702152252197 1.747256925404479 3.422760248184204 2.0726211071014404 0.0 0.38752005179125687 0.0971841886639595 0.0
214 0.5740702152252197 1.747256925404479 3.422760248184204 2.0726211071014404 0.0 0.38752005179125687 0.0971841886639595 0.0
215 0.5740702152252197 1.747256925404479 3.422760248184204 2.0726211071014404 0.0 0.38752005179125687 0.0971841886639595 0.0
216 0.5740702152252197 1.7386224070604326 3.422760248184204 2.0726211071014404 0.0 0.401896451474601 0.10078957676887512 0.0
217 0.5740702152252197 1.7386224070604326 3.422760248184204 2.0726211071014404 0.0 0.401896451474601 0.10078957676887512 0.0
218 0.5740702152252197 1.7405928274436924 3.422760248184204 2.0726211071014404 0.0 0.3975673857135738 0.09970391541719437 0.0
219 0.5740702152252197 1.7405928274436924 3.422760248184204 2.0726211071014404 0.0 0.3975673857135738 0.09970391541719437 0.0
220 0.5740702152252197 1.7345141693636055 3.422760248184204 2.0726211071014404 0.0 0.4039507040427311 0.10130474716424942 0.0
221 0.5740702152252197 1.7345141693636055 3.422760248184204 2.0726211071014404 0.0 0.4039507040427311 0.10130474716424942 0.0
222 0.5740702152252197 1.7340124632229594 3.422760248184204 2.0726211071014404 0.0 0.4050112194873851 0.10157071053981781 0.0
223 0.5740702152252197 1.7529959864685944 3.422760248184204 2.0726211071014404 0.0 0.4407643069159139 0.11053704470396042 0.0
224 0.5740702152252197 1.7529959864685944 3.422760248184204 2.0726211071014404 0.0 0.4407643069159139 0.11053704470396042 0.0
225 0.5740702152252197 1.7478020353279713 3.422760248184204 2.0726211071014404 0.0 0.45128081510699636 0.1131744310259819 0.0
226 0.5740702152252197 1.7466240375348485 3.422760248184204 2.0726211071014404 0.0 0.45425375162156145 0.11392000317573547 0.0
227 0.5740702152252197 1.7466240375348485 3.422760248184204 2.0726211071014404 0.0 0.45425375162156145 0.11392000317573547 0.0
228 0.5740702152252197 1.7466240375348485 3.422760248184204 2.0726211071014404 0.0 0.45425375162156145 0.11392000317573547 0.0
229 0.5740702152252197 1.7594221671021029 3.422760248184204 2.0726211071014404 0.0 0.4329988916168233 0.10858959704637527 0.0
230 0.5740702152252197 1.7551479611998404 3.422760248184204 2.0726211071014404 0.0 0.4375511712050994 0.10973124206066132 0.0
231 0.5740702152252197 1.7551479611998404 3.422760248184204 2.0726211071014404 0.0 0.4375511712050994 0.10973124206066132 0.0
232 0.5740702152252197 1.7442977232442745 3.422760248184204 2.0726211071014404 0.0 0.4717010365892208 0.26714885234832764 0.0
233 0.5740702152252197 1.7442977232442745 3.422760248184204 2.0726211071014404 0.0 0.4717010365892208 0.26714885234832764 0.0
234 0.5740702152252197 1.7442977232442745 3.422760248184204 2.0726211071014404 0.0 0.4717010365892208 0.26714885234832764 0.0
235 0.5740702152252197 1.7442977232442745 3.422760248184204 2.0726211071014404 0.0 0.4717010365892208 0.26714885234832764 0.0
236 0.5740702152252197 1.7442977232442745 3.422760248184204 2.0726211071014404 0.0 0.4717010365892208 0.26714885234832764 0.0
237 0.5740702152252197 1.7442977232442745 3.422760248184204 2.0726211071014404 0.0 0.4717010365892208 0.26714885234832764 0.0
238 0.5740702152252197 1.7497996885981695 3.422760248184204 2.0726211071014404 0.0 0.449053858197741 0.2695932984352112 0.0
239 0.5740702152252197 1.7497996885981695 3.422760248184204 2.0726211071014404 0.0 0.449053858197741 0.2695932984352112 0.0
240 0.5740702152252197 1.7497996885981695 3.422760248184204 2.0726211071014404 0.0 0.449053858197741 0.2695932984352112 0.0
241 0.5740702152252197 1.7497996885981695 3.422760248184204 2.0726211071014404 0.0 0.449053858197741 0.2695932984352112 0.0
242 0.5740702152252197 1.7497996885981695 3.422760248184204 2.0726211071014404 0.0 0.449053858197741 0.2695932984352112 0.0
243 0.5740702152252197 1.7367531670205443 3.422760248184204 2.0726211071014404 0.0 0.4261046040363668 0.26724016666412354 0.0
244 0.5740702152252197 1.7367531670205443 3.422760248184204 2.0726211071014404 0.0 0.4261046040363668 0.26724016666412354 0.0
245 0.5740702152252197 1.7361637377163803 3.422760248184204 2.0726211071014404 0.0 0.42709305329633596 0.2673393785953522 0.0
246 0.5740702152252197 1.7367969623641208 3.422760248184204 2.0726211071014404 0.0 0.426032641689285 0.2672329545021057 0.0
247 0.5740702152252197 1.7367969623641208 3.422760248184204 2.0726211071014404 0.0 0.426032641689285 0.2672329545021057 0.0
248 0.5740702152252197 1.7367969623641208 3.422760248184204 2.0726211071014404 0.0 0.426032641689285 0.2672329545021057 0.0
249 0.5740702152252197 1.7367969623641208 3.422760248184204 2.0726211071014404 0.0 0.426032641689285 0.2672329545021057 0.0
250 0.5740702152252197 1.735255002348448 3.422760248184204 2.0726211071014404 0.0 0.42869632348929304 0.26750069856643677 0.0
251 0.5740702152252197 1.7322002269564032 3.422760248184204 2.0726211071014404 0.0 0.43481315047269875 0.2681209444999695 0.0
252 0.5740702152252197 1.7322002269564032 3.422760248184204 2.0726211071014404 0.0 0.43481315047269875 0.2681209444999695 0.0
253 0.5740702152252197 1.7322002269564032 3.422760248184204 2.0726211071014404 0.0 0.43481315047269875 0.2681209444999695 0.0
254 0.5740702152252197 1.7322002269564032 3.422760248184204 2.0726211071014404 0.0 0.43481315047269875 0.2681209444999695 0.0
255 0.5740702152252197 1.7322002269564032 3.422760248184204 2.0726211071014404 0.0 0.43481315047269875 0.2681209444999695 0.0
256 0.5740702152252197 1.7244889107341073 3.422760248184204 2.0726211071014404 0.0 0.46808066427440975 0.26457345485687256 0.0
257 0.5740702152252197 1.7244889107341073 3.422760248184204 2.0726211071014404 0.0 0.46808066427440975 0.26457345485687256 0.0
258 0.5740702152252197 1.7245293816625535 3.422760248184204 2.0726211071014404 0.0 0.46799898492331804 0.2645643353462219 0.0
259 0.5740702152252197 1.735662859730755 3.422760248184204 2.0726211071014404 0.0 0.4217032753003253 0.2694174647331238 0.0
260 0.5740702152252197 1.7399846470358902 3.422760248184204 2.0726211071014404 0.0 0.4131219619771639 0.26857998967170715 0.0
261 0.5740702152252197 1.7399846470358902 3.422760248184204 2.0726211071014404 0.0 0.4131219619771639 0.26857998967170715 0.0
262 0.5740702152252197 1.7399846470358902 3.422760248184204 2.0726211071014404 0.0 0.4131219619771639 0.26857998967170715 0.0
263 0.5740702152252197 1.7399846470358902 3.422760248184204 2.0726211071014404 0.0 0.4131219619771639 0.26857998967170715 0.0
264 0.5740702152252197 1.7430677334615876 3.422760248184204 2.0726211071014404 0.0 0.40837797051344776 0.2681232988834381 0.0
265 0.5740702152252197 1.7430677334615876 3.422760248184204 2.0726211071014404 0.0 0.40837797051344776 0.2681232988834381 0.0
266 0.5740702152252197 1.7430677334615876 3.422760248184204 2.0726211071014404 0.0 0.40837797051344776 0.2681232988834381 0.0
267 0.5740702152252197 1.7430677334615876 3.422760248184204 2.0726211071014404 0.0 0.40837797051344776 0.2681232988834381 0.0
268 0.5740702152252197 1.7430677334615876 3.422760248184204 2.0726211071014404 0.0 0.40837797051344776 0.2681232988834381 0.0
269 0.5740702152252197 1.7423228771855945 3.422760248184204 2.0726211071014404 0.0 0.41123422398453635 0.26784831285476685 0.0
270 0.5740702152252197 1.7423228771855945 3.422760248184204 2.0726211071014404 0.0 0.41123422398453635 0.26784831285476685 0.0
271 0.5740702152252197 1.7423228771855945 3.422760248184204 2.0726211071014404 0.0 0.41123422398453635 0.26784831285476685 0.0
272 0.5740702152252197 1.7423228771855945 3.422760248184204 2.0726211071014404 0.0 0.41123422398453635 0.26784831285476685 0.0
273 0.5740702152252197 1.7227077426083384 3.422760248184204 2.0726211071014404 0.0 0.40583359436273103 0.2631320059299469 0.0
274 0.5740702152252197 1.726928059189294 3.422760248184204 2.0726211071014404 0.0 0.3868878592622128 0.2650566101074219 0.0
275 0.5740702152252197 1.726928059189294 3.422760248184204 2.0726211071014404 0.0 0.3868878592622128 0.2650566101074219 0.0
276 0.5740702152252197 1.7331714495376704 3.422760248184204 2.0726211071014404 0.0 0.3624057879899288 0.26722487807273865 0.0
277 0.5740702152252197 1.7331714495376704 3.422760248184204 2.0726211071014404 0.0 0.3624057879899288 0.26722487807273865 0.0
278 0.5740702152252197 1.7311650953799846 3.422760248184204 2.0726211071014404 0.0 0.36996944220776184 0.26657184958457947 0.0
279 0.5740702152252197 1.7311650953799846 3.422760248184204 2.0726211071014404 0.0 0.36996944220776184 0.26657184958457947 0.0
280 0.5740702152252197 1.7311650953799846 3.422760248184204 2.0726211071014404 0.0 0.36996944220776184 0.26657184958457947 0.0
281 0.5740702152252197 1.7311650953799846 3.422760248184204 2.0726211071014404 0.0 0.36996944220776184 0.26657184958457947 0.0
282 0.5740702152252197 1.7295882077861469 3.422760248184204 2.0726211071014404 0.0 0.37427325403948186 0.2669494152069092 0.0
283 0.5740702152252197 1.7295882077861469 3.422760248184204 2.0726211071014404 0.0 0.37427325403948186 0.2669494152069092 0.0
284 0.5740702152252197 1.7295882077861469 3.422760248184204 2.0726211071014404 0.0 0.37427325403948186 0.2669494152069092 0.0
285 0.5740702152252197 1.7225418522715654 3.422760248184204 2.0726211071014404 0.0 0.3991040596925391 0.26664280891418457 0.0
286 0.5740702152252197 1.7225418522715654 3.422760248184204 2.0726211071014404 0.0 0.3991040596925391 0.26664280891418457 0.0
287 0.5740702152252197 1.7225418522715654 3.422760248184204 2.0726211071014404 0.0 0.3991040596925391 0.26664280891418457 0.0
288 0.5740702152252197 1.7225418522715654 3.422760248184204 2.0726211071014404 0.0 0.3991040596925391 0.26664280891418457 0.0
289 0.5740702152252197 1.7225418522715654 3.422760248184204 2.0726211071014404 0.0 0.3991040596925391 0.26664280891418457 0.0
290 0.5740702152252197 1.7225418522715654 3.422760248184204 2.0726211071014404 0.0 0.3991040596925391 0.26664280891418457 0.0
291 0.5740702152252197 1.7225418522715654 3.422760248184204 2.0726211071014404 0.0 0.3991040596925391 0.26664280891418457 0.0
292 0.5740702152252197 1.724093070639317 3.422760248184204 2.0726211071014404 0.0 0.44210517744463607 0.2708752751350403 0.0
293 0.5740702152252197 1.7216823697256387 3.422760248184204 2.0726211071014404 0.0 0.4494789136905659 0.2716374397277832 0.0
294 0.5740702152252197 1.7216823697256387 3.422760248184204 2.0726211071014404 0.0 0.4494789136905659 0.2716374397277832 0.0
295 0.5740702152252197 1.7216823697256387 3.422760248184204 2.0726211071014404 0.0 0.4494789136905659 0.2716374397277832 0.0
296 0.5740702152252197 1.7216823697256387 3.422760248184204 2.0726211071014404 0.0 0.4494789136905659 0.2716374397277832 0.0
297 0.5740702152252197 1.7216823697256387 3.422760248184204 2.0726211071014404 0.0 0.4494789136905659 0.2716374397277832 0.0
298 0.5740702152252197 1.7229746048057664 3.422760248184204 2.0726211071014404 0.0 0.4453909174214227 0.2712135910987854 0.0
299 0.5740702152252197 1.7229746048057664 3.422760248184204 2.0726211071014404 0.0 0.4453909174214227 0.2712135910987854 0.0
300 0.5740702152252197 1.7229746048057664 3.422760248184204 2.0726211071014404 0.0 0.4453909174214227 0.2712135910987854 0.0
301 0.5740702152252197 1.7229746048057664 3.422760248184204 2.0726211071014404 0.0 0.4453909174214227 0.2712135910987854 0.0
302 0.5740702152252197 1.7229746048057664 3.422760248184204 2.0726211071014404 0.0 0.4453909174214227 0.2712135910987854 0.0
303 0.5740702152252197 1.7229746048057664 3.422760248184204 2.0726211071014404 0.0 0.4453909174214227 0.2712135910987854 0.0
304 0.5740702152252197 1.7229746048057664 3.422760248184204 2.0726211071014404 0.0 0.4453909174214227 0.2712135910987854 0.0
305 0.5740702152252197 1.7229746048057664 3.422760248184204 2.0726211071014404 0.0 0.4453909174214227 0.2712135910987854 0.0
306 0.5740702152252197 1.7229746048057664 3.422760248184204 2.0726211071014404 0.0 0.4453909174214227 0.2712135910987854 0.0
307 0.5740702152252197 1.7229746048057664 3.422760248184204 2.0726211071014404 0.0 0.4453909174214227 0.2712135910987854 0.0
308 0.5740702152252197 1.7245324453272262 3.422760248184204 2.0726211071014404 0.0 0.4408759918926083 0.2707492411136627 0.0
309 0.5740702152252197 1.7245324453272262 3.422760248184204 2.0726211071014404 0.0 0.4408759918926083 0.2707492411136627 0.0
310 0.5740702152252197 1.7245324453272262 3.422760248184204 2.0726211071014404 0.0 0.4408759918926083 0.2707492411136627 0.0
311 0.5740702152252197 1.7245324453272262 3.422760248184204 2.0726211071014404 0.0 0.4408759918926083 0.2707492411136627 0.0
312 0.5740702152252197 1.7245324453272262 3.422760248184204 2.0726211071014404 0.0 0.4408759918926083 0.2707492411136627 0.0
313 0.5740702152252197 1.7209466392863686 3.422760248184204 2.0726211071014404 0.0 0.4519528008520957 0.27189546823501587 0.0
314 0.5740702152252197 1.7237855021071455 3.422760248184204 2.0726211071014404 0.0 0.44298593674799275 0.2709657549858093 0.0
315 0.5740702152252197 1.7237855021071455 3.422760248184204 2.0726211071014404 0.0 0.44298593674799275 0.2709657549858093 0.0
316 0.5740702152252197 1.7273506256649331 3.422760248184204 2.0726211071014404 0.0 0.4337813098893914 0.2700275480747223 0.0
317 0.5740702152252197 1.7273506256649331 3.422760248184204 2.0726211071014404 0.0 0.4337813098893914 0.2700275480747223 0.0
318 0.5740702152252197 1.7273506256649331 3.422760248184204 2.0726211071014404 0.0 0.4337813098893914 0.2700275480747223 0.0
319 0.5740702152252197 1.7369025783039107 3.422760248184204 2.0726211071014404 0.0 0.4188750301310161 0.2685433030128479 0.0
320 0.5740702152252197 1.7259554207184418 3.422760248184204 2.0726211071014404 0.0 0.43999230664414674 0.269093781709671 0.0
321 0.5740702152252197 1.7301547662305536 3.422760248184204 2.0726211071014404 0.0 0.4077789837916875 0.2658833861351013 0.0
322 0.5740702152252197 1.7301547662305536 3.422760248184204 2.0726211071014404 0.0 0.4077789837916875 0.2658833861351013 0.0
323 0.5740702152252197 1.7238994338201714 3.422760248184204 2.0726211071014404 0.0 0.42463370576955856 0.26753759384155273 0.0
324 0.5740702152252197 1.7106380338450875 3.422760248184204 2.0726211071014404 0.0 0.42204375831169266 0.2672796845436096 0.0
325 0.5740702152252197 1.7106380338450875 3.422760248184204 2.0726211071014404 0.0 0.42204375831169266 0.2672796845436096 0.0
326 0.5740702152252197 1.7106380338450875 3.422760248184204 2.0726211071014404 0.0 0.42204375831169266 0.2672796845436096 0.0
327 0.5740702152252197 1.7106380338450875 3.422760248184204 2.0726211071014404 0.0 0.42204375831169266 0.2672796845436096 0.0
328 0.5740702152252197 1.7106380338450875 3.422760248184204 2.0726211071014404 0.0 0.42204375831169266 0.2672796845436096 0.0
329 0.5740702152252197 1.7106380338450875 3.422760248184204 2.0726211071014404 0.0 0.42204375831169266 0.2672796845436096 0.0
330 0.5740702152252197 1.7106380338450875 3.422760248184204 2.0726211071014404 0.0 0.42204375831169266 0.2672796845436096 0.0
331 0.5740702152252197 1.7079868560583034 3.422760248184204 2.0726211071014404 0.0 0.43237050744021743 0.26831576228141785 0.0
332 0.5740702152252197 1.7079868560583034 3.422760248184204 2.0726211071014404 0.0 0.43237050744021743 0.26831576228141785 0.0
333 0.5740702152252197 1.7079868560583034 3.422760248184204 2.0726211071014404 0.0 0.43237050744021743 0.26831576228141785 0.0
334 0.5740702152252197 1.7079868560583034 3.422760248184204 2.0726211071014404 0.0 0.43237050744021743 0.26831576228141785 0.0
335 0.5740702152252197 1.7079868560583034 3.422760248184204 2.0726211071014404 0.0 0.43237050744021743 0.26831576228141785 0.0
336 0.5740702152252197 1.7048991834712313 3.422760248184204 2.0726211071014404 0.0 0.444645820778402 0.2670506238937378 0.0
337 0.5740702152252197 1.7048991834712313 3.422760248184204 2.0726211071014404 0.0 0.444645820778402 0.2670506238937378 0.0
338 0.5740702152252197 1.7106053401420958 3.422760248184204 2.0726211071014404 0.0 0.4225755752315177 0.26929569244384766 0.0
339 0.5740702152252197 1.7148667163337534 3.422760248184204 2.0726211071014404 0.0 0.40628887076220543 0.2677146792411804 0.0
340 0.5740702152252197 1.7148667163337534 3.422760248184204 2.0726211071014404 0.0 0.40628887076220543 0.2677146792411804 0.0
341 0.5740702152252197 1.7217140638722463 3.422760248184204 2.0726211071014404 0.0 0.3874943702920034 0.26595649123191833 0.0
342 0.5740702152252197 1.7220923629480747 3.422760248184204 2.0726211071014404 0.0 0.3859877197566384 0.2660940885543823 0.0
343 0.5740702152252197 1.7120735475087117 3.422760248184204 2.0726211071014404 0.0 0.4166457551115697 0.26898640394210815 0.0
344 0.5740702152252197 1.720482926610745 3.422760248184204 2.0726211071014404 0.0 0.38967390723780726 0.2664317786693573 0.0
345 0.5740702152252197 1.720482926610745 3.422760248184204 2.0726211071014404 0.0 0.38967390723780726 0.2664317786693573 0.0
346 0.5740702152252197 1.720482926610745 3.422760248184204 2.0726211071014404 0.0 0.38967390723780726 0.2664317786693573 0.0
347 0.5740702152252197 1.7154219013779488 3.422760248184204 2.0726211071014404 0.0 0.4095515262467407 0.26478496193885803 0.0
348 0.5740702152252197 1.7154219013779488 3.422760248184204 2.0726211071014404 0.0 0.4095515262467407 0.26478496193885803 0.0
349 0.5740702152252197 1.7079030965618656 3.422760248184204 2.0726211071014404 0.0 0.43262297223715945 0.2670825719833374 0.0
350 0.5740702152252197 1.7079030965618656 3.422760248184204 2.0726211071014404 0.0 0.43262297223715945 0.2670825719833374 0.0
351 0.5740702152252197 1.7037022536390873 3.422760248184204 2.0726211071014404 0.0 0.4503829484452143 0.26522913575172424 0.0
352 0.5740702152252197 1.7037022536390873 3.422760248184204 2.0726211071014404 0.0 0.4503829484452143 0.26522913575172424 0.0
353 0.5740702152252197 1.7037022536390873 3.422760248184204 2.0726211071014404 0.0 0.4503829484452143 0.26522913575172424 0.0
354 0.5740702152252197 1.7037022536390873 3.422760248184204 2.0726211071014404 0.0 0.4503829484452143 0.26522913575172424 0.0
355 0.5740702152252197 1.7210205051440526 3.422760248184204 2.0726211071014404 0.0 0.38618719148592173 0.27152329683303833 0.0
356 0.5740702152252197 1.7210205051440526 3.422760248184204 2.0726211071014404 0.0 0.38618719148592173 0.27152329683303833 0.0
357 0.5740702152252197 1.7245229661932715 3.422760248184204 2.0726211071014404 0.0 0.3725395444382833 0.2703213691711426 0.0
358 0.5740702152252197 1.735109045262661 3.422760248184204 2.0726211071014404 0.0 0.3278961683671518 0.26665911078453064 0.0
359 0.5740702152252197 1.735109045262661 3.422760248184204 2.0726211071014404 0.0 0.3278961683671518 0.26665911078453064 0.0
360 0.5740702152252197 1.735109045262661 3.422760248184204 2.0726211071014404 0.0 0.3278961683671518 0.26665911078453064 0.0
361 0.5740702152252197 1.7390380482387355 3.422760248184204 2.0726211071014404 0.0 0.31488395266409025 0.26567092537879944 0.0
362 0.5740702152252197 1.7390380482387355 3.422760248184204 2.0726211071014404 0.0 0.31488395266409025 0.26567092537879944 0.0
363 0.5740702152252197 1.7390380482387355 3.422760248184204 2.0726211071014404 0.0 0.31488395266409025 0.26567092537879944 0.0
364 0.5740702152252197 1.7390380482387355 3.422760248184204 2.0726211071014404 0.0 0.31488395266409025 0.26567092537879944 0.0
365 0.5740702152252197 1.7244057476506491 3.422760248184204 2.0726211071014404 0.0 0.37835875702178356 0.26040902733802795 0.0
366 0.5740702152252197 1.7244057476506491 3.422760248184204 2.0726211071014404 0.0 0.37835875702178356 0.26040902733802795 0.0
367 0.5740702152252197 1.7244057476506491 3.422760248184204 2.0726211071014404 0.0 0.37835875702178356 0.26040902733802795 0.0
368 0.5740702152252197 1.7266978722219049 3.422760248184204 2.0726211071014404 0.0 0.3732368208051917 0.25994372367858887 0.0
369 0.5740702152252197 1.7266558078410992 3.422760248184204 2.0726211071014404 0.0 0.37344663918801047 0.2599245607852936 0.0
370 0.5740702152252197 1.7270420935951725 3.422760248184204 2.0726211071014404 0.0 0.36635475324669864 0.26136264204978943 0.0
371 0.5740702152252197 1.7284279494040302 3.422760248184204 2.0726211071014404 0.0 0.363118962493545 0.26107850670814514 0.0
372 0.5740702152252197 1.7284279494040302 3.422760248184204 2.0726211071014404 0.0 0.363118962493545 0.26107850670814514 0.0
373 0.5740702152252197 1.728494823540469 3.422760248184204 2.0726211071014404 0.0 0.3627993698939429 0.26110586524009705 0.0
374 0.5740702152252197 1.728494823540469 3.422760248184204 2.0726211071014404 0.0 0.3627993698939429 0.26110586524009705 0.0
375 0.5740702152252197 1.728494823540469 3.422760248184204 2.0726211071014404 0.0 0.3627993698939429 0.26110586524009705 0.0
376 0.5740702152252197 1.735192359896853 3.422760248184204 2.0726211071014404 0.0 0.35152997175260187 0.2601345479488373 0.0
377 0.5740702152252197 1.7320575268188945 3.422760248184204 2.0726211071014404 0.0 0.355912347771969 0.26050904393196106 0.0
378 0.5740702152252197 1.7395595143161264 3.422760248184204 2.0726211071014404 0.0 0.3479978439010327 0.25983569025993347 0.0
379 0.5740702152252197 1.7395595143161264 3.422760248184204 2.0726211071014404 0.0 0.3479978439010327 0.25983569025993347 0.0
380 0.5740702152252197 1.7395595143161264 3.422760248184204 2.0726211071014404 0.0 0.3479978439010327 0.25983569025993347 0.0
381 0.5740702152252197 1.7395595143161264 3.422760248184204 2.0726211071014404 0.0 0.3479978439010327 0.25983569025993347 0.0
382 0.5740702152252197 1.7403881938698156 3.422760248184204 2.0726211071014404 0.0 0.3438939090221892 0.2601792514324188 0.0
383 0.5740702152252197 1.7403881938698156 3.422760248184204 2.0726211071014404 0.0 0.3438939090221892 0.2601792514324188 0.0
384 0.5740702152252197 1.7403881938698156 3.422760248184204 2.0726211071014404 0.0 0.3438939090221892 0.2601792514324188 0.0
385 0.5740702152252197 1.7392249851179786 3.422760248184204 2.0726211071014404 0.0 0.344552075475284 0.260233998298645 0.0
386 0.5740702152252197 1.7392249851179786 3.422760248184204 2.0726211071014404 0.0 0.344552075475284 0.260233998298645 0.0
387 0.5740702152252197 1.7262756873526606 3.422760248184204 2.0726211071014404 0.0 0.36651075373732284 0.262114018201828 0.0
388 0.5740702152252197 1.7262756873526606 3.422760248184204 2.0726211071014404 0.0 0.36651075373732284 0.262114018201828 0.0
389 0.5740702152252197 1.7262756873526606 3.422760248184204 2.0726211071014404 0.0 0.36651075373732284 0.262114018201828 0.0
390 0.5740702152252197 1.7262756873526606 3.422760248184204 2.0726211071014404 0.0 0.36651075373732284 0.262114018201828 0.0
391 0.5740702152252197 1.7262756873526606 3.422760248184204 2.0726211071014404 0.0 0.36651075373732284 0.262114018201828 0.0
392 0.5740702152252197 1.7275110835295058 3.422760248184204 2.0726211071014404 0.0 0.36091757192566826 0.26260197162628174 0.0
393 0.5740702152252197 1.7324684234550483 3.422760248184204 2.0726211071014404 0.0 0.3490966344192408 0.2615949809551239 0.0
394 0.5740702152252197 1.7324684234550483 3.422760248184204 2.0726211071014404 0.0 0.3490966344192408 0.2615949809551239 0.0
395 0.5740702152252197 1.7324684234550483 3.422760248184204 2.0726211071014404 0.0 0.3490966344192408 0.2615949809551239 0.0
396 0.5740702152252197 1.7324684234550483 3.422760248184204 2.0726211071014404 0.0 0.3490966344192408 0.2615949809551239 0.0
397 0.5740702152252197 1.7341292743292918 3.422760248184204 2.0726211071014404 0.0 0.34605655253317574 0.26134079694747925 0.0
398 0.5740702152252197 1.7367131037118806 3.422760248184204 2.0726211071014404 0.0 0.33419303187898963 0.262310653924942 0.0
399 0.5740702152252197 1.73173985268747 3.422760248184204 2.0726211071014404 0.0 0.345048067399694 0.2631930410861969 0.0
400 0.5740702152252197 1.73173985268747 3.422760248184204 2.0726211071014404 0.0 0.345048067399694 0.2631930410861969 0.0
