init 0.9277086853981018 6.751558774680616 3.247720241546631 2.7629897594451904 0.0 0.0 0.0 0.0
1 0.9277086853981018 6.9717024195002315 3.247720241546631 2.7629897594451904 0.0 1.305331416073393 0.42239540815353394 0.0
2 0.9277086853981018 6.971699083615945 3.247720241546631 2.7629897594451904 0.0 1.3124673681769528 0.4651999771595001 0.0
3 0.9277086853981018 6.982955444149257 3.247720241546631 2.7629897594451904 0.0 1.3303610267345365 0.4695452153682709 0.0
4 0.9277086853981018 6.979814197304447 3.247720241546631 2.7629897594451904 0.0 1.3067162354228623 0.47520309686660767 0.0
5 0.9277086853981018 6.979814197304447 3.247720241546631 2.7629897594451904 0.0 1.3067162354228623 0.47520309686660767 0.0
6 0.9277086853981018 6.977268808876176 3.247720241546631 2.7629897594451904 0.0 1.3056367339790858 0.4704892337322235 0.0
7 0.9277086853981018 6.976528826467149 3.247720241546631 2.7629897594451904 0.0 1.299625780553376 0.4719131290912628 0.0
8 0.9277086853981018 6.976528826467149 3.247720241546631 2.7629897594451904 0.0 1.299625780553376 0.4719131290912628 0.0
9 0.9277086853981018 6.979610546257247 3.247720241546631 2.7629897594451904 0.0 1.3112975302923742 0.42904067039489746 0.0
10 0.9277086853981018 6.979610546257247 3.247720241546631 2.7629897594451904 0.0 1.3112975302923742 0.42904067039489746 0.0
11 0.9277086853981018 6.974281210488097 3.247720241546631 2.7629897594451904 0.0 1.2717978561267087 0.4187032878398895 0.0
12 0.9277086853981018 6.974281210488097 3.247720241546631 2.7629897594451904 0.0 1.2717978561267087 0.4187032878398895 0.0
13 0.9277086853981018 6.9741590633378 3.247720241546631 2.7629897594451904 0.0 1.2688779790958822 0.4212227761745453 0.0
14 0.9277086853981018 6.570534360717703 3.247720241546631 2.7629897594451904 0.0 3.7245120409493055 1.129180669784546 0.0
15 0.9277086853981018 6.444896967399059 3.247720241546631 2.7629897594451904 0.0 4.064562681528889 1.2197116613388062 0.0
16 0.9277086853981018 6.353818897266182 3.247720241546631 2.7629897594451904 0.0 3.9829092010142633 1.172872543334961 0.0
17 0.9277086853981018 6.335624770851469 3.247720241546631 2.7629897594451904 0.0 4.032873673585538 1.193966269493103 0.0
18 0.9277086853981018 6.3616838643396925 3.247720241546631 2.7629897594451904 0.0 4.055769595582215 1.2006088495254517 0.0
19 0.9277086853981018 6.389383757313321 3.247720241546631 2.7629897594451904 0.0 4.052593784070412 1.2273772954940796 0.0
20 0.9277086853981018 6.370857326235655 3.247720241546631 2.7629897594451904 0.0 3.9807553353631273 1.1995933055877686 0.0
21 0.9277086853981018 6.368012250544855 3.247720241546631 2.7629897594451904 0.0 3.8882324976230005 1.1732395887374878 0.0
22 0.9277086853981018 6.367888224970334 3.247720241546631 2.7629897594451904 0.0 3.8881242738111395 1.1732709407806396 0.0
23 0.9277086853981018 6.367860413821072 3.247720241546631 2.7629897594451904 0.0 3.888208251555379 1.1732474565505981 0.0
24 0.9277086853981018 6.34690445311054 3.247720241546631 2.7629897594451904 0.0 3.8616101359857056 1.1656780242919922 0.0
25 0.9277086853981018 6.3460714218997065 3.247720241546631 2.7629897594451904 0.0 3.8607712432695425 1.165439248085022 0.0
26 0.9277086853981018 6.346076148966308 3.247720241546631 2.7629897594451904 0.0 3.860793472306404 1.1654329299926758 0.0
27 0.9277086853981018 6.334492422598756 3.247720241546631 2.7629897594451904 0.0 3.829135171658587 1.1564273834228516 0.0
28 0.9277086853981018 6.334164867599267 3.247720241546631 2.7629897594451904 0.0 3.8297965261245137 1.1608152389526367 0.0
29 0.9277086853981018 6.3342495807872705 3.247720241546631 2.7629897594451904 0.0 3.829674316023891 1.1314597129821777 0.0
30 0.9277086853981018 6.374854086131798 3.247720241546631 2.7629897594451904 0.0 3.8585492165004465 1.1690795421600342 0.0
31 0.9277086853981018 6.374854086131798 3.247720241546631 2.7629897594451904 0.0 3.8585492165004465 1.1690795421600342 0.0
32 0.9277086853981018 6.396551184715263 3.247720241546631 2.7629897594451904 0.0 3.8581701868390486 1.1397444009780884 0.0
33 0.9277086853981018 6.331155299155735 3.247720241546631 2.7629897594451904 0.0 3.8565625448216947 1.1393957138061523 0.0
34 0.9277086853981018 6.330485374248724 3.247720241546631 2.7629897594451904 0.0 3.8584178023326796 1.134915828704834 0.0
35 0.9277086853981018 6.351832109124495 3.247720241546631 2.7629897594451904 0.0 3.8574501111384114 1.1346333026885986 0.0
36 0.9277086853981018 6.351832109124495 3.247720241546631 2.7629897594451904 0.0 3.8574501111384114 1.1346333026885986 0.0
37 0.9277086853981018 6.351907982537006 3.247720241546631 2.7629897594451904 0.0 3.8575734583785017 1.1643317937850952 0.0
38 0.9277086853981018 6.351907982537006 3.247720241546631 2.7629897594451904 0.0 3.8575734583785017 1.1643317937850952 0.0
39 0.9277086853981018 6.360241627351716 3.247720241546631 2.7629897594451904 0.0 3.87014664170434 1.1728253364562988 0.0
40 0.9277086853981018 6.35691024704946 3.247720241546631 2.7629897594451904 0.0 3.8646278076296015 1.171261191368103 0.0
41 0.9277086853981018 6.356969462091356 3.247720241546631 2.7629897594451904 0.0 3.86444952380184 1.171210765838623 0.0
42 0.9277086853981018 6.356969462091356 3.247720241546631 2.7629897594451904 0.0 3.86444952380184 1.171210765838623 0.0
43 0.9277086853981018 6.357163946678154 3.247720241546631 2.7629897594451904 0.0 3.8651527368339287 1.171011209487915 0.0
44 0.9277086853981018 6.357163946678154 3.247720241546631 2.7629897594451904 0.0 3.8651527368339287 1.171011209487915 0.0
45 0.9277086853981018 6.358159049832251 3.247720241546631 2.7629897594451904 0.0 3.866763205720703 1.1714677810668945 0.0
46 0.9277086853981018 6.3580635446591565 3.247720241546631 2.7629897594451904 0.0 3.8670829316733273 1.174207329750061 0.0
47 0.9277086853981018 6.355819743373028 3.247720241546631 2.7629897594451904 0.0 3.8670990486296977 1.174161672592163 0.0
48 0.9277086853981018 6.355831612971162 3.247720241546631 2.7629897594451904 0.0 3.8671336866350896 1.1741517782211304 0.0
49 0.9277086853981018 6.355861618437507 3.247720241546631 2.7629897594451904 0.0 3.8670362116393395 1.1741691827774048 0.0
50 0.9277086853981018 6.3555553415636945 3.247720241546631 2.7629897594451904 0.0 3.866063138263564 1.1449590921401978 0.0
51 0.9277086853981018 6.3555553415636945 3.247720241546631 2.7629897594451904 0.0 3.866063138263564 1.1449590921401978 0.0
52 0.9277086853981018 6.3555553415636945 3.247720241546631 2.7629897594451904 0.0 3.866063138263564 1.1449590921401978 0.0
53 0.9277086853981018 6.3555553415636945 3.247720241546631 2.7629897594451904 0.0 3.866063138263564 1.1449590921401978 0.0
54 0.9277086853981018 6.3555553415636945 3.247720241546631 2.7629897594451904 0.0 3.866063138263564 1.1449590921401978 0.0
55 0.9277086853981018 6.355662428682305 3.247720241546631 2.7629897594451904 0.0 3.866376106790197 1.1743561029434204 0.0
56 0.9277086853981018 6.355662428682305 3.247720241546631 2.7629897594451904 0.0 3.866376106790197 1.1743561029434204 0.0
57 0.9277086853981018 6.355662428682305 3.247720241546631 2.7629897594451904 0.0 3.866376106790197 1.1743561029434204 0.0
58 0.9277086853981018 6.355662428682305 3.247720241546631 2.7629897594451904 0.0 3.866376106790197 1.1743561029434204 0.0
59 0.9277086853981018 6.355662428682305 3.247720241546631 2.7629897594451904 0.0 3.866376106790197 1.1743561029434204 0.0
60 0.9277086853981018 6.355317253209893 3.247720241546631 2.7629897594451904 0.0 3.8658150776644105 1.1741975545883179 0.0
61 0.9277086853981018 6.355317253209893 3.247720241546631 2.7629897594451904 0.0 3.8658150776644105 1.1741975545883179 0.0
62 0.9277086853981018 6.3553179389331715 3.247720241546631 2.7629897594451904 0.0 3.8658174751286776 1.174196720123291 0.0
63 0.9277086853981018 6.3553179389331715 3.247720241546631 2.7629897594451904 0.0 3.8658174751286776 1.174196720123291 0.0
64 0.9277086853981018 6.3553179389331715 3.247720241546631 2.7629897594451904 0.0 3.8658174751286776 1.174196720123291 0.0
65 0.9277086853981018 6.3553179389331715 3.247720241546631 2.7629897594451904 0.0 3.8658174751286776 1.174196720123291 0.0
66 0.9277086853981018 6.3552417776844985 3.247720241546631 2.7629897594451904 0.0 3.8656938445530615 1.1448520421981812 0.0
67 0.9277086853981018 6.355544267350693 3.247720241546631 2.7629897594451904 0.0 3.8665513211809466 1.1739890575408936 0.0
68 0.9277086853981018 6.355450831247205 3.247720241546631 2.7629897594451904 0.0 3.8662534945556204 1.1666288375854492 0.0
69 0.9277086853981018 6.355450831247205 3.247720241546631 2.7629897594451904 0.0 3.8662534945556204 1.1666288375854492 0.0
70 0.9277086853981018 6.355450831247205 3.247720241546631 2.7629897594451904 0.0 3.8662534945556204 1.1666288375854492 0.0
71 0.9277086853981018 6.355450831247205 3.247720241546631 2.7629897594451904 0.0 3.8662534945556204 1.1666288375854492 0.0
72 0.9277086853981018 6.355450831247205 3.247720241546631 2.7629897594451904 0.0 3.8662534945556204 1.1666288375854492 0.0
73 0.9277086853981018 6.355283454575535 3.247720241546631 2.7629897594451904 0.0 3.8658110179247425 1.1372194290161133 0.0
74 0.9277086853981018 6.355283454575535 3.247720241546631 2.7629897594451904 0.0 3.8658110179247425 1.1372194290161133 0.0
75 0.9277086853981018 6.355308991429358 3.247720241546631 2.7629897594451904 0.0 3.865909851674704 1.137248158454895 0.0
76 0.9277086853981018 6.355308991429358 3.247720241546631 2.7629897594451904 0.0 3.865909851674704 1.137248158454895 0.0
77 0.9277086853981018 6.355381203199143 3.247720241546631 2.7629897594451904 0.0 3.866152087314593 1.1373189687728882 0.0
78 0.9277086853981018 6.355381203199143 3.247720241546631 2.7629897594451904 0.0 3.866152087314593 1.1373189687728882 0.0
79 0.9277086853981018 6.354530045069779 3.247720241546631 2.7629897594451904 0.0 3.866163231013796 1.137322187423706 0.0
80 0.9277086853981018 6.354530045069779 3.247720241546631 2.7629897594451904 0.0 3.866163231013796 1.137322187423706 0.0
81 0.9277086853981018 6.354530045069779 3.247720241546631 2.7629897594451904 0.0 3.866163231013796 1.137322187423706 0.0
82 0.9277086853981018 6.354530045069779 3.247720241546631 2.7629897594451904 0.0 3.866163231013796 1.137322187423706 0.0
83 0.9277086853981018 6.354530045069779 3.247720241546631 2.7629897594451904 0.0 3.866163231013796 1.137322187423706 0.0
84 0.9277086853981018 6.354866370175559 3.247720241546631 2.7629897594451904 0.0 3.86707270471577 1.1375877857208252 0.0
85 0.9277086853981018 6.354866370175559 3.247720241546631 2.7629897594451904 0.0 3.86707270471577 1.1375877857208252 0.0
86 0.9277086853981018 6.335742656947126 3.247720241546631 2.7629897594451904 0.0 3.8454422357259257 1.160330891609192 0.0
87 0.9277086853981018 6.335742656947126 3.247720241546631 2.7629897594451904 0.0 3.8454422357259257 1.160330891609192 0.0
88 0.9277086853981018 6.336126599687668 3.247720241546631 2.7629897594451904 0.0 3.8460695289460745 1.160509467124939 0.0
89 0.9277086853981018 6.336126599687668 3.247720241546631 2.7629897594451904 0.0 3.8460695289460745 1.160509467124939 0.0
90 0.9277086853981018 6.336126599687668 3.247720241546631 2.7629897594451904 0.0 3.8460695289460745 1.160509467124939 0.0
91 0.9277086853981018 6.335697365971383 3.247720241546631 2.7629897594451904 0.0 3.8448276005027817 1.13109290599823 0.0
92 0.9277086853981018 6.335697365971383 3.247720241546631 2.7629897594451904 0.0 3.8448276005027817 1.13109290599823 0.0
93 0.9277086853981018 6.335483764071992 3.247720241546631 2.7629897594451904 0.0 3.8454572970170138 1.1386640071868896 0.0
94 0.9277086853981018 6.335483764071992 3.247720241546631 2.7629897594451904 0.0 3.8454572970170138 1.1386640071868896 0.0
95 0.9277086853981018 6.335483764071992 3.247720241546631 2.7629897594451904 0.0 3.8454572970170138 1.1386640071868896 0.0
96 0.9277086853981018 6.335483764071992 3.247720241546631 2.7629897594451904 0.0 3.8454572970170138 1.1386640071868896 0.0
97 0.9277086853981018 6.335578878709441 3.247720241546631 2.7629897594451904 0.0 3.8456783773812093 1.168178677558899 0.0
98 0.9277086853981018 6.3369100523205315 3.247720241546631 2.7629897594451904 0.0 3.8456113749425853 1.1681870222091675 0.0
99 0.9277086853981018 6.336887655709106 3.247720241546631 2.7629897594451904 0.0 3.8456497159583187 1.1657887697219849 0.0
100 0.9277086853981018 6.336887655709106 3.247720241546631 2.7629897594451904 0.0 3.8456497159583187 1.1657887697219849 0.0
101 0.9277086853981018 6.336887655709106 3.247720241546631 2.7629897594451904 0.0 3.8456497159583187 1.1657887697219849 0.0
102 0.9277086853981018 6.336887655709106 3.247720241546631 2.7629897594451904 0.0 3.8456497159583187 1.1657887697219849 0.0
103 0.9277086853981018 6.336887655709106 3.247720241546631 2.7629897594451904 0.0 3.8456497159583187 1.1657887697219849 0.0
104 0.9277086853981018 6.336887655709106 3.247720241546631 2.7629897594451904 0.0 3.8456497159583187 1.1657887697219849 0.0
105 0.9277086853981018 6.336887655709106 3.247720241546631 2.7629897594451904 0.0 3.8456497159583187 1.1657887697219849 0.0
106 0.9277086853981018 6.336887655709106 3.247720241546631 2.7629897594451904 0.0 3.8456497159583187 1.1657887697219849 0.0
107 0.9277086853981018 6.336965053502256 3.247720241546631 2.7629897594451904 0.0 3.845947128041109 1.165704607963562 0.0
108 0.9277086853981018 6.33882550799554 3.247720241546631 2.7629897594451904 0.0 3.8490547460805113 1.1665852069854736 0.0
109 0.9277086853981018 6.33882550799554 3.247720241546631 2.7629897594451904 0.0 3.8490547460805113 1.1665852069854736 0.0
110 0.9277086853981018 6.33882550799554 3.247720241546631 2.7629897594451904 0.0 3.8490547460805113 1.1665852069854736 0.0
111 0.9277086853981018 6.338729819557485 3.247720241546631 2.7629897594451904 0.0 3.848660471185164 1.1666969060897827 0.0
112 0.9277086853981018 6.335988742017346 3.247720241546631 2.7629897594451904 0.0 3.8441213375203866 1.1654108762741089 0.0
113 0.9277086853981018 6.336892346415038 3.247720241546631 2.7629897594451904 0.0 3.8455898568680484 1.1658269166946411 0.0
114 0.9277086853981018 6.336892346415038 3.247720241546631 2.7629897594451904 0.0 3.8455898568680484 1.1658269166946411 0.0
115 0.9277086853981018 6.336892346415038 3.247720241546631 2.7629897594451904 0.0 3.8455898568680484 1.1658269166946411 0.0
116 0.9277086853981018 6.336892346415038 3.247720241546631 2.7629897594451904 0.0 3.8455898568680484 1.1658269166946411 0.0
117 0.9277086853981018 6.336892346415038 3.247720241546631 2.7629897594451904 0.0 3.8455898568680484 1.1658269166946411 0.0
118 0.9277086853981018 6.336838933914419 3.247720241546631 2.7629897594451904 0.0 3.845587169956551 1.1362299919128418 0.0
119 0.9277086853981018 6.3362151605863986 3.247720241546631 2.7629897594451904 0.0 3.8447479861455327 1.135986089706421 0.0
120 0.9277086853981018 6.336158023454659 3.247720241546631 2.7629897594451904 0.0 3.844547684025205 1.1359279155731201 0.0
121 0.9277086853981018 6.336158023454659 3.247720241546631 2.7629897594451904 0.0 3.844547684025205 1.1359279155731201 0.0
122 0.9277086853981018 6.336158023454659 3.247720241546631 2.7629897594451904 0.0 3.844547684025205 1.1359279155731201 0.0
123 0.9277086853981018 6.336158023454659 3.247720241546631 2.7629897594451904 0.0 3.844547684025205 1.1359279155731201 0.0
124 0.9277086853981018 6.336135424496216 3.247720241546631 2.7629897594451904 0.0 3.844453917956868 1.135900616645813 0.0
125 0.9277086853981018 6.336135424496216 3.247720241546631 2.7629897594451904 0.0 3.844453917956868 1.135900616645813 0.0
126 0.9277086853981018 6.336135424496216 3.247720241546631 2.7629897594451904 0.0 3.844453917956868 1.135900616645813 0.0
127 0.9277086853981018 6.336135424496216 3.247720241546631 2.7629897594451904 0.0 3.844453917956868 1.135900616645813 0.0
128 0.9277086853981018 6.336135424496216 3.247720241546631 2.7629897594451904 0.0 3.844453917956868 1.135900616645813 0.0
129 0.9277086853981018 6.338507877577347 3.247720241546631 2.7629897594451904 0.0 3.848382826303508 1.137042760848999 0.0
130 0.9277086853981018 6.336736659274661 3.247720241546631 2.7629897594451904 0.0 3.8455058756124347 1.1656498908996582 0.0
131 0.9277086853981018 6.336736659274661 3.247720241546631 2.7629897594451904 0.0 3.8455058756124347 1.1656498908996582 0.0
132 0.9277086853981018 6.336806743451049 3.247720241546631 2.7629897594451904 0.0 3.8457426920962416 1.1655828952789307 0.0
133 0.9277086853981018 6.336806743451049 3.247720241546631 2.7629897594451904 0.0 3.8457426920962416 1.1655828952789307 0.0
134 0.9277086853981018 6.336806743451049 3.247720241546631 2.7629897594451904 0.0 3.8457426920962416 1.1655828952789307 0.0
135 0.9277086853981018 6.336806743451049 3.247720241546631 2.7629897594451904 0.0 3.8457426920962416 1.1655828952789307 0.0
136 0.9277086853981018 6.33685266620524 3.247720241546631 2.7629897594451904 0.0 3.845610225820701 1.1679978370666504 0.0
137 0.9277086853981018 6.33685266620524 3.247720241546631 2.7629897594451904 0.0 3.845610225820701 1.1679978370666504 0.0
138 0.9277086853981018 6.33685266620524 3.247720241546631 2.7629897594451904 0.0 3.845610225820701 1.1679978370666504 0.0
139 0.9277086853981018 6.337206357461709 3.247720241546631 2.7629897594451904 0.0 3.846190936746512 1.1681621074676514 0.0
140 0.9277086853981018 6.337206357461709 3.247720241546631 2.7629897594451904 0.0 3.846190936746512 1.1681621074676514 0.0
141 0.9277086853981018 6.337206357461709 3.247720241546631 2.7629897594451904 0.0 3.846190936746512 1.1681621074676514 0.0
142 0.9277086853981018 6.337206357461709 3.247720241546631 2.7629897594451904 0.0 3.846190936746512 1.1681621074676514 0.0
143 0.9277086853981018 6.337079501438482 3.247720241546631 2.7629897594451904 0.0 3.845706592072862 1.1682990789413452 0.0
144 0.9277086853981018 6.337079501438482 3.247720241546631 2.7629897594451904 0.0 3.845706592072862 1.1682990789413452 0.0
145 0.9277086853981018 6.337079501438482 3.247720241546631 2.7629897594451904 0.0 3.845706592072862 1.1682990789413452 0.0
146 0.9277086853981018 6.337079501438482 3.247720241546631 2.7629897594451904 0.0 3.845706592072862 1.1682990789413452 0.0
147 0.9277086853981018 6.337079501438482 3.247720241546631 2.7629897594451904 0.0 3.845706592072862 1.1682990789413452 0.0
148 0.9277086853981018 6.337079501438482 3.247720241546631 2.7629897594451904 0.0 3.845706592072862 1.1682990789413452 0.0
149 0.9277086853981018 6.337079501438482 3.247720241546631 2.7629897594451904 0.0 3.845706592072862 1.1682990789413452 0.0
150 0.9277086853981018 6.337079501438482 3.247720241546631 2.7629897594451904 0.0 3.845706592072862 1.1682990789413452 0.0
151 0.9277086853981018 6.337079501438482 3.247720241546631 2.7629897594451904 0.0 3.845706592072862 1.1682990789413452 0.0
152 0.9277086853981018 6.337079501438482 3.247720241546631 2.7629897594451904 0.0 3.845706592072862 1.1682990789413452 0.0
153 0.9277086853981018 6.337079501438482 3.247720241546631 2.7629897594451904 0.0 3.845706592072862 1.1682990789413452 0.0
154 0.9277086853981018 6.337079501438482 3.247720241546631 2.7629897594451904 0.0 3.845706592072862 1.1682990789413452 0.0
155 0.9277086853981018 6.337079501438482 3.247720241546631 2.7629897594451904 0.0 3.845706592072862 1.1682990789413452 0.0
156 0.9277086853981018 6.33705821335988 3.247720241546631 2.7629897594451904 0.0 3.8461325394221624 1.1679034233093262 0.0
157 0.9277086853981018 6.33705821335988 3.247720241546631 2.7629897594451904 0.0 3.8461325394221624 1.1679034233093262 0.0
158 0.9277086853981018 6.33705821335988 3.247720241546631 2.7629897594451904 0.0 3.8461325394221624 1.1679034233093262 0.0
159 0.9277086853981018 6.332873376241411 3.247720241546631 2.7629897594451904 0.0 3.899715216776062 1.1830663681030273 0.0
160 0.9277086853981018 6.333996474853162 3.247720241546631 2.7629897594451904 0.0 3.901232047599566 1.1838878393173218 0.0
161 0.9277086853981018 6.333996474853162 3.247720241546631 2.7629897594451904 0.0 3.901232047599566 1.1838878393173218 0.0
162 0.9277086853981018 6.333259351298586 3.247720241546631 2.7629897594451904 0.0 3.8780677960009022 1.177333116531372 0.0
163 0.9277086853981018 6.3331138942841365 3.247720241546631 2.7629897594451904 0.0 3.8786403853185245 1.1750469207763672 0.0
164 0.9277086853981018 6.3331138942841365 3.247720241546631 2.7629897594451904 0.0 3.8786403853185245 1.1750469207763672 0.0
165 0.9277086853981018 6.3331138942841365 3.247720241546631 2.7629897594451904 0.0 3.8786403853185245 1.1750469207763672 0.0
166 0.9277086853981018 6.321001427883821 3.247720241546631 2.7629897594451904 0.0 3.8792036648421506 1.1749423742294312 0.0
167 0.9277086853981018 6.321001427883821 3.247720241546631 2.7629897594451904 0.0 3.8792036648421506 1.1749423742294312 0.0
168 0.9277086853981018 6.322290606229209 3.247720241546631 2.7629897594451904 0.0 3.881375495065942 1.17555832862854 0.0
169 0.9277086853981018 6.322290606229209 3.247720241546631 2.7629897594451904 0.0 3.881375495065942 1.17555832862854 0.0
170 0.9277086853981018 6.3222946903759505 3.247720241546631 2.7629897594451904 0.0 3.8813879105582694 1.175554633140564 0.0
171 0.9277086853981018 6.3222946903759505 3.247720241546631 2.7629897594451904 0.0 3.8813879105582694 1.175554633140564 0.0
172 0.9277086853981018 6.3222946903759505 3.247720241546631 2.7629897594451904 0.0 3.8813879105582694 1.175554633140564 0.0
173 0.9277086853981018 6.3222946903759505 3.247720241546631 2.7629897594451904 0.0 3.8813879105582694 1.175554633140564 0.0
174 0.9277086853981018 6.3222946903759505 3.247720241546631 2.7629897594451904 0.0 3.8813879105582694 1.175554633140564 0.0
175 0.9277086853981018 6.3222946903759505 3.247720241546631 2.7629897594451904 0.0 3.8813879105582694 1.175554633140564 0.0
176 0.9277086853981018 6.3222946903759505 3.247720241546631 2.7629897594451904 0.0 3.8813879105582694 1.175554633140564 0.0
177 0.9277086853981018 6.3222946903759505 3.247720241546631 2.7629897594451904 0.0 3.8813879105582694 1.175554633140564 0.0
178 0.9277086853981018 6.3222946903759505 3.247720241546631 2.7629897594451904 0.0 3.8813879105582694 1.175554633140564 0.0
179 0.9277086853981018 6.3222946903759505 3.247720241546631 2.7629897594451904 0.0 3.8813879105582694 1.175554633140564 0.0
180 0.9277086853981018 6.3222946903759505 3.247720241546631 2.7629897594451904 0.0 3.8813879105582694 1.175554633140564 0.0
181 0.9277086853981018 6.3222946903759505 3.247720241546631 2.7629897594451904 0.0 3.8813879105582694 1.175554633140564 0.0
182 0.9277086853981018 6.3222946903759505 3.247720241546631 2.7629897594451904 0.0 3.8813879105582694 1.175554633140564 0.0
183 0.9277086853981018 6.3222946903759505 3.247720241546631 2.7629897594451904 0.0 3.8813879105582694 1.175554633140564 0.0
184 0.9277086853981018 6.320547072170281 3.247720241546631 2.7629897594451904 0.0 3.878456779201944 1.1747233867645264 0.0
185 0.9277086853981018 6.320547072170281 3.247720241546631 2.7629897594451904 0.0 3.878456779201944 1.1747233867645264 0.0
186 0.9277086853981018 6.320547072170281 3.247720241546631 2.7629897594451904 0.0 3.878456779201944 1.1747233867645264 0.0
187 0.9277086853981018 6.320547072170281 3.247720241546631 2.7629897594451904 0.0 3.878456779201944 1.1747233867645264 0.0
188 0.9277086853981018 6.320480760624616 3.247720241546631 2.7629897594451904 0.0 3.878368681890623 1.1457444429397583 0.0
189 0.9277086853981018 6.3204322157498725 3.247720241546631 2.7629897594451904 0.0 3.8779669122414746 1.1748623847961426 0.0
190 0.9277086853981018 6.3204322157498725 3.247720241546631 2.7629897594451904 0.0 3.8779669122414746 1.1748623847961426 0.0
191 0.9277086853981018 6.320538935938743 3.247720241546631 2.7629897594451904 0.0 3.878431403345066 1.1747307777404785 0.0
192 0.9277086853981018 6.320538935938743 3.247720241546631 2.7629897594451904 0.0 3.878431403345066 1.1747307777404785 0.0
193 0.9277086853981018 6.320538935938743 3.247720241546631 2.7629897594451904 0.0 3.878431403345066 1.1747307777404785 0.0
194 0.9277086853981018 6.320538935938743 3.247720241546631 2.7629897594451904 0.0 3.878431403345066 1.1747307777404785 0.0
195 0.9277086853981018 6.320490153776979 3.247720241546631 2.7629897594451904 0.0 3.8783971951507454 1.1457526683807373 0.0
196 0.9277086853981018 6.3204412283664455 3.247720241546631 2.7629897594451904 0.0 3.8780406659512137 1.1748415231704712 0.0
197 0.9277086853981018 6.320386203398505 3.247720241546631 2.7629897594451904 0.0 3.8783165064799827 1.1749075651168823 0.0
198 0.9277086853981018 6.320386203398505 3.247720241546631 2.7629897594451904 0.0 3.8783165064799827 1.1749075651168823 0.0
199 0.9277086853981018 6.3203766092144775 3.247720241546631 2.7629897594451904 0.0 3.8783667512047986 1.1749192476272583 0.0
200 0.9277086853981018 6.320423084141327 3.247720241546631 2.7629897594451904 0.0 3.8782076078524597 1.1770018339157104 0.0
201 0.9277086853981018 6.320423084141327 3.247720241546631 2.7629897594451904 0.0 3.8782076078524597 1.1770018339157104 0.0
202 0.9277086853981018 6.320423084141327 3.247720241546631 2.7629897594451904 0.0 3.8782076078524597 1.1770018339157104 0.0
203 0.9277086853981018 6.320489514704911 3.247720241546631 2.7629897594451904 0.0 3.878492871331565 1.1769208908081055 0.0
204 0.9277086853981018 6.320516216279776 3.247720241546631 2.7629897594451904 0.0 3.8786960530389094 1.1480058431625366 0.0
205 0.9277086853981018 6.320516216279776 3.247720241546631 2.7629897594451904 0.0 3.8786960530389094 1.1480058431625366 0.0
206 0.9277086853981018 6.314231798222155 3.247720241546631 2.7629897594451904 0.0 3.8566733397304716 1.1383626461029053 0.0
207 0.9277086853981018 6.364854855641361 3.247720241546631 2.7629897594451904 0.0 3.8526036427545094 1.1408387422561646 0.0
208 0.9277086853981018 6.364854855641361 3.247720241546631 2.7629897594451904 0.0 3.8526036427545094 1.1408387422561646 0.0
209 0.9277086853981018 6.364854855641361 3.247720241546631 2.7629897594451904 0.0 3.8526036427545094 1.1408387422561646 0.0
210 0.9277086853981018 6.381302918752124 3.247720241546631 2.7629897594451904 0.0 3.9727490094393016 1.1756975650787354 0.0
211 0.9277086853981018 6.381197935581818 3.247720241546631 2.7629897594451904 0.0 3.9720512779330055 1.1677266359329224 0.0
212 0.9277086853981018 6.959551714687287 3.247720241546631 2.7629897594451904 0.0 2.5017485948390603 0.802476167678833 0.0
213 0.9277086853981018 6.933129040278065 3.247720241546631 2.7629897594451904 0.0 2.4313823981098457 0.7834622263908386 0.0
214 0.9277086853981018 6.932156816275458 3.247720241546631 2.7629897594451904 0.0 2.42764582893477 0.7810682654380798 0.0
215 0.9277086853981018 6.9339229036784085 3.247720241546631 2.7629897594451904 0.0 2.4274774976787477 0.7455245852470398 0.0
216 0.9277086853981018 6.9339229036784085 3.247720241546631 2.7629897594451904 0.0 2.4274774976787477 0.7455245852470398 0.0
217 0.9277086853981018 6.932847234731654 3.247720241546631 2.7629897594451904 0.0 2.4260188723909115 0.7814992666244507 0.0
218 0.9277086853981018 6.932689266462556 3.247720241546631 2.7629897594451904 0.0 2.425262412327555 0.7805753350257874 0.0
219 0.9277086853981018 6.933778823713601 3.247720241546631 2.7629897594451904 0.0 2.429612070077815 0.783826470375061 0.0
220 0.9277086853981018 6.933277384357423 3.247720241546631 2.7629897594451904 0.0 2.4278141144504097 0.7729437351226807 0.0
221 0.9277086853981018 6.941339493371708 3.247720241546631 2.7629897594451904 0.0 2.447779334713394 0.778582751750946 0.0
222 0.9277086853981018 6.94082233048135 3.247720241546631 2.7629897594451904 0.0 2.445602415058573 0.7866399884223938 0.0
223 0.9277086853981018 6.954881773914425 3.247720241546631 2.7629897594451904 0.0 2.5924644398467396 0.8260461091995239 0.0
224 0.9277086853981018 6.955041393715458 3.247720241546631 2.7629897594451904 0.0 2.5918705690360353 0.7955619692802429 0.0
225 0.9277086853981018 6.955041393715458 3.247720241546631 2.7629897594451904 0.0 2.5918705690360353 0.7955619692802429 0.0
226 0.9277086853981018 6.9550231587756 3.247720241546631 2.7629897594451904 0.0 2.5918372415985584 0.795552670955658 0.0
227 0.9277086853981018 6.954756228049775 3.247720241546631 2.7629897594451904 0.0 2.5915396274959255 0.8229581117630005 0.0
228 0.9277086853981018 6.95469655816595 3.247720241546631 2.7629897594451904 0.0 2.5914306423370004 0.7594685554504395 0.0
229 0.9277086853981018 6.954568230402946 3.247720241546631 2.7629897594451904 0.0 2.591535920203039 0.7594993710517883 0.0
230 0.9277086853981018 6.954568230402946 3.247720241546631 2.7629897594451904 0.0 2.591535920203039 0.7594993710517883 0.0
231 0.9277086853981018 6.954568230402946 3.247720241546631 2.7629897594451904 0.0 2.591535920203039 0.7594993710517883 0.0
232 0.9277086853981018 6.954644269783997 3.247720241546631 2.7629897594451904 0.0 2.5915383868360795 0.7595000863075256 0.0
233 0.9277086853981018 6.954644269783997 3.247720241546631 2.7629897594451904 0.0 2.5915383868360795 0.7595000863075256 0.0
234 0.9277086853981018 6.954644269783997 3.247720241546631 2.7629897594451904 0.0 2.5915383868360795 0.7595000863075256 0.0
235 0.9277086853981018 6.954644269783997 3.247720241546631 2.7629897594451904 0.0 2.5915383868360795 0.7595000863075256 0.0
236 0.9277086853981018 6.954702321644199 3.247720241546631 2.7629897594451904 0.0 2.5915590935597663 0.7882996201515198 0.0
237 0.9277086853981018 6.9547526893686955 3.247720241546631 2.7629897594451904 0.0 2.591492204983027 0.7882806658744812 0.0
238 0.9277086853981018 6.954617264666194 3.247720241546631 2.7629897594451904 0.0 2.591471419241046 0.7594804763793945 0.0
239 0.9277086853981018 6.954617264666194 3.247720241546631 2.7629897594451904 0.0 2.591471419241046 0.7594804763793945 0.0
240 0.9277086853981018 6.954653698925402 3.247720241546631 2.7629897594451904 0.0 2.5916627233377345 0.7900416851043701 0.0
241 0.9277086853981018 6.954653698925402 3.247720241546631 2.7629897594451904 0.0 2.5916627233377345 0.7900416851043701 0.0
242 0.9277086853981018 6.954692054010871 3.247720241546631 2.7629897594451904 0.0 2.5917107438290854 0.824678897857666 0.0
243 0.9277086853981018 6.954692054010871 3.247720241546631 2.7629897594451904 0.0 2.5917107438290854 0.824678897857666 0.0
244 0.9277086853981018 6.954692054010871 3.247720241546631 2.7629897594451904 0.0 2.5917107438290854 0.824678897857666 0.0
245 0.9277086853981018 6.954692054010871 3.247720241546631 2.7629897594451904 0.0 2.5917107438290854 0.824678897857666 0.0
246 0.9277086853981018 6.954692054010871 3.247720241546631 2.7629897594451904 0.0 2.5917107438290854 0.824678897857666 0.0
247 0.9277086853981018 6.955253100573966 3.247720241546631 2.7629897594451904 0.0 2.592892820166752 0.8249980211257935 0.0
248 0.9277086853981018 6.955253100573966 3.247720241546631 2.7629897594451904 0.0 2.592892820166752 0.8249980211257935 0.0
249 0.9277086853981018 6.955253100573966 3.247720241546631 2.7629897594451904 0.0 2.592892820166752 0.8249980211257935 0.0
250 0.9277086853981018 6.9554917440525275 3.247720241546631 2.7629897594451904 0.0 2.5929125857165656 0.8250139355659485 0.0
251 0.9277086853981018 6.9554917440525275 3.247720241546631 2.7629897594451904 0.0 2.5929125857165656 0.8250139355659485 0.0
252 0.9277086853981018 6.955235155084315 3.247720241546631 2.7629897594451904 0.0 2.592681740687512 0.7957748770713806 0.0
253 0.9277086853981018 6.955235155084315 3.247720241546631 2.7629897594451904 0.0 2.592681740687512 0.7957748770713806 0.0
254 0.9277086853981018 6.955240850267062 3.247720241546631 2.7629897594451904 0.0 2.5927653062530944 0.8244797587394714 0.0
255 0.9277086853981018 6.955282631075744 3.247720241546631 2.7629897594451904 0.0 2.592719083938937 0.8237518668174744 0.0
256 0.9277086853981018 6.955282631075744 3.247720241546631 2.7629897594451904 0.0 2.592719083938937 0.8237518668174744 0.0
257 0.9277086853981018 6.955240796670588 3.247720241546631 2.7629897594451904 0.0 2.59268949322915 0.7957713603973389 0.0
258 0.9277086853981018 6.955240796670588 3.247720241546631 2.7629897594451904 0.0 2.59268949322915 0.7957713603973389 0.0
259 0.9277086853981018 6.955240796670588 3.247720241546631 2.7629897594451904 0.0 2.59268949322915 0.7957713603973389 0.0
260 0.9277086853981018 6.955240796670588 3.247720241546631 2.7629897594451904 0.0 2.59268949322915 0.7957713603973389 0.0
261 0.9277086853981018 6.955363716234163 3.247720241546631 2.7629897594451904 0.0 2.592673788108065 0.8241366744041443 0.0
262 0.9277086853981018 6.955363716234163 3.247720241546631 2.7629897594451904 0.0 2.592673788108065 0.8241366744041443 0.0
263 0.9277086853981018 6.955130791824507 3.247720241546631 2.7629897594451904 0.0 2.5928792218390244 0.7895292639732361 0.0
264 0.9277086853981018 6.955230491190621 3.247720241546631 2.7629897594451904 0.0 2.5928060003638493 0.7886801958084106 0.0
265 0.9277086853981018 6.955230491190621 3.247720241546631 2.7629897594451904 0.0 2.5928060003638493 0.7886801958084106 0.0
266 0.9277086853981018 6.955230491190621 3.247720241546631 2.7629897594451904 0.0 2.5928060003638493 0.7886801958084106 0.0
267 0.9277086853981018 6.955230491190621 3.247720241546631 2.7629897594451904 0.0 2.5928060003638493 0.7886801958084106 0.0
268 0.9277086853981018 6.955211207351721 3.247720241546631 2.7629897594451904 0.0 2.5928804431866173 0.7887011766433716 0.0
269 0.9277086853981018 6.955211207351721 3.247720241546631 2.7629897594451904 0.0 2.5928804431866173 0.7887011766433716 0.0
270 0.9277086853981018 6.955211207351721 3.247720241546631 2.7629897594451904 0.0 2.5928804431866173 0.7887011766433716 0.0
271 0.9277086853981018 6.955211207351721 3.247720241546631 2.7629897594451904 0.0 2.5928804431866173 0.7887011766433716 0.0
272 0.9277086853981018 6.955211207351721 3.247720241546631 2.7629897594451904 0.0 2.5928804431866173 0.7887011766433716 0.0
273 0.9277086853981018 6.955211207351721 3.247720241546631 2.7629897594451904 0.0 2.5928804431866173 0.7887011766433716 0.0
274 0.9277086853981018 6.958826561777262 3.247720241546631 2.7629897594451904 0.0 2.6003465610452015 0.7908095717430115 0.0
275 0.9277086853981018 6.9588602526114895 3.247720241546631 2.7629897594451904 0.0 2.6003822785817285 0.790564239025116 0.0
276 0.9277086853981018 6.9588602526114895 3.247720241546631 2.7629897594451904 0.0 2.6003822785817285 0.790564239025116 0.0
277 0.9277086853981018 6.958880236026358 3.247720241546631 2.7629897594451904 0.0 2.6004465239232806 0.8250625133514404 0.0
278 0.9277086853981018 6.958880236026358 3.247720241546631 2.7629897594451904 0.0 2.6004465239232806 0.8250625133514404 0.0
279 0.9277086853981018 6.958880236026358 3.247720241546631 2.7629897594451904 0.0 2.6004465239232806 0.8250625133514404 0.0
280 0.9277086853981018 6.958880236026358 3.247720241546631 2.7629897594451904 0.0 2.6004465239232806 0.8250625133514404 0.0
281 0.9277086853981018 6.958880236026358 3.247720241546631 2.7629897594451904 0.0 2.6004465239232806 0.8250625133514404 0.0
282 0.9277086853981018 6.958801654505608 3.247720241546631 2.7629897594451904 0.0 2.600402282031223 0.7978099584579468 0.0
283 0.9277086853981018 6.958781031003921 3.247720241546631 2.7629897594451904 0.0 2.6005806035345853 0.7977603077888489 0.0
284 0.9277086853981018 6.958713502273893 3.247720241546631 2.7629897594451904 0.0 2.6003272466550835 0.7620759010314941 0.0
285 0.9277086853981018 6.958713502273893 3.247720241546631 2.7629897594451904 0.0 2.6003272466550835 0.7620759010314941 0.0
286 0.9277086853981018 6.958713502273893 3.247720241546631 2.7629897594451904 0.0 2.6003272466550835 0.7620759010314941 0.0
287 0.9277086853981018 6.958713502273893 3.247720241546631 2.7629897594451904 0.0 2.6003272466550835 0.7620759010314941 0.0
288 0.9277086853981018 6.958713502273893 3.247720241546631 2.7629897594451904 0.0 2.6003272466550835 0.7620759010314941 0.0
289 0.9277086853981018 6.958743440754651 3.247720241546631 2.7629897594451904 0.0 2.600354906954651 0.7916621565818787 0.0
290 0.9277086853981018 6.958743440754651 3.247720241546631 2.7629897594451904 0.0 2.600354906954651 0.7916621565818787 0.0
291 0.9277086853981018 6.958717325687148 3.247720241546631 2.7629897594451904 0.0 2.600326492660333 0.762075662612915 0.0
292 0.9277086853981018 6.958717325687148 3.247720241546631 2.7629897594451904 0.0 2.600326492660333 0.762075662612915 0.0
293 0.9277086853981018 6.958717325687148 3.247720241546631 2.7629897594451904 0.0 2.600326492660333 0.762075662612915 0.0
294 0.9277086853981018 6.958717325687148 3.247720241546631 2.7629897594451904 0.0 2.600326492660333 0.762075662612915 0.0
295 0.9277086853981018 6.958714830986275 3.247720241546631 2.7629897594451904 0.0 2.6003432953197647 0.7620805501937866 0.0
296 0.9277086853981018 6.958714830986275 3.247720241546631 2.7629897594451904 0.0 2.6003432953197647 0.7620805501937866 0.0
297 0.9277086853981018 6.958714830986275 3.247720241546631 2.7629897594451904 0.0 2.6003432953197647 0.7620805501937866 0.0
298 0.9277086853981018 6.958823613688751 3.247720241546631 2.7629897594451904 0.0 2.6003979523681706 0.7917596101760864 0.0
299 0.9277086853981018 6.958823613688751 3.247720241546631 2.7629897594451904 0.0 2.6003979523681706 0.7917596101760864 0.0
300 0.9277086853981018 6.958823613688751 3.247720241546631 2.7629897594451904 0.0 2.6003979523681706 0.7917596101760864 0.0
301 0.9277086853981018 6.958823613688751 3.247720241546631 2.7629897594451904 0.0 2.6003979523681706 0.7917596101760864 0.0
302 0.9277086853981018 6.958849136590274 3.247720241546631 2.7629897594451904 0.0 2.600461530793575 0.7621152400970459 0.0
303 0.9277086853981018 6.958849136590274 3.247720241546631 2.7629897594451904 0.0 2.600461530793575 0.7621152400970459 0.0
304 0.9277086853981018 6.9587027533391925 3.247720241546631 2.7629897594451904 0.0 2.6003477203976844 0.7620819211006165 0.0
305 0.9277086853981018 6.958687864770723 3.247720241546631 2.7629897594451904 0.0 2.600508002190694 0.7621288895606995 0.0
306 0.9277086853981018 6.958690633950687 3.247720241546631 2.7629897594451904 0.0 2.6004554860378595 0.7621135115623474 0.0
307 0.9277086853981018 6.958690633950687 3.247720241546631 2.7629897594451904 0.0 2.6004554860378595 0.7621135115623474 0.0
308 0.9277086853981018 6.958690633950687 3.247720241546631 2.7629897594451904 0.0 2.6004554860378595 0.7621135115623474 0.0
309 0.9277086853981018 6.958690633950687 3.247720241546631 2.7629897594451904 0.0 2.6004554860378595 0.7621135115623474 0.0
310 0.9277086853981018 6.958690633950687 3.247720241546631 2.7629897594451904 0.0 2.6004554860378595 0.7621135115623474 0.0
311 0.9277086853981018 6.958690633950687 3.247720241546631 2.7629897594451904 0.0 2.6004554860378595 0.7621135115623474 0.0
312 0.9277086853981018 6.958690633950687 3.247720241546631 2.7629897594451904 0.0 2.6004554860378595 0.7621135115623474 0.0
313 0.9277086853981018 6.958690633950687 3.247720241546631 2.7629897594451904 0.0 2.6004554860378595 0.7621135115623474 0.0
314 0.9277086853981018 6.958690633950687 3.247720241546631 2.7629897594451904 0.0 2.6004554860378595 0.7621135115623474 0.0
315 0.9277086853981018 6.958778076269137 3.247720241546631 2.7629897594451904 0.0 2.600469505363425 0.7911025881767273 0.0
316 0.9277086853981018 6.958778076269137 3.247720241546631 2.7629897594451904 0.0 2.600469505363425 0.7911025881767273 0.0
317 0.9277086853981018 6.958778076269137 3.247720241546631 2.7629897594451904 0.0 2.600469505363425 0.7911025881767273 0.0
318 0.9277086853981018 6.958778076269137 3.247720241546631 2.7629897594451904 0.0 2.600469505363425 0.7911025881767273 0.0
319 0.9277086853981018 6.958778076269137 3.247720241546631 2.7629897594451904 0.0 2.600469505363425 0.7911025881767273 0.0
320 0.9277086853981018 6.966296832795029 3.247720241546631 2.7629897594451904 0.0 2.6107955370275007 0.7940183877944946 0.0
321 0.9277086853981018 6.966296832795029 3.247720241546631 2.7629897594451904 0.0 2.6107955370275007 0.7940183877944946 0.0
322 0.9277086853981018 6.96635229220752 3.247720241546631 2.7629897594451904 0.0 2.6106908450570474 0.8279601335525513 0.0
323 0.9277086853981018 6.96635229220752 3.247720241546631 2.7629897594451904 0.0 2.6106908450570474 0.8279601335525513 0.0
324 0.9277086853981018 6.96637908420917 3.247720241546631 2.7629897594451904 0.0 2.6106340612326604 0.8279761075973511 0.0
325 0.9277086853981018 6.96637908420917 3.247720241546631 2.7629897594451904 0.0 2.6106340612326604 0.8279761075973511 0.0
326 0.9277086853981018 6.96637908420917 3.247720241546631 2.7629897594451904 0.0 2.6106340612326604 0.8279761075973511 0.0
327 0.9277086853981018 6.96637908420917 3.247720241546631 2.7629897594451904 0.0 2.6106340612326604 0.8279761075973511 0.0
328 0.9277086853981018 6.961619680360901 3.247720241546631 2.7629897594451904 0.0 2.600763110043949 0.8258435726165771 0.0
329 0.9277086853981018 6.961631768085146 3.247720241546631 2.7629897594451904 0.0 2.600760477971998 0.825049638748169 0.0
330 0.9277086853981018 6.961566700222841 3.247720241546631 2.7629897594451904 0.0 2.6007344079716193 0.7975544929504395 0.0
331 0.9277086853981018 6.961566700222841 3.247720241546631 2.7629897594451904 0.0 2.6007344079716193 0.7975544929504395 0.0
332 0.9277086853981018 6.961557876401656 3.247720241546631 2.7629897594451904 0.0 2.600749506710249 0.7975499033927917 0.0
333 0.9277086853981018 6.961572489729929 3.247720241546631 2.7629897594451904 0.0 2.600761050646872 0.7975531816482544 0.0
334 0.9277086853981018 6.961618189588172 3.247720241546631 2.7629897594451904 0.0 2.6007832662881465 0.8258956670761108 0.0
335 0.9277086853981018 6.961618189588172 3.247720241546631 2.7629897594451904 0.0 2.6007832662881465 0.8258956670761108 0.0
336 0.9277086853981018 6.961618189588172 3.247720241546631 2.7629897594451904 0.0 2.6007832662881465 0.8258956670761108 0.0
337 0.9277086853981018 6.961643336233011 3.247720241546631 2.7629897594451904 0.0 2.600651514601385 0.7917747497558594 0.0
338 0.9277086853981018 6.961643336233011 3.247720241546631 2.7629897594451904 0.0 2.600651514601385 0.7917747497558594 0.0
339 0.9277086853981018 6.961643336233011 3.247720241546631 2.7629897594451904 0.0 2.600651514601385 0.7917747497558594 0.0
340 0.9277086853981018 6.961643336233011 3.247720241546631 2.7629897594451904 0.0 2.600651514601385 0.7917747497558594 0.0
341 0.9277086853981018 6.961643336233011 3.247720241546631 2.7629897594451904 0.0 2.600651514601385 0.7917747497558594 0.0
342 0.9277086853981018 6.961643336233011 3.247720241546631 2.7629897594451904 0.0 2.600651514601385 0.7917747497558594 0.0
343 0.9277086853981018 6.961643336233011 3.247720241546631 2.7629897594451904 0.0 2.600651514601385 0.7917747497558594 0.0
344 0.9277086853981018 6.961643633748944 3.247720241546631 2.7629897594451904 0.0 2.600651754019106 0.7917771339416504 0.0
345 0.9277086853981018 6.961643633748944 3.247720241546631 2.7629897594451904 0.0 2.600651754019106 0.7917771339416504 0.0
346 0.9277086853981018 6.961643633748944 3.247720241546631 2.7629897594451904 0.0 2.600651754019106 0.7917771339416504 0.0
347 0.9277086853981018 6.961643633748944 3.247720241546631 2.7629897594451904 0.0 2.600651754019106 0.7917771339416504 0.0
348 0.9277086853981018 6.961643633748944 3.247720241546631 2.7629897594451904 0.0 2.600651754019106 0.7917771339416504 0.0
349 0.9277086853981018 6.961643633748944 3.247720241546631 2.7629897594451904 0.0 2.600651754019106 0.7917771339416504 0.0
350 0.9277086853981018 6.930081352740157 3.247720241546631 2.7629897594451904 0.0 2.573657767375923 0.7841647863388062 0.0
351 0.9277086853981018 6.933159201924415 3.247720241546631 2.7629897594451904 0.0 2.5850370823161346 0.8254931569099426 0.0
352 0.9277086853981018 6.930006838670017 3.247720241546631 2.7629897594451904 0.0 2.573965307624559 0.7820737361907959 0.0
353 0.9277086853981018 6.930006838670017 3.247720241546631 2.7629897594451904 0.0 2.573965307624559 0.7820737361907959 0.0
354 0.9277086853981018 6.930006838670017 3.247720241546631 2.7629897594451904 0.0 2.573965307624559 0.7820737361907959 0.0
355 0.9277086853981018 6.930006838670017 3.247720241546631 2.7629897594451904 0.0 2.573965307624559 0.7820737361907959 0.0
356 0.9277086853981018 6.933095968294198 3.247720241546631 2.7629897594451904 0.0 2.5847892993506556 0.7729564309120178 0.0
357 0.9277086853981018 6.929950134575094 3.247720241546631 2.7629897594451904 0.0 2.573652549632838 0.7542584538459778 0.0
358 0.9277086853981018 6.929950134575094 3.247720241546631 2.7629897594451904 0.0 2.573652549632838 0.7542584538459778 0.0
359 0.9277086853981018 6.930097878312576 3.247720241546631 2.7629897594451904 0.0 2.5736552466211204 0.7832132577896118 0.0
360 0.9277086853981018 6.932432101289222 3.247720241546631 2.7629897594451904 0.0 2.5827519871563323 0.7569252252578735 0.0
361 0.9277086853981018 6.929992490927771 3.247720241546631 2.7629897594451904 0.0 2.57372676114643 0.7846794128417969 0.0
362 0.9277086853981018 6.930173535803366 3.247720241546631 2.7629897594451904 0.0 2.5737483712814853 0.7827136516571045 0.0
363 0.9277086853981018 6.933366812976024 3.247720241546631 2.7629897594451904 0.0 2.5855559303237747 0.7914813756942749 0.0
364 0.9277086853981018 6.9333864983715525 3.247720241546631 2.7629897594451904 0.0 2.585538475999476 0.7914764881134033 0.0
365 0.9277086853981018 6.9329125282838735 3.247720241546631 2.7629897594451904 0.0 2.584204452719075 0.7573509216308594 0.0
366 0.9277086853981018 6.932785853250624 3.247720241546631 2.7629897594451904 0.0 2.583637100221615 0.7910290956497192 0.0
367 0.9277086853981018 6.930013529801775 3.247720241546631 2.7629897594451904 0.0 2.5736845688299717 0.7845643758773804 0.0
368 0.9277086853981018 6.930013529801775 3.247720241546631 2.7629897594451904 0.0 2.5736845688299717 0.7845643758773804 0.0
369 0.9277086853981018 6.932485602887084 3.247720241546631 2.7629897594451904 0.0 2.578913782863608 0.7860378623008728 0.0
370 0.9277086853981018 6.926545547873316 3.247720241546631 2.7629897594451904 0.0 2.5940200398728717 0.7902957797050476 0.0
371 0.9277086853981018 6.926646104826519 3.247720241546631 2.7629897594451904 0.0 2.5940441952029576 0.824516236782074 0.0
372 0.9277086853981018 6.926646104826519 3.247720241546631 2.7629897594451904 0.0 2.5940441952029576 0.824516236782074 0.0
373 0.9277086853981018 6.926646104826519 3.247720241546631 2.7629897594451904 0.0 2.5940441952029576 0.824516236782074 0.0
374 0.9277086853981018 6.926646104826519 3.247720241546631 2.7629897594451904 0.0 2.5940441952029576 0.824516236782074 0.0
375 0.9277086853981018 6.9268561325407525 3.247720241546631 2.7629897594451904 0.0 2.5944794059562137 0.8246338367462158 0.0
376 0.9277086853981018 6.9268561325407525 3.247720241546631 2.7629897594451904 0.0 2.5944794059562137 0.8246338367462158 0.0
377 0.9277086853981018 6.926829046880487 3.247720241546631 2.7629897594451904 0.0 2.594396077903573 0.7958406805992126 0.0
378 0.9277086853981018 6.926829046880487 3.247720241546631 2.7629897594451904 0.0 2.594396077903573 0.7958406805992126 0.0
379 0.9277086853981018 6.926829046880487 3.247720241546631 2.7629897594451904 0.0 2.594396077903573 0.7958406805992126 0.0
380 0.9277086853981018 6.926829046880487 3.247720241546631 2.7629897594451904 0.0 2.594396077903573 0.7958406805992126 0.0
381 0.9277086853981018 6.926829046880487 3.247720241546631 2.7629897594451904 0.0 2.594396077903573 0.7958406805992126 0.0
382 0.9277086853981018 6.926756688210516 3.247720241546631 2.7629897594451904 0.0 2.5943550083194684 0.7603256106376648 0.0
383 0.9277086853981018 6.926756688210516 3.247720241546631 2.7629897594451904 0.0 2.5943550083194684 0.7603256106376648 0.0
384 0.9277086853981018 6.92673467298745 3.247720241546631 2.7629897594451904 0.0 2.594551674398418 0.7603832483291626 0.0
385 0.9277086853981018 6.92673467298745 3.247720241546631 2.7629897594451904 0.0 2.594551674398418 0.7603832483291626 0.0
386 0.9277086853981018 6.9267675488758895 3.247720241546631 2.7629897594451904 0.0 2.594540747881069 0.7603800892829895 0.0
387 0.9277086853981018 6.926784712210956 3.247720241546631 2.7629897594451904 0.0 2.5947011568420573 0.7604270577430725 0.0
388 0.9277086853981018 6.926924240216372 3.247720241546631 2.7629897594451904 0.0 2.594391702868011 0.7958370447158813 0.0
389 0.9277086853981018 6.926942436140409 3.247720241546631 2.7629897594451904 0.0 2.5943961126427895 0.7958358526229858 0.0
390 0.9277086853981018 6.932208897952561 3.247720241546631 2.7629897594451904 0.0 2.5509451890254025 0.7836787104606628 0.0
391 0.9277086853981018 6.931835564476578 3.247720241546631 2.7629897594451904 0.0 2.550156857810715 0.7834582924842834 0.0
392 0.9277086853981018 6.934111057505196 3.247720241546631 2.7629897594451904 0.0 2.5589641596934145 0.8027929663658142 0.0
393 0.9277086853981018 6.934111057505196 3.247720241546631 2.7629897594451904 0.0 2.5589641596934145 0.8027929663658142 0.0
394 0.9277086853981018 6.931783729123251 3.247720241546631 2.7629897594451904 0.0 2.5501866811669074 0.812382161617279 0.0
395 0.9277086853981018 6.9317833954208625 3.247720241546631 2.7629897594451904 0.0 2.5504861399008747 0.8103348016738892 0.0
396 0.9277086853981018 6.9264223433912955 3.247720241546631 2.7629897594451904 0.0 2.5395487572846847 0.8049625754356384 0.0
397 0.9277086853981018 6.927605806069364 3.247720241546631 2.7629897594451904 0.0 2.5439330351606086 0.7659016251564026 0.0
398 0.9277086853981018 6.935988126787005 3.247720241546631 2.7629897594451904 0.0 2.561866943681754 0.7710188031196594 0.0
399 0.9277086853981018 6.949744749561195 3.247720241546631 2.7629897594451904 0.0 2.5841346353210537 0.7719671130180359 0.0
400 0.9277086853981018 6.949744749561195 3.247720241546631 2.7629897594451904 0.0 2.5841346353210537 0.7719671130180359 0.0
