active hie219 ezt 2p15 1  0.9813687801361084 6.744861056910323 3.413952350616455 2.3465259075164795 0.0 3.1257528340053637 1.3879002332687378 1.419782280921936 2412.697392 112.575490 3326.568308 -12.895361 3313.672947
active hie219 ezt 2p15 2  0.9813687801361084 8.258560455488286 3.364581823348999 2.0195915699005127 0.0 1.0707800131641758 1.141290307044983 0.8808333873748779 219.018472 124.433429 625.645828 -5.022568 620.623260
active hie219 ezt 2p15 3  0.9813687801361084 7.420884385164871 3.3867526054382324 2.2091221809387207 0.0 6.064936768655587 2.0618972778320313 1.2233754396438599 -897.496811 98.785143 16.421068 0.785446 17.206514
active hie219 ezt 2p15 4  0.9813687801361084 7.118785427798795 3.334603786468506 2.1951916217803955 0.0 2.3046089502816995 1.3289837837219238 1.062193751335144 246.288533 89.982621 939.186280 -9.659507 929.526773
active hie219 ezt 2p15 5  0.9813687801361084 5.714233763947758 3.396010398864746 2.1581923961639404 0.0 1.0117793018869508 0.8688099384307861 0.7187544703483582 -619.493006 100.379075 231.509262 -1.426823 230.082439
active hie219 ezt 2p15 6  0.9813687801361084 7.6656700684994314 3.4201526641845703 2.2142577171325684 0.0 0.5145682775998043 0.9617275595664978 1.1330093145370483 179.601176 208.727049 894.990419 -4.849530 890.140889
active hie219 ezt 2p15 7  0.9813687801361084 7.891180735030238 3.4092936515808105 2.2480969429016113 0.0 1.2020921072063044 0.9793671369552612 1.038016676902771 -812.123164 87.681359 46.748576 2.053773 48.802350
active hie219 ezt 2p15 8  0.9813687801361084 4.6410736530112 3.3641302585601807 2.086879014968872 0.0 5.2219435276504855 1.9096300601959229 0.8962056040763855 341.597124 143.854990 1023.528641 -23.493890 1000.034751
active hie219 ezt 2p15 9  0.9813687801361084 2.8137268025078854 3.3740901947021484 2.3929617404937744 0.0 1.5420570788964514 1.1747385263442993 1.4613511562347412 168.547461 312.847140 839.967274 -3.223697 836.743577
active hie219 ezt 2p15 10  0.9813687801361084 5.2115823211157934 3.3781774044036865 2.1770401000976563 0.0 2.2812096872243806 1.1998916864395142 1.0099873542785645 898.156789 283.050892 1338.563359 -1.506353 1337.057006
active hie219 ezt 2p15 11  0.9813687801361084 6.775006902986923 3.3968873023986816 2.3245298862457275 0.0 2.2142548067982037 1.1209262609481812 1.0544270277023315 1408.824113 181.467700 2068.102972 -2.289665 2065.813307
active hie219 ezt 2p15 12  0.9813687801361084 7.311983620726508 3.4137895107269287 2.355665922164917 0.0 1.856768094360458 1.1279784440994263 1.4664585590362549 243.969815 99.137229 963.414503 -6.046568 957.367935
active hie219 ezt 2p15 13  0.9813687801361084 3.1259537780754125 3.418125867843628 2.246396780014038 0.0 1.8942778111822232 1.1903351545333862 1.3531216382980347 -839.293673 87.994188 86.778897 -2.095645 84.683251
active hie219 ezt 2p15 14  0.9813687801361084 6.940267054293578 3.3198323249816895 2.1991517543792725 0.0 7.137927680496519 2.479377508163452 0.8529807329177856 -74.095526 141.401431 711.510504 -3.525126 707.985378
active hie219 ezt 2p15 15  0.9813687801361084 7.311924773492009 3.4263925552368164 2.2648708820343018 0.0 2.451301610867531 1.2166694402694702 1.3158700466156006 -848.610206 88.104445 102.673943 -1.438367 101.235576
active hie219 ezt 2p15 16  0.9813687801361084 4.796251168868892 3.376426935195923 2.25488543510437 0.0 2.7955929671851503 1.255022406578064 1.3042055368423462 -905.645716 120.808375 -0.755232 -2.600715 -3.355947
active hie219 ezt 2p15 17  0.9813687801361084 3.9255751108080306 3.38805890083313 2.541430950164795 0.0 1.1328467041749204 1.162972331047058 1.5905349254608154 5688.827998 91.786458 6223.053579 -9.826317 6213.227262
active hie219 ezt 2p15 18  0.9813687801361084 5.3380146268415345 3.404474973678589 2.1942954063415527 0.0 1.1595092457932454 0.9688524603843689 1.2653017044067383 -587.916461 139.672129 292.971594 -5.098499 287.873095
active hie219 ezt 2p15 19  0.9813687801361084 7.774021459661311 3.3657257556915283 2.5192227363586426 0.0 1.7065585707112594 1.2189033031463623 1.639042854309082 -821.308213 85.023331 115.456744 -2.341204 113.115539
active hie219 ezt 2p15 20  0.9813687801361084 8.141546105463199 3.4268381595611572 2.5466995239257813 0.0 1.7956970542354949 1.271412968635559 1.8123779296875 -754.822244 91.441501 35.061851 2.527277 37.589128
active hie219 ezt 2p15 21  0.9813687801361084 4.599913261693064 3.398597478866577 2.3881185054779053 0.0 1.144460825833416 1.0727591514587402 1.4776943922042847 -183.333864 150.262436 673.942889 2.314126 676.257016
active hie219 ezt 2p15 22  0.9813687801361084 7.8589917086226 3.4362430572509766 2.7039706707000732 0.0 2.466139387667131 1.424574375152588 1.9054042100906372 -935.448909 89.496531 27.448608 0.194163 27.642771
active hie219 ezt 2p15 23  0.9813687801361084 3.9887110643358006 3.3958537578582764 2.452254056930542 0.0 1.9377082658698892 1.2474234104156494 1.5185800790786743 -766.193900 145.257549 90.644399 -1.376155 89.268244
active hie219 ezt 2p15 24  0.9813687801361084 3.4398279432970242 3.3756814002990723 2.089209794998169 0.0 1.541422233231833 1.2822656631469727 1.11111319065094 -368.121647 105.956234 503.946807 -15.160782 488.786025
active hie219 ezt 2p15 25  0.9813687801361084 4.635437344312292 3.397881031036377 2.4610068798065186 0.0 8.284518527565435 2.7711756229400635 1.6940653324127197 -818.046186 95.798664 116.976966 -0.524245 116.452721
active hie219 ezt 2p15 26  0.9813687801361084 4.117740625681946 3.317779541015625 2.2896711826324463 0.0 1.9280607589498546 1.1449576616287231 0.9095336198806763 -773.251884 134.499984 114.793641 -4.073109 110.720532
active hie219 ezt 2p15 27  0.9813687801361084 4.35780300767689 3.366173028945923 2.130551338195801 0.0 6.487305300327606 2.2034008502960205 0.9119715690612793 -731.684954 170.950234 64.128937 -1.493102 62.635834
active hie219 ezt 2p15 28  0.9813687801361084 5.047625464947435 3.2726807594299316 2.2371439933776855 0.0 7.82256210859633 2.672835350036621 1.0288761854171753 -879.910865 91.192764 19.295377 -4.647961 14.647416
active hie219 ezt 2p15 29  0.9813687801361084 6.370834719520084 3.3537685871124268 2.0413734912872314 0.0 2.615867035664059 1.3189539909362793 1.1952462196350098 829.880378 122.840446 1486.903702 -6.369995 1480.533707
active hie219 ezt 2p15 30  0.9813687801361084 7.235583874237216 3.4104373455047607 2.171440362930298 0.0 1.6321716513191777 1.046221137046814 0.9401988387107849 -540.333516 117.240419 195.105962 1.450336 196.556298
active hie219 ezt 2p15 31  0.9813687801361084 6.85449434031532 3.2648284435272217 2.0203163623809814 0.0 1.183281296589678 1.0713669061660767 0.7714407444000244 57501.556992 84.820033 58482.363181 -22.605574 58459.757607
active hie219 ezt 2p15 32  0.9813687801361084 4.603726144454677 3.371319532394409 2.4469892978668213 0.0 2.151328769039895 1.2853080034255981 1.4558508396148682 -475.239022 106.710631 274.855768 0.830431 275.686198
active hie219 ezt 2p15 33  0.9813687801361084 7.905709582338 3.422956705093384 2.3869097232818604 0.0 2.9700183137219733 1.2792648077011108 1.3848704099655151 -748.380837 104.105590 173.046371 -1.816779 171.229592
active hie219 ezt 2p15 34  0.9813687801361084 6.419102532410387 3.361112117767334 2.108449697494507 0.0 1.3338653218647298 0.9257088303565979 0.5684125423431396 789.830064 128.428834 1490.864584 -0.516100 1490.348484
active hie219 ezt 2p15 35  0.9813687801361084 5.31714934236745 3.3546993732452393 2.4707016944885254 0.0 2.4878540126547426 1.266292929649353 1.4658122062683105 -639.415439 121.575885 204.892942 -3.074704 201.818237
active hie219 ezt 2p15 36  0.9813687801361084 4.505732172906764 3.454665422439575 2.5002005100250244 0.0 1.401836876211821 1.15726637840271 1.5355726480484009 -414.017892 84.850942 306.613281 5.874159 312.487440
active hie219 ezt 2p15 37  0.9813687801361084 5.939855044282715 3.389536142349243 2.1654326915740967 0.0 2.384131249398058 1.0857570171356201 0.6991780996322632 -11.261584 90.135544 915.677554 -1.131514 914.546040
active hie219 ezt 2p15 38  0.9813687801361084 7.194140569589389 3.4032142162323 2.3139445781707764 0.0 7.218407482125279 2.392263174057007 1.0541218519210815 -440.390929 83.745556 276.936578 -1.472005 275.464573
active hie219 ezt 2p15 39  0.9813687801361084 6.246767522859684 3.3940622806549072 2.184826135635376 0.0 1.0052358565144035 0.9985716938972473 0.9537197947502136 937.354396 177.965021 664.269622 -7.199719 657.069903
active hie219 ezt 2p15 40  0.9813687801361084 9.053216562558761 3.4278478622436523 2.4569437503814697 0.0 3.233285699870979 1.4362270832061768 1.549094557762146 -824.498084 105.913899 63.663202 -2.483765 61.179438
active hie219 ezt 2p15 41  0.9813687801361084 4.422152141381704 3.375476837158203 1.9343291521072388 0.0 4.8612617933519155 1.7813595533370972 1.079843521118164 -491.295819 85.942606 329.383300 -14.172865 315.210436
active hie219 ezt 2p15 42  0.9813687801361084 3.003956742766732 3.398205518722534 2.266906261444092 0.0 7.286886225909277 2.480360984802246 1.3078405857086182 -779.067132 168.761333 102.224520 1.483366 103.707886
active hie219 ezt 2p15 43  0.9813687801361084 3.3071479267198267 3.3787598609924316 2.4951443672180176 0.0 2.5427680866151063 1.2922284603118896 1.5389163494110107 -602.598995 99.825582 333.883483 -1.970350 331.913133
active hie219 ezt 2p15 44  0.9813687801361084 7.545123930457099 3.4083261489868164 2.3980088233947754 0.0 2.6697170495340155 1.2507418394088745 1.5068427324295044 -225.087515 91.407005 395.595649 -0.659456 394.936193
active hie219 ezt 2p15 45  0.9813687801361084 2.4589953495064694 3.305549144744873 1.9708038568496704 0.0 0.6469497174565122 1.0216779708862305 0.9263691306114197 2486.365564 247.186958 3295.134497 -27.977289 3267.157207
active hie219 ezt 2p15 46  0.9813687801361084 7.654012706525261 3.3684630393981934 2.3421261310577393 0.0 0.5950608277112165 1.0382388830184937 1.3792247772216797 2801.264574 129.606995 3646.021007 -1.305202 3644.715805
active hie219 ezt 2p15 47  0.9813687801361084 9.12445023546552 3.3903791904449463 2.3786139488220215 0.0 1.8807633521475224 1.2137831449508667 1.4922817945480347 -826.197454 90.420756 101.530696 -0.019478 101.511218
active hie219 ezt 2p15 48  0.9813687801361084 3.511140068597936 3.391834020614624 2.113098382949829 0.0 1.752335347058816 1.026084065437317 0.8964319229125977 -654.441186 115.665756 249.903569 -4.202700 245.700869
active hie219 ezt 2p15 49  0.9813687801361084 7.567584971296733 3.3852100372314453 2.1220555305480957 0.0 1.7917524066051373 1.160894751548767 0.99886554479599 -812.534762 89.115222 72.862576 0.954279 73.816855
active hie219 ezt 2p15 50  0.9813687801361084 5.793606951457585 3.403235673904419 2.11826753616333 0.0 3.3131735987002675 1.3355103731155396 1.0720762014389038 447.515205 138.912969 1175.713817 -6.410827 1169.302989
active hie219 ezt 2p15 51  0.9813687801361084 3.972896896526998 3.3680579662323 2.1629128456115723 0.0 0.7582550441664102 0.8975538015365601 1.0473244190216064 -138.130597 158.068151 663.086499 -5.763747 657.322752
active hie219 ezt 2p15 52  0.9813687801361084 3.465131261341874 3.3000900745391846 2.5251827239990234 0.0 2.383109930209233 1.3550431728363037 1.4608360528945923 -504.027695 130.945522 283.267744 -2.734710 280.533034
active hie219 ezt 2p15 53  0.9813687801361084 1.7365394901906421 3.367987871170044 2.0928118228912354 0.0 2.1365197168416596 1.1410212516784668 1.1794769763946533 -455.988760 128.661247 261.248430 0.721594 261.970025
active hie219 ezt 2p15 54  0.9813687801361084 4.804257535128833 3.366973876953125 2.22640061378479 0.0 2.3409295875670466 1.1933543682098389 1.1625810861587524 -36.766155 134.614851 230.290211 -0.657523 229.632688
active hie219 ezt 2p15 55  0.9813687801361084 7.366013796875199 3.3918614387512207 2.055443525314331 0.0 2.055128776044637 1.0096570253372192 0.765591561794281 374.944188 151.495230 1270.703233 -1.346283 1269.356949
active hie219 ezt 2p15 56  0.9813687801361084 7.425751807806661 3.3406715393066406 2.182187080383301 0.0 1.6336905520526932 1.064670443534851 1.1944447755813599 -820.339105 126.548912 97.987844 0.306658 98.294502
active hie219 ezt 2p15 57  0.9813687801361084 4.474857546283253 3.379887580871582 2.1110360622406006 0.0 2.2763321945463013 1.177266240119934 1.0130733251571655 -686.050353 102.406761 202.741183 -0.356625 202.384558
active hie219 ezt 2p15 58  0.9813687801361084 4.888593655482608 3.359326124191284 2.3463363647460938 0.0 2.4984508683983395 1.320682168006897 1.4005892276763916 2000.373639 127.610460 2897.534506 -14.038700 2883.495806
active hie219 ezt 2p15 59  0.9813687801361084 8.205004407189717 3.392094135284424 2.453699827194214 0.0 2.79541014389616 1.3465327024459839 1.3985648155212402 -258.160820 111.022546 407.318788 -0.398533 406.920255
active hie219 ezt 2p15 60  0.9813687801361084 7.510689301611378 3.3724400997161865 2.214684247970581 0.0 2.0933555160000408 1.1446058750152588 1.0824198722839355 -833.686025 124.391601 3.900188 -5.267209 -1.367022
