active hie219 des 3erd 1  0.8239211440086365 2.3086285829581605 3.175355911254883 2.179063320159912 0.0 1.195334855792011 1.0426944494247437 0.5594220161437988 -1092.975255 59.408363 -29.754443 -1.702179 -31.456622
active hie219 des 3erd 2  0.8239211440086365 2.9997635516806054 3.267961263656616 2.458810329437256 0.0 1.869457660254447 1.2102422714233398 1.785056233406067 -1051.957970 61.204612 -6.100434 -1.785668 -7.886102
active hie219 des 3erd 3  0.8239211440086365 4.0746478019583945 3.323375701904297 2.2960968017578125 0.0 2.9754678801915118 1.0959181785583496 0.8942591547966003 -998.537516 64.374105 34.296182 -1.809500 32.486682
active hie219 des 3erd 4  0.8239211440086365 2.5077923328426244 3.2499349117279053 2.027249574661255 0.0 1.3550821770013541 0.911296010017395 0.772629976272583 -1095.613792 60.223481 -24.079374 -3.346248 -27.425623
active hie219 des 3erd 5  0.8239211440086365 2.723569704463896 3.285252094268799 2.030306816101074 0.0 2.6390282188768572 1.0839495658874512 0.8707681894302368 -1067.161911 60.666703 -24.293077 -0.401986 -24.695064
active hie219 des 3erd 6  0.8239211440086365 3.075521945555166 3.2924299240112305 2.237494707107544 0.0 0.9662077245028624 0.8815305829048157 0.507608950138092 -1014.413780 68.750561 -5.153882 -1.823452 -6.977334
active hie219 des 3erd 7  0.8239211440086365 2.715170146749504 3.301246166229248 2.0622029304504395 0.0 1.0597629422512809 0.8287067413330078 1.0914180278778076 -1084.052831 56.835465 -21.008275 -3.218703 -24.226977
active hie219 des 3erd 8  0.8239211440086365 3.469909325967377 3.300741195678711 2.1635804176330566 0.0 1.6578287144298132 1.0233790874481201 0.928286612033844 -963.036883 75.020429 65.526506 -2.966707 62.559800
active hie219 des 3erd 9  0.8239211440086365 0.64860309507585 3.285452365875244 2.1392176151275635 0.0 1.6382786489746564 0.8659712076187134 0.441511332988739 -1098.627124 59.347222 -33.237554 -4.188519 -37.426073
active hie219 des 3erd 10  0.8239211440086365 2.3777729374612058 3.308331251144409 2.546633720397949 0.0 3.0676558271478465 1.2357944250106812 1.6306346654891968 -1076.453586 56.756392 -37.808963 -0.929606 -38.738569
active hie219 des 3erd 11  0.8239211440086365 2.518957815822767 3.2930612564086914 2.057461977005005 0.0 2.70367727189224 1.8464107513427734 0.7846355438232422 -1074.624761 70.104793 -22.241729 -5.535716 -27.777445
active hie219 des 3erd 12  0.8239211440086365 2.210241808178501 3.2450335025787354 2.1347644329071045 0.0 1.2176889803216377 0.8598120808601379 0.7629339694976807 -1082.383922 55.417118 -23.153060 -5.167500 -28.320559
active hie219 des 3erd 13  0.8239211440086365 3.158428178016286 3.1919662952423096 2.1690776348114014 0.0 0.8817688306821118 0.9237446188926697 0.5122082233428955 -825.929882 95.935881 168.633859 -1.650087 166.983771
active hie219 des 3erd 14  0.8239211440086365 1.972468287481714 3.310122489929199 2.0664169788360596 0.0 1.9086994529982206 1.0199087858200073 0.917344868183136 -1088.533285 56.358139 -29.315590 -5.441520 -34.757109
active hie219 des 3erd 15  0.8239211440086365 3.6524762925848915 3.2554643154144287 2.1843678951263428 0.0 1.5546351229002235 0.9867685437202454 0.9338409304618835 -1018.663443 63.409977 9.031680 -0.438194 8.593486
active hie219 des 3erd 16  0.8239211440086365 1.8743523385566385 3.2927589416503906 2.218564510345459 0.0 1.4406432437762748 0.8680355548858643 0.8341307640075684 -1066.903571 59.200345 -6.688531 -9.756878 -16.445409
active hie219 des 3erd 17  0.8239211440086365 0.7725604300702699 3.3077235221862793 2.1032512187957764 0.0 1.7151781900337904 1.8638324737548828 0.8102952837944031 -1097.116673 64.776570 -37.652945 -5.497627 -43.150572
active hie219 des 3erd 18  0.8239211440086365 2.9358884353453236 3.294485092163086 2.1357576847076416 0.0 1.4751055104567288 0.807328999042511 0.6522588133811951 -1088.901798 61.132984 -27.968250 -5.833990 -33.802240
active hie219 des 3erd 19  0.8239211440086365 3.2742435223803557 3.282565116882324 2.4574203491210938 0.0 1.5952545599485866 1.132041096687317 1.8419215679168701 -1045.947662 67.851740 -30.866886 -2.025109 -32.891995
active hie219 des 3erd 20  0.8239211440086365 2.205040951167681 3.2749457359313965 2.143789768218994 0.0 1.1851890892381098 0.908979594707489 0.39354559779167175 -1101.405219 59.819553 -31.593162 -1.508772 -33.101934
active hie219 des 3erd 21  0.8239211440086365 2.3159207142641436 3.2898521423339844 2.0257177352905273 0.0 4.395365803158456 1.774390459060669 1.0997899770736694 -1025.378913 64.006997 -7.833609 -2.072525 -9.906134
active hie219 des 3erd 22  0.8239211440086365 3.2596282006098294 3.266862392425537 1.97333562374115 0.0 1.5249297981860042 0.9960604906082153 0.9892117381095886 -1096.944073 56.029446 -20.590511 -5.503324 -26.093835
active hie219 des 3erd 23  0.8239211440086365 3.3542987720842086 3.2629497051239014 2.4874329566955566 0.0 3.922634413298822 1.366458535194397 1.552056074142456 -991.295564 74.012544 25.930407 -0.146626 25.783782
active hie219 des 3erd 24  0.8239211440086365 2.592112545898588 3.1842362880706787 2.031057834625244 0.0 1.3762317265043036 1.002649188041687 0.8536632657051086 -1060.568178 75.951233 -22.575292 -3.444567 -26.019859
active hie219 des 3erd 25  0.8239211440086365 2.3249075624330193 3.189852476119995 2.1877799034118652 0.0 4.346983451558471 1.3970009088516235 0.5377463698387146 -1093.512139 55.397159 -38.577029 -0.639088 -39.216116
active hie219 des 3erd 26  0.8239211440086365 2.543646161815108 3.2398245334625244 2.1414787769317627 0.0 2.0805826708180333 1.0287041664123535 0.4874360263347626 -1082.749390 60.702592 -17.745597 -8.264673 -26.010271
active hie219 des 3erd 27  0.8239211440086365 2.8701296385175734 3.2659053802490234 2.0082383155822754 0.0 1.2809544845294372 0.8636910319328308 0.934531033039093 -1066.135318 62.788166 -27.090342 -2.227694 -29.318035
active hie219 des 3erd 28  0.8239211440086365 4.662812262956888 3.2894790172576904 2.171053171157837 0.0 0.8475531039784108 0.9626621007919312 1.3666467666625977 -973.705757 59.771128 -0.380047 0.847161 0.467114
active hie219 des 3erd 29  0.8239211440086365 2.386757502750317 3.255620002746582 2.112410545349121 0.0 2.469732858788205 1.1087157726287842 0.660969078540802 -1080.704085 67.235877 -30.383406 -2.291969 -32.675375
active hie219 des 3erd 30  0.8239211440086365 4.666915976380729 3.314469337463379 2.182508945465088 0.0 1.0538773414402776 0.9003280401229858 1.2490946054458618 -951.715870 78.183802 40.694088 -0.515434 40.178655
active hie219 des 3erd 31  0.8239211440086365 5.151661577377696 3.299109935760498 2.0178825855255127 0.0 1.7021687435570867 1.011074423789978 1.0502960681915283 -755.366914 164.805016 151.659537 -3.858748 147.800789
active hie219 des 3erd 32  0.8239211440086365 3.75429785395726 3.2996182441711426 2.2499077320098877 0.0 0.7904772067080893 0.9335395693778992 1.0889153480529785 -1052.442446 60.770022 -19.003654 -3.183449 -22.187103
active hie219 des 3erd 33  0.8239211440086365 4.42261947186197 3.334351062774658 2.6371257305145264 0.0 0.9427502056381234 1.1527290344238281 1.852042555809021 -1072.295345 59.859367 -31.680889 -0.747204 -32.428094
active hie219 des 3erd 34  0.8239211440086365 3.711852890063404 3.2679295539855957 2.6089413166046143 0.0 1.5139487105009368 1.2114572525024414 1.7144923210144043 -1044.705564 61.170412 -13.145296 -0.556911 -13.702207
active hie219 des 3erd 35  0.8239211440086365 0.8954423906663862 3.2941243648529053 2.1538307666778564 0.0 1.0513066489912914 0.9226664304733276 0.6026254892349243 -1078.523122 61.868742 -21.187756 -0.960840 -22.148595
active hie219 des 3erd 36  0.8239211440086365 2.879381751938514 3.30391263961792 2.100557327270508 0.0 1.4598994686042066 0.8491455316543579 0.861659049987793 -1065.461008 70.672791 -14.213958 -2.309873 -16.523830
active hie219 des 3erd 37  0.8239211440086365 3.496198848560091 3.2969233989715576 2.1591529846191406 0.0 1.198928863209987 0.9006285667419434 1.050059199333191 -965.926179 60.717037 63.811333 -3.733419 60.077913
active hie219 des 3erd 38  0.8239211440086365 2.3257811087204456 3.286592960357666 1.979283332824707 0.0 1.8876966276340255 0.8340516090393066 1.0852378606796265 -1075.324144 67.234994 -23.854845 -3.280451 -27.135296
active hie219 des 3erd 39  0.8239211440086365 2.2625507194025425 3.283513069152832 2.1633543968200684 0.0 3.0081637326283643 1.204723834991455 0.4708279073238373 -1100.526764 59.159811 -30.022704 -4.513715 -34.536419
active hie219 des 3erd 40  0.8239211440086365 3.2468437068241087 3.3000197410583496 2.1951382160186768 0.0 1.7905677372339797 0.8902267813682556 0.4391159117221832 -975.419527 71.962559 23.979388 -1.541867 22.437521
active hie219 des 3erd 41  0.8239211440086365 2.2958408859085107 3.194502830505371 2.1608827114105225 0.0 1.1463091666944465 0.9817622303962708 0.4899006485939026 -1101.200685 59.399755 -35.899184 -1.463035 -37.362218
active hie219 des 3erd 42  0.8239211440086365 2.8768403910058478 3.1788158416748047 2.0365195274353027 0.0 1.8670481288674436 1.1820549964904785 0.6725760698318481 -1064.749680 58.582960 -20.290430 -4.729425 -25.019855
active hie219 des 3erd 43  0.8239211440086365 3.1769141026293166 3.1863999366760254 2.250581979751587 0.0 1.4798208987245025 1.1417185068130493 1.07280433177948 -1050.131139 58.325571 -22.298800 -5.951699 -28.250498
active hie219 des 3erd 44  0.8239211440086365 3.9218404594157072 3.301236152648926 2.085442304611206 0.0 4.477831401603828 1.6160171031951904 0.45333439111709595 -584.341210 64.038365 430.064993 -4.508878 425.556115
active hie219 des 3erd 45  0.8239211440086365 1.373524824633006 3.299715995788574 1.9179455041885376 0.0 2.079673295725194 1.9406771659851074 1.1580286026000977 -1044.198704 62.612190 6.884482 -7.177385 -0.292903
active hie219 des 3erd 46  0.8239211440086365 1.7477751583945678 3.298541307449341 2.137049913406372 0.0 2.220254598020074 1.03928804397583 0.6015242338180542 -1045.791911 59.110911 9.471318 -6.166069 3.305249
active hie219 des 3erd 47  0.8239211440086365 2.5006019486390065 3.1711764335632324 2.073350191116333 0.0 1.961342984476362 2.002194881439209 0.6894365549087524 -1085.793072 62.759536 -38.832701 -2.762757 -41.595459
active hie219 des 3erd 48  0.8239211440086365 3.5798425037322836 3.245595693588257 2.206678867340088 0.0 2.02147332944778 1.1691938638687134 1.2062656879425049 -1058.035585 58.101939 -17.777488 -2.999878 -20.777366
active hie219 des 3erd 49  0.8239211440086365 1.4025251700650578 3.2647922039031982 2.0475447177886963 0.0 1.4403496228543469 0.8175877928733826 0.7030932903289795 -1080.522828 61.051630 -24.874460 -6.127387 -31.001847
active hie219 des 3erd 50  0.8239211440086365 2.0070886317188843 3.2613701820373535 2.1322543621063232 0.0 1.692146726896568 0.8794685006141663 0.7888802289962769 -1026.828224 61.877836 12.679117 -2.879437 9.799680
active hie219 des 3erd 51  0.8239211440086365 2.810009806098614 3.2733662128448486 2.109863042831421 0.0 2.5085763837590065 1.1195957660675049 0.9741183519363403 -1096.607659 64.209796 -37.795681 -0.990332 -38.786013
active hie219 des 3erd 52  0.8239211440086365 2.9993242681852537 3.194392204284668 2.1572914123535156 0.0 1.967221288411296 1.1090178489685059 0.7892782688140869 -821.099923 101.132056 123.844785 -2.370623 121.474161
active hie219 des 3erd 53  0.8239211440086365 3.543132702801363 3.2953970432281494 2.059612274169922 0.0 1.3714084867973075 0.8644312620162964 0.8961910605430603 -914.012687 58.942238 34.988241 1.256541 36.244782
active hie219 des 3erd 54  0.8239211440086365 2.967258822273514 3.3158795833587646 2.2414326667785645 0.0 2.778112164465562 1.0399531126022339 0.6613218188285828 -1053.810286 66.060484 -1.013936 -4.330545 -5.344481
active hie219 des 3erd 55  0.8239211440086365 5.750811159219926 3.2881410121917725 2.0677919387817383 0.0 3.194238238791901 1.062348484992981 0.6924546957015991 -906.583766 74.695480 124.295866 0.812764 125.108630
active hie219 des 3erd 56  0.8239211440086365 0.8055211183221297 3.1759824752807617 1.965299129486084 0.0 1.6619708261909043 1.0764174461364746 0.9292198419570923 -1102.292020 56.856954 -29.055987 -3.825586 -32.881573
active hie219 des 3erd 57  0.8239211440086365 2.3227897542622897 3.251528739929199 2.4550814628601074 0.0 1.9254927567266398 1.0730090141296387 1.6444439888000488 -1063.691027 64.483176 -20.286098 -0.022240 -20.308338
active hie219 des 3erd 58  0.8239211440086365 4.053094439350472 3.2877843379974365 1.920380711555481 0.0 1.6348124979465253 1.05048668384552 0.9960546493530273 -919.631629 58.275330 83.932393 -1.786373 82.146020
active hie219 des 3erd 59  0.8239211440086365 3.139677779645303 3.2928261756896973 2.077099084854126 0.0 2.407928134760462 1.8975919485092163 1.0442991256713867 -1028.217922 54.435954 -2.254662 -1.310639 -3.565301
active hie219 des 3erd 60  0.8239211440086365 3.531342774809731 3.3157594203948975 2.591721296310425 0.0 1.6549633475026497 1.1010500192642212 1.5454845428466797 -1047.621222 78.197654 -20.468626 -0.528956 -20.997582
