inactive hip219 dc8 2q70 1  1.1291236877441406 10.333335303933579 3.402196168899536 2.1668803691864014 0.39543473720550537 3.2396427533264243 1.4394440650939941 0.5261467099189758 -1163.322520 55.401655 -21.860053 -1.837975 -23.698027
inactive hip219 dc8 2q70 2  1.1219615936279297 6.244587652250783 3.41503643989563 2.2900068759918213 0.40437668561935425 0.6341013378768908 1.290816068649292 1.8582416772842407 -1163.877766 48.445411 -27.682560 -1.760053 -29.442612
inactive hip219 dc8 2q70 3  1.1198898553848267 1.3341963326375132 3.511327028274536 2.451131582260132 0.46872478723526 6.564470220803968 2.184087038040161 1.3883179426193237 -1156.736143 48.215089 -33.348111 -1.528360 -34.876471
inactive hip219 dc8 2q70 4  1.0057889223098755 12.854728065711734 3.3252487182617188 1.9976133108139038 0.3207928240299225 7.2974889068266195 2.249497175216675 0.6956059336662292 -1144.370760 48.164485 -21.040512 -2.480030 -23.520542
inactive hip219 dc8 2q70 5  1.1195483207702637 6.417785551106011 3.495382785797119 2.367506504058838 0.6670181751251221 1.4770971878630823 1.5254027843475342 1.0235316753387451 -1154.380311 48.659165 -26.605736 -1.253691 -27.859427
inactive hip219 dc8 2q70 6  1.0800366401672363 5.370802936373124 3.3620007038116455 2.108637809753418 0.385076105594635 0.8915448470471741 1.0430233478546143 0.8417218327522278 -1165.752803 48.032438 -26.395027 -1.155271 -27.550298
inactive hip219 dc8 2q70 7  1.1865397691726685 2.397282976200398 3.4663586616516113 2.1658449172973633 0.666519045829773 6.394788367355007 2.202962636947632 1.2371877431869507 -1192.359011 47.399576 -33.027375 -5.052718 -38.080093
inactive hip219 dc8 2q70 8  1.0799568891525269 6.435834580944589 3.4337105751037598 1.9777969121932983 0.4911496043205261 0.8316354564797791 1.3398548364639282 0.7829409241676331 -1170.873928 49.138682 -32.032741 -2.485896 -34.518637
inactive hip219 dc8 2q70 9  1.1745061874389648 9.736113514495157 3.313183307647705 2.105421781539917 0.44597405195236206 4.209240485064723 1.5143635272979736 0.5668058395385742 -1173.353921 47.931503 -24.375800 0.532402 -23.843398
inactive hip219 dc8 2q70 10  1.2320395708084106 6.779740836883602 3.395880699157715 2.2261643409729004 0.6017838716506958 1.0107408966125555 1.255370020866394 0.7448526620864868 -1149.117231 47.573217 -30.414622 -3.608102 -34.022725
inactive hip219 dc8 2q70 11  1.1372652053833008 6.460382227163197 3.3778464794158936 2.569986581802368 0.623918354511261 1.243625555304207 1.5013092756271362 2.1072399616241455 -1160.324461 48.125532 -27.801609 -0.780147 -28.581756
inactive hip219 dc8 2q70 12  1.0412006378173828 5.255380472664254 3.3810107707977295 2.1457712650299072 0.4003145396709442 0.3443345549367882 1.0736210346221924 1.1012033224105835 -1165.956723 48.700393 -25.484167 -0.137780 -25.621947
inactive hip219 dc8 2q70 13  1.1618560552597046 6.345172352554043 3.428886890411377 2.405022382736206 0.5939280986785889 0.771374562859256 1.3483632802963257 1.101755142211914 -1152.806224 48.761050 -26.634462 -2.038589 -28.673051
inactive hip219 dc8 2q70 14  1.0692594051361084 1.034982026820784 3.391777753829956 2.0064711570739746 0.37598317861557007 6.466251915594127 2.033127546310425 0.9853972792625427 -1159.224511 51.961177 -31.512747 -6.100315 -37.613061
inactive hip219 dc8 2q70 15  1.234851598739624 6.4878455381661375 3.3515188694000244 2.3984508514404297 0.6281881332397461 1.3325535429292472 1.5856584310531616 1.174504280090332 -1153.677505 47.583584 -20.814863 -2.860293 -23.675156
inactive hip219 dc8 2q70 16  1.0494407415390015 1.6844255118439937 3.3576693534851074 2.2875304222106934 0.5002316236495972 1.6366731031373885 1.220780611038208 1.358378529548645 -1165.574943 51.617423 -35.107026 -1.060615 -36.167641
inactive hip219 dc8 2q70 17  1.0748502016067505 10.521701088266077 3.413926839828491 2.50954532623291 0.45237377285957336 4.063015178477766 1.6395089626312256 1.3838982582092285 -1163.577579 47.525510 -21.573488 -3.082969 -24.656457
inactive hip219 dc8 2q70 18  1.1499505043029785 6.520257619513559 3.3770313262939453 2.3652257919311523 0.4503280520439148 6.090077999034433 1.9587147235870361 1.8048205375671387 -1148.587332 47.154604 -31.465713 0.438823 -31.026890
inactive hip219 dc8 2q70 19  1.0877751111984253 6.207687206234512 3.3480443954467773 2.2754435539245605 0.3362365961074829 1.2470689579107623 1.2683197259902954 1.0530019998550415 -1173.586000 48.828798 -30.833712 -1.409366 -32.243078
inactive hip219 dc8 2q70 20  1.0293338298797607 5.9017026677446855 3.3518052101135254 2.1406188011169434 0.40572285652160645 1.6475609387176435 1.0811803340911865 1.1493008136749268 -1155.621173 47.281761 -27.426759 -1.719650 -29.146409
inactive hip219 dc8 2q70 21  1.110687255859375 6.2168778050415625 3.412261724472046 2.2784457206726074 0.43202337622642517 1.2231097080306446 1.0519979000091553 0.8950155973434448 -1172.208552 48.385707 -31.013305 -3.411438 -34.424743
inactive hip219 dc8 2q70 22  1.0765374898910522 7.11034353888532 3.3765769004821777 2.192232370376587 0.5206678509712219 3.189467409180173 1.3486075401306152 1.034104347229004 -1167.221266 51.349970 -26.205921 0.025572 -26.180349
inactive hip219 dc8 2q70 23  1.1114569902420044 5.281954087330462 3.3357975482940674 2.377363920211792 0.43004488945007324 0.888956765887815 1.1414124965667725 1.2767384052276611 -1113.993820 52.950385 -27.508143 -0.276808 -27.784952
inactive hip219 dc8 2q70 24  1.1251733303070068 6.70259839292695 3.344400405883789 2.3205199241638184 0.4281611740589142 3.0791753750727655 1.6979502439498901 1.7803363800048828 -1156.696811 48.071799 -34.828851 -3.654927 -38.483779
inactive hip219 dc8 2q70 25  0.9768799543380737 1.6320018117996886 3.317862033843994 2.1480424404144287 0.4193679392337799 1.1560043407188387 0.9339087605476379 0.617578387260437 -1161.002347 52.201315 -36.080868 -1.247316 -37.328184
inactive hip219 dc8 2q70 26  1.1982675790786743 5.399583850977611 3.548656940460205 2.4653990268707275 0.7876034379005432 2.0161786783868987 1.8212146759033203 1.6958727836608887 -1132.306932 47.150097 -28.262495 -2.499333 -30.761828
inactive hip219 dc8 2q70 27  1.0848066806793213 6.7631850631268 3.41804838180542 2.4540843963623047 0.5606884956359863 2.2643539623154956 1.5953673124313354 2.0595874786376953 -1145.159879 47.430522 -24.638758 -1.525348 -26.164106
inactive hip219 dc8 2q70 28  1.181247591972351 6.1715959272152485 3.339768171310425 2.3283164501190186 0.4365791976451874 1.6358442061057965 1.09242844581604 0.8566449284553528 -1162.302518 47.689263 -28.360894 -1.088970 -29.449865
inactive hip219 dc8 2q70 29  1.089379906654358 2.4626501788945556 3.4161665439605713 2.262617588043213 0.45582646131515503 0.5974973463205993 1.2379589080810547 0.8529986143112183 -1191.981222 48.670552 -32.570268 -3.636469 -36.206737
inactive hip219 dc8 2q70 30  1.092750906944275 5.469821693225783 3.3360610008239746 2.2728147506713867 0.3287595808506012 2.0445581291080117 1.1724683046340942 1.4928770065307617 -1161.108494 49.515552 -33.075573 -1.541100 -34.616673
inactive hip219 dc8 2q70 31  1.1378343105316162 5.132880802928885 3.452206611633301 2.586318016052246 0.4174897074699402 2.27568334693143 1.3926700353622437 1.411375641822815 -1161.477484 48.411997 -27.367046 -1.086556 -28.453601
inactive hip219 dc8 2q70 32  1.1111042499542236 6.125212346822888 3.364959239959717 2.4223036766052246 0.3982955515384674 0.8179402931457452 1.1443164348602295 1.633865237236023 -1172.906216 48.019304 -27.911566 -0.431884 -28.343450
inactive hip219 dc8 2q70 33  1.0804451704025269 6.285880777773638 3.351020574569702 2.2359628677368164 0.4275299310684204 1.9854638514258787 1.248986840248108 0.8510255217552185 -1158.558904 48.165628 -29.506547 -0.549841 -30.056388
inactive hip219 dc8 2q70 34  1.2520408630371094 6.63843978186409 3.3834760189056396 2.363682746887207 0.6299023032188416 1.420521956527606 1.5133492946624756 1.7785741090774536 -1158.697989 47.615252 -26.794565 -1.365691 -28.160256
inactive hip219 dc8 2q70 35  1.167275309562683 5.881961708832313 3.448119640350342 2.366262912750244 0.5330879092216492 6.486803294779376 2.2293646335601807 0.9443674087524414 -1153.851769 47.474316 -26.568367 -0.407121 -26.975488
inactive hip219 dc8 2q70 36  1.1414912939071655 3.4497019375735145 3.3943898677825928 2.3786442279815674 0.4158676564693451 2.1887475226159476 1.3914544582366943 1.8234620094299316 -1166.403908 49.587819 -30.881630 -4.519659 -35.401289
inactive hip219 dc8 2q70 37  1.1126160621643066 6.295741487646711 3.3286526203155518 2.010404109954834 0.44480589032173157 1.1556657646426083 1.2199232578277588 1.1710152626037598 -1155.709618 50.355534 -29.176184 -1.634592 -30.810776
inactive hip219 dc8 2q70 38  0.9978420734405518 9.0446458812374 3.3462188243865967 2.2090299129486084 0.36157429218292236 1.9208048647831524 1.2344833612442017 0.7092196345329285 -1162.285091 56.002247 -22.968724 -1.979447 -24.948171
inactive hip219 dc8 2q70 39  1.1744180917739868 9.50672472564131 3.406310796737671 2.105374336242676 0.5889034271240234 3.076988204860927 1.4964158535003662 0.9420725703239441 -1143.067240 49.912420 -22.035620 -0.784878 -22.820498
inactive hip219 dc8 2q70 40  1.0512256622314453 6.771362441949753 3.380033016204834 2.321476459503174 0.6047024726867676 1.3630946786125666 1.2333792448043823 1.358396053314209 -1149.513438 50.468655 -28.250125 -3.200072 -31.450197
inactive hip219 dc8 2q70 41  1.1192656755447388 5.993215982773368 3.438941478729248 2.270493507385254 0.45600035786628723 1.9295100875207807 1.3569639921188354 0.997006356716156 -1151.240635 50.683696 -33.412717 -1.693249 -35.105966
inactive hip219 dc8 2q70 42  1.0124378204345703 0.7759775770995083 3.3266515731811523 2.198749542236328 0.40238890051841736 1.7952251863307622 1.4934618473052979 1.6590930223464966 -1175.878852 49.186925 -34.951727 -5.140495 -40.092223
inactive hip219 dc8 2q70 43  1.211544156074524 6.669913512866258 3.429636240005493 2.5264194011688232 0.558497965335846 0.7282242509849316 1.221850872039795 1.0154926776885986 -1152.940322 46.931667 -31.815673 -4.200985 -36.016659
inactive hip219 dc8 2q70 44  1.2131857872009277 5.738008025001484 3.3960442543029785 2.0765435695648193 0.63287353515625 0.5385106025461693 1.31453275680542 1.1390364170074463 -1148.014204 48.607675 -26.191095 -0.801140 -26.992236
inactive hip219 dc8 2q70 45  1.0254826545715332 2.45014929234272 3.37619686126709 2.230313301086426 0.39297011494636536 2.3775830948061376 1.353243350982666 2.050889730453491 -1174.300010 48.258974 -36.544718 -2.076710 -38.621428
inactive hip219 dc8 2q70 46  1.0832864046096802 1.1477893570835738 3.3562703132629395 2.2389421463012695 0.4835057854652405 6.248506088269549 1.8891977071762085 1.10831880569458 -1182.616403 48.945200 -36.318121 -1.262381 -37.580502
inactive hip219 dc8 2q70 47  1.0477478504180908 3.4480907807456505 3.284911870956421 2.244795560836792 0.4089958071708679 1.7555266453893477 1.1005969047546387 1.3470865488052368 -1147.891858 49.923133 -38.803813 -3.219740 -42.023553
inactive hip219 dc8 2q70 48  1.0783288478851318 6.22701976082878 3.4407477378845215 2.4118850231170654 0.6033234000205994 1.9068471761781158 1.6304566860198975 1.8828872442245483 -1129.546591 48.951291 -34.410363 -2.720672 -37.131035
inactive hip219 dc8 2q70 49  1.0403414964675903 3.2719032380249384 3.3250224590301514 2.2949020862579346 0.5846037268638611 3.0996853738489194 1.5771629810333252 1.065057635307312 -1142.535064 47.284308 -29.327810 -0.215246 -29.543056
inactive hip219 dc8 2q70 50  1.138803243637085 2.314890997387506 3.30771541595459 2.2414138317108154 0.5452383756637573 0.8715729089926813 1.1773995161056519 0.8406491279602051 -1163.639877 47.070690 -35.668953 -4.500228 -40.169181
inactive hip219 dc8 2q70 51  0.9646045565605164 6.174292174212557 3.3795244693756104 2.2868764400482178 0.5037025809288025 1.011444743817812 1.3339289426803589 1.7872262001037598 -1141.788763 49.588725 -34.956397 -1.650128 -36.606526
inactive hip219 dc8 2q70 52  0.9793343544006348 5.531055713527796 3.361471652984619 2.2425711154937744 0.5139113068580627 1.6134981823189376 1.2725695371627808 1.0355242490768433 -1178.262143 50.891436 -33.356112 -0.872266 -34.228378
inactive hip219 dc8 2q70 53  1.061722755432129 5.663137130356508 3.4218506813049316 2.2906627655029297 0.538008987903595 0.7164235152610672 1.207323670387268 0.7662742137908936 -1154.681273 47.955000 -27.936697 -0.808661 -28.745358
inactive hip219 dc8 2q70 54  1.0585274696350098 6.227079879573893 3.3318324089050293 2.226627826690674 0.38528233766555786 2.0302214829239174 1.1855167150497437 0.6742969751358032 -1172.254269 50.539138 -31.834486 -0.952857 -32.787343
inactive hip219 dc8 2q70 55  1.1264841556549072 2.657478723870708 3.40634822845459 2.3768157958984375 0.5667596459388733 6.473416610840174 2.1250762939453125 0.9676854610443115 -1184.743227 47.908898 -36.355013 -1.503293 -37.858306
inactive hip219 dc8 2q70 56  1.1359237432479858 5.659377448065476 3.3446521759033203 2.1449921131134033 0.3445792496204376 1.1288421872816876 1.2226566076278687 0.5806117057800293 -1166.672369 48.951801 -29.800380 -0.198494 -29.998874
inactive hip219 dc8 2q70 57  1.0567089319229126 6.255577795786469 3.4006218910217285 2.081308364868164 0.3288271129131317 1.3343754525055171 1.0407366752624512 0.8766176104545593 -1175.925479 47.682107 -29.398493 -1.246258 -30.644751
inactive hip219 dc8 2q70 58  1.046755075454712 5.363190351428568 3.3283421993255615 2.232886552810669 0.3174923360347748 6.158815536310571 1.9726793766021729 1.094459891319275 -1158.381199 47.219455 -31.622151 -2.922326 -34.544478
inactive hip219 dc8 2q70 59  1.1315916776657104 3.534087616336269 3.406057596206665 2.4950928688049316 0.40481892228126526 1.5052935523206257 1.2309107780456543 1.8806850910186768 -1173.783626 47.824918 -33.412294 -1.412731 -34.825025
inactive hip219 dc8 2q70 60  1.277692198753357 6.369040665399818 3.5402674674987793 2.2384064197540283 0.6222257018089294 1.663187329196452 1.5005321502685547 0.8786402940750122 -1156.367925 49.238608 -25.820138 -1.229344 -27.049481
