init 0.6324697136878967 6.810270973571336 3.3592166900634766 2.330040454864502 0.0 0.0 0.0 0.0
1 0.6324697136878967 6.810279855098407 3.3592166900634766 2.330040454864502 0.0 0.0004922824555925897 0.00013439774920698255 0.0
2 0.710428774356842 6.753494961472773 3.399315357208252 2.3583056926727295 0.44580116868019104 0.6073678120617446 0.45308658480644226 0.44976043701171875
3 0.7279830574989319 6.886112803180479 3.401071786880493 2.372804641723633 0.5052971243858337 0.7321599708360811 0.6459907293319702 0.5441902875900269
4 0.8687856793403625 6.719500705964437 3.4685819149017334 2.4661831855773926 0.7499211430549622 0.6068889341708223 1.0133119821548462 0.8687114715576172
5 1.0122838020324707 6.830840445135548 3.4928901195526123 2.473198175430298 0.8957720398902893 0.7961647766928829 1.0874614715576172 0.8950226902961731
6 1.0122838020324707 6.830840445135548 3.4928901195526123 2.473198175430298 0.8957720398902893 0.7961647766928829 1.0874614715576172 0.8950226902961731
7 0.9934346079826355 6.817649944614677 3.504861831665039 2.491016149520874 0.8720874190330505 0.7629575269736562 1.1375874280929565 0.9373939633369446
8 0.9580026268959045 6.848144299601315 3.510679006576538 2.5028438568115234 0.8379965424537659 0.7835380050777362 1.1802853345870972 0.9695818424224854
9 0.9469989538192749 6.869411971281246 3.508716583251953 2.502431869506836 0.8262820839881897 0.7043176087825751 1.1872498989105225 0.9668147563934326
10 0.9180117845535278 6.866175958302099 3.475142240524292 2.509449005126953 0.7999827265739441 0.6845003201713016 1.2083176374435425 0.9879868030548096
11 0.9180117845535278 6.866175958302099 3.475142240524292 2.509449005126953 0.7999827265739441 0.6845003201713016 1.2083176374435425 0.9879868030548096
12 0.9169434905052185 6.857113803746815 3.4741897583007813 2.509223461151123 0.7986870408058167 0.6793980055712938 1.2185996770858765 0.9865520596504211
13 0.9203530550003052 6.859485869662703 3.473632574081421 2.5158934593200684 0.8008350729942322 0.6826240724416188 1.224671721458435 1.017714023590088
14 0.882692277431488 6.849475005445554 3.46406888961792 2.5080885887145996 0.7751203775405884 0.6169177040386015 1.1988450288772583 0.9804854393005371
15 0.9181492328643799 6.857145324253568 3.472659111022949 2.518982172012329 0.8100561499595642 0.621288014395792 1.2054129838943481 1.0117570161819458
16 0.918946385383606 6.8570365329984 3.4727060794830322 2.51908278465271 0.8109130859375 0.6214560221621311 1.2057666778564453 1.0120080709457397
17 0.8896862864494324 6.821926160418903 3.469228982925415 2.5288445949554443 0.7950890064239502 0.6814382437115164 1.2668614387512207 1.0327569246292114
18 0.8872383236885071 6.821489695665804 3.4673914909362793 2.526806354522705 0.7910613417625427 0.6846011839254985 1.2593672275543213 1.0273919105529785
19 0.8813676834106445 6.812120960154745 3.4643096923828125 2.5337228775024414 0.7955081462860107 0.6940341387406744 1.329030156135559 1.0454678535461426
20 0.8813676834106445 6.813209765238632 3.4643096923828125 2.5337228775024414 0.7955081462860107 0.6942749501008566 1.3290395736694336 1.0454678535461426
21 0.8813676834106445 6.813209765238632 3.4643096923828125 2.5337228775024414 0.7955081462860107 0.6942749501008566 1.3290395736694336 1.0454678535461426
22 0.8459199070930481 6.7928788720702995 3.455322027206421 2.509418249130249 0.7420617938041687 0.7240973314958353 1.3040655851364136 1.1504789590835571
23 0.8215019702911377 6.796661268098608 3.4517788887023926 2.497889518737793 0.7078312039375305 0.7142943035637594 1.26820707321167 1.1254428625106812
24 0.8237728476524353 6.798376650497904 3.460609197616577 2.497685670852661 0.7080274224281311 0.7187848117446111 1.2458521127700806 1.1272594928741455
25 0.8234477043151855 6.795753493046844 3.4542031288146973 2.497694730758667 0.7080068588256836 0.7189100564493812 1.264348030090332 1.1272609233856201
26 0.8234477043151855 6.795753493046844 3.4542031288146973 2.497694730758667 0.7080068588256836 0.7189100564493812 1.264348030090332 1.1272609233856201
27 0.8278441429138184 6.803027195806068 3.454256772994995 2.4982216358184814 0.7161924839019775 0.7103537410200267 1.2753759622573853 1.1279441118240356
28 0.833042323589325 6.800262013101456 3.4542319774627686 2.494257688522339 0.7195436358451843 0.7197752708516854 1.2716342210769653 1.119402527809143
29 0.7517440915107727 6.775936022337945 3.4139394760131836 2.457747459411621 0.6415615677833557 0.7864609136733604 1.1714823246002197 1.0356049537658691
30 0.7525274157524109 6.784758619330245 3.413707733154297 2.4614334106445313 0.6460242867469788 0.8701831862146051 1.1834253072738647 1.0380104780197144
31 0.7525274157524109 6.784758619330245 3.413707733154297 2.4614334106445313 0.6460242867469788 0.8701831862146051 1.1834253072738647 1.0380104780197144
32 0.7525607943534851 6.775709482738172 3.411329746246338 2.4686009883880615 0.6480614542961121 0.9237371966068167 1.1838055849075317 1.0557842254638672
33 0.7233966588973999 6.784715386064245 3.394568681716919 2.458599090576172 0.614575982093811 0.9899127332502037 1.185011625289917 1.0309832096099854
34 0.7308735847473145 6.775637939170276 3.3950889110565186 2.474224805831909 0.6270528435707092 0.9783990700516366 1.19368314743042 1.069104552268982
35 0.7326953411102295 6.768844639317281 3.396036386489868 2.482241630554199 0.6256394982337952 0.9996212069249899 1.197069764137268 1.084708571434021
36 0.7326953411102295 6.768844639317281 3.396036386489868 2.482241630554199 0.6256394982337952 0.9996212069249899 1.197069764137268 1.084708571434021
37 0.7289343476295471 6.768714007026639 3.3940939903259277 2.4823312759399414 0.6209183931350708 0.9880683574518729 1.1955069303512573 1.0832051038742065
38 0.7283024787902832 6.767866935995006 3.3945364952087402 2.4900636672973633 0.6245743036270142 0.977597331157986 1.2037156820297241 1.1032896041870117
39 0.7117476463317871 6.7384111542833205 3.3815510272979736 2.484093427658081 0.6167590618133545 1.0530591208406952 1.171628713607788 1.0941898822784424
40 0.7139525413513184 6.733014894709404 3.3789103031158447 2.4840855598449707 0.6199280619621277 1.0629642479831531 1.187811255455017 1.095699667930603
41 0.7139525413513184 6.733014894709404 3.3789103031158447 2.4840855598449707 0.6199280619621277 1.0629642479831531 1.187811255455017 1.095699667930603
42 0.6923774480819702 6.730217323325185 3.383709192276001 2.461530923843384 0.6022396683692932 1.0046324600644516 1.1762974262237549 1.0356507301330566
43 0.6941729784011841 6.729694362679204 3.394444227218628 2.4541194438934326 0.6093689799308777 1.022208433584353 1.1972616910934448 1.0221933126449585
44 0.6961008906364441 6.728838350520941 3.3919434547424316 2.4569003582000732 0.6053545475006104 1.0241518204417268 1.1980432271957397 1.0340861082077026
45 0.6949679851531982 6.725662999648561 3.309056282043457 2.458378314971924 0.59947270154953 1.0273882676211115 1.1849033832550049 1.0600100755691528
46 0.6949679851531982 6.725662999648561 3.309056282043457 2.458378314971924 0.59947270154953 1.0273882676211115 1.1849033832550049 1.0600100755691528
47 0.6980062127113342 6.727336168333678 3.3127286434173584 2.460099458694458 0.5960234999656677 1.0151310018932946 1.1703822612762451 1.0646179914474487
48 0.7017461657524109 6.725206251915594 3.3146941661834717 2.4630038738250732 0.5996818542480469 1.017657597827125 1.174074649810791 1.0719741582870483
49 0.7131803035736084 6.726986146368366 3.3225176334381104 2.4805233478546143 0.6125022768974304 1.0243836171112242 1.1927132606506348 1.1187137365341187
50 0.708733320236206 6.7300118077938125 3.3226873874664307 2.4781765937805176 0.6077398061752319 1.0147053937638641 1.1893929243087769 1.1076833009719849
51 0.708733320236206 6.7300118077938125 3.3226873874664307 2.4781765937805176 0.6077398061752319 1.0147053937638641 1.1893929243087769 1.1076833009719849
52 0.708733320236206 6.7270247005867185 3.3223795890808105 2.4781765937805176 0.6077398061752319 1.018134245110127 1.1920433044433594 1.1076833009719849
53 0.7052686810493469 6.706002201217932 3.3209269046783447 2.476637601852417 0.5975832939147949 1.0181587264022316 1.1745340824127197 1.1042073965072632
54 0.7030797600746155 6.708062458620375 3.3208506107330322 2.476119041442871 0.594492495059967 1.0196280994838245 1.1687891483306885 1.0762537717819214
55 0.7008952498435974 6.710079585363811 3.3208932876586914 2.474281072616577 0.5944955348968506 1.0240533541438304 1.169629454612732 1.0711798667907715
56 0.7008952498435974 6.710079585363811 3.3208932876586914 2.474281072616577 0.5944955348968506 1.0240533541438304 1.169629454612732 1.0711798667907715
57 0.7016862034797668 6.695657288370264 3.3171064853668213 2.4773335456848145 0.5887384414672852 1.0373660431802165 1.1543241739273071 1.077305555343628
58 0.70362788438797 6.6944354711788145 3.31864595413208 2.4769070148468018 0.5887475609779358 1.040610583118626 1.1534674167633057 1.0763834714889526
59 0.6932691335678101 6.6957267384497845 3.31071400642395 2.5496246814727783 0.5739971399307251 1.0505039800813312 1.187753677368164 1.2304896116256714
60 0.6891206502914429 6.682354851881864 3.314821481704712 2.539325475692749 0.5723788142204285 1.1384954775294378 1.2028852701187134 1.2260059118270874
61 0.6891206502914429 6.682354851881864 3.314821481704712 2.539325475692749 0.5723788142204285 1.1384954775294378 1.2028852701187134 1.2260059118270874
62 0.6893502473831177 6.687139198196408 3.31213641166687 2.5390243530273438 0.5642078518867493 1.09116308206205 1.2087011337280273 1.2440131902694702
63 0.6936644315719604 6.685976952672242 3.313443422317505 2.5403308868408203 0.5680308938026428 1.0982418323979586 1.2108004093170166 1.2503032684326172
64 0.6805071830749512 6.690347948869587 3.3094840049743652 2.5367846488952637 0.5548229217529297 1.0896101304273058 1.198167324066162 1.2420045137405396
65 0.680917501449585 6.694955532097856 3.308594226837158 2.538073778152466 0.5564980506896973 1.0871187947114411 1.2037490606307983 1.24434494972229
66 0.680917501449585 6.694955532097856 3.308594226837158 2.538073778152466 0.5564980506896973 1.0871187947114411 1.2037490606307983 1.24434494972229
67 0.6803033351898193 6.692511775076912 3.3095009326934814 2.536914825439453 0.5530875325202942 1.108785769871987 1.1992968320846558 1.242496132850647
68 0.6795362830162048 6.694699377443188 3.307504415512085 2.5368824005126953 0.5536072850227356 1.107394026924527 1.2020314931869507 1.2427695989608765
69 0.6835681796073914 6.686154475466085 3.317103862762451 2.539886474609375 0.5608575344085693 1.1131686616987058 1.2096312046051025 1.2494603395462036
70 0.6828919649124146 6.6900649398315135 3.3164596557617188 2.540053606033325 0.5575709939002991 1.1088139508609727 1.2003651857376099 1.2502763271331787
71 0.6828919649124146 6.6900649398315135 3.3164596557617188 2.540053606033325 0.5575709939002991 1.1088139508609727 1.2003651857376099 1.2502763271331787
72 0.6823835372924805 6.686789208574698 3.3195688724517822 2.5313291549682617 0.5530421733856201 1.137111457725921 1.184645652770996 1.2370465993881226
73 0.6830554008483887 6.690963772287221 3.31687331199646 2.53277850151062 0.5561957955360413 1.1339041808309853 1.20011568069458 1.2394025325775146
74 0.6784799098968506 6.691080454346677 3.3166232109069824 2.5267457962036133 0.5501779317855835 1.1360832241129832 1.1980406045913696 1.2271873950958252
75 0.6778980493545532 6.69319136452276 3.319326877593994 2.5247936248779297 0.5451706051826477 1.1360655303840652 1.1841703653335571 1.2232285737991333
76 0.678666889667511 6.6930816232303565 3.3198351860046387 2.5251870155334473 0.5464021563529968 1.1380116830524496 1.1846660375595093 1.2242635488510132
77 0.6782112717628479 6.692134271815226 3.3172824382781982 2.5268681049346924 0.5411083698272705 1.1289394271314923 1.1859225034713745 1.2259830236434937
78 0.6791399717330933 6.687365019832567 3.3247103691101074 2.5275540351867676 0.5420784950256348 1.1335043835580334 1.1657944917678833 1.227428913116455
79 0.680874764919281 6.688128838439691 3.3220880031585693 2.5301668643951416 0.5487119555473328 1.1306541239669046 1.1707004308700562 1.2306541204452515
80 0.6788125038146973 6.689786237837092 3.3192811012268066 2.5204551219940186 0.5464799404144287 1.1234306535579588 1.1625971794128418 1.2092355489730835
81 0.6788125038146973 6.689786237837092 3.3192811012268066 2.5204551219940186 0.5464799404144287 1.1234306535579588 1.1625971794128418 1.2092355489730835
82 0.6799699068069458 6.694770304244597 3.319472312927246 2.520648956298828 0.5482751131057739 1.12163825294711 1.1625317335128784 1.2100783586502075
83 0.6815624237060547 6.69522828832666 3.3207366466522217 2.520691394805908 0.5495993494987488 1.1205620581982612 1.161073923110962 1.2102556228637695
84 0.6837401390075684 6.669040583978188 3.3177382946014404 2.52162766456604 0.5524575710296631 1.144992521021935 1.181389570236206 1.21262788772583
85 0.6833016276359558 6.665785864014303 3.3192381858825684 2.5215506553649902 0.5520225763320923 1.156531080150159 1.2280718088150024 1.2124907970428467
86 0.6833016276359558 6.665785864014303 3.3192381858825684 2.5215506553649902 0.5520225763320923 1.156531080150159 1.2280718088150024 1.2124907970428467
87 0.681884765625 6.668645053738077 3.3185720443725586 2.5202159881591797 0.5522244572639465 1.145431667594729 1.2269588708877563 1.2094296216964722
88 0.6826807260513306 6.666490304017257 3.3166542053222656 2.521599769592285 0.5396935343742371 1.162543150389177 1.227790117263794 1.2190476655960083
89 0.680438220500946 6.666241246987268 3.316556453704834 2.519632339477539 0.5354694128036499 1.1617995977631754 1.2289224863052368 1.2136112451553345
90 0.6816385388374329 6.666167435432484 3.3168435096740723 2.5196518898010254 0.5364298820495605 1.160924877044543 1.230017066001892 1.2134335041046143
91 0.6816385388374329 6.666167435432484 3.3168435096740723 2.5196518898010254 0.5364298820495605 1.160924877044543 1.230017066001892 1.2134335041046143
92 0.6815294027328491 6.693859960380434 3.3168163299560547 2.5196890830993652 0.5343378186225891 1.124385779829344 1.2308108806610107 1.2137409448623657
93 0.6791365146636963 6.685916600065698 3.3178441524505615 2.5198662281036377 0.5442376732826233 1.144455567433521 1.2446751594543457 1.2119544744491577
94 0.6797782778739929 6.671550761831886 3.3176746368408203 2.5198261737823486 0.5438865423202515 1.1365633262824577 1.2417353391647339 1.2116024494171143
95 0.6763032674789429 6.631765303535679 3.3177571296691895 2.5016210079193115 0.5403154492378235 1.1144238579803067 1.239643931388855 1.20111083984375
96 0.6763032674789429 6.631765303535679 3.3177571296691895 2.5016210079193115 0.5403154492378235 1.1144238579803067 1.239643931388855 1.20111083984375
97 0.6824421286582947 6.639326682774668 3.32220196723938 2.4972524642944336 0.5389125943183899 1.070533821610072 1.2267566919326782 1.1970692873001099
98 0.6764925718307495 6.634297380825558 3.3224408626556396 2.4926271438598633 0.5342327952384949 1.0840230468282537 1.2311569452285767 1.1873698234558105
99 0.6766213774681091 6.634760036112358 3.322592258453369 2.492626190185547 0.5344699025154114 1.0818360278208916 1.2309577465057373 1.1873400211334229
100 0.6744003295898438 6.638094099350909 3.319141149520874 2.4903359413146973 0.5319033861160278 1.0651019321375166 1.224963903427124 1.1837217807769775
101 0.6744003295898438 6.638094099350909 3.319141149520874 2.4903359413146973 0.5319033861160278 1.0651019321375166 1.224963903427124 1.1837217807769775
102 0.6783638000488281 6.635607731618101 3.3193087577819824 2.4927988052368164 0.5307444930076599 1.080148786477597 1.2194410562515259 1.193282961845398
103 0.6840077638626099 6.639139547118841 3.3223652839660645 2.498441696166992 0.5391237139701843 1.0383340217465091 1.220155119895935 1.198570728302002
104 0.6837149858474731 6.633119948273678 3.3223369121551514 2.4984445571899414 0.5389398336410522 1.056211735245973 1.2212172746658325 1.1986221075057983
105 0.6772376298904419 6.622659025824921 3.3134617805480957 2.507026433944702 0.5498082041740417 1.134221314404885 1.2289239168167114 1.2161661386489868
106 0.6772376298904419 6.622659025824921 3.3134617805480957 2.507026433944702 0.5498082041740417 1.134221314404885 1.2289239168167114 1.2161661386489868
107 0.6783797740936279 6.622881390118918 3.313469409942627 2.5111520290374756 0.5512822866439819 1.1179641557680817 1.2332191467285156 1.2264548540115356
108 0.6753008365631104 6.62961182561282 3.3118820190429688 2.5127899646759033 0.5462996959686279 1.0963550053368312 1.2317841053009033 1.2255603075027466
109 0.6749861836433411 6.644257163688447 3.317584276199341 2.5155556201934814 0.5457329154014587 0.993140089369637 1.2191754579544067 1.2324771881103516
110 0.6757925152778625 6.67926217181208 3.31709885597229 2.51609206199646 0.5458880066871643 1.0279908193036655 1.2207212448120117 1.2345795631408691
111 0.6757925152778625 6.67926217181208 3.31709885597229 2.51609206199646 0.5458880066871643 1.0279908193036655 1.2207212448120117 1.2345795631408691
112 0.6741530299186707 6.678217922066957 3.3165524005889893 2.5149433612823486 0.5428708791732788 1.0338758299991058 1.2184966802597046 1.2319915294647217
113 0.6749030351638794 6.675981877046148 3.316521406173706 2.511439561843872 0.5323907732963562 1.0557365502740446 1.2094489336013794 1.2427482604980469
114 0.6752718091011047 6.676348073537955 3.3163297176361084 2.5140366554260254 0.5358148813247681 1.0527504310765972 1.2179205417633057 1.2485125064849854
115 0.6872125267982483 6.6732463101569 3.318140745162964 2.523677110671997 0.5491946935653687 1.0655230529568396 1.2312265634536743 1.2679038047790527
116 0.6872125267982483 6.6732463101569 3.318140745162964 2.523677110671997 0.5491946935653687 1.0655230529568396 1.2312265634536743 1.2679038047790527
117 0.6870587468147278 6.67076115546001 3.3178436756134033 2.5223371982574463 0.5490869879722595 1.0735178578360254 1.2315337657928467 1.2676652669906616
118 0.6859740018844604 6.633973943384867 3.317596197128296 2.522662878036499 0.5486795902252197 1.067011595633233 1.2311911582946777 1.2677265405654907
119 0.6831458210945129 6.674942571566053 3.3191514015197754 2.521871566772461 0.5446807742118835 1.087148576928221 1.2291663885116577 1.2665622234344482
120 0.6810629963874817 6.660528252138237 3.4147770404815674 2.51918363571167 0.546005129814148 1.0959882435897 1.1931182146072388 1.2610572576522827
121 0.6810629963874817 6.660528252138237 3.4147770404815674 2.51918363571167 0.546005129814148 1.0959882435897 1.1931182146072388 1.2610572576522827
122 0.6810075640678406 6.669686992454672 3.417715549468994 2.506254196166992 0.5466524958610535 1.0865805858061799 1.1949489116668701 1.2664834260940552
123 0.6761369109153748 6.670420069879156 3.4163742065429688 2.504157066345215 0.542393684387207 1.0836223823322553 1.189433217048645 1.2646476030349731
124 0.6749235391616821 6.672846487037033 3.4189059734344482 2.5119214057922363 0.5470055937767029 1.078508381391904 1.1929168701171875 1.282109022140503
125 0.6720273494720459 6.671967734109972 3.4180305004119873 2.5062148571014404 0.533844530582428 1.1224270424245202 1.1821057796478271 1.2745193243026733
126 0.6720273494720459 6.671967734109972 3.4180305004119873 2.5062148571014404 0.533844530582428 1.1224270424245202 1.1821057796478271 1.2745193243026733
127 0.6716873645782471 6.669313928046952 3.417296886444092 2.5069925785064697 0.5371541976928711 1.1279605215823134 1.1849225759506226 1.2752341032028198
128 0.6646887063980103 6.666065773404995 3.4079060554504395 2.5078601837158203 0.5338165760040283 1.0952200111948427 1.178389072418213 1.2736711502075195
129 0.6693378686904907 6.660490504312367 3.408376932144165 2.511651039123535 0.5394785404205322 1.1058753804604202 1.191112995147705 1.2802010774612427
130 0.678602933883667 6.66032446648756 3.4041988849639893 2.5280611515045166 0.5482082366943359 1.1203449825505132 1.1806687116622925 1.3130806684494019
131 0.678602933883667 6.66032446648756 3.4041988849639893 2.5280611515045166 0.5482082366943359 1.1203449825505132 1.1806687116622925 1.3130806684494019
132 0.6771453022956848 6.66002982229979 3.4050800800323486 2.518496513366699 0.5485467910766602 1.1245257798753114 1.1791958808898926 1.2878024578094482
133 0.6846161484718323 6.682995146480325 3.408040761947632 2.5217225551605225 0.551317572593689 1.105262729894532 1.178708791732788 1.2946479320526123
134 0.6994470357894897 6.682023895508863 3.4239325523376465 2.529893159866333 0.5816596746444702 1.111651945204011 1.2376041412353516 1.3105157613754272
135 0.7001010775566101 6.68351425688499 3.4252893924713135 2.5328261852264404 0.5819409489631653 1.1082623352421017 1.2458128929138184 1.3079590797424316
136 0.7001010775566101 6.68351425688499 3.4252893924713135 2.5328261852264404 0.5819409489631653 1.1082623352421017 1.2458128929138184 1.3079590797424316
137 0.6975303888320923 6.686783318360339 3.4253995418548584 2.5324454307556152 0.5714074969291687 1.1107322208184074 1.2273132801055908 1.307582974433899
138 0.6975303888320923 6.682023455099928 3.425584554672241 2.5324454307556152 0.5714074969291687 1.115158853959726 1.223387598991394 1.307582974433899
139 0.6975303888320923 6.683752839638808 3.425818920135498 2.5324454307556152 0.5714074969291687 1.1143255232622895 1.2245492935180664 1.307582974433899
140 0.6905634999275208 6.682511551909533 3.423539400100708 2.531106472015381 0.5630251169204712 1.113538600711193 1.226991057395935 1.30337393283844
141 0.6905634999275208 6.682511551909533 3.423539400100708 2.531106472015381 0.5630251169204712 1.113538600711193 1.226991057395935 1.30337393283844
142 0.6987763047218323 6.684673291239104 3.4261064529418945 2.5424964427948 0.5744301676750183 1.1037677972910431 1.2369939088821411 1.3235459327697754
143 0.699703574180603 6.680384364648948 3.437391757965088 2.527519464492798 0.5463811159133911 1.128689996603754 1.2019809484481812 1.2912412881851196
144 0.7016757726669312 6.685094108050702 3.4370548725128174 2.5261054039001465 0.547886848449707 1.1231772612818949 1.2091654539108276 1.2892850637435913
145 0.7016865611076355 6.658696292337817 3.44123911857605 2.525934934616089 0.5468978881835938 1.145677257760487 1.2179523706436157 1.289257526397705
146 0.7016865611076355 6.658696292337817 3.44123911857605 2.525934934616089 0.5468978881835938 1.145677257760487 1.2179523706436157 1.289257526397705
147 0.7038084268569946 6.657967468334262 3.4402272701263428 2.514110803604126 0.55117267370224 1.1449845862521346 1.2268452644348145 1.318819284439087
148 0.6968144178390503 6.669378384206597 3.4327821731567383 2.5150933265686035 0.5509046912193298 1.1355495862526295 1.2205758094787598 1.3166747093200684
149 0.697450578212738 6.66372091709345 3.4360854625701904 2.5148208141326904 0.5412205457687378 1.1492308697035556 1.2120208740234375 1.3181325197219849
150 0.6970353722572327 6.663884243632518 3.435622215270996 2.516123056411743 0.5424880385398865 1.147261661617246 1.2148199081420898 1.3197650909423828
151 0.6972609162330627 6.663889990047704 3.4355924129486084 2.516211986541748 0.542881965637207 1.14738268901093 1.214982032775879 1.319867730140686
152 0.6976761817932129 6.665538997541555 3.436091661453247 2.52304744720459 0.5438504219055176 1.142562659853555 1.2184169292449951 1.3417963981628418
153 0.6967872381210327 6.662729334740308 3.4355340003967285 2.5250701904296875 0.5459801554679871 1.1615017425527334 1.222486138343811 1.3485814332962036
154 0.7021480798721313 6.662830806518547 3.4375927448272705 2.5185017585754395 0.5419140458106995 1.1765278979047462 1.2101473808288574 1.3343545198440552
155 0.7029162049293518 6.663291035337468 3.340569257736206 2.519026756286621 0.543384313583374 1.1755548615155984 1.2339004278182983 1.3353973627090454
156 0.7029162049293518 6.663291035337468 3.340569257736206 2.519026756286621 0.543384313583374 1.1755548615155984 1.2339004278182983 1.3353973627090454
157 0.7029162049293518 6.665572101764408 3.3548338413238525 2.517329692840576 0.543384313583374 1.1699020712480503 1.2195343971252441 1.3319859504699707
158 0.7033385038375854 6.680011922788933 3.3544762134552 2.517427921295166 0.5443959832191467 1.152587286785531 1.2164475917816162 1.3322868347167969
159 0.7020905613899231 6.661392273007311 3.3532297611236572 2.513383150100708 0.5453401803970337 1.1403147249870704 1.210047721862793 1.3253695964813232
160 0.699819803237915 6.654937984596476 3.3496923446655273 2.5086939334869385 0.5349087715148926 1.1714640952305762 1.2017199993133545 1.3212891817092896
161 0.699819803237915 6.654937984596476 3.3496923446655273 2.5086939334869385 0.5349087715148926 1.1714640952305762 1.2017199993133545 1.3212891817092896
162 0.699819803237915 6.655207135584175 3.3496923446655273 2.5086939334869385 0.5349087715148926 1.1707242369392947 1.2016663551330566 1.3212891817092896
163 0.6985898017883301 6.655553087396102 3.348170757293701 2.5098657608032227 0.5334155559539795 1.1701590649727855 1.1990565061569214 1.3231983184814453
164 0.6989285945892334 6.651125749750288 3.4321110248565674 2.516946315765381 0.5421800017356873 1.1673525298090075 1.1880642175674438 1.3410258293151855
165 0.6989285945892334 6.622182161215504 3.431464433670044 2.5137746334075928 0.5421800017356873 1.1719927534552814 1.1876357793807983 1.3343480825424194
166 0.6989285945892334 6.622182161215504 3.431464433670044 2.5137746334075928 0.5421800017356873 1.1719927534552814 1.1876357793807983 1.3343480825424194
167 0.698213517665863 6.6224969674847864 3.430077075958252 2.5138564109802246 0.5423197746276855 1.1668969844618737 1.191372036933899 1.3269810676574707
168 0.6956577897071838 6.624498143198899 3.4300315380096436 2.510640859603882 0.5356633067131042 1.1528051143978437 1.183161973953247 1.3207323551177979
169 0.6945635676383972 6.627640408962031 3.429586887359619 2.513446807861328 0.5375562906265259 1.133336159646381 1.1844966411590576 1.3277437686920166
170 0.6924790740013123 6.626289542576254 3.430182695388794 2.5149195194244385 0.5377307534217834 1.1327370443438642 1.1851673126220703 1.3310596942901611
171 0.6924790740013123 6.626289542576254 3.430182695388794 2.5149195194244385 0.5377307534217834 1.1327370443438642 1.1851673126220703 1.3310596942901611
172 0.6904641389846802 6.606845266537412 3.432433605194092 2.5151584148406982 0.5364106893539429 1.1216892779631213 1.196615219116211 1.3305580615997314
173 0.6900612115859985 6.604717353962462 3.3845813274383545 2.5143532752990723 0.5348861217498779 1.1413321027538699 1.181581974029541 1.3289108276367188
174 0.6874913573265076 6.604059646740103 3.3839149475097656 2.5113444328308105 0.5303778648376465 1.1317672085914725 1.1772395372390747 1.321386456489563
175 0.6886665225028992 6.604293869867973 3.3840465545654297 2.5110087394714355 0.5317878723144531 1.1291754594861823 1.1759833097457886 1.320960521697998
176 0.6886665225028992 6.604293869867973 3.3840465545654297 2.5110087394714355 0.5317878723144531 1.1291754594861823 1.1759833097457886 1.320960521697998
177 0.6890379190444946 6.605146006682864 3.3842711448669434 2.512014627456665 0.5270097255706787 1.1295916085889723 1.1566215753555298 1.3138678073883057
178 0.6929835677146912 6.6113255299942875 3.391505002975464 2.5094058513641357 0.5434290170669556 1.0902556026356784 1.1661498546600342 1.3007962703704834
179 0.6929835677146912 6.61423058564274 3.3918652534484863 2.5094594955444336 0.5434290170669556 1.0821120977071135 1.159489393234253 1.3012471199035645
180 0.691990077495575 6.612781722582182 3.3918721675872803 2.5081286430358887 0.5414450168609619 1.0838678492496256 1.1583614349365234 1.2982592582702637
181 0.691990077495575 6.612781722582182 3.3918721675872803 2.5081286430358887 0.5414450168609619 1.0838678492496256 1.1583614349365234 1.2982592582702637
182 0.6920196413993835 6.611708393727077 3.391890525817871 2.5081422328948975 0.5414984822273254 1.085841936748594 1.1586363315582275 1.2982882261276245
183 0.6935579180717468 6.60937940591742 3.3942220211029053 2.5088586807250977 0.5437160730361938 1.0951194801488322 1.1595510244369507 1.2987431287765503
184 0.6935579180717468 6.607946008164979 3.3940353393554688 2.5088586807250977 0.5437160730361938 1.1046853305698774 1.1657683849334717 1.2987431287765503
185 0.6922168135643005 6.643160093401877 3.393801689147949 2.5088295936584473 0.543107271194458 1.1157412378523401 1.166329264640808 1.2981667518615723
186 0.6922168135643005 6.643970704466436 3.393801689147949 2.5088295936584473 0.543107271194458 1.111399881748348 1.1660202741622925 1.2981667518615723
187 0.6920583248138428 6.642563528860561 3.385899782180786 2.5121164321899414 0.5432593822479248 1.113419239091309 1.1534838676452637 1.3079067468643188
188 0.691004753112793 6.643118576564722 3.3850810527801514 2.507040023803711 0.5362597703933716 1.106512389190573 1.1457853317260742 1.2973127365112305
189 0.686632513999939 6.6456698984554965 3.383931875228882 2.4985296726226807 0.5267448425292969 1.0874900712024917 1.1312419176101685 1.2841378450393677
190 0.6891884803771973 6.62635835130581 3.3856773376464844 2.499234199523926 0.5280154347419739 1.0717460089721333 1.1363270282745361 1.2857134342193604
191 0.6891884803771973 6.62635835130581 3.3856773376464844 2.499234199523926 0.5280154347419739 1.0717460089721333 1.1363270282745361 1.2857134342193604
192 0.6938765645027161 6.625169583710034 3.386180877685547 2.5100514888763428 0.5340737104415894 1.0781063775747102 1.142533540725708 1.3064179420471191
193 0.6879517436027527 6.6280846763216665 3.409054756164551 2.5091447830200195 0.5234426856040955 1.0625065853246671 1.1606793403625488 1.304305911064148
194 0.6879433989524841 6.626306471905382 3.411879062652588 2.509197950363159 0.5234381556510925 1.0697335787269306 1.1725842952728271 1.304377794265747
195 0.6878510117530823 6.6252630497303215 3.4118316173553467 2.5087342262268066 0.5233596563339233 1.0759604271029621 1.1726715564727783 1.3035824298858643
196 0.6878510117530823 6.6252630497303215 3.4118316173553467 2.5087342262268066 0.5233596563339233 1.0759604271029621 1.1726715564727783 1.3035824298858643
197 0.6874920725822449 6.626673166692912 3.4114646911621094 2.510024309158325 0.5253691077232361 1.0691860086544767 1.1677173376083374 1.3054332733154297
198 0.6774702668190002 6.627562772022557 3.410191297531128 2.503096580505371 0.51292484998703 1.0712034411916884 1.1395856142044067 1.2900193929672241
199 0.6807540655136108 6.622713160663881 3.408782482147217 2.509183168411255 0.5162343978881836 1.0849319747996846 1.1416257619857788 1.301079511642456
200 0.6788339018821716 6.625063198590871 3.407276153564453 2.5112860202789307 0.5182009935379028 1.0660739066589768 1.1423953771591187 1.3031681776046753
201 0.6788339018821716 6.625063198590871 3.407294511795044 2.5112860202789307 0.5182009935379028 1.0660739066589768 1.1423768997192383 1.3031681776046753
202 0.6814005374908447 6.623568611019394 3.4071755409240723 2.51662278175354 0.5208447575569153 1.0636570498810223 1.1594966650009155 1.314496397972107
203 0.6818392276763916 6.675244940268927 3.405259132385254 2.5162413120269775 0.5202232599258423 1.07383621681794 1.1472264528274536 1.314137578010559
204 0.6808518171310425 6.673761431320467 3.441237449645996 2.516357898712158 0.5203373432159424 1.0738067585411575 1.1747758388519287 1.3140792846679688
205 0.6809062361717224 6.672930160428403 3.395909547805786 2.5163519382476807 0.5203583836555481 1.0699863230601825 1.1469593048095703 1.3140732049942017
206 0.6809062361717224 6.672930160428403 3.395909547805786 2.5163519382476807 0.5203583836555481 1.0699863230601825 1.1469593048095703 1.3140732049942017
207 0.6820422410964966 6.666943790753876 3.3964004516601563 2.5173418521881104 0.5215854048728943 1.0728227541832587 1.1468180418014526 1.3135119676589966
208 0.6807900667190552 6.664623859946685 3.3961970806121826 2.5173287391662598 0.5221671462059021 1.0798599346437945 1.1467177867889404 1.3133080005645752
209 0.6821795105934143 6.662603408933463 3.399723529815674 2.513341188430786 0.5217782855033875 1.1070927495875584 1.138122320175171 1.3150428533554077
210 0.6805879473686218 6.678034960277726 3.395639181137085 2.513803005218506 0.5118668675422668 1.1132523176757716 1.1226216554641724 1.3145009279251099
211 0.6805879473686218 6.678034960277726 3.395639181137085 2.513803005218506 0.5118668675422668 1.1132523176757716 1.1226216554641724 1.3145009279251099
212 0.6806150078773499 6.675053241771387 3.3956260681152344 2.513798952102661 0.5119031071662903 1.1173980543276127 1.1229606866836548 1.3144936561584473
213 0.6810992360115051 6.677264823492273 3.3935201168060303 2.514512300491333 0.512499988079071 1.1137025918053527 1.1250030994415283 1.3164113759994507
214 0.6788559556007385 6.66691724180108 3.3909480571746826 2.51727557182312 0.5186095237731934 1.1267431446736464 1.126725435256958 1.3205804824829102
215 0.6788559556007385 6.66691724180108 3.3906755447387695 2.51727557182312 0.5186095237731934 1.1267431446736464 1.126815915107727 1.3205804824829102
216 0.6788559556007385 6.66691724180108 3.3906755447387695 2.51727557182312 0.5186095237731934 1.1267431446736464 1.126815915107727 1.3205804824829102
217 0.6785067915916443 6.666517288804741 3.39168643951416 2.518353223800659 0.5191024541854858 1.127818099355514 1.130563497543335 1.32213294506073
218 0.6781112551689148 6.666800729448652 3.393505334854126 2.5173628330230713 0.5171284079551697 1.1261838263770667 1.12841796875 1.3202593326568604
219 0.6796998381614685 6.669688242264753 3.3934171199798584 2.5172905921936035 0.5177099704742432 1.1154675064887087 1.1300959587097168 1.3201489448547363
220 0.6794748902320862 6.669342176625554 3.3939433097839355 2.515681266784668 0.5170639753341675 1.1122863379934371 1.1300828456878662 1.3170874118804932
221 0.6794748902320862 6.669342176625554 3.3939433097839355 2.515681266784668 0.5170639753341675 1.1122863379934371 1.1300828456878662 1.3170874118804932
222 0.6777263283729553 6.672777954563073 3.3928892612457275 2.515779972076416 0.519702136516571 1.1035498935829078 1.1285451650619507 1.3156620264053345
223 0.6698750853538513 6.663682423835438 3.3864266872406006 2.5150845050811768 0.5195050239562988 1.1135967421723976 1.125599980354309 1.310292363166809
224 0.6709468960762024 6.662911393951558 3.38594388961792 2.515296459197998 0.521699845790863 1.1142233302614954 1.1324512958526611 1.3107200860977173
225 0.6709752678871155 6.664294873421284 3.386052370071411 2.515270471572876 0.5217885375022888 1.1106320005970507 1.1322823762893677 1.3104968070983887
226 0.6709752678871155 6.664294873421284 3.386052370071411 2.515270471572876 0.5217885375022888 1.1106320005970507 1.1322823762893677 1.3104968070983887
227 0.6669851541519165 6.665723351966909 3.3838016986846924 2.4983084201812744 0.5154725313186646 1.1003778241750435 1.1130083799362183 1.2781316041946411
228 0.6661678552627563 6.65807058325462 3.3830437660217285 2.498897075653076 0.5165307521820068 1.1239183388164704 1.11941659450531 1.2793762683868408
229 0.6676211953163147 6.657672406051565 3.3784613609313965 2.4928829669952393 0.5053831338882446 1.1337575232300825 1.112813115119934 1.2679402828216553
230 0.6674572229385376 6.660584430461419 3.379653215408325 2.492938280105591 0.5041279196739197 1.125706200344401 1.1157606840133667 1.268666386604309
231 0.6674572229385376 6.660718891618382 3.379653215408325 2.492938280105591 0.5041279196739197 1.1254218689237119 1.1157392263412476 1.268666386604309
232 0.6667248606681824 6.66431635431917 3.3799309730529785 2.4932165145874023 0.5051333904266357 1.1228450092715392 1.10996413230896 1.268941044807434
233 0.6669024229049683 6.6626463583766276 3.382014036178589 2.4926958084106445 0.5043196678161621 1.1266633051076964 1.111425757408142 1.2662732601165771
234 0.6668351888656616 6.664083176700694 3.3732945919036865 2.4926161766052246 0.504188597202301 1.1219136863165466 1.1275875568389893 1.2660841941833496
235 0.6646608710289001 6.664596952474079 3.373309850692749 2.4923436641693115 0.4997972846031189 1.1191579265409477 1.1267191171646118 1.262425184249878
236 0.6646608710289001 6.664596952474079 3.373309850692749 2.4923436641693115 0.4997972846031189 1.1191579265409477 1.1267191171646118 1.262425184249878
237 0.6644263863563538 6.663271470219673 3.402169942855835 2.4858851432800293 0.49981430172920227 1.1231245473228644 1.1136327981948853 1.2423925399780273
238 0.6645670533180237 6.663350265811362 3.402825117111206 2.4867382049560547 0.4995448589324951 1.122090309766189 1.1154329776763916 1.2441052198410034
239 0.6633262634277344 6.61554359542178 3.401822090148926 2.486923933029175 0.5014939308166504 1.1271002579021825 1.1153992414474487 1.2444616556167603
240 0.6617855429649353 6.615101554709657 3.401318073272705 2.4861059188842773 0.4992777705192566 1.1167491491813037 1.1079376935958862 1.2427361011505127
241 0.6617855429649353 6.615101554709657 3.401318073272705 2.4861059188842773 0.4992777705192566 1.1167491491813037 1.1079376935958862 1.2427361011505127
242 0.6617324352264404 6.617373677125501 3.4016776084899902 2.4855215549468994 0.49877604842185974 1.1229907002910071 1.1075676679611206 1.243115782737732
243 0.660938024520874 6.656986562718895 3.402211904525757 2.4858126640319824 0.49682778120040894 1.1248391438270078 1.1066957712173462 1.2444870471954346
244 0.660938024520874 6.611790630223169 3.4021804332733154 2.4858126640319824 0.49682778120040894 1.1206165523883738 1.1063584089279175 1.2444870471954346
245 0.6635040640830994 6.626665216461517 3.4025039672851563 2.488483428955078 0.5023915767669678 1.1107807231870501 1.1109302043914795 1.2531100511550903
246 0.6635040640830994 6.626665216461517 3.4025039672851563 2.488483428955078 0.5023915767669678 1.1107807231870501 1.1109302043914795 1.2531100511550903
247 0.66632479429245 6.630353182095029 3.4046876430511475 2.48643159866333 0.5058104395866394 1.0845905713513988 1.1234709024429321 1.2495100498199463
248 0.6658620834350586 6.62784877213973 3.4046504497528076 2.485189199447632 0.5069461464881897 1.0996172155841966 1.1264694929122925 1.2465341091156006
249 0.6674489378929138 6.64065116882229 3.404299736022949 2.487191677093506 0.5081242918968201 1.097540455221643 1.1285547018051147 1.2496920824050903
250 0.6704625487327576 6.639049885997251 3.4264349937438965 2.491137742996216 0.49804922938346863 1.1162929235977324 1.1590070724487305 1.2635270357131958
251 0.6704625487327576 6.639049885997251 3.4264349937438965 2.491137742996216 0.49804922938346863 1.1162929235977324 1.1590070724487305 1.2635270357131958
252 0.671073853969574 6.670074712934188 3.4267139434814453 2.4923994541168213 0.5035098195075989 1.126254027046164 1.1680794954299927 1.2656506299972534
253 0.671168863773346 6.670721665705528 3.426804304122925 2.4924368858337402 0.5036397576332092 1.1202245330766099 1.1678400039672852 1.2654505968093872
254 0.6723719835281372 6.6668089357818685 3.3955888748168945 2.4923019409179688 0.5037086606025696 1.1073056016170812 1.1257458925247192 1.265261173248291
255 0.6730706095695496 6.665132843783659 3.3963518142700195 2.492384910583496 0.5060216784477234 1.1147104679820417 1.129666805267334 1.2656961679458618
256 0.6730706095695496 6.665132843783659 3.3963518142700195 2.492384910583496 0.5060216784477234 1.1147104679820417 1.129666805267334 1.2656961679458618
257 0.6717519760131836 6.666212433326519 3.3963472843170166 2.489976644515991 0.5061327219009399 1.1100376185805232 1.1281442642211914 1.2609827518463135
258 0.6720170974731445 6.623489149333701 3.395230770111084 2.4901535511016846 0.5075444579124451 1.113209454669227 1.1344236135482788 1.2614120244979858
259 0.6749545335769653 6.623063853127159 3.3970634937286377 2.4912123680114746 0.5117258429527283 1.1145804749767185 1.1426432132720947 1.2625892162322998
260 0.6756021976470947 6.624548487777636 3.3969361782073975 2.4922163486480713 0.5118680596351624 1.1050502346445168 1.1426708698272705 1.2638283967971802
261 0.6756021976470947 6.624548487777636 3.3969361782073975 2.4922163486480713 0.5118680596351624 1.1050502346445168 1.1426708698272705 1.2638283967971802
262 0.6757533550262451 6.615596039009306 3.399134397506714 2.4922170639038086 0.5118795037269592 1.1247914532313732 1.1180510520935059 1.2637550830841064
263 0.6746789216995239 6.625133448298367 3.396892786026001 2.494385242462158 0.515950620174408 1.1295734210134134 1.1302474737167358 1.2679204940795898
264 0.6726731657981873 6.6261644748916115 3.396540641784668 2.491992950439453 0.5142166018486023 1.1256419321693116 1.1356762647628784 1.2639484405517578
265 0.6729347109794617 6.6249414153714685 3.395693778991699 2.495913028717041 0.5178164839744568 1.1259926577006178 1.1322873830795288 1.2731305360794067
266 0.6729347109794617 6.6249414153714685 3.395693778991699 2.495913028717041 0.5178164839744568 1.1259926577006178 1.1322873830795288 1.2731305360794067
267 0.6725165247917175 6.628391738056309 3.3846065998077393 2.4917800426483154 0.5178475975990295 1.0996719653925364 1.1101248264312744 1.2652817964553833
268 0.6726605892181396 6.628503091513775 3.3776192665100098 2.49623966217041 0.5171283483505249 1.0988885690001458 1.1075091361999512 1.2688484191894531
269 0.6725930571556091 6.628667456935398 3.377342462539673 2.496312379837036 0.5176883339881897 1.0960928305373316 1.109350562095642 1.268952488899231
270 0.6731518507003784 6.627867651846637 3.3775973320007324 2.4963274002075195 0.5173851251602173 1.1057201203542284 1.109724760055542 1.2690792083740234
271 0.6731518507003784 6.627867651846637 3.3775973320007324 2.4963274002075195 0.5173851251602173 1.1057201203542284 1.109724760055542 1.2690792083740234
272 0.6759661436080933 6.629880218702155 3.3809735774993896 2.49776291847229 0.5191835761070251 1.0825171191744096 1.112481951713562 1.2713607549667358
273 0.6824265718460083 6.628390306135131 3.38494610786438 2.498119592666626 0.5271099209785461 1.0893425225224618 1.1187939643859863 1.2770136594772339
274 0.697353720664978 6.628995079033039 3.39121150970459 2.4962546825408936 0.5400845408439636 1.1012537945748833 1.1370774507522583 1.2763962745666504
275 0.6984186172485352 6.63001179374603 3.4209203720092773 2.4947009086608887 0.5414928197860718 1.087822659722785 1.2010784149169922 1.2731724977493286
276 0.6984186172485352 6.63001179374603 3.4209203720092773 2.4947009086608887 0.5414928197860718 1.087822659722785 1.2010784149169922 1.2731724977493286
277 0.7110587358474731 6.626977869579554 3.42205810546875 2.4970591068267822 0.5565401911735535 1.0981869537864353 1.2088234424591064 1.2789586782455444
278 0.7113164663314819 6.629579017107621 3.4227538108825684 2.4971253871917725 0.5571069121360779 1.087948279030866 1.2076148986816406 1.2791694402694702
279 0.7139744162559509 6.632691859980141 3.4214041233062744 2.498717784881592 0.5614272356033325 1.0828271696375484 1.2104939222335815 1.2837587594985962
280 0.7139357924461365 6.63121285986441 3.4213905334472656 2.4987223148345947 0.5613239407539368 1.0871707316692385 1.2107346057891846 1.2837810516357422
281 0.7139357924461365 6.63121285986441 3.4213905334472656 2.4987223148345947 0.5613239407539368 1.0871707316692385 1.2107346057891846 1.2837810516357422
282 0.7144126296043396 6.630783333738201 3.419857978820801 2.4960155487060547 0.5624662637710571 1.0904724144812195 1.2061413526535034 1.2776707410812378
283 0.7133747339248657 6.630718935744955 3.4202511310577393 2.4958579540252686 0.561475932598114 1.0910119324660956 1.2058416604995728 1.2771214246749878
284 0.7160412073135376 6.622311523234019 3.343092918395996 2.4959962368011475 0.561346173286438 1.096585708398756 1.1435656547546387 1.2784771919250488
285 0.7205639481544495 6.660877908496711 3.3369638919830322 2.500750780105591 0.5658639073371887 1.1422171043089673 1.1671305894851685 1.288909912109375
286 0.7205639481544495 6.622423638201902 3.3369638919830322 2.500750780105591 0.5658639073371887 1.1374053332494636 1.1667803525924683 1.288909912109375
287 0.7212523818016052 6.622410533199809 3.336421251296997 2.4934420585632324 0.5660284161567688 1.137772580554594 1.1656383275985718 1.2850767374038696
288 0.7201263308525085 6.622117181711875 3.335235834121704 2.4934704303741455 0.5632117390632629 1.1252679218456048 1.160280466079712 1.2847152948379517
289 0.7199721336364746 6.6220643365630005 3.33514142036438 2.493387222290039 0.5629910826683044 1.1257237290892401 1.1600935459136963 1.2845735549926758
290 0.7199779748916626 6.621191739190024 3.3354780673980713 2.4984638690948486 0.5631347894668579 1.1163429646949499 1.1612902879714966 1.295350193977356
291 0.7199779748916626 6.621191739190024 3.3354780673980713 2.4984638690948486 0.5631347894668579 1.1163429646949499 1.1612902879714966 1.295350193977356
292 0.7195283770561218 6.6216764094357545 3.3345584869384766 2.497544765472412 0.5572845339775085 1.1130783489871225 1.150512456893921 1.2930920124053955
293 0.7178088426589966 6.669512229667209 3.3392727375030518 2.49760103225708 0.548257052898407 1.112016459205743 1.1408172845840454 1.2927072048187256
294 0.7204908728599548 6.640622709259816 3.3404719829559326 2.498781204223633 0.5450764894485474 1.0672788920301635 1.1243246793746948 1.2945228815078735
295 0.7200005054473877 6.6560168399577275 3.3450119495391846 2.498826503753662 0.545312225818634 1.082629734537212 1.1239813566207886 1.2945188283920288
296 0.7200005054473877 6.6560168399577275 3.3450119495391846 2.498826503753662 0.545312225818634 1.082629734537212 1.1239813566207886 1.2945188283920288
297 0.723056972026825 6.6399007010835565 3.349949836730957 2.4988536834716797 0.5468171238899231 1.094457835025722 1.1203612089157104 1.2952829599380493
298 0.7267493009567261 6.6417378244397 3.351344347000122 2.5068700313568115 0.5610277652740479 1.1069949254520333 1.1360609531402588 1.3108059167861938
299 0.7147309184074402 6.644769815461826 3.347943067550659 2.5013439655303955 0.5492995977401733 1.0861743608917913 1.1225918531417847 1.299684762954712
300 0.7183474898338318 6.645608977477289 3.3534088134765625 2.5015206336975098 0.5554461479187012 1.0785035202967115 1.1305406093597412 1.3015841245651245
301 0.7183474898338318 6.645608977477289 3.3534088134765625 2.5015206336975098 0.5554461479187012 1.0785035202967115 1.1305406093597412 1.3015841245651245
302 0.717564046382904 6.6506198429565915 3.3531346321105957 2.49989652633667 0.5547521710395813 1.0771651636882842 1.1299333572387695 1.2994589805603027
303 0.7160879969596863 6.654240427714152 3.350263833999634 2.4986729621887207 0.5569761395454407 1.0975924687827245 1.1694797277450562 1.2981958389282227
304 0.7252992987632751 6.683973814780545 3.356583833694458 2.5098533630371094 0.5856837630271912 1.050160129916521 1.1913652420043945 1.3237768411636353
305 0.7221436500549316 6.683274558836004 3.3559932708740234 2.504202127456665 0.5809274315834045 1.0579897928243132 1.1875958442687988 1.3098558187484741
306 0.7221436500549316 6.683274558836004 3.3559932708740234 2.504202127456665 0.5809274315834045 1.0579897928243132 1.1875958442687988 1.3098558187484741
307 0.7279485464096069 6.684652770664087 3.3554580211639404 2.5091915130615234 0.5897297263145447 1.0658454489320628 1.1856955289840698 1.3186380863189697
308 0.7281502485275269 6.674601536831924 3.3558008670806885 2.508667230606079 0.5925654768943787 1.062192529417193 1.1985667943954468 1.316834568977356
309 0.7287492752075195 6.675848079366117 3.359498977661133 2.5079333782196045 0.5838181376457214 1.0567675783229247 1.1775579452514648 1.3167521953582764
310 0.7260274291038513 6.680174952445259 3.3650383949279785 2.5036308765411377 0.5807008743286133 1.0224153528518385 1.169377088546753 1.3084570169448853
311 0.7260274291038513 6.680174952445259 3.3650383949279785 2.5036308765411377 0.5807008743286133 1.0224153528518385 1.169377088546753 1.3084570169448853
312 0.7294294834136963 6.678173941346116 3.363585948944092 2.508319854736328 0.585206925868988 1.029560871437323 1.1693191528320313 1.3162767887115479
313 0.723670244216919 6.689034200088359 3.3553037643432617 2.5072121620178223 0.581426739692688 1.0323140127994497 1.1683696508407593 1.3170056343078613
314 0.7329587340354919 6.650067047564796 3.363527297973633 2.5137269496917725 0.6005263328552246 1.0429908408066466 1.1902116537094116 1.3311350345611572
315 0.7320263385772705 6.649498748064877 3.364933729171753 2.514225482940674 0.5994756817817688 1.0519284328484098 1.1882846355438232 1.3346160650253296
316 0.7320263385772705 6.649498748064877 3.364933729171753 2.514225482940674 0.5994756817817688 1.0519284328484098 1.1882846355438232 1.3346160650253296
317 0.7319090962409973 6.677515775451829 3.362196683883667 2.5133657455444336 0.6005814671516418 1.004247128700575 1.191166877746582 1.3335925340652466
318 0.7315167188644409 6.679179096993261 3.3621819019317627 2.510650157928467 0.6007026433944702 0.9939256983636633 1.1922026872634888 1.3331031799316406
319 0.730100691318512 6.675214304232602 3.3621578216552734 2.5108914375305176 0.6000445485115051 1.0593609845030953 1.1969547271728516 1.3337293863296509
320 0.7176659107208252 6.674895659938313 3.3608670234680176 2.507819890975952 0.5848060250282288 1.0609136010270441 1.2225983142852783 1.326006293296814
321 0.7176659107208252 6.674895659938313 3.3608670234680176 2.507819890975952 0.5848060250282288 1.0609136010270441 1.2225983142852783 1.326006293296814
322 0.7212165594100952 6.678026586999799 3.36049222946167 2.508687734603882 0.5897175073623657 1.0308589315906198 1.22024405002594 1.3248389959335327
323 0.7129511833190918 6.6821612954302 3.3495121002197266 2.50540828704834 0.5834354758262634 1.0269375187119663 1.220943570137024 1.3190540075302124
324 0.7141014933586121 6.668196247839168 3.350614309310913 2.505725622177124 0.585835337638855 0.9215463589559479 1.2173515558242798 1.3191725015640259
325 0.7156126499176025 6.685726844365905 3.3503992557525635 2.507476329803467 0.5874164700508118 0.8985550135981241 1.2156296968460083 1.322493076324463
326 0.7156126499176025 6.685726844365905 3.3503992557525635 2.507476329803467 0.5874164700508118 0.8985550135981241 1.2156296968460083 1.322493076324463
327 0.7147964835166931 6.686473302903516 3.3514201641082764 2.5074071884155273 0.5866725444793701 0.8929762400173846 1.2154021263122559 1.3223850727081299
328 0.7125784158706665 6.667054046284839 3.3556041717529297 2.5022101402282715 0.5861925482749939 0.9913515415222443 1.226194143295288 1.3114722967147827
329 0.7124999761581421 6.669665964234461 3.355567693710327 2.502279281616211 0.5860623717308044 0.9818863986637344 1.2254739999771118 1.3116052150726318
330 0.7190185785293579 6.666081797110968 3.3580033779144287 2.5032472610473633 0.593768835067749 0.9981926339502926 1.2276155948638916 1.3140969276428223
331 0.7190185785293579 6.666081797110968 3.3580033779144287 2.5032472610473633 0.593768835067749 0.9981926339502926 1.2276155948638916 1.3140969276428223
332 0.7160590887069702 6.667623869179062 3.358206272125244 2.5040345191955566 0.5932002067565918 0.9919448644887201 1.228848934173584 1.313968300819397
333 0.7160824537277222 6.665711408187519 3.3583664894104004 2.5040855407714844 0.596156895160675 0.9978197952384207 1.2274547815322876 1.314192771911621
334 0.7199004292488098 6.665786588432733 3.358253240585327 2.5069713592529297 0.5992456078529358 0.9963660594815094 1.228774070739746 1.3206783533096313
335 0.720901370048523 6.664375277685286 3.357416868209839 2.5069689750671387 0.5997822284698486 1.004184135396339 1.2273668050765991 1.3209431171417236
336 0.720901370048523 6.664375277685286 3.357416868209839 2.5069689750671387 0.5997822284698486 1.004184135396339 1.2273668050765991 1.3209431171417236
337 0.7148072719573975 6.682068735710875 3.3550355434417725 2.5033340454101563 0.5938597917556763 0.9339815593662576 1.2169303894042969 1.3165905475616455
338 0.7145127058029175 6.677958022188001 3.353776693344116 2.5036864280700684 0.5957984328269958 0.9363607887864847 1.2171751260757446 1.3166619539260864
339 0.7145127058029175 6.642741898796226 3.353776693344116 2.5036864280700684 0.5957984328269958 1.191008896043204 1.2336502075195313 1.3166619539260864
340 0.7166209816932678 6.642081417141359 3.3551578521728516 2.5105392932891846 0.597672700881958 1.2044806850478116 1.238579273223877 1.3226311206817627
341 0.7166209816932678 6.642081417141359 3.3551578521728516 2.5105392932891846 0.597672700881958 1.2044806850478116 1.238579273223877 1.3226311206817627
342 0.7221019864082336 6.641046600880298 3.3550994396209717 2.5088281631469727 0.6041330695152283 1.217307350059596 1.2479591369628906 1.3221501111984253
343 0.7196491956710815 6.643278465661051 3.357086181640625 2.507594585418701 0.6009626388549805 1.1980099241275581 1.2422326803207397 1.3194376230239868
344 0.7205120921134949 6.655186665595525 3.3597335815429688 2.510223150253296 0.6035529375076294 1.102013805584404 1.233204960823059 1.325082540512085
345 0.7234711647033691 6.654908440591928 3.3609745502471924 2.5132503509521484 0.6095063090324402 1.1004486449911424 1.234985113143921 1.3295297622680664
346 0.7234711647033691 6.654908440591928 3.3609745502471924 2.5132503509521484 0.6095063090324402 1.1004486449911424 1.234985113143921 1.3295297622680664
347 0.7234539985656738 6.655825166937012 3.357612133026123 2.5381548404693604 0.6084738373756409 1.0968817454310493 1.2182036638259888 1.335648536682129
348 0.7199854254722595 6.647817758979598 3.349289655685425 2.538334846496582 0.5915199518203735 1.072076425052602 1.206125259399414 1.332762598991394
349 0.710352897644043 6.64697188700666 3.35992169380188 2.52547025680542 0.5796325206756592 1.0797417886473444 1.2128801345825195 1.3046491146087646
350 0.7218707799911499 6.645661295087814 3.3626482486724854 2.5284125804901123 0.5909562110900879 1.0928336817149598 1.2145429849624634 1.3106348514556885
351 0.7218707799911499 6.645661295087814 3.3626482486724854 2.5284125804901123 0.5909562110900879 1.0928336817149598 1.2145429849624634 1.3106348514556885
352 0.7218381762504578 6.64428042743141 3.360478639602661 2.5284011363983154 0.5910521149635315 1.0998152561820973 1.2309767007827759 1.310607671737671
353 0.7189504504203796 6.64368608616493 3.3623077869415283 2.5286672115325928 0.5870326161384583 1.1036988343664595 1.2325085401535034 1.3120787143707275
354 0.7187150716781616 6.644827459310068 3.3627171516418457 2.5278053283691406 0.5872232913970947 1.0986200489937215 1.233177900314331 1.3144148588180542
355 0.7188962697982788 6.644843481465895 3.3615517616271973 2.5277886390686035 0.5873075127601624 1.0983352693274442 1.2328888177871704 1.314489722251892
356 0.7188962697982788 6.644843481465895 3.3615517616271973 2.5277886390686035 0.5873075127601624 1.0983352693274442 1.2328888177871704 1.314489722251892
357 0.719038724899292 6.644753727093311 3.361769676208496 2.5278217792510986 0.5873952507972717 1.098721609166559 1.2213118076324463 1.3181804418563843
358 0.7192854881286621 6.64443796953402 3.362017869949341 2.528075695037842 0.5876476168632507 1.099163140241334 1.2221119403839111 1.3190443515777588
359 0.7198971509933472 6.643105065784932 3.3620505332946777 2.528198480606079 0.5868726968765259 1.109253931716115 1.2226462364196777 1.3196591138839722
360 0.7190779447555542 6.643289639999557 3.3622660636901855 2.5276315212249756 0.5858311653137207 1.1091717040333553 1.2218655347824097 1.3186663389205933
361 0.7190779447555542 6.643289639999557 3.3622660636901855 2.5276315212249756 0.5858311653137207 1.1091717040333553 1.2218655347824097 1.3186663389205933
362 0.7186011075973511 6.644252893719122 3.3621175289154053 2.527313470840454 0.5855461359024048 1.103379121795911 1.2214758396148682 1.3179455995559692
363 0.7180032730102539 6.652795925213393 3.360295534133911 2.524747848510742 0.585578203201294 1.0833714083591137 1.220907211303711 1.312589168548584
364 0.7205857038497925 6.653017240042162 3.3602817058563232 2.5249862670898438 0.588749885559082 1.0850857533170064 1.2216379642486572 1.3135557174682617
365 0.7203328609466553 6.650463371650938 3.362001657485962 2.5250799655914307 0.5842628479003906 1.0974445856694743 1.2266714572906494 1.3139957189559937
366 0.7203328609466553 6.650463371650938 3.362001657485962 2.5250799655914307 0.5842628479003906 1.0974445856694743 1.2266714572906494 1.3139957189559937
367 0.7150809168815613 6.6512006500531315 3.3612782955169678 2.5242831707000732 0.5808668732643127 1.0952319287406276 1.2234501838684082 1.3116275072097778
368 0.7165524959564209 6.656699415400429 3.3596811294555664 2.523388385772705 0.5878562927246094 1.0747640163219048 1.2212566137313843 1.3085576295852661
369 0.7165524959564209 6.655768914266645 3.3596811294555664 2.523388385772705 0.5878562927246094 1.0769259104094093 1.2213985919952393 1.3085576295852661
370 0.7099076509475708 6.65372639908926 3.358515739440918 2.519014835357666 0.5781177282333374 1.0857224836452417 1.2166352272033691 1.3018008470535278
371 0.7099076509475708 6.65372639908926 3.358515739440918 2.519014835357666 0.5781177282333374 1.0857224836452417 1.2166352272033691 1.3018008470535278
372 0.7096976637840271 6.648393191209795 3.358576536178589 2.518876314163208 0.5779805183410645 1.025688340948859 1.2119381427764893 1.3012179136276245
373 0.7060124278068542 6.648741040780152 3.3604278564453125 2.5158236026763916 0.5729305744171143 1.0237728155991779 1.2120124101638794 1.3050415515899658
374 0.7056981325149536 6.650357496763635 3.3595802783966064 2.515714168548584 0.5727633237838745 1.0159753063848933 1.211827039718628 1.3045052289962769
375 0.7080920934677124 6.656183394264747 3.3595545291900635 2.523331880569458 0.5814191699028015 0.9892123221967409 1.2160629034042358 1.3212190866470337
376 0.7080920934677124 6.656183394264747 3.3595545291900635 2.523331880569458 0.5814191699028015 0.9892123221967409 1.2160629034042358 1.3212190866470337
377 0.707313597202301 6.649037010438683 3.3595621585845947 2.5235533714294434 0.580782413482666 1.00626043291895 1.2130481004714966 1.3215991258621216
378 0.6895841956138611 6.651656420021727 3.3596975803375244 2.5207417011260986 0.5592203736305237 0.9973731275834574 1.2084267139434814 1.3144261837005615
379 0.6898477077484131 6.6560129495367795 3.3596248626708984 2.5206103324890137 0.5601072311401367 1.0107557341504287 1.209205985069275 1.314174771308899
380 0.6889072060585022 6.6564344445147094 3.3596606254577637 2.5205743312835693 0.5602303147315979 1.0276971853669812 1.2101737260818481 1.314279556274414
381 0.6889072060585022 6.6564344445147094 3.3596606254577637 2.5205743312835693 0.5602303147315979 1.0276971853669812 1.2101737260818481 1.314279556274414
382 0.6893251538276672 6.656661452201621 3.3571431636810303 2.5223777294158936 0.5627291798591614 1.0300377104205742 1.210863709449768 1.3177775144577026
383 0.6893434524536133 6.656314206406122 3.355970621109009 2.5218114852905273 0.5627641677856445 1.0428888152527813 1.2132384777069092 1.3163889646530151
384 0.6890295147895813 6.656404202865681 3.3536314964294434 2.5218429565429688 0.5625816583633423 1.0480097751427229 1.2129840850830078 1.316640853881836
385 0.6913390755653381 6.656699185429386 3.3541409969329834 2.52266263961792 0.5656761527061462 1.0430584375573957 1.2152799367904663 1.3171533346176147
386 0.6913390755653381 6.656699185429386 3.3541409969329834 2.52266263961792 0.5656761527061462 1.0430584375573957 1.2152799367904663 1.3171533346176147
387 0.6900269985198975 6.657773619915401 3.3530519008636475 2.5222578048706055 0.5670441389083862 1.0282842298703045 1.215234637260437 1.3159356117248535
388 0.6900627613067627 6.659441278943761 3.3550379276275635 2.522228717803955 0.5666523575782776 1.0149245872572639 1.1975102424621582 1.3157918453216553
389 0.6874461770057678 6.654563445312484 3.3542046546936035 2.514845132827759 0.5629679560661316 1.0209598777264863 1.1917186975479126 1.2999519109725952
390 0.6864186525344849 6.665188503412467 3.356529951095581 2.5144712924957275 0.5677656531333923 0.9413578252394493 1.1963555812835693 1.297993779182434
391 0.6864186525344849 6.665188503412467 3.356529951095581 2.5144712924957275 0.5677656531333923 0.9413578252394493 1.1963555812835693 1.297993779182434
392 0.6879167556762695 6.662788208871105 3.3574843406677246 2.5145139694213867 0.5691077709197998 0.9557956241537585 1.1978293657302856 1.2988367080688477
393 0.6879658102989197 6.663704646053344 3.3573834896087646 2.5145187377929688 0.5691264867782593 0.948672911301242 1.2002038955688477 1.2988369464874268
394 0.687417209148407 6.661257971810556 3.3582301139831543 2.514173746109009 0.5683106184005737 0.963348946692157 1.1990611553192139 1.2981698513031006
395 0.7067253589630127 6.659692172877561 3.3620829582214355 2.517948865890503 0.5851895809173584 0.961985632019893 1.2195072174072266 1.3099946975708008
396 0.7067253589630127 6.659692172877561 3.3620829582214355 2.517948865890503 0.5851895809173584 0.961985632019893 1.2195072174072266 1.3099946975708008
397 0.7066890597343445 6.6593600422905395 3.3623111248016357 2.5180037021636963 0.585132360458374 0.970191550860452 1.2195895910263062 1.3100484609603882
398 0.7056249976158142 6.65961137732361 3.361394166946411 2.517895460128784 0.5842705965042114 0.9607168370987242 1.2191678285598755 1.309828758239746
399 0.7056249976158142 6.659924326914508 3.3614683151245117 2.517895460128784 0.5842705965042114 0.9582630769065332 1.2187901735305786 1.309828758239746
400 0.7052345871925354 6.658883126800902 3.3610334396362305 2.5177669525146484 0.5833668112754822 0.9671911073183013 1.218075156211853 1.309470772743225
401 0.7052345871925354 6.658883126800902 3.3610334396362305 2.5177669525146484 0.5833668112754822 0.9671911073183013 1.218075156211853 1.309470772743225
402 0.7062793970108032 6.667455239299856 3.3618640899658203 2.51843523979187 0.5847836136817932 0.948661682565528 1.216454267501831 1.3111376762390137
403 0.7062793970108032 6.668224591113584 3.361846923828125 2.518036365509033 0.5847836136817932 0.9443335355859713 1.215926170349121 1.30824875831604
404 0.7066790461540222 6.666799563919919 3.361790180206299 2.5180654525756836 0.5848201513290405 0.9538362203793397 1.217276930809021 1.3082588911056519
405 0.7043756246566772 6.662483549258072 3.362318754196167 2.5117101669311523 0.5819455981254578 0.9314515030192505 1.2161452770233154 1.2961227893829346
406 0.7043756246566772 6.662483549258072 3.362318754196167 2.5117101669311523 0.5819455981254578 0.9314515030192505 1.2161452770233154 1.2961227893829346
407 0.7045196294784546 6.660931323582648 3.3520474433898926 2.5117075443267822 0.5818800330162048 0.9407355884861508 1.2139745950698853 1.2963157892227173
408 0.7062086462974548 6.661523478783003 3.349609613418579 2.513636350631714 0.5811465382575989 0.9408553463027032 1.2069511413574219 1.3000627756118774
409 0.7071606516838074 6.659909388925903 3.3504128456115723 2.514867067337036 0.5834718346595764 0.9493745130002337 1.215572476387024 1.3024590015411377
410 0.7172675728797913 6.65879946271002 3.351541519165039 2.518209218978882 0.5929501056671143 0.9499444272710734 1.2191402912139893 1.3084193468093872
411 0.7172675728797913 6.65879946271002 3.351541519165039 2.518209218978882 0.5929501056671143 0.9499444272710734 1.2191402912139893 1.3084193468093872
412 0.7171787023544312 6.665846960068636 3.350968837738037 2.5181686878204346 0.5929346680641174 0.9598966306214858 1.2191689014434814 1.3083252906799316
413 0.7147685885429382 6.667564563132027 3.350844383239746 2.5179390907287598 0.5902450084686279 0.9502259951548604 1.217893123626709 1.3076434135437012
414 0.7139812707901001 6.6700133406445765 3.3493552207946777 2.515855550765991 0.5872501134872437 0.9410881887561274 1.2186291217803955 1.3054498434066772
415 0.7122299671173096 6.66736492582116 3.3487331867218018 2.5146234035491943 0.5860241055488586 0.9510656919893398 1.2187893390655518 1.3037949800491333
416 0.7122299671173096 6.66736492582116 3.3487331867218018 2.5146234035491943 0.5860241055488586 0.9510656919893398 1.2187893390655518 1.3037949800491333
417 0.7159252762794495 6.664420569569248 3.3488962650299072 2.5200695991516113 0.5901061296463013 0.9764934811965491 1.2205991744995117 1.3149302005767822
418 0.7160632610321045 6.664830217289994 3.3490664958953857 2.519231081008911 0.590813934803009 0.975527208617861 1.2195125818252563 1.3134208917617798
419 0.7157129049301147 6.663689332382045 3.3502631187438965 2.518793821334839 0.5889022350311279 0.9817038466577146 1.2194560766220093 1.3135985136032104
420 0.7161774635314941 6.659989258931209 3.3517873287200928 2.5182580947875977 0.5886218547821045 0.9642715025664296 1.2188876867294312 1.312564730644226
421 0.7161774635314941 6.659989258931209 3.3517873287200928 2.5182580947875977 0.5886218547821045 0.9642715025664296 1.2188876867294312 1.312564730644226
422 0.7179325819015503 6.656062721081179 3.3463780879974365 2.5189337730407715 0.5871068239212036 0.9764907701586575 1.2193807363510132 1.3155518770217896
423 0.7259424328804016 6.652602529157159 3.346618175506592 2.5207743644714355 0.597488284111023 0.9885484079963585 1.2238316535949707 1.319437861442566
424 0.7229313254356384 6.652472446999843 3.3397774696350098 2.521252393722534 0.5963186621665955 0.9904526520600831 1.2211142778396606 1.3194345235824585
425 0.7086355686187744 6.646368885143725 3.339326858520508 2.5189707279205322 0.5798920392990112 1.0250390685216277 1.2201353311538696 1.3139622211456299
426 0.7086355686187744 6.646368885143725 3.339326858520508 2.5189707279205322 0.5798920392990112 1.0250390685216277 1.2201353311538696 1.3139622211456299
427 0.7099769711494446 6.646192225276861 3.3416693210601807 2.5179827213287354 0.5819339752197266 1.0236528493805277 1.2372876405715942 1.3115395307540894
428 0.7045100927352905 6.652822118211423 3.3416523933410645 2.5161654949188232 0.573954164981842 1.0520270178014721 1.2305437326431274 1.3075937032699585
429 0.7045100927352905 6.652822118211423 3.3416523933410645 2.5161654949188232 0.573954164981842 1.0520270178014721 1.2305437326431274 1.3075937032699585
430 0.7073366641998291 6.652398691830309 3.3409366607666016 2.515272855758667 0.5744404196739197 1.0470869926319886 1.2299996614456177 1.3052799701690674
431 0.7073366641998291 6.652398691830309 3.3409366607666016 2.515272855758667 0.5744404196739197 1.0470869926319886 1.2299996614456177 1.3052799701690674
432 0.706545889377594 6.65263412237022 3.3402249813079834 2.514812469482422 0.575050413608551 1.0471203078568432 1.2154998779296875 1.3044792413711548
433 0.706309974193573 6.6525862836182235 3.3401665687561035 2.5146169662475586 0.5748528242111206 1.0472466117009136 1.2150118350982666 1.3037910461425781
434 0.7073197364807129 6.646319717936515 3.340954542160034 2.5148191452026367 0.5769692659378052 1.0434788258578542 1.2270817756652832 1.3052345514297485
435 0.7064496278762817 6.634717362871912 3.3382437229156494 2.51477313041687 0.5767265558242798 1.0408427981086206 1.2230443954467773 1.3047207593917847
436 0.7064496278762817 6.634717362871912 3.3382437229156494 2.51477313041687 0.5767265558242798 1.0408427981086206 1.2230443954467773 1.3047207593917847
437 0.7064496278762817 6.63927295122903 3.3405420780181885 2.51477313041687 0.5767265558242798 1.0597622805643392 1.2275872230529785 1.3047207593917847
438 0.7065215706825256 6.647383450165666 3.340592622756958 2.5146663188934326 0.5766215920448303 1.0554808024665137 1.2268677949905396 1.3044955730438232
439 0.7063056230545044 6.647524140262103 3.3407821655273438 2.514641284942627 0.5764217376708984 1.039122807249574 1.226428747177124 1.3044880628585815
440 0.7022600173950195 6.647563552443364 3.338142156600952 2.5157530307769775 0.5782762169837952 1.040962899192559 1.2311515808105469 1.3070474863052368
441 0.7022600173950195 6.647563552443364 3.338142156600952 2.5157530307769775 0.5782762169837952 1.040962899192559 1.2311515808105469 1.3070474863052368
442 0.6976915001869202 6.6483131937173905 3.3354663848876953 2.5147974491119385 0.5736595392227173 1.0309657031893695 1.2444238662719727 1.3046350479125977
443 0.6985856294631958 6.648620910678083 3.33597993850708 2.514671564102173 0.5724036693572998 1.0497085578640568 1.241684079170227 1.3050360679626465
444 0.6992183327674866 6.648616582591614 3.3360321521759033 2.5147111415863037 0.5725423097610474 1.0464596190182023 1.2424691915512085 1.3050493001937866
445 0.6992110013961792 6.649149603991251 3.336073398590088 2.5145771503448486 0.5719358921051025 1.0366045798269685 1.24189031124115 1.3048624992370605
446 0.6992110013961792 6.649149603991251 3.336073398590088 2.5145771503448486 0.5719358921051025 1.0366045798269685 1.24189031124115 1.3048624992370605
447 0.7074200510978699 6.647416045398591 3.3372488021850586 2.5187325477600098 0.5809470415115356 1.0519555016859832 1.2440723180770874 1.3150557279586792
448 0.6915422677993774 6.649112394913458 3.336744785308838 2.5141665935516357 0.5672282576560974 1.042849008035491 1.2350974082946777 1.3040187358856201
449 0.691848635673523 6.653471100904074 3.336738109588623 2.5141544342041016 0.5674574375152588 1.0265989858626332 1.2341302633285522 1.3040186166763306
450 0.6916149258613586 6.653964073023886 3.336810827255249 2.514092206954956 0.567287266254425 1.0253963009571962 1.2339776754379272 1.30385422706604
451 0.6916149258613586 6.653964073023886 3.336810827255249 2.514092206954956 0.567287266254425 1.0253963009571962 1.2339776754379272 1.30385422706604
452 0.6883047223091125 6.613582690986679 3.3383476734161377 2.5145864486694336 0.5639964938163757 1.1188537302626116 1.2354991436004639 1.305542230606079
453 0.6871776580810547 6.615352132580362 3.3406102657318115 2.510442018508911 0.561646044254303 1.1319425414335713 1.238595962524414 1.2974385023117065
454 0.6873086094856262 6.616273286179349 3.3409745693206787 2.5108072757720947 0.5616338849067688 1.111203395916306 1.2390365600585938 1.300404667854309
455 0.6913130879402161 6.616006647754313 3.341259241104126 2.5122342109680176 0.5650265216827393 1.115232629914395 1.2383530139923096 1.3001253604888916
456 0.6913130879402161 6.616006647754313 3.341259241104126 2.5122342109680176 0.5650265216827393 1.115232629914395 1.2383530139923096 1.3001253604888916
457 0.7011222839355469 6.614444277434981 3.339815139770508 2.516728639602661 0.5665414929389954 1.1160788684912215 1.2329221963882446 1.3082576990127563
458 0.70224529504776 6.614882062842948 3.3399009704589844 2.5167951583862305 0.5675421953201294 1.1110267554183726 1.2326724529266357 1.3085769414901733
459 0.7012069821357727 6.613872343291218 3.340916395187378 2.516096591949463 0.5671224594116211 1.1002648625263605 1.2319220304489136 1.3067340850830078
460 0.7018559575080872 6.613178610881302 3.3391973972320557 2.5160481929779053 0.5667597651481628 1.111913084910691 1.2312391996383667 1.3066154718399048
461 0.7018559575080872 6.613178610881302 3.3391973972320557 2.5160481929779053 0.5667597651481628 1.111913084910691 1.2312391996383667 1.3066154718399048
462 0.7018804550170898 6.625166948571871 3.3393046855926514 2.516399383544922 0.5666139721870422 1.0794130037257283 1.2302643060684204 1.3069812059402466
463 0.7038730382919312 6.627826493420721 3.33487868309021 2.5177857875823975 0.5683491826057434 1.0587056455234143 1.2072176933288574 1.3097915649414063
464 0.6958150267601013 6.620595898646177 3.3273203372955322 2.507800340652466 0.5588575601577759 1.088367037021625 1.1867694854736328 1.293650507926941
465 0.7034205794334412 6.625943054567007 3.3247225284576416 2.5115280151367188 0.5733178853988647 1.0320175749398475 1.2019720077514648 1.3010295629501343
466 0.7034205794334412 6.625943054567007 3.3247225284576416 2.5115280151367188 0.5733178853988647 1.0320175749398475 1.2019720077514648 1.3010295629501343
467 0.6787892580032349 6.627334665059691 3.3226239681243896 2.475372076034546 0.5330842137336731 1.0373503513299174 1.18522310256958 1.2264173030853271
468 0.6804171800613403 6.624250153293495 3.274446487426758 2.4780385494232178 0.5498071312904358 1.0504822162342897 1.2394945621490479 1.232865571975708
469 0.677908182144165 6.623766947516249 3.274153709411621 2.476773738861084 0.5486440658569336 1.0572660681282144 1.234989881515503 1.2293604612350464
470 0.6751355528831482 6.621394938279145 3.273505687713623 2.4771692752838135 0.5474542379379272 1.0781465118710534 1.243221402168274 1.2272132635116577
471 0.6751355528831482 6.621394938279145 3.273505687713623 2.4771692752838135 0.5474542379379272 1.0781465118710534 1.243221402168274 1.2272132635116577
472 0.6788206100463867 6.621028181686447 3.27314829826355 2.4809377193450928 0.5544542670249939 1.071383999044712 1.2473405599594116 1.2355295419692993
473 0.6793684363365173 6.620680657102074 3.2714264392852783 2.482325553894043 0.5548251867294312 1.074768823133099 1.2515523433685303 1.241247296333313
474 0.6816645860671997 6.639315122111916 3.277106523513794 2.4821155071258545 0.5560545921325684 0.9330728192876482 1.2462873458862305 1.2407684326171875
475 0.6833928227424622 6.6400318569456305 3.277904748916626 2.485060453414917 0.5565540194511414 0.9267339487708635 1.2471956014633179 1.2343039512634277
476 0.6833928227424622 6.6400318569456305 3.277904748916626 2.485060453414917 0.5565540194511414 0.9267339487708635 1.2471956014633179 1.2343039512634277
477 0.6844998002052307 6.638956594232873 3.277954578399658 2.4850077629089355 0.557826817035675 0.9364889436946859 1.2476978302001953 1.2342549562454224
478 0.6843717098236084 6.64185835156262 3.2779150009155273 2.4855141639709473 0.5570353269577026 0.9165291401934796 1.2465187311172485 1.2362343072891235
479 0.6854286193847656 6.64000349380609 3.278815746307373 2.4829628467559814 0.5577678680419922 0.9234726115065282 1.2573095560073853 1.2467765808105469
480 0.6871194243431091 6.638663089401426 3.2787699699401855 2.487043857574463 0.5596787929534912 0.937661749284979 1.2583602666854858 1.2558594942092896
481 0.6871194243431091 6.638663089401426 3.2787699699401855 2.487043857574463 0.5596787929534912 0.937661749284979 1.2583602666854858 1.2558594942092896
482 0.6869456768035889 6.646371629090143 3.278700113296509 2.4912877082824707 0.5590019822120667 0.9531294636186939 1.2501829862594604 1.2453501224517822
483 0.6868605613708496 6.6458514991894635 3.2786848545074463 2.491281032562256 0.5590901374816895 0.9616816535352773 1.2506511211395264 1.2453279495239258
484 0.6983366012573242 6.651149890024846 3.279514789581299 2.498704671859741 0.5598858594894409 0.9375024051501263 1.2377747297286987 1.258765697479248
485 0.697722852230072 6.683741034174488 3.403546094894409 2.4986181259155273 0.5603802800178528 0.9360813540866617 1.2289060354232788 1.2589950561523438
486 0.697722852230072 6.683741034174488 3.403546094894409 2.4986181259155273 0.5603802800178528 0.9360813540866617 1.2289060354232788 1.2589950561523438
487 0.6972219944000244 6.684243671268948 3.4033048152923584 2.498349189758301 0.5599913001060486 0.9339415225896587 1.2300373315811157 1.2580242156982422
488 0.6991140246391296 6.685017023246583 3.4041342735290527 2.5007333755493164 0.5631507635116577 0.938621463178797 1.2346124649047852 1.262745976448059
489 0.6990928053855896 6.686592667444603 3.402996778488159 2.500279188156128 0.5625085830688477 0.9328267787665508 1.2304250001907349 1.2607344388961792
490 0.693598747253418 6.666301996412151 3.4074432849884033 2.498441457748413 0.5612589716911316 0.9205371771685873 1.2261419296264648 1.2584277391433716
491 0.693598747253418 6.666301996412151 3.4074432849884033 2.498441457748413 0.5612589716911316 0.9205371771685873 1.2261419296264648 1.2584277391433716
492 0.6934622526168823 6.686268127086165 3.4090638160705566 2.4982447624206543 0.563782274723053 0.9286638457723632 1.221139907836914 1.2574163675308228
493 0.6934690475463867 6.652450984855167 3.408951997756958 2.498051404953003 0.5637576580047607 0.910951051275534 1.2208489179611206 1.2628828287124634
494 0.6980489492416382 6.651003925104127 3.407857656478882 2.5060219764709473 0.5703465938568115 0.9565244076591021 1.2307432889938354 1.2785041332244873
495 0.6984168291091919 6.650809686179943 3.4046521186828613 2.5035388469696045 0.5718939304351807 0.9680522535085689 1.2373778820037842 1.2787843942642212
496 0.6984168291091919 6.650809686179943 3.4046521186828613 2.5035388469696045 0.5718939304351807 0.9680522535085689 1.2373778820037842 1.2787843942642212
497 0.7017053961753845 6.628604795757961 3.4047462940216064 2.507045269012451 0.5759771466255188 1.0450709764300132 1.2424780130386353 1.2855100631713867
498 0.6979374885559082 6.629441342365597 3.403440475463867 2.5017995834350586 0.5689740777015686 1.048546824498315 1.2382228374481201 1.2753534317016602
499 0.698710560798645 6.6294644418652835 3.3796257972717285 2.4946606159210205 0.5681653618812561 1.0353767078316352 1.2574784755706787 1.2598375082015991
500 0.6970710158348083 6.6298799514023745 3.380810499191284 2.493961811065674 0.5628919005393982 1.026275759150946 1.2558046579360962 1.2593638896942139
