init 1.141810655593872 3.996328786223615 3.3424439430236816 4.636297702789307 0.0 0.0 0.0 0.0
1 1.141810655593872 3.780011234646075 3.3424439430236816 4.636297702789307 0.0 2.420887995785884 0.7747206687927246 0.0
2 1.193602204322815 3.4785562764407505 3.390754461288452 4.637064456939697 0.4219950735569 2.3660937823796666 0.8929167985916138 0.48502853512763977
3 1.2400509119033813 2.7508471912898544 3.408496856689453 4.6783857345581055 0.42269665002822876 1.951392187572987 0.8156128525733948 0.47346875071525574
4 1.2551438808441162 3.036521288745629 3.4212486743927 4.701186656951904 0.43369895219802856 2.743776805204676 1.0526083707809448 0.49806568026542664
5 1.2539081573486328 3.0544225279481836 3.4105286598205566 4.705430030822754 0.4122961759567261 2.7277658761308796 1.035161018371582 0.48782509565353394
6 1.2539081573486328 3.0544225279481836 3.4108176231384277 4.705430030822754 0.4122961759567261 2.7277658761308796 1.035915732383728 0.48782509565353394
7 1.2754513025283813 3.0686036794347022 3.412146806716919 4.717550277709961 0.44081687927246094 2.6629537841959743 1.0898628234863281 0.4758409261703491
8 1.2798850536346436 3.557735764740153 3.42490291595459 4.765868186950684 0.4476583003997803 2.8527262172905226 1.194090723991394 0.5441343188285828
9 1.290256381034851 3.8531174407886617 3.41827130317688 4.773130416870117 0.46750614047050476 3.250062688343981 1.3319077491760254 0.5581154227256775
10 1.2504503726959229 3.3881862439849093 3.4050018787384033 4.745816230773926 0.4313269853591919 2.822127160482015 1.2069145441055298 0.5467251539230347
11 1.2504503726959229 3.3881862439849093 3.4050018787384033 4.745816230773926 0.4313269853591919 2.822127160482015 1.2069145441055298 0.5467251539230347
12 1.2617565393447876 3.5629684728480915 3.4185233116149902 4.739175796508789 0.44290339946746826 2.9862931241263144 1.2745126485824585 0.5304052233695984
13 1.258805751800537 3.569591903815252 3.417490005493164 4.740250587463379 0.44501978158950806 2.9896593153141677 1.2744560241699219 0.5067095756530762
14 1.247586727142334 3.677481810025436 3.419316053390503 4.760258674621582 0.44153550267219543 3.1217367469232635 1.3329517841339111 0.5048915147781372
15 1.3138856887817383 3.731099483419055 3.4331159591674805 4.837810039520264 0.5048374533653259 3.1000475556098848 1.343965768814087 0.5696560740470886
16 1.3138856887817383 3.731099483419055 3.4331159591674805 4.837810039520264 0.5048374533653259 3.1000475556098848 1.343965768814087 0.5696560740470886
17 1.3036096096038818 3.742788993135488 3.4339523315429688 4.825578689575195 0.49469998478889465 3.139408422426951 1.403653621673584 0.572675347328186
18 1.279918909072876 3.777791126860487 3.424804210662842 4.799856662750244 0.4621328115463257 3.1517668451274936 1.4011372327804565 0.5259031653404236
19 1.263852834701538 3.789200849020226 3.408963918685913 4.800650119781494 0.4057809114456177 3.1528870451622666 1.3640834093093872 0.46291637420654297
20 1.2686344385147095 3.7109418707065664 3.4081695079803467 4.799530982971191 0.4198777675628662 3.148746626441185 1.3855575323104858 0.4724709689617157
21 1.2686344385147095 3.7109418707065664 3.4081695079803467 4.799530982971191 0.4198777675628662 3.148746626441185 1.3855575323104858 0.4724709689617157
22 1.276221752166748 3.7657477502914327 3.4149692058563232 4.825169086456299 0.4285205900669098 3.2163283612560325 1.407507300376892 0.5382494926452637
23 1.2761058807373047 3.7326238734336608 3.415043592453003 4.825161933898926 0.42841967940330505 3.2274244145079134 1.413120985031128 0.5384039878845215
24 1.2953749895095825 3.7833787122970053 3.4666476249694824 4.8696184158325195 0.4560207724571228 3.264365534179764 1.5737191438674927 0.675452470779419
25 1.3050131797790527 3.851842005046159 3.4750988483428955 4.883627414703369 0.4886474907398224 3.253420186315628 1.6085965633392334 0.7034977078437805
26 1.3050131797790527 3.851842005046159 3.4750988483428955 4.883627414703369 0.4886474907398224 3.253420186315628 1.6085965633392334 0.7034977078437805
27 1.2894914150238037 3.790667908228147 3.426842212677002 4.864124774932861 0.47636890411376953 3.3829600674624163 1.515027403831482 0.691030740737915
28 1.2830705642700195 3.896186781692661 3.417665958404541 4.855593204498291 0.4619225859642029 3.459549961605617 1.512662410736084 0.6774658560752869
29 1.2774288654327393 3.889217554577678 3.4171347618103027 4.85098123550415 0.44971543550491333 3.4586096624013756 1.508538842201233 0.6699627637863159
30 1.321518063545227 3.9652988192085714 3.442157030105591 4.937908172607422 0.5024490356445313 3.514168593168661 1.5646263360977173 0.8336607217788696
31 1.321518063545227 3.9652988192085714 3.442157030105591 4.937908172607422 0.5024490356445313 3.514168593168661 1.5646263360977173 0.8336607217788696
32 1.3042632341384888 3.90676318093534 3.4525527954101563 4.899560928344727 0.49729666113853455 3.4892028556290065 1.6244879961013794 0.8042586445808411
33 1.298497200012207 3.8736136222890365 3.4786932468414307 4.889898777008057 0.5014298558235168 3.4721453483775195 1.686241865158081 0.7905745506286621
34 1.2945853471755981 3.876289487827271 3.4746334552764893 4.885249614715576 0.49296194314956665 3.4854127686712846 1.6819565296173096 0.7838344573974609
35 1.296838641166687 3.9292139754535778 3.4959590435028076 4.890644073486328 0.49538207054138184 3.475427669346574 1.7397100925445557 0.7907733917236328
36 1.296838641166687 3.9292139754535778 3.4959590435028076 4.890644073486328 0.49538207054138184 3.475427669346574 1.7397100925445557 0.7907733917236328
37 1.2780810594558716 3.3196621996610602 3.4862067699432373 4.86635160446167 0.4800128936767578 3.038220632335357 1.6449344158172607 0.7701082825660706
38 1.261305570602417 3.2615124763802945 3.459301233291626 4.833798885345459 0.46376410126686096 3.0166759463918145 1.5881837606430054 0.7303028106689453
39 1.260412573814392 3.271115152243705 3.4574806690216064 4.835261344909668 0.46215149760246277 3.020715456132147 1.5677777528762817 0.7321751713752747
40 1.2632650136947632 3.2662515391760727 3.4527881145477295 4.833781719207764 0.4753788709640503 3.030128811709811 1.5678011178970337 0.7472552061080933
41 1.2632650136947632 3.2662515391760727 3.4527881145477295 4.833781719207764 0.4753788709640503 3.030128811709811 1.5678011178970337 0.7472552061080933
42 1.2632802724838257 3.265761359302472 3.45782208442688 4.83329963684082 0.4742374122142792 3.0298590503198977 1.62264084815979 0.7463434338569641
43 1.2619887590408325 3.2543044731862705 3.458197593688965 4.83052396774292 0.47270631790161133 2.987299411022495 1.615625023841858 0.741313099861145
44 1.259997010231018 3.2146882968946637 3.4563333988189697 4.827764511108398 0.47205719351768494 3.0985950756976868 1.6351428031921387 0.7385208606719971
45 1.2598791122436523 3.2154590111362964 3.456287145614624 4.828346252441406 0.4713873565196991 3.098219073586527 1.6355277299880981 0.7387919425964355
46 1.2598791122436523 3.2154590111362964 3.456287145614624 4.828346252441406 0.4713873565196991 3.098219073586527 1.6355277299880981 0.7387919425964355
47 1.2569787502288818 3.2572171211037095 3.4548494815826416 4.828506946563721 0.45763522386550903 3.158548457106989 1.6306315660476685 0.7371683716773987
48 1.250794768333435 3.242687300161772 3.455038547515869 4.823930263519287 0.42109161615371704 3.1347851506771103 1.6293443441390991 0.6977725028991699
49 1.2490098476409912 3.4118403992982502 3.4535677433013916 4.8222246170043945 0.4121202528476715 3.137042894322204 1.6272109746932983 0.6916914582252502
50 1.2525913715362549 3.417771879967804 3.4587178230285645 4.830371856689453 0.42044705152511597 3.1476234248572306 1.6355323791503906 0.7135240435600281
51 1.2525913715362549 3.417771879967804 3.4587178230285645 4.830371856689453 0.42044705152511597 3.1476234248572306 1.6355323791503906 0.7135240435600281
52 1.25359308719635 3.381567942852067 3.4594249725341797 4.830898761749268 0.4289182722568512 3.1067847070086363 1.6308847665786743 0.7167416214942932
53 1.2551724910736084 3.375323167060177 3.464266061782837 4.8280510902404785 0.42611163854599 3.097368243132873 1.6511067152023315 0.7131739854812622
54 1.2522661685943604 3.374637626163216 3.4678916931152344 4.826421737670898 0.4360850751399994 3.1175853542968905 1.6790131330490112 0.7336775064468384
55 1.2523467540740967 3.3791980355906612 3.462101936340332 4.832825183868408 0.42857950925827026 3.1206167326218264 1.6663891077041626 0.7320663928985596
56 1.2523467540740967 3.3791980355906612 3.462101936340332 4.832825183868408 0.42857950925827026 3.1206167326218264 1.6663891077041626 0.7320663928985596
57 1.2530876398086548 3.5073616025795 3.461752414703369 4.834326267242432 0.4254891574382782 3.2474719775065557 1.6898056268692017 0.7282384037971497
58 1.2650792598724365 3.824418079083859 3.474505662918091 4.832188606262207 0.4659772515296936 3.4861634675986974 1.7696105241775513 0.7540002465248108
59 1.2529643774032593 3.8028933647871193 3.4710538387298584 4.817310333251953 0.4578966200351715 3.4807683787811916 1.7677054405212402 0.725790798664093
60 1.2548972368240356 3.799870370779342 3.477081060409546 4.820087432861328 0.4591391682624817 3.4763052573871644 1.7668795585632324 0.731451153755188
61 1.2548972368240356 3.799870370779342 3.477081060409546 4.820087432861328 0.4591391682624817 3.4763052573871644 1.7668795585632324 0.731451153755188
62 1.2546731233596802 3.8008174098518483 3.4775538444519043 4.8209452629089355 0.46101194620132446 3.47691886673181 1.7683546543121338 0.7326030731201172
63 1.2546526193618774 3.8018148225230277 3.4772562980651855 4.820957660675049 0.4609479308128357 3.4759820145182823 1.7668014764785767 0.7326213717460632
64 1.2523270845413208 3.797250905099998 3.473574161529541 4.818197250366211 0.45902711153030396 3.4765311659026006 1.7591270208358765 0.7321891188621521
65 1.2525779008865356 3.7972962173686837 3.472878932952881 4.818719387054443 0.4559348523616791 3.474693373514434 1.7568861246109009 0.7323046326637268
66 1.2525779008865356 3.7972962173686837 3.472878932952881 4.818719387054443 0.4559348523616791 3.474693373514434 1.7568861246109009 0.7323046326637268
67 1.2562419176101685 3.8650170876267382 3.4743731021881104 4.818906784057617 0.4624992609024048 3.5116391344929827 1.7669677734375 0.749451220035553
68 1.2516807317733765 3.9225585842803894 3.473353385925293 4.806419372558594 0.4593278467655182 3.4603559430069373 1.7518675327301025 0.7384611964225769
69 1.2512412071228027 3.9187101610085526 3.4728033542633057 4.804069519042969 0.45723211765289307 3.457176888321032 1.7507890462875366 0.7353954315185547
70 1.2496799230575562 3.9159163378038175 3.4747672080993652 4.846772193908691 0.45553624629974365 3.4597962273855845 1.7667661905288696 0.906731128692627
71 1.2496799230575562 3.9159163378038175 3.4747672080993652 4.846772193908691 0.45553624629974365 3.4597962273855845 1.7667661905288696 0.906731128692627
72 1.2311702966690063 3.8136071960783955 3.4657037258148193 4.790064811706543 0.45821118354797363 3.4167940518750113 1.7466682195663452 0.8719648122787476
73 1.2186481952667236 3.790659949130406 3.447097063064575 4.778019428253174 0.4277728497982025 3.3844725236712194 1.7016746997833252 0.7812464237213135
74 1.219382405281067 3.776900028698534 3.4772613048553467 4.768120288848877 0.426999032497406 3.3760428162389498 1.7537041902542114 0.7708685398101807
75 1.2221786975860596 3.7800185180077825 3.4842724800109863 4.76930570602417 0.43437615036964417 3.3769989556771174 1.769707202911377 0.771177351474762
76 1.2221786975860596 3.7800185180077825 3.4842724800109863 4.76930570602417 0.43437615036964417 3.3769989556771174 1.769707202911377 0.771177351474762
77 1.230702519416809 3.794298720232866 3.5081279277801514 4.785486698150635 0.4442690908908844 3.3734418441236853 1.8067840337753296 0.7951440811157227
78 1.2303723096847534 3.794549645321396 3.5059385299682617 4.784908294677734 0.44450217485427856 3.372965580969175 1.7857164144515991 0.7971305251121521
79 1.233866810798645 3.7920914818801905 3.520092010498047 4.785417556762695 0.45283031463623047 3.376554921887874 1.8113954067230225 0.7976560592651367
80 1.2388907670974731 3.79671981662879 3.5324044227600098 4.7830705642700195 0.46567267179489136 3.3842104752285334 1.8326984643936157 0.8025349378585815
81 1.2388907670974731 3.79671981662879 3.5324044227600098 4.7830705642700195 0.46567267179489136 3.3842104752285334 1.8326984643936157 0.8025349378585815
82 1.2374221086502075 3.7748297366574843 3.533156394958496 4.769415855407715 0.4701865315437317 3.380683902132418 1.8321685791015625 0.7962350845336914
83 1.2283143997192383 3.7826834514588374 3.532594680786133 4.747702598571777 0.46915963292121887 3.3887501741911286 1.82681405544281 0.7973776459693909
84 1.223986268043518 3.8581753243339834 3.5305001735687256 4.748353958129883 0.4647534489631653 3.367179091942202 1.8215757608413696 0.7953528165817261
85 1.2241700887680054 3.8632069935768554 3.529221296310425 4.7522358894348145 0.4596624970436096 3.366678092933777 1.819178819656372 0.7972304224967957
86 1.2241700887680054 3.8632069935768554 3.529221296310425 4.7522358894348145 0.4596624970436096 3.366678092933777 1.819178819656372 0.7972304224967957
87 1.226523995399475 3.8437420572214336 3.530104637145996 4.765260219573975 0.4573696255683899 3.3485483181134175 1.8304755687713623 0.9055933952331543
88 1.2258729934692383 3.8467639197948085 3.5263702869415283 4.763216972351074 0.46476224064826965 3.3561356850801154 1.8263013362884521 0.9154168963432312
89 1.2265923023223877 3.8502496378334947 3.5260236263275146 4.763309001922607 0.4655577540397644 3.3557979032944676 1.8261374235153198 0.9164489507675171
90 1.2267210483551025 3.849861072446493 3.526202917098999 4.763124465942383 0.4662993252277374 3.3560127050007584 1.8264352083206177 0.916971743106842
91 1.2267210483551025 3.849861072446493 3.526202917098999 4.763124465942383 0.4662993252277374 3.3560127050007584 1.8264352083206177 0.916971743106842
92 1.2259430885314941 3.849488391480386 3.5274150371551514 4.759911060333252 0.4665929675102234 3.3576596686450104 1.8248292207717896 0.9136385321617126
93 1.227936863899231 3.846778132753772 3.5278875827789307 4.759654521942139 0.47126761078834534 3.351718674765194 1.82778799533844 0.9156061410903931
94 1.2197331190109253 3.8512450301455488 3.514463186264038 4.754354000091553 0.44787895679473877 3.377307854265025 1.8061236143112183 0.902178943157196
95 1.2256793975830078 3.84341450932025 3.4809062480926514 4.775197982788086 0.4432060718536377 3.364331490132717 1.72606360912323 0.905475914478302
96 1.2256793975830078 3.84341450932025 3.4809062480926514 4.775197982788086 0.4432060718536377 3.364331490132717 1.72606360912323 0.905475914478302
97 1.2259712219238281 3.841998696077747 3.479124069213867 4.774773120880127 0.44885361194610596 3.364123756018447 1.7309931516647339 0.9105216860771179
98 1.2350103855133057 3.8567683826721777 3.4814834594726563 4.785586833953857 0.46409448981285095 3.3710945436689927 1.7371783256530762 0.9300727248191833
99 1.2285263538360596 3.877755805366625 3.478095054626465 4.770755290985107 0.4668715298175812 3.3776135380201615 1.7350071668624878 0.9310840368270874
100 1.2286953926086426 3.7714042000220496 3.4782140254974365 4.770172119140625 0.46873143315315247 3.3068292490607267 1.7139723300933838 0.9328352212905884
101 1.2286953926086426 3.7714042000220496 3.4782140254974365 4.770172119140625 0.46873143315315247 3.3068292490607267 1.7139723300933838 0.9328352212905884
102 1.2278398275375366 3.7719058407666317 3.478285074234009 4.768771648406982 0.4698200821876526 3.3096235638867535 1.7155358791351318 0.9283857345581055
103 1.2279053926467896 3.7716547937036884 3.4698753356933594 4.769891262054443 0.4709969162940979 3.3155196625716563 1.6865054368972778 0.9292773008346558
104 1.2315160036087036 3.7795931185357254 3.494039535522461 4.77683162689209 0.48204609751701355 3.357956397333905 1.748263955116272 0.9322774410247803
105 1.2253191471099854 3.756003974921295 3.5027389526367188 4.752527236938477 0.5157126188278198 3.423652615894741 1.7806880474090576 0.9574301242828369
106 1.2253191471099854 3.756003974921295 3.5027389526367188 4.752527236938477 0.5157126188278198 3.423652615894741 1.7806880474090576 0.9574301242828369
107 1.2206145524978638 3.7582408242807284 3.479053020477295 4.754316806793213 0.5150557160377502 3.4362802172719498 1.7196096181869507 0.9596595764160156
108 1.2217369079589844 3.750593782118162 3.480299711227417 4.756180763244629 0.5073140859603882 3.4188899666657107 1.7151765823364258 0.9576027989387512
109 1.2258472442626953 3.74672048958492 3.482773780822754 4.771947860717773 0.5032689571380615 3.361137706175733 1.7043246030807495 0.9576482772827148
110 1.2241895198822021 3.7456128939983766 3.482419013977051 4.770229816436768 0.4998156428337097 3.3592748614403365 1.7026441097259521 0.9533643126487732
111 1.2241895198822021 3.7456128939983766 3.482419013977051 4.770229816436768 0.4998156428337097 3.3592748614403365 1.7026441097259521 0.9533643126487732
112 1.2204687595367432 3.733921563836618 3.4769418239593506 4.763987064361572 0.49453920125961304 3.3562385276022457 1.6901906728744507 0.9434512257575989
113 1.2191476821899414 3.3846231176892303 3.4767966270446777 4.764900207519531 0.49192744493484497 3.0139062481744374 1.621689796447754 0.9435464143753052
114 1.2161930799484253 3.3831689848054403 3.47759747505188 4.760746955871582 0.48741841316223145 3.0115625728558744 1.6300101280212402 0.9367384910583496
115 1.2162439823150635 3.377519105033046 3.477590322494507 4.760665416717529 0.487469881772995 2.9892550318253277 1.6257743835449219 0.9368693232536316
116 1.2162439823150635 3.377519105033046 3.477590322494507 4.760665416717529 0.487469881772995 2.9892550318253277 1.6257743835449219 0.9368693232536316
117 1.2141921520233154 3.3813256823883284 3.4760611057281494 4.753383159637451 0.48377281427383423 2.9883720972742744 1.63479745388031 0.9297307133674622
118 1.217047929763794 3.3843708992797414 3.490992784500122 4.754944801330566 0.4903157353401184 2.9950409033744454 1.6923898458480835 0.9346569180488586
119 1.2180590629577637 3.399612126316092 3.4897682666778564 4.755091190338135 0.49242594838142395 3.009399211169136 1.6965452432632446 0.9368253350257874
120 1.2200653553009033 3.4005696475595806 3.489873170852661 4.754980564117432 0.49895909428596497 3.0121821406621674 1.6816210746765137 0.9401458501815796
121 1.2200653553009033 3.4005696475595806 3.489873170852661 4.754980564117432 0.49895909428596497 3.0121821406621674 1.6816210746765137 0.9401458501815796
122 1.2198821306228638 3.3997149568537695 3.489280939102173 4.757010459899902 0.4976722300052643 3.012107880474882 1.685791254043579 0.9387866258621216
123 1.2254128456115723 3.407694778747614 3.437044858932495 4.758349895477295 0.5111169219017029 3.0029534807826836 1.5312352180480957 0.9417029619216919
124 1.225535273551941 3.4163234382820113 3.4366447925567627 4.7592058181762695 0.5122545957565308 3.0028496674766276 1.5306891202926636 0.9427108764648438
125 1.2253514528274536 3.4155580880363714 3.4354746341705322 4.757900714874268 0.5122007727622986 3.0021018061602245 1.5276004076004028 0.9400711059570313
126 1.2253514528274536 3.4155580880363714 3.4354746341705322 4.757900714874268 0.5122007727622986 3.0021018061602245 1.5276004076004028 0.9400711059570313
127 1.2254645824432373 3.3296039024073036 3.4383726119995117 4.739557266235352 0.5128682255744934 2.9844846096487654 1.5197701454162598 0.8327746987342834
128 1.225291132926941 3.3280565029384346 3.4348409175872803 4.7385406494140625 0.5145061016082764 2.984477787144368 1.512217402458191 0.8335645794868469
129 1.226008653640747 3.328537677194286 3.4362261295318604 4.738889217376709 0.5162397623062134 2.9849925416697713 1.514948844909668 0.8340930938720703
130 1.2298787832260132 3.338865766124417 3.435016393661499 4.746285438537598 0.5248324871063232 3.0055301555324245 1.5163596868515015 0.8506101965904236
131 1.2298787832260132 3.338865766124417 3.435016393661499 4.746285438537598 0.5248324871063232 3.0055301555324245 1.5163596868515015 0.8506101965904236
132 1.2318593263626099 3.335623753997092 3.4547688961029053 4.738941192626953 0.525720477104187 2.982254955057759 1.5486279726028442 0.82765132188797
133 1.232053518295288 3.3356303322191825 3.450593948364258 4.693129539489746 0.525809645652771 2.9822962766592394 1.520605444908142 0.633134126663208
134 1.2303714752197266 3.3411848636001737 3.447429895401001 4.69639778137207 0.5253366231918335 2.993915336700658 1.5167990922927856 0.6446785926818848
135 1.2334963083267212 3.3368529569398846 3.490896224975586 4.692521572113037 0.5490037202835083 2.9811287641550845 1.6067097187042236 0.6584715247154236
136 1.2334963083267212 3.3368529569398846 3.490896224975586 4.692521572113037 0.5490037202835083 2.9811287641550845 1.6067097187042236 0.6584715247154236
137 1.2457940578460693 3.356502799397539 3.4909377098083496 4.706919193267822 0.5537902116775513 2.9963692875055563 1.6009490489959717 0.6693915128707886
138 1.2404927015304565 3.379354221278272 3.484811544418335 4.720468521118164 0.5202027559280396 2.9935793406706996 1.5920162200927734 0.6642212271690369
139 1.241329312324524 3.6356016107129747 3.4938178062438965 4.720224857330322 0.5278432965278625 3.276281831337752 1.663416862487793 0.656787097454071
140 1.2432829141616821 3.4453419041131776 3.516047239303589 4.720687389373779 0.5323243737220764 3.0789757389222787 1.683761715888977 0.6587035059928894
141 1.2432829141616821 3.4453419041131776 3.516047239303589 4.720687389373779 0.5323243737220764 3.0789757389222787 1.683761715888977 0.6587035059928894
142 1.2359811067581177 3.4405386543001404 3.5132734775543213 4.714558124542236 0.5135114192962646 3.080837245113358 1.676973819732666 0.624646782875061
143 1.252266764640808 3.4425420417557406 3.516430616378784 4.748101234436035 0.5307215452194214 3.0807066760690343 1.6821284294128418 0.6742644906044006
144 1.2525955438613892 3.4371643089620068 3.5050387382507324 4.745916366577148 0.5300506949424744 3.0786304029344906 1.6784518957138062 0.6747474670410156
145 1.254494071006775 3.435387642926459 3.5096142292022705 4.748366355895996 0.5338342189788818 3.0749328281721167 1.6877535581588745 0.6764076352119446
146 1.254494071006775 3.435387642926459 3.5096142292022705 4.748366355895996 0.5338342189788818 3.0749328281721167 1.6877535581588745 0.6764076352119446
147 1.2580318450927734 3.4864553036565877 3.5110254287719727 4.758502960205078 0.5467451214790344 3.049352342434469 1.6896398067474365 0.7084002494812012
148 1.2575634717941284 3.4954905125327427 3.506127119064331 4.762738227844238 0.5494529008865356 3.0584376089206335 1.684105634689331 0.7155893445014954
149 1.2563287019729614 3.4977865118977816 3.5046112537384033 4.763665199279785 0.5349056720733643 3.0566571348896177 1.6795145273208618 0.7048423886299133
150 1.2560001611709595 3.5036839266204427 3.5040009021759033 4.761918067932129 0.5357793569564819 3.1054362259557178 1.6892178058624268 0.7051734924316406
151 1.2560001611709595 3.554223872720063 3.5040009021759033 4.761918067932129 0.5357793569564819 3.1633451904540713 1.7001863718032837 0.7051734924316406
152 1.2640656232833862 3.556310817205756 3.5039613246917725 4.782364845275879 0.5390969514846802 3.163875916278882 1.6967893838882446 0.7358288168907166
153 1.2639405727386475 3.557838584836576 3.5045647621154785 4.782114028930664 0.5392284393310547 3.1628352297978086 1.6905089616775513 0.7360340356826782
154 1.2644516229629517 3.5662360723921966 3.4913523197174072 4.785090446472168 0.5415909290313721 3.173613905375787 1.666632056236267 0.7422564029693604
155 1.2618200778961182 3.553172037865833 3.487569808959961 4.785257816314697 0.5496149659156799 3.2556154151359427 1.677390694618225 0.7654015421867371
156 1.2618200778961182 3.553172037865833 3.487569808959961 4.785257816314697 0.5496149659156799 3.2556154151359427 1.677390694618225 0.7654015421867371
157 1.2598390579223633 3.5472468447623107 3.4838647842407227 4.787729263305664 0.5384467244148254 3.2429278745015995 1.6672800779342651 0.7571840882301331
158 1.2644245624542236 3.5453642734565634 3.4937264919281006 4.7959303855896 0.55517578125 3.2336481076001844 1.68362295627594 0.7790294885635376
159 1.2640217542648315 3.667543600130488 3.4938013553619385 4.795682430267334 0.5549402832984924 3.3457554363717215 1.705954670906067 0.7785095572471619
160 1.2766860723495483 3.685595632795431 3.4931094646453857 4.818490982055664 0.5714625716209412 3.332116175147232 1.70791494846344 0.822414219379425
161 1.2766860723495483 3.685595632795431 3.4931094646453857 4.818490982055664 0.5714625716209412 3.332116175147232 1.70791494846344 0.822414219379425
162 1.2776694297790527 3.7230085903597288 3.4971954822540283 4.817329406738281 0.5723490118980408 3.386010096538619 1.7203582525253296 0.8157786726951599
163 1.2796512842178345 3.878579154520254 3.493941307067871 4.823689937591553 0.5437154769897461 3.4832097612119792 1.7309138774871826 0.779568612575531
164 1.2765847444534302 3.8921597978471207 3.4946582317352295 4.815971374511719 0.5428925156593323 3.4825103803333692 1.7265503406524658 0.765499472618103
165 1.277296781539917 4.014488291677536 3.4979360103607178 4.81831169128418 0.5524504780769348 3.568905500375655 1.7488861083984375 0.7722917199134827
166 1.277296781539917 4.014488291677536 3.4979360103607178 4.81831169128418 0.5524504780769348 3.568905500375655 1.7488861083984375 0.7722917199134827
167 1.2807261943817139 4.013081181249472 3.492769718170166 4.822436332702637 0.5586290955543518 3.5570234347062364 1.747978687286377 0.7855997085571289
168 1.2806116342544556 4.012007979847253 3.4924559593200684 4.821800231933594 0.5583292841911316 3.555943022650961 1.7470899820327759 0.785399317741394
169 1.2691437005996704 3.958385034425468 3.4930102825164795 4.788272857666016 0.5465824007987976 3.526551589396851 1.7275853157043457 0.7356464862823486
170 1.2800405025482178 3.970510575099295 3.4929428100585938 4.813979625701904 0.5326799154281616 3.497478802036375 1.714078664779663 0.7321072220802307
171 1.2800405025482178 3.970510575099295 3.4929428100585938 4.813979625701904 0.5326799154281616 3.497478802036375 1.714078664779663 0.7321072220802307
172 1.2719172239303589 3.9765801393777656 3.4796786308288574 4.810240745544434 0.5201589465141296 3.4979972416869427 1.7029706239700317 0.7147142291069031
173 1.2682222127914429 3.962219029432352 3.471754312515259 4.803897857666016 0.509345531463623 3.5218672865314695 1.7084455490112305 0.6946460604667664
174 1.2609031200408936 3.959955857123729 3.464932441711426 4.804996013641357 0.4825713634490967 3.500136209452221 1.69063401222229 0.6657396554946899
175 1.262270212173462 3.961180678774539 3.464674472808838 4.810617446899414 0.48701441287994385 3.4973014377712137 1.6918941736221313 0.6749516129493713
176 1.2391984462738037 3.8914282689823585 3.4532432556152344 4.7743940353393555 0.45382893085479736 3.4451750189069643 1.6614954471588135 0.6059658527374268
177 1.2405656576156616 3.895597397141525 3.45039963722229 4.7760491371154785 0.44702306389808655 3.441439391058102 1.6635316610336304 0.6154720783233643
178 1.2431113719940186 3.8812157933316485 3.448082685470581 4.779058933258057 0.4478796422481537 3.430335865691901 1.657698631286621 0.620042085647583
179 1.2425715923309326 3.8741242031129195 3.436394214630127 4.772552967071533 0.443448007106781 3.419690276692092 1.6195179224014282 0.6045403480529785
180 1.2391910552978516 3.8172470955042517 3.445894718170166 4.766376495361328 0.4412124454975128 3.4326341895431662 1.6721993684768677 0.5850383043289185
181 1.2391910552978516 3.8172470955042517 3.445894718170166 4.766376495361328 0.4412124454975128 3.4326341895431662 1.6721993684768677 0.5850383043289185
182 1.238244891166687 3.8182194077183893 3.442829132080078 4.768033981323242 0.4414840638637543 3.4746713484484446 1.6796873807907104 0.5923469066619873
183 1.2380627393722534 3.8188002939258787 3.441983222961426 4.7674241065979 0.4399889409542084 3.4751331150352383 1.6782420873641968 0.5926188230514526
184 1.2371320724487305 3.8209463340197463 3.4270496368408203 4.76519250869751 0.436950147151947 3.4796547073839195 1.6432653665542603 0.5847551822662354
185 1.2371320724487305 3.8209463340197463 3.4274072647094727 4.76519250869751 0.436950147151947 3.4796547073839195 1.6366899013519287 0.5847551822662354
186 1.2371320724487305 3.8209463340197463 3.4274072647094727 4.76519250869751 0.436950147151947 3.4796547073839195 1.6366899013519287 0.5847551822662354
187 1.237573504447937 3.826385961750159 3.4272360801696777 4.7652106285095215 0.4356032907962799 3.4753401463782407 1.637667179107666 0.584382951259613
188 1.2340220212936401 3.8003774617106667 3.4200618267059326 4.810726642608643 0.42443540692329407 3.367232412026633 1.6029499769210815 0.7976372838020325
189 1.2310709953308105 3.786754016085492 3.4092278480529785 4.8070068359375 0.4210190773010254 3.342264422877182 1.5801646709442139 0.7848307490348816
190 1.2310709953308105 3.786754016085492 3.4091103076934814 4.8070068359375 0.4210190773010254 3.342264422877182 1.5796396732330322 0.7848307490348816
191 1.2310709953308105 3.786754016085492 3.4091103076934814 4.8070068359375 0.4210190773010254 3.342264422877182 1.5796396732330322 0.7848307490348816
192 1.2402188777923584 3.833032512243629 3.4126014709472656 4.82045316696167 0.44534218311309814 3.4030990620632577 1.5879977941513062 0.8164146542549133
193 1.255283236503601 3.8762394623235625 3.4327430725097656 4.797962665557861 0.46757280826568604 3.444177260130081 1.5789686441421509 0.6702532768249512
194 1.2531815767288208 3.872812664678234 3.4402315616607666 4.791621208190918 0.4784078598022461 3.4606892894388386 1.5980981588363647 0.6657325029373169
195 1.25323486328125 3.8730717204370877 3.440239429473877 4.791540622711182 0.4786336123943329 3.4608881122449744 1.5978158712387085 0.666897714138031
196 1.25323486328125 3.8730717204370877 3.440239429473877 4.791540622711182 0.4786336123943329 3.4608881122449744 1.5978158712387085 0.666897714138031
197 1.2527469396591187 3.8355129749066226 3.4398722648620605 4.797316551208496 0.4786749482154846 3.439948378145574 1.5961287021636963 0.6758785247802734
198 1.2527363300323486 3.8349321152441673 3.4195661544799805 4.81254243850708 0.47650638222694397 3.439078575403937 1.547406792640686 0.8589438796043396
199 1.2576311826705933 3.9415611843300247 3.415348529815674 4.817925930023193 0.4874098002910614 3.4689893636595897 1.5505479574203491 0.873418927192688
200 1.2498538494110107 3.9441724452862728 3.433396339416504 4.8091349601745605 0.47249457240104675 3.467849504435159 1.6182981729507446 0.8530088067054749
201 1.2498538494110107 3.9441724452862728 3.433396339416504 4.8091349601745605 0.47249457240104675 3.467849504435159 1.6182981729507446 0.8530088067054749
202 1.251469612121582 3.9438032943998396 3.4323480129241943 4.812171936035156 0.4781843423843384 3.4671047042401124 1.6248711347579956 0.8587346076965332
203 1.2514259815216064 3.9433558068184666 3.432378053665161 4.8120036125183105 0.47811025381088257 3.4666765745751267 1.6245838403701782 0.8581968545913696
204 1.254833459854126 3.9444566888806425 3.4495222568511963 4.810148239135742 0.5006797909736633 3.4636858193532416 1.6537219285964966 0.8728618621826172
205 1.2542871236801147 3.9450675612084343 3.4466161727905273 4.8088908195495605 0.5005698800086975 3.479857229117326 1.655295729637146 0.8676995038986206
206 1.2542871236801147 3.9450675612084343 3.4466161727905273 4.8088908195495605 0.5005698800086975 3.479857229117326 1.655295729637146 0.8676995038986206
207 1.2505439519882202 3.897944905609931 3.4382104873657227 4.809441566467285 0.4860454499721527 3.4515111423467673 1.6198488473892212 0.8699623346328735
208 1.2591850757598877 3.908048638025845 3.453125 4.817142009735107 0.5063445568084717 3.4556302758324007 1.640910029411316 0.8810739517211914
209 1.2607935667037964 3.7770067621055796 3.4538042545318604 4.811585903167725 0.5155724883079529 3.368453412160269 1.629115104675293 0.8816511034965515
210 1.2583425045013428 3.773664526608994 3.4665961265563965 4.808309555053711 0.510286808013916 3.3609370466308275 1.6684774160385132 0.8671534657478333
211 1.2679545879364014 3.7359543261401127 3.462185859680176 4.831602573394775 0.5319399833679199 3.3355320484319977 1.6684162616729736 0.9810168147087097
212 1.2658971548080444 3.740793482657126 3.454678773880005 4.834890365600586 0.5175455212593079 3.3195975349278384 1.6514017581939697 0.959434449672699
213 1.265857219696045 3.7401300133528506 3.4555370807647705 4.834920406341553 0.5176348686218262 3.319849897651003 1.650951862335205 0.9590785503387451
214 1.264043927192688 3.6893656392319922 3.450312376022339 4.836796283721924 0.5213268995285034 3.2930709834972274 1.6367021799087524 0.963792622089386
215 1.2592036724090576 3.6781460070349916 3.44830060005188 4.830136299133301 0.5085254907608032 3.2838262525421102 1.6354485750198364 0.9547392129898071
216 1.2592036724090576 3.6781460070349916 3.4486453533172607 4.830247402191162 0.5085254907608032 3.2838262525421102 1.636515736579895 0.9534319639205933
217 1.2600816488265991 3.684406484901485 3.450443983078003 4.830008029937744 0.5078296065330505 3.2705506349040534 1.6405953168869019 0.9535942077636719
218 1.2710713148117065 3.7256502675307623 3.4586968421936035 4.847081661224365 0.5243804454803467 3.3047530990486336 1.6489298343658447 0.9873340725898743
219 1.2713525295257568 3.7276948718819103 3.4600398540496826 4.84773063659668 0.5281115174293518 3.3079605478047727 1.6440538167953491 0.9887636303901672
220 1.2784003019332886 3.7452520552443973 3.468536615371704 4.865188121795654 0.5287839770317078 3.316137155111046 1.6516793966293335 1.0132765769958496
221 1.2784003019332886 3.7452520552443973 3.468536615371704 4.865188121795654 0.5287839770317078 3.316137155111046 1.6516793966293335 1.0132765769958496
222 1.278385043144226 3.745168250326547 3.4684765338897705 4.865131378173828 0.5286443829536438 3.3161631183682814 1.6515957117080688 1.0132278203964233
223 1.2785391807556152 3.744705649841629 3.472066640853882 4.865935325622559 0.5268695950508118 3.3137493774562734 1.6703075170516968 1.011526107788086
224 1.2691795825958252 3.7592947242580808 3.460812568664551 4.83911657333374 0.5281869769096375 3.2618703471483026 1.6552664041519165 0.9873303771018982
225 1.2682771682739258 3.7525451238023133 3.4548327922821045 4.844306945800781 0.5263972282409668 3.259175311311826 1.6411463022232056 0.9872183203697205
226 1.2682771682739258 3.7525451238023133 3.4548327922821045 4.844306945800781 0.5263972282409668 3.259175311311826 1.6411463022232056 0.9872183203697205
227 1.2797316312789917 3.817883821959646 3.4594311714172363 4.8644022941589355 0.5355363488197327 3.337385041989892 1.66539466381073 1.0374629497528076
228 1.279171347618103 3.8186463424831003 3.4570205211639404 4.864072799682617 0.5342704057693481 3.337999377050365 1.6621612310409546 1.0381760597229004
229 1.284998893737793 3.8354585956295497 3.4640088081359863 4.875066757202148 0.5460401177406311 3.3632972907347223 1.6806285381317139 1.060945987701416
230 1.2847707271575928 3.836474330225424 3.460604429244995 4.8762526512146 0.5450364947319031 3.3562455964554196 1.6731274127960205 1.0608428716659546
231 1.2847707271575928 3.836474330225424 3.460604429244995 4.8762526512146 0.5450364947319031 3.3562455964554196 1.6731274127960205 1.0608428716659546
232 1.2787452936172485 3.6612173521231535 3.474321126937866 4.875939846038818 0.5251882076263428 3.157836555126178 1.6562557220458984 1.0340653657913208
233 1.2790884971618652 3.6555236748619304 3.4725613594055176 4.874568939208984 0.5282923579216003 3.154676099333618 1.6510694026947021 1.0313373804092407
234 1.2790095806121826 3.567706774674623 3.475019693374634 4.874329090118408 0.5280990600585938 3.1139912400416203 1.649057149887085 1.0311477184295654
235 1.2794159650802612 3.7144303611519374 3.4769349098205566 4.8741679191589355 0.5291607975959778 3.276870406368309 1.6848903894424438 1.0310604572296143
236 1.2794159650802612 3.7144303611519374 3.4769349098205566 4.8741679191589355 0.5291607975959778 3.276870406368309 1.6848903894424438 1.0310604572296143
237 1.277911901473999 3.7230376422428875 3.4673702716827393 4.875330448150635 0.5177277326583862 3.277743612745173 1.674933671951294 1.0123358964920044
238 1.278027892112732 3.7582297966102605 3.467705726623535 4.875567436218262 0.5185616612434387 3.313297018777642 1.6820143461227417 1.0069434642791748
239 1.278684377670288 3.7627309822666954 3.466369390487671 4.87312650680542 0.5173755884170532 3.312146038204652 1.6824244260787964 1.0023589134216309
240 1.2786030769348145 3.5431014600720934 3.4682507514953613 4.872876167297363 0.5169641375541687 3.0432968795612867 1.6366597414016724 1.0017787218093872
241 1.2786030769348145 3.5431014600720934 3.4682507514953613 4.872876167297363 0.5169641375541687 3.0432968795612867 1.6366597414016724 1.0017787218093872
242 1.2987606525421143 3.5833510379978475 3.4735422134399414 4.899697303771973 0.54051274061203 3.087874137876976 1.6569701433181763 1.045215368270874
243 1.307387113571167 3.578558705739175 3.4752438068389893 4.914150714874268 0.5587020516395569 3.073684633848104 1.656079649925232 1.076344609260559
244 1.294556736946106 3.5792521123474472 3.468423366546631 4.902604103088379 0.5351557731628418 3.0865500030904007 1.6355769634246826 1.0540063381195068
245 1.2993965148925781 3.652944923817623 3.472755193710327 4.9030680656433105 0.5516005158424377 3.1878882930870063 1.6633397340774536 1.0599545240402222
246 1.2993965148925781 3.652944923817623 3.472755193710327 4.9030680656433105 0.5516005158424377 3.1878882930870063 1.6633397340774536 1.0599545240402222
247 1.3008270263671875 3.6530383302220013 3.477095127105713 4.903260707855225 0.5550532937049866 3.1879956508899 1.6715856790542603 1.060359001159668
248 1.293999195098877 3.652219010604123 3.479001045227051 4.893241882324219 0.5446873903274536 3.196673005812905 1.6819802522659302 1.0463300943374634
249 1.2968536615371704 3.65095074031632 3.476419448852539 4.902570724487305 0.5416259765625 3.1975756981688246 1.6715400218963623 1.0515227317810059
250 1.2949706315994263 4.053725285443672 3.4712889194488525 4.903136730194092 0.5364065766334534 3.5489270424854302 1.7322380542755127 1.0522106885910034
251 1.2949706315994263 4.053725285443672 3.4712889194488525 4.903136730194092 0.5364065766334534 3.5489270424854302 1.7322380542755127 1.0522106885910034
252 1.2950576543807983 4.052305347246725 3.47221040725708 4.903841495513916 0.5370736718177795 3.547964505426272 1.7328895330429077 1.0527397394180298
253 1.2959659099578857 3.9286620827718908 3.4723997116088867 4.903617858886719 0.5397257208824158 3.460660441955409 1.7149542570114136 1.0520159006118774
254 1.2960269451141357 3.928886824081721 3.4723563194274902 4.903808116912842 0.5395718812942505 3.4605625372342326 1.7130433320999146 1.0521296262741089
255 1.3002703189849854 3.9425934493817762 3.4607808589935303 4.913915157318115 0.52780681848526 3.4394409699243087 1.6766599416732788 1.0357989072799683
256 1.3002703189849854 3.9425934493817762 3.4607808589935303 4.913915157318115 0.52780681848526 3.4394409699243087 1.6766599416732788 1.0357989072799683
257 1.3012715578079224 3.9403392598480784 3.462820053100586 4.912861347198486 0.5302619338035583 3.4375873733244626 1.6782054901123047 1.0327141284942627
258 1.3013043403625488 3.940248434629628 3.46337628364563 4.912741661071777 0.530211865901947 3.437757275833726 1.6796296834945679 1.0331249237060547
259 1.3230708837509155 3.7276461026103958 3.4659616947174072 4.9776153564453125 0.5427592396736145 3.240828994819554 1.6421611309051514 1.0889874696731567
260 1.3248448371887207 3.7231526975901845 3.4683430194854736 4.976523399353027 0.5447809100151062 3.2333401662944437 1.6445434093475342 1.0863665342330933
261 1.3244761228561401 3.975766013239528 3.478101968765259 4.976691722869873 0.5473837852478027 3.4570716885400152 1.7105951309204102 1.0957025289535522
262 1.3170139789581299 3.985432077704404 3.491171360015869 4.942893028259277 0.5579665303230286 3.476246787870866 1.7786343097686768 1.0568797588348389
263 1.3081375360488892 4.02670378657179 3.466775894165039 4.928574085235596 0.5500507950782776 3.492453212134481 1.7114804983139038 1.0515247583389282
264 1.3010905981063843 4.01415760555691 3.4511659145355225 4.91817569732666 0.5365505814552307 3.4975687566264986 1.6844903230667114 1.035313606262207
265 1.3010834455490112 4.033148104023689 3.451169013977051 4.918179512023926 0.5365612506866455 3.48876961191233 1.6826305389404297 1.03531813621521
266 1.3010834455490112 4.033148104023689 3.451169013977051 4.918179512023926 0.5365612506866455 3.48876961191233 1.6826305389404297 1.03531813621521
267 1.3038333654403687 4.037187006778337 3.4576492309570313 4.920654773712158 0.5419244170188904 3.4930778143547436 1.6924446821212769 1.040755033493042
268 1.3046107292175293 4.007992177788072 3.4602503776550293 4.921408176422119 0.5459465980529785 3.514414155738629 1.6973344087600708 1.0444315671920776
269 1.3013176918029785 3.8887050413324595 3.4628067016601563 4.928706169128418 0.5438103079795837 3.4254085044989426 1.6863592863082886 1.0564680099487305
270 1.3033784627914429 4.019055482270696 3.464231491088867 4.932705402374268 0.5443578362464905 3.5245613740836634 1.7079370021820068 1.0629135370254517
271 1.3033784627914429 4.019055482270696 3.464231491088867 4.932705402374268 0.5443578362464905 3.5245613740836634 1.7079370021820068 1.0629135370254517
272 1.302504062652588 4.016061646161218 3.4593472480773926 4.9280829429626465 0.5388423800468445 3.5146574670225257 1.6974897384643555 1.0431054830551147
273 1.3050003051757813 4.011444976611434 3.4592511653900146 4.923449516296387 0.5407829880714417 3.51008691038311 1.6927481889724731 1.0350033044815063
274 1.3050003051757813 4.011444976611434 3.459320306777954 4.923449516296387 0.5407829880714417 3.51008691038311 1.6932382583618164 1.0350033044815063
275 1.3084973096847534 4.010048854706184 3.4601783752441406 4.9323601722717285 0.5415763854980469 3.511275539934797 1.6943159103393555 1.0478143692016602
276 1.3084973096847534 4.010048854706184 3.4601783752441406 4.9323601722717285 0.5415763854980469 3.511275539934797 1.6943159103393555 1.0478143692016602
277 1.3065173625946045 4.00990854029779 3.4619295597076416 4.931632995605469 0.5469452738761902 3.5263729679495786 1.7028062343597412 1.0657298564910889
278 1.3046380281448364 3.9953875410199293 3.4593544006347656 4.930883884429932 0.543935239315033 3.515385065388523 1.703082799911499 1.0653319358825684
279 1.312243103981018 4.0179551373018745 3.4691741466522217 4.933835029602051 0.5600114464759827 3.5347394879276384 1.7136565446853638 1.072867751121521
280 1.3208248615264893 3.760517168767399 3.472554922103882 4.949843406677246 0.5712833404541016 3.2875943463563115 1.6759018898010254 1.1051207780838013
281 1.3208248615264893 3.760517168767399 3.472554922103882 4.949843406677246 0.5712833404541016 3.2875943463563115 1.6759018898010254 1.1051207780838013
282 1.3275871276855469 3.771444966394505 3.4820244312286377 4.9534912109375 0.5969686508178711 3.3311256941072362 1.7029367685317993 1.1496182680130005
283 1.3259176015853882 3.7823481216230905 3.5311636924743652 4.959081649780273 0.5960838198661804 3.3453874293527965 1.7661858797073364 1.1592658758163452
284 1.328110694885254 3.9305188936002042 3.5291919708251953 4.961416244506836 0.599230170249939 3.471592141146172 1.7834243774414063 1.1620287895202637
285 1.328189730644226 3.9313752054816278 3.529524087905884 4.961796283721924 0.5994396805763245 3.471886356691231 1.7865288257598877 1.1623674631118774
286 1.328189730644226 3.9313752054816278 3.529524087905884 4.961796283721924 0.5994396805763245 3.471886356691231 1.7865288257598877 1.1623674631118774
287 1.3358523845672607 3.9479706813229942 3.511291742324829 4.9740376472473145 0.6084890365600586 3.4684109360419226 1.7281765937805176 1.1824054718017578
288 1.3264620304107666 3.935778654938476 3.506354331970215 4.957958698272705 0.6021319627761841 3.4701578267444733 1.725237250328064 1.169702410697937
289 1.3266502618789673 3.9336614489494552 3.5081186294555664 4.958650588989258 0.6023421287536621 3.4730171045323175 1.716535210609436 1.1709750890731812
290 1.3185899257659912 3.8945448184728795 3.50618839263916 4.948954105377197 0.5856459140777588 3.522191716029098 1.7149653434753418 1.1445499658584595
291 1.3185899257659912 3.8945448184728795 3.50618839263916 4.948954105377197 0.5856459140777588 3.522191716029098 1.7149653434753418 1.1445499658584595
292 1.3272818326950073 3.862277273087115 3.5040037631988525 4.953413486480713 0.5804674029350281 3.4739808035215334 1.6979305744171143 1.1586345434188843
293 1.3185079097747803 3.8292425436403925 3.481400489807129 4.935138702392578 0.5824971795082092 3.462247409090238 1.680375099182129 1.1250028610229492
294 1.3206616640090942 3.8269547950015688 3.4825022220611572 4.9361572265625 0.5860406160354614 3.460816190234916 1.6810535192489624 1.1374667882919312
295 1.3247835636138916 3.8339199348303854 3.493072986602783 4.980653762817383 0.6029208898544312 3.4639407157365807 1.7268213033676147 1.2474950551986694
296 1.3247835636138916 3.8339199348303854 3.493072986602783 4.980653762817383 0.6029208898544312 3.4639407157365807 1.7268213033676147 1.2474950551986694
297 1.3317313194274902 3.864331939600775 3.5020458698272705 4.991633415222168 0.614831805229187 3.50538397701697 1.7501225471496582 1.2806695699691772
298 1.3350266218185425 3.826775002177109 3.5072262287139893 4.996870994567871 0.6200948357582092 3.5191577918020096 1.7704222202301025 1.2978549003601074
299 1.3361337184906006 3.8370927900465532 3.508291721343994 4.999178409576416 0.6180766820907593 3.5474549857140456 1.777730941772461 1.2962568998336792
300 1.3435850143432617 3.8592523621210293 3.5038750171661377 5.015979290008545 0.614568829536438 3.5326011281407124 1.7653671503067017 1.292830467224121
301 1.3435850143432617 3.8592523621210293 3.5038750171661377 5.015979290008545 0.614568829536438 3.5326011281407124 1.7653671503067017 1.292830467224121
302 1.3448712825775146 3.858852143636406 3.5040805339813232 5.0149617195129395 0.6146296262741089 3.530747112446088 1.7666252851486206 1.2925688028335571
303 1.3456954956054688 3.8587914804802326 3.5038275718688965 5.014883518218994 0.6139932870864868 3.5310697892926934 1.7649762630462646 1.2925996780395508
304 1.3525066375732422 3.482397880445989 3.514134168624878 5.0388288497924805 0.6128916144371033 3.1249536136921545 1.7002793550491333 1.3237465620040894
305 1.351185917854309 3.576234126617277 3.5220999717712402 5.026572227478027 0.6449410915374756 3.2416531583352546 1.7374286651611328 1.3611807823181152
306 1.351185917854309 3.576234126617277 3.5220999717712402 5.026572227478027 0.6449410915374756 3.2416531583352546 1.7374286651611328 1.3611807823181152
307 1.3500694036483765 3.88384727070899 3.5175206661224365 5.025967121124268 0.6396881937980652 3.523934499871568 1.789804458618164 1.3612653017044067
308 1.3423939943313599 3.9653194668398335 3.5266759395599365 5.017566680908203 0.625261127948761 3.5729597671773563 1.8081700801849365 1.3452274799346924
309 1.34048330783844 3.85513497289556 3.5263566970825195 5.017091751098633 0.6219702959060669 3.529189727286622 1.7962793111801147 1.3460355997085571
310 1.3453757762908936 3.6481195263491153 3.5276834964752197 5.003636360168457 0.6308833360671997 3.316737807929292 1.7504874467849731 1.3076026439666748
311 1.3453757762908936 3.6481195263491153 3.5276834964752197 5.003636360168457 0.6308833360671997 3.316737807929292 1.7504874467849731 1.3076026439666748
312 1.344394326210022 3.512401944853323 3.523550033569336 4.997963905334473 0.62940913438797 3.1719981353895514 1.7162301540374756 1.2997348308563232
313 1.3423542976379395 3.8775029895795146 3.5199248790740967 4.992290496826172 0.6276736855506897 3.4863259612323216 1.767220139503479 1.2746485471725464
314 1.3464617729187012 3.8756087881668795 3.4713027477264404 4.9969329833984375 0.637820839881897 3.4996723201646875 1.822187900543213 1.285841941833496
315 1.3507667779922485 3.8750219463343356 3.4781649112701416 4.993046760559082 0.6462883353233337 3.545539829557195 1.8418011665344238 1.2998327016830444
316 1.3507667779922485 3.8750219463343356 3.4781649112701416 4.993046760559082 0.6462883353233337 3.545539829557195 1.8418011665344238 1.2998327016830444
317 1.3547704219818115 3.8780303795247875 3.491333246231079 4.990833759307861 0.6512758731842041 3.5389482601250366 1.861505389213562 1.291488528251648
318 1.3547704219818115 3.8780303795247875 3.491333246231079 4.990833759307861 0.6512758731842041 3.5389482601250366 1.861505389213562 1.291488528251648
319 1.3547704219818115 3.8780303795247875 3.49153470993042 4.990833759307861 0.6512758731842041 3.5389482601250366 1.8622033596038818 1.291488528251648
320 1.3561139106750488 3.8795864029021754 3.495798110961914 4.9921064376831055 0.6588185429573059 3.5426864001822636 1.871666669845581 1.2938960790634155
321 1.3561139106750488 3.8795864029021754 3.495798110961914 4.9921064376831055 0.6588185429573059 3.5426864001822636 1.871666669845581 1.2938960790634155
322 1.3546124696731567 3.91447073123317 3.4954888820648193 4.989003658294678 0.6568456292152405 3.5271459418870603 1.868735671043396 1.2899335622787476
323 1.3566006422042847 3.6834028965748504 3.4940922260284424 4.9974589347839355 0.658856987953186 3.3482620828119933 1.833400011062622 1.3000481128692627
324 1.356407880783081 3.5030707234574527 3.493584632873535 4.996829032897949 0.6577767729759216 3.150124027347684 1.7957745790481567 1.2989208698272705
325 1.3563754558563232 3.678643193185555 3.491696357727051 5.017614841461182 0.6580016613006592 3.360041656170202 1.8372371196746826 1.3567343950271606
326 1.3563754558563232 3.678643193185555 3.491696357727051 5.017614841461182 0.6580016613006592 3.360041656170202 1.8372371196746826 1.3567343950271606
327 1.3608776330947876 4.0606291013942934 3.4959897994995117 5.030364036560059 0.6691896319389343 3.6722084312999996 1.9084666967391968 1.3775609731674194
328 1.3608776330947876 4.0606291013942934 3.4959897994995117 5.030364036560059 0.6691896319389343 3.6722084312999996 1.9084666967391968 1.3775609731674194
329 1.3629157543182373 4.059761296774824 3.4967715740203857 5.029294967651367 0.6679647564888 3.671980336043965 1.9084198474884033 1.3767601251602173
330 1.3630341291427612 4.062073150228258 3.4955036640167236 5.03151798248291 0.6704013347625732 3.6784217877852243 1.8948367834091187 1.3834279775619507
331 1.3630341291427612 4.062073150228258 3.4955036640167236 5.03151798248291 0.6704013347625732 3.6784217877852243 1.8948367834091187 1.3834279775619507
332 1.3695478439331055 4.042010287101918 3.5199081897735596 5.0264482498168945 0.6677035689353943 3.638546484078096 1.910353183746338 1.3735069036483765
333 1.3609834909439087 4.05229192096234 3.509840250015259 5.028058052062988 0.6584730744361877 3.662507928923398 1.8931152820587158 1.3794699907302856
334 1.365058422088623 4.051302903376667 3.525947332382202 5.028005599975586 0.6697016358375549 3.6619962087389992 1.9206221103668213 1.3800220489501953
335 1.3652445077896118 4.097425288857921 3.525235176086426 5.02901029586792 0.669602632522583 3.666611748523471 1.919081211090088 1.3801853656768799
336 1.3652445077896118 4.097425288857921 3.525235176086426 5.02901029586792 0.669602632522583 3.666611748523471 1.919081211090088 1.3801853656768799
337 1.3652839660644531 4.002619543972194 3.5253798961639404 5.0292582511901855 0.6695593595504761 3.721934027604368 1.9306269884109497 1.3804486989974976
338 1.3650438785552979 3.9509757815167017 3.5260112285614014 5.030392646789551 0.6701877117156982 3.7683211612662277 1.941196322441101 1.3806862831115723
339 1.3612476587295532 3.9604859082466968 3.529681444168091 5.013803958892822 0.6691458225250244 3.779458952327643 1.9410042762756348 1.3835729360580444
340 1.3743813037872314 3.8611497944338 3.5398340225219727 5.044166564941406 0.6766462922096252 3.756599275431584 1.9539159536361694 1.4080675840377808
341 1.3743813037872314 3.8611497944338 3.5398340225219727 5.044166564941406 0.6766462922096252 3.756599275431584 1.9539159536361694 1.4080675840377808
342 1.374187707901001 3.9912167793112046 3.5369584560394287 5.0449538230896 0.6766955256462097 3.8034580574851433 1.9587726593017578 1.4106853008270264
343 1.374187707901001 3.9912167793112046 3.5369584560394287 5.0449538230896 0.6766955256462097 3.8034580574851433 1.9587726593017578 1.4106853008270264
344 1.3745605945587158 3.9913340923634393 3.539142608642578 5.044474124908447 0.6763927340507507 3.8036520746157065 1.9521126747131348 1.3976967334747314
345 1.3804011344909668 3.9858511247382737 3.5512619018554688 5.051857948303223 0.689175009727478 3.797669610100878 1.9799970388412476 1.412551760673523
346 1.3804011344909668 3.9858511247382737 3.5512619018554688 5.051857948303223 0.689175009727478 3.797669610100878 1.9799970388412476 1.412551760673523
347 1.3904850482940674 4.012558252606449 3.5501675605773926 5.0746750831604 0.6997866034507751 3.806703219455294 1.9753080606460571 1.4534993171691895
348 1.3904850482940674 4.012558252606449 3.5500805377960205 5.0746750831604 0.6997866034507751 3.806703219455294 1.9753928184509277 1.4534993171691895
349 1.4016821384429932 4.038075125652007 3.577726364135742 5.087299823760986 0.721540093421936 3.831410840586553 2.0307788848876953 1.474985122680664
350 1.4017964601516724 4.113857872008523 3.57616925239563 5.086915493011475 0.7201355695724487 3.7745611145373803 2.0178959369659424 1.4730815887451172
351 1.4017964601516724 4.113857872008523 3.57616925239563 5.086915493011475 0.7201355695724487 3.7745611145373803 2.0178959369659424 1.4730815887451172
352 1.4015170335769653 4.074382208844488 3.575411319732666 5.085700511932373 0.7189754247665405 3.7514930724515274 2.0306785106658936 1.4713103771209717
353 1.387317180633545 4.078599340019316 3.562401056289673 5.036962032318115 0.6947885155677795 3.758582153110669 1.9972602128982544 1.2678468227386475
354 1.402347207069397 3.7425743397707576 3.558042287826538 5.061671733856201 0.7018946409225464 3.4782971086262955 1.9475260972976685 1.273959994316101
355 1.4109492301940918 5.661290041363398 3.575756072998047 5.069293975830078 0.7221183180809021 3.6677153163239766 2.015859842300415 1.2870872020721436
356 1.4109492301940918 5.661290041363398 3.575756072998047 5.069293975830078 0.7221183180809021 3.6677153163239766 2.015859842300415 1.2870872020721436
357 1.4197388887405396 5.672804063344895 3.5970208644866943 5.074024200439453 0.7385829091072083 3.678417478946082 2.0522384643554688 1.2884246110916138
358 1.4197477102279663 5.670107463699801 3.5995285511016846 5.073832988739014 0.7383906841278076 3.6747779489852896 2.062709331512451 1.3000484704971313
359 1.4202393293380737 5.673199667315233 3.60068416595459 5.075108051300049 0.7395810484886169 3.6773047086082067 2.0652434825897217 1.3012380599975586
360 1.4203695058822632 5.673478524668631 3.601311683654785 5.075133800506592 0.7397538423538208 3.67783464262899 2.0665647983551025 1.3012641668319702
361 1.4203695058822632 5.673478524668631 3.601311683654785 5.075133800506592 0.7397538423538208 3.67783464262899 2.0665647983551025 1.3012641668319702
362 1.4231833219528198 5.677243403137193 3.595501184463501 5.077886581420898 0.7483235597610474 3.683335837819948 2.0716216564178467 1.3098942041397095
363 1.4237265586853027 5.676842319399104 3.5914573669433594 5.040579795837402 0.749554455280304 3.683070305633197 2.0576281547546387 1.2300294637680054
364 1.4243875741958618 5.7789252482185764 3.5913634300231934 5.04019832611084 0.7502886652946472 3.795602438160737 2.0807790756225586 1.2310245037078857
365 1.4278899431228638 5.785238170691173 3.6191020011901855 5.044877052307129 0.7544698119163513 3.7979980646150513 2.098679780960083 1.239045262336731
366 1.4278899431228638 5.785238170691173 3.6191020011901855 5.044877052307129 0.7544698119163513 3.7979980646150513 2.098679780960083 1.239045262336731
367 1.4201217889785767 5.785277823195109 3.6160542964935303 5.036214828491211 0.7466439604759216 3.7956313048845316 2.0942983627319336 1.211549997329712
368 1.4185527563095093 5.785879388140866 3.6125006675720215 5.017965793609619 0.7453872561454773 3.7975287699517377 2.0884718894958496 1.1569418907165527
369 1.4218083620071411 5.798801514060045 3.6222827434539795 5.018003463745117 0.7484180331230164 3.8223893253354397 2.1043341159820557 1.1594897508621216
370 1.4171923398971558 5.797597069581344 3.6144838333129883 5.015320777893066 0.7419679164886475 3.819826007111832 2.1028661727905273 1.1519948244094849
371 1.4171923398971558 5.797597069581344 3.6144838333129883 5.015320777893066 0.7419679164886475 3.819826007111832 2.1028661727905273 1.1519948244094849
372 1.421724557876587 5.71258619865979 3.6144158840179443 5.01910400390625 0.7470855712890625 3.746226535116319 2.0900168418884277 1.1576155424118042
373 1.4217114448547363 5.7123808584203895 3.6120853424072266 5.019637584686279 0.7473459839820862 3.7464248544784944 2.0820136070251465 1.1590425968170166
374 1.4150882959365845 5.684701224865298 3.637561798095703 5.008628845214844 0.7503886818885803 3.7237121192649814 2.1100680828094482 1.1567033529281616
375 1.3945924043655396 5.662497073867635 3.6280369758605957 4.971036911010742 0.7252888083457947 3.7055445607321342 2.0906949043273926 1.06455659866333
376 1.3945924043655396 5.662497073867635 3.6280369758605957 4.971036911010742 0.7252888083457947 3.7055445607321342 2.0906949043273926 1.06455659866333
377 1.4027341604232788 5.664778307617755 3.626619338989258 4.9868316650390625 0.7329926490783691 3.7053280197963714 2.093019723892212 1.1027095317840576
378 1.402872920036316 5.664881694597562 3.62681245803833 4.987288475036621 0.7336803674697876 3.705118509810571 2.093048095703125 1.1035726070404053
379 1.3890455961227417 5.6745126506790395 3.6095213890075684 4.986917972564697 0.7040574550628662 3.6997324114744603 2.0617294311523438 1.0584323406219482
380 1.386212706565857 5.659579365947221 3.618889570236206 4.972275257110596 0.7060568332672119 3.698960417225616 2.078110694885254 1.0475575923919678
381 1.386212706565857 5.659579365947221 3.618889570236206 4.972275257110596 0.7060568332672119 3.698960417225616 2.078110694885254 1.0475575923919678
382 1.387809157371521 5.661407622184216 3.6192526817321777 4.973201274871826 0.7107313275337219 3.698126166569183 2.0780224800109863 1.0546213388442993
383 1.3903716802597046 5.660751038090556 3.645958185195923 4.980120658874512 0.7173484563827515 3.6997747145522686 2.0541982650756836 1.0846168994903564
384 1.3846017122268677 5.667121457319527 3.6666460037231445 4.971661567687988 0.7012017369270325 3.7145107040537186 2.0335092544555664 1.0544158220291138
385 1.3847569227218628 5.689617220052606 3.66829514503479 4.974872589111328 0.7047558426856995 3.759418399988693 2.047437906265259 1.0592185258865356
386 1.3847569227218628 5.689617220052606 3.66829514503479 4.974872589111328 0.7047558426856995 3.759418399988693 2.047437906265259 1.0592185258865356
387 1.3856407403945923 5.690611146320911 3.667825937271118 5.01633882522583 0.7085023522377014 3.76182327379859 2.0568745136260986 1.1595385074615479
388 1.383709192276001 5.685365891223509 3.6628549098968506 5.011100769042969 0.7078086137771606 3.7609292594272374 2.0508310794830322 1.1523135900497437
389 1.383709192276001 5.685365891223509 3.6628549098968506 5.011100769042969 0.7078086137771606 3.7609292594272374 2.0508310794830322 1.1523135900497437
390 1.3748364448547363 5.690723319874774 3.640427827835083 5.009315013885498 0.6961619257926941 3.7779365824504403 2.02043080329895 1.14645516872406
391 1.3748364448547363 5.690723319874774 3.640427827835083 5.009315013885498 0.6961619257926941 3.7779365824504403 2.02043080329895 1.14645516872406
392 1.3676589727401733 5.679936242803457 3.645872116088867 4.997950553894043 0.6854537725448608 3.6871247978117947 2.015699863433838 1.1189773082733154
393 1.3673187494277954 5.773324795249123 3.6466479301452637 4.99816370010376 0.686548113822937 3.8363700066358195 2.0455338954925537 1.1193827390670776
394 1.3873016834259033 5.645469241841852 3.6568500995635986 5.027550220489502 0.7146143317222595 3.655985286073338 2.0279529094696045 1.2101025581359863
395 1.3872590065002441 5.642712744675229 3.6592912673950195 5.026346683502197 0.7161498665809631 3.6545554570742196 2.0324416160583496 1.210703730583191
396 1.3872590065002441 5.642712744675229 3.6592912673950195 5.026346683502197 0.7161498665809631 3.6545554570742196 2.0324416160583496 1.210703730583191
397 1.3725229501724243 5.632279999715603 3.6332671642303467 5.028412818908691 0.6728281378746033 3.664886348941996 1.9901608228683472 1.1634176969528198
398 1.3725229501724243 5.629135745351046 3.6332671642303467 5.028412818908691 0.6728281378746033 3.628593237355435 1.9845260381698608 1.1634176969528198
399 1.3680131435394287 5.61174246459147 3.625406265258789 5.017622470855713 0.6800090670585632 3.6198402943806074 1.9689041376113892 1.161059856414795
400 1.3772335052490234 5.6458085878770214 3.6719648838043213 5.0071611404418945 0.7143489718437195 3.710672375959475 2.057610034942627 1.1590361595153809
401 1.3772335052490234 5.6458085878770214 3.6719648838043213 5.0071611404418945 0.7143489718437195 3.710672375959475 2.057610034942627 1.1590361595153809
402 1.3775731325149536 5.647456509624777 3.6642508506774902 5.011020183563232 0.7207658290863037 3.7204814735507146 2.047680139541626 1.169123888015747
403 1.379096508026123 5.635889844858872 3.6557586193084717 5.037642955780029 0.6796832084655762 3.7453384190412793 2.031446695327759 1.1298682689666748
404 1.3859249353408813 5.6413908305123615 3.666649341583252 5.042792320251465 0.6963200569152832 3.764007223023424 2.0463478565216064 1.1571153402328491
405 1.3859249353408813 5.6413908305123615 3.6522650718688965 5.058779716491699 0.6963200569152832 3.764007223023424 2.051226854324341 1.2094813585281372
406 1.3914456367492676 5.857907612550878 3.6520981788635254 5.0657243728637695 0.7158359885215759 3.9365408110298046 2.0883913040161133 1.2478567361831665
407 1.3903824090957642 5.886117500528361 3.6490235328674316 5.066061019897461 0.7135781049728394 3.968103459030076 2.089205503463745 1.2483242750167847
408 1.388890027999878 5.883646435457949 3.648312568664551 5.064009189605713 0.7113825082778931 3.9664321072216477 2.086967706680298 1.2452735900878906
409 1.387290596961975 5.798293784011915 3.647185802459717 5.066030502319336 0.7003829479217529 3.8916313774306945 2.0669329166412354 1.2380988597869873
410 1.3886150121688843 5.801366950212414 3.648611545562744 5.068363189697266 0.7049611210823059 3.8959165199663848 2.0691049098968506 1.241950273513794
411 1.3886150121688843 5.801366950212414 3.648611545562744 5.068363189697266 0.7049611210823059 3.8959165199663848 2.0691049098968506 1.241950273513794
412 1.3904825448989868 5.802751710683524 3.643178939819336 5.074949264526367 0.7158063054084778 3.8975560868815204 2.069183826446533 1.260938048362732
413 1.367810606956482 5.801784570652381 3.6358470916748047 5.042148113250732 0.6934780478477478 3.887594503840358 2.0593044757843018 1.2016923427581787
414 1.3686509132385254 5.901373987136749 3.6364166736602783 5.04550313949585 0.6980113387107849 4.021623829793855 2.0869858264923096 1.2018920183181763
415 1.3656076192855835 5.895748509150956 3.635089874267578 5.0407819747924805 0.6952921748161316 3.96727770125998 2.0764310359954834 1.1945499181747437
416 1.3656076192855835 5.895748509150956 3.635089874267578 5.0407819747924805 0.6952921748161316 3.96727770125998 2.0764310359954834 1.1945499181747437
417 1.3669865131378174 5.895342473949972 3.632871627807617 5.040327548980713 0.6972051858901978 4.011191108970493 2.0804357528686523 1.1982951164245605
418 1.3606927394866943 5.892191407336407 3.630464792251587 5.026810169219971 0.6931304335594177 4.005703533238225 2.075171709060669 1.1634025573730469
419 1.3556122779846191 5.973868696824019 3.6258962154388428 5.0179924964904785 0.6836151480674744 4.134574129415224 2.0949723720550537 1.1511409282684326
420 1.3585585355758667 5.991658205358298 3.622748613357544 5.021078586578369 0.6874191761016846 4.131503889121508 2.0918893814086914 1.1513985395431519
421 1.3585585355758667 5.991658205358298 3.622748613357544 5.021078586578369 0.6874191761016846 4.131503889121508 2.0918893814086914 1.1513985395431519
422 1.3527156114578247 5.687638620167462 3.620121717453003 5.015115261077881 0.6738525032997131 3.713566206298217 1.997315526008606 1.1405671834945679
423 1.353940725326538 5.779173584532833 3.6242308616638184 5.011052131652832 0.6784561276435852 3.9247252403391855 2.052276611328125 1.13591730594635
424 1.3596172332763672 5.779134224095213 3.625319480895996 5.016452789306641 0.6899702548980713 3.9216566859517545 2.0572469234466553 1.1448121070861816
425 1.3601442575454712 5.788714173309203 3.6281745433807373 5.016385555267334 0.6930081248283386 3.8883573508566918 2.0582966804504395 1.1457464694976807
426 1.3601442575454712 5.788714173309203 3.6281745433807373 5.016385555267334 0.6930081248283386 3.8883573508566918 2.0582966804504395 1.1457464694976807
427 1.3608275651931763 5.790018050511406 3.628938674926758 5.01833963394165 0.6966041326522827 3.890994446272083 2.0599770545959473 1.1487990617752075
428 1.360063076019287 5.784015431004852 3.621580123901367 5.013492584228516 0.6859824657440186 3.8507143024731088 2.044210195541382 1.1342411041259766
429 1.3593165874481201 5.788192561764099 3.6105217933654785 5.011878967285156 0.6851137280464172 3.845830047490371 2.0341475009918213 1.1370526552200317
430 1.3601349592208862 5.7880488739008005 3.6129531860351563 5.012013912200928 0.6867055296897888 3.8452723764323418 2.0393314361572266 1.13969886302948
431 1.3601349592208862 5.7880488739008005 3.6129531860351563 5.012013912200928 0.6867055296897888 3.8452723764323418 2.0393314361572266 1.13969886302948
432 1.3600373268127441 5.746857246013325 3.6122024059295654 5.0117716789245605 0.6861395835876465 3.887494248654877 2.039133310317993 1.138991355895996
433 1.3599897623062134 5.746706360431135 3.6250438690185547 5.014433860778809 0.6860325336456299 3.8873138642013894 2.0495386123657227 1.154603362083435
434 1.3569896221160889 5.7320162638043275 3.6229801177978516 5.011635780334473 0.6790952682495117 3.874817955084356 2.042271614074707 1.1484416723251343
435 1.3609522581100464 5.736332317366636 3.6223785877227783 5.023296356201172 0.680630087852478 3.8707609881941334 2.043170690536499 1.1611003875732422
436 1.3609522581100464 5.736332317366636 3.6223785877227783 5.023296356201172 0.680630087852478 3.8707609881941334 2.043170690536499 1.1611003875732422
437 1.3523393869400024 5.665068527409512 3.6068506240844727 5.017381191253662 0.6663714051246643 3.7373077359777085 1.990789771080017 1.154289722442627
438 1.3520355224609375 5.665152775928361 3.60632586479187 5.017387866973877 0.6657400131225586 3.7374536638721736 1.9911543130874634 1.1543153524398804
439 1.3518420457839966 5.665501556274835 3.6070849895477295 5.01760721206665 0.6651007533073425 3.7380906495691884 1.9913182258605957 1.1546697616577148
440 1.3527798652648926 5.679734593846491 3.608508825302124 5.017659664154053 0.6666620969772339 3.740866508093483 1.9867689609527588 1.1528123617172241
441 1.3527798652648926 5.679734593846491 3.608508825302124 5.017659664154053 0.6666620969772339 3.740866508093483 1.9867689609527588 1.1528123617172241
442 1.3578625917434692 5.812899474144709 3.6072468757629395 5.025923252105713 0.663864016532898 3.983895546550765 2.0152599811553955 1.1596912145614624
443 1.3578625917434692 5.8005718743851435 3.607699394226074 5.024259090423584 0.663864016532898 3.884333092013846 2.000795602798462 1.1557362079620361
444 1.3583781719207764 5.800318813208492 3.609870195388794 5.024582862854004 0.6649973392486572 3.8836381425808977 2.00502610206604 1.1561652421951294
445 1.3582533597946167 5.800326769845698 3.6098568439483643 5.024631023406982 0.6648082137107849 3.883410312058432 2.004915237426758 1.1557761430740356
446 1.3582533597946167 5.800326769845698 3.6098568439483643 5.024631023406982 0.6648082137107849 3.883410312058432 2.004915237426758 1.1557761430740356
447 1.357583999633789 5.930772786998083 3.608776569366455 5.02280330657959 0.6636019349098206 4.059134684693597 2.0407917499542236 1.1529728174209595
448 1.357333779335022 5.907209504549396 3.608259677886963 5.022029876708984 0.6592158079147339 3.9903387171190032 2.0346567630767822 1.1527444124221802
449 1.3554226160049438 5.902634516645978 3.602618455886841 5.02235746383667 0.6550034880638123 3.9856820919965537 2.0231757164001465 1.1526333093643188
450 1.3692988157272339 5.775513821711079 3.604264974594116 5.058964729309082 0.6622939109802246 3.775049000497574 1.9838796854019165 1.2006378173828125
451 1.3692988157272339 5.775513821711079 3.604264974594116 5.058964729309082 0.6622939109802246 3.775049000497574 1.9838796854019165 1.2006378173828125
452 1.3691835403442383 5.738829073843527 3.6054298877716064 5.0555877685546875 0.6635374426841736 3.761760784126489 1.981080174446106 1.195744514465332
453 1.3702023029327393 5.73975903632853 3.6038095951080322 5.073337554931641 0.6645247340202332 3.7613059578266665 1.9816187620162964 1.277150273323059
454 1.3696473836898804 5.73879955776093 3.603921413421631 5.080141544342041 0.6641225814819336 3.7603485729671826 1.9836891889572144 1.290052056312561
455 1.3697518110275269 5.740129853501911 3.6044108867645264 5.082088470458984 0.6654961705207825 3.7665640809428784 1.9919546842575073 1.2961809635162354
456 1.3697518110275269 5.740129853501911 3.6044108867645264 5.082088470458984 0.6654961705207825 3.7665640809428784 1.9919546842575073 1.2961809635162354
457 1.3697125911712646 5.741791425460205 3.601691484451294 5.089715003967285 0.6654245257377625 3.7616027248570254 1.9891098737716675 1.3364312648773193
458 1.3697125911712646 5.741791425460205 3.601670742034912 5.089715003967285 0.6654245257377625 3.7616027248570254 1.98857581615448 1.3364312648773193
459 1.3713454008102417 5.741579222849859 3.6199662685394287 5.063809394836426 0.6782025694847107 3.7244385442250056 2.0169105529785156 1.2495049238204956
460 1.3707880973815918 5.700969582760126 3.618669033050537 5.06439208984375 0.6771920323371887 3.5734583372392907 1.9862864017486572 1.2465710639953613
461 1.3707880973815918 5.700969582760126 3.618669033050537 5.06439208984375 0.6771920323371887 3.5734583372392907 1.9862864017486572 1.2465710639953613
462 1.3593984842300415 5.708974143384404 3.589195489883423 5.063969135284424 0.6549975872039795 3.6068341444666037 1.941325306892395 1.2475680112838745
463 1.359204649925232 5.857170009984853 3.5983545780181885 5.0660529136657715 0.6552852988243103 3.8632915016573404 1.9851024150848389 1.245514988899231
464 1.3558564186096191 5.858035454257361 3.5914487838745117 5.062939167022705 0.6501851677894592 3.864661876845223 1.9737807512283325 1.2401857376098633
465 1.362204909324646 5.870239468759685 3.5951240062713623 5.0733866691589355 0.6634405255317688 3.8855385340003266 1.9847520589828491 1.2642865180969238
466 1.362204909324646 5.870239468759685 3.5951240062713623 5.0733866691589355 0.6634405255317688 3.8855385340003266 1.9847520589828491 1.2642865180969238
467 1.3623483180999756 5.917802668811453 3.594756841659546 5.0732951164245605 0.6636373996734619 3.9202140518305284 1.9889967441558838 1.2641026973724365
468 1.362241268157959 5.917925570997295 3.5929195880889893 5.076332092285156 0.6611273884773254 3.9172804717841574 1.9833658933639526 1.2632718086242676
469 1.362241268157959 5.917925570997295 3.5716311931610107 5.074460983276367 0.6611273884773254 3.9172804717841574 1.9622503519058228 1.264330506324768
470 1.3638464212417603 5.916243391717985 3.574068546295166 5.073161602020264 0.6646298766136169 3.9165198270549393 1.9679834842681885 1.2643771171569824
471 1.3638464212417603 5.916243391717985 3.574068546295166 5.073161602020264 0.6646298766136169 3.9165198270549393 1.9679834842681885 1.2643771171569824
472 1.3639963865280151 5.921283141433875 3.5774495601654053 5.073660850524902 0.6653411984443665 3.921649480398578 1.9747122526168823 1.2657591104507446
473 1.3640668392181396 5.812989086980814 3.5972650051116943 5.073696613311768 0.6654971837997437 3.80099789614848 2.0059354305267334 1.2657827138900757
474 1.3651329278945923 5.817487862045111 3.5991640090942383 5.076846122741699 0.667123556137085 3.7987551382397906 2.0129172801971436 1.268337607383728
475 1.3596405982971191 5.817610058842539 3.5939278602600098 5.075210094451904 0.6478555798530579 3.771667220809901 1.998241662979126 1.243903398513794
476 1.3583869934082031 5.818135333862802 3.5946414470672607 5.071835041046143 0.6479364037513733 3.7755714188573037 2.0013692378997803 1.237149715423584
477 1.3572009801864624 5.953578387848658 3.5952706336975098 5.0726399421691895 0.6504231691360474 3.956232261585558 2.0375595092773438 1.2394784688949585
478 1.3482494354248047 5.970410379998336 3.578429937362671 5.027610778808594 0.6295766830444336 3.969568665133126 2.005796194076538 1.1208103895187378
479 1.3478178977966309 5.969257299739984 3.5778114795684814 5.0264997482299805 0.6265694499015808 3.9677952917940384 2.0040123462677 1.118695616722107
480 1.3500622510910034 5.965914082264618 3.577923059463501 5.029787063598633 0.6302163600921631 3.9676623938676485 2.006023645401001 1.1252950429916382
481 1.3500622510910034 5.965914082264618 3.577923059463501 5.029787063598633 0.6302163600921631 3.9676623938676485 2.006023645401001 1.1252950429916382
482 1.3500622510910034 5.965914082264618 3.5774102210998535 5.029787063598633 0.6302163600921631 3.9676623938676485 2.002727746963501 1.1252950429916382
483 1.3500622510910034 5.9777720860216945 3.572972297668457 5.029787063598633 0.6302163600921631 3.9427823150863004 2.000253438949585 1.1252950429916382
484 1.3506361246109009 5.974215614749751 3.5702731609344482 5.0301055908203125 0.6328585147857666 3.959213894871535 2.016554117202759 1.1289361715316772
485 1.3622643947601318 6.014811516555471 3.5773777961730957 5.047752857208252 0.6514160633087158 4.022358932038295 2.043644905090332 1.1602622270584106
486 1.3622643947601318 6.014811516555471 3.5773777961730957 5.047752857208252 0.6514160633087158 4.022358932038295 2.043644905090332 1.1602622270584106
487 1.360501766204834 6.041530197154362 3.547405958175659 5.020641803741455 0.6517720818519592 4.025499975948086 2.030329465866089 1.0805681943893433
488 1.360619068145752 6.0417774292809225 3.5441370010375977 5.020679950714111 0.6518476009368896 4.025711672543959 2.0235095024108887 1.0804760456085205
489 1.354353904724121 5.945413100316212 3.55397891998291 5.022562503814697 0.6450781226158142 3.851275164600487 2.013303518295288 1.1270778179168701
490 1.35263991355896 5.949908594100161 3.5477471351623535 5.027369022369385 0.6430173516273499 3.853940583031566 2.0088579654693604 1.1313954591751099
491 1.35263991355896 5.949908594100161 3.5477471351623535 5.027369022369385 0.6430173516273499 3.853940583031566 2.0088579654693604 1.1313954591751099
492 1.35374116897583 5.949579319211287 3.545358419418335 5.055930137634277 0.6442514657974243 3.8541998329131344 2.0123677253723145 1.229371428489685
493 1.3537507057189941 5.94975883901791 3.5544981956481934 5.094142436981201 0.6443859934806824 3.8551667206132905 2.0222651958465576 1.3188087940216064
494 1.3516089916229248 5.944319803280809 3.5530829429626465 5.08854341506958 0.641224205493927 3.850033392017664 2.017533302307129 1.3107578754425049
495 1.3503865003585815 5.945572862329425 3.545013904571533 5.087900638580322 0.6383219361305237 3.851313884137753 2.006852149963379 1.307841420173645
496 1.3503865003585815 5.945572862329425 3.545013904571533 5.087900638580322 0.6383219361305237 3.851313884137753 2.006852149963379 1.307841420173645
497 1.35054612159729 5.945159160533091 3.543393850326538 5.087900161743164 0.6400685906410217 3.851946167491054 2.0043983459472656 1.3068559169769287
498 1.3525023460388184 5.943775777144601 3.5499444007873535 5.0869011878967285 0.647419273853302 3.8112275659438355 2.0079405307769775 1.3052749633789063
499 1.3507763147354126 6.098320185790005 3.554191827774048 5.0822343826293945 0.6370266675949097 4.174824478193793 2.0833489894866943 1.2929826974868774
500 1.353354573249817 6.105036796122563 3.557788372039795 5.0861101150512695 0.6411601305007935 4.179575794550261 2.0927999019622803 1.298030972480774
