init 1.1026134490966797 7.722190873972476 3.3443474769592285 2.047734022140503 0.0 0.0 0.0 0.0
1 1.1026134490966797 7.722105361559685 3.3443474769592285 2.047734022140503 0.0 0.00048107737430568557 0.00015395200171042234 0.0
2 1.1883398294448853 7.6813048963113335 3.419904947280884 2.1970179080963135 0.3919564485549927 0.51330694961782 0.6627399325370789 0.8318015933036804
3 1.1918023824691772 7.918035383243866 3.479158639907837 2.441119432449341 0.42987096309661865 0.6707512207382808 0.9711670279502869 1.3347561359405518
4 1.2404975891113281 7.87976428060467 3.4925739765167236 2.402588367462158 0.621250569820404 0.5805657158755118 1.051850438117981 1.3777575492858887
5 1.2642731666564941 7.854455407193451 3.501479387283325 2.409661293029785 0.6516686677932739 0.591254947998035 1.1159498691558838 1.388909935951233
6 1.3234615325927734 7.738246165070705 3.4881012439727783 2.539041757583618 0.6088018417358398 0.6146421862250643 1.201310157775879 1.550919532775879
7 1.3248467445373535 7.716306761292534 3.4999871253967285 2.561753034591675 0.5794015526771545 0.6275775375009435 1.2545933723449707 1.5824803113937378
8 1.3256326913833618 7.706427993010191 3.500575542449951 2.5619165897369385 0.5846096873283386 0.6332288708462132 1.2624645233154297 1.5825371742248535
9 1.316218376159668 7.706280800764786 3.497807741165161 2.567223310470581 0.5707771182060242 0.6225584999673098 1.26263427734375 1.5975462198257446
10 1.323535442352295 7.696708864550459 3.5019993782043457 2.573728561401367 0.5702728629112244 0.6355645451566063 1.2578368186950684 1.6000550985336304
11 1.3158974647521973 7.630033986862047 3.463085412979126 2.6311066150665283 0.5667393803596497 0.7905512717106911 1.2755786180496216 1.7024167776107788
12 1.3113268613815308 7.631813818813541 3.460810661315918 2.664665460586548 0.55344158411026 0.7913503318280557 1.2782412767410278 1.7426589727401733
13 1.3116273880004883 7.60588617138962 3.489210605621338 2.6648130416870117 0.5544073581695557 0.698151651708406 1.4041836261749268 1.7431796789169312
14 1.3208273649215698 7.604562258909592 3.488152027130127 2.6638879776000977 0.579963207244873 0.6998302747481899 1.4088084697723389 1.7589430809020996
15 1.3206336498260498 7.602085896807761 3.4783380031585693 2.6240603923797607 0.5758881568908691 0.7273013383648849 1.4131560325622559 1.7621791362762451
16 1.3206336498260498 7.602085896807761 3.4783380031585693 2.6240603923797607 0.5758881568908691 0.7273013383648849 1.4131560325622559 1.7621791362762451
17 1.3209627866744995 7.604000424401763 3.4793055057525635 2.6906914710998535 0.5800054669380188 0.7222074384686664 1.425537347793579 1.8652395009994507
18 1.3572815656661987 7.631700231322367 3.460705280303955 2.655439615249634 0.6872677803039551 0.6961957113209242 1.3138463497161865 1.8415724039077759
19 1.358726978302002 7.642959812907771 3.4626376628875732 2.662997245788574 0.6824038624763489 0.6948638610440878 1.3139653205871582 1.8450486660003662
20 1.4280922412872314 7.603971964700606 3.480607509613037 2.693232297897339 0.8166556358337402 0.7179850708778772 1.3773863315582275 1.909340739250183
21 1.4280922412872314 7.603971964700606 3.480607509613037 2.693232297897339 0.8166556358337402 0.7179850708778772 1.3773863315582275 1.909340739250183
22 1.4420932531356812 7.650712190319229 3.4915430545806885 2.6674084663391113 0.8602439165115356 0.7157024467334668 1.3801528215408325 1.8857356309890747
23 1.4520941972732544 7.610903980798878 3.475264310836792 2.6764378547668457 0.8636197447776794 0.7205549172133291 1.3706868886947632 1.8885061740875244
24 1.4566470384597778 7.5745188706154325 3.4686636924743652 2.676661252975464 0.8630650639533997 0.7318632351313635 1.3634320497512817 1.8872226476669312
25 1.5422139167785645 7.461891669451511 3.518301010131836 2.8175132274627686 0.9873045086860657 0.8128128230844665 1.5327491760253906 2.1190731525421143
26 1.5422139167785645 7.461891669451511 3.5095090866088867 2.8175132274627686 0.9873045086860657 0.8128128230844665 1.5155689716339111 2.1190731525421143
27 1.5663851499557495 7.468368672614813 3.5227341651916504 2.8486404418945313 1.035512089729309 0.8172446724998814 1.5512689352035522 2.1675665378570557
28 1.5240918397903442 7.42071144310919 3.5571322441101074 2.8062751293182373 1.0208971500396729 0.8664584521627108 1.6315017938613892 2.173598527908325
29 1.547930359840393 7.43759443345164 3.5685484409332275 2.8358304500579834 1.0546684265136719 0.8540063703944252 1.647757887840271 2.2216832637786865
30 1.6683495044708252 7.467256198439945 3.6083619594573975 3.038767099380493 1.1635600328445435 0.8395220559254591 1.7151756286621094 2.3837456703186035
31 1.6683495044708252 7.467256198439945 3.6083619594573975 3.038767099380493 1.1635600328445435 0.8395220559254591 1.7151756286621094 2.3837456703186035
32 1.6373392343521118 7.496261597335051 3.591090440750122 3.0248498916625977 1.1071498394012451 0.7928853238275381 1.684815764427185 2.2862131595611572
33 1.6415736675262451 7.485174804147134 3.591132164001465 3.032592535018921 1.1090344190597534 0.8020262975763218 1.6857624053955078 2.2921812534332275
34 1.6160738468170166 7.460605511419271 3.586583137512207 3.027332067489624 1.067018747329712 0.8274569980200339 1.6848336458206177 2.2754178047180176
35 1.6134589910507202 7.455077435391053 3.591470241546631 3.031162738800049 1.0635017156600952 0.8254005620289308 1.6992712020874023 2.2836036682128906
36 1.6134589910507202 7.455077435391053 3.591470241546631 3.031162738800049 1.0635017156600952 0.8254005620289308 1.6992712020874023 2.2836036682128906
37 1.6147700548171997 7.463479532738183 3.6026647090911865 3.033752202987671 1.0664169788360596 0.8187247622740716 1.698826551437378 2.3023581504821777
38 1.624535083770752 7.488753592226026 3.62015438079834 3.0142006874084473 1.085680603981018 0.9256107740002789 1.6974155902862549 2.2840323448181152
39 1.6744096279144287 7.483605974246894 3.6406307220458984 3.0656135082244873 1.1429396867752075 0.9608627706293077 1.7353365421295166 2.344871759414673
40 1.6777615547180176 7.482305231720174 3.6480154991149902 3.0619635581970215 1.148139238357544 0.9644594330018635 1.7688775062561035 2.3501830101013184
41 1.6777615547180176 7.482305231720174 3.6480154991149902 3.0619635581970215 1.148139238357544 0.9644594330018635 1.7688775062561035 2.3501830101013184
42 1.651139259338379 7.431735860535989 3.6497349739074707 3.01547908782959 1.1003495454788208 1.0151793678110255 1.7652313709259033 2.2787811756134033
43 1.7164775133132935 7.441877761215255 3.648563861846924 2.927142858505249 1.2012711763381958 1.0008935514761745 1.734341025352478 2.171771287918091
44 1.7705435752868652 7.39334173519782 3.6757888793945313 2.946758270263672 1.272054672241211 1.0503878857300548 1.7636754512786865 2.2005558013916016
45 1.8620558977127075 7.379359030302449 3.7271597385406494 2.9589436054229736 1.3970167636871338 1.0689016501585955 1.8625599145889282 2.220701217651367
46 1.8620558977127075 7.379359030302449 3.7271597385406494 2.9589436054229736 1.3970167636871338 1.0689016501585955 1.8625599145889282 2.220701217651367
47 1.8317201137542725 7.377931514323246 3.7280662059783936 2.9675567150115967 1.3551368713378906 1.0527677833475624 1.866088628768921 2.2346248626708984
48 1.8447345495224 7.357535465366483 3.7339529991149902 2.9625461101531982 1.372761845588684 1.0663492805226713 1.8845559358596802 2.236306667327881
49 1.8463640213012695 7.3559998603708525 3.739771604537964 2.9779655933380127 1.3743865489959717 1.0650948059831253 1.8998806476593018 2.255573034286499
50 1.8533374071121216 7.26658692919261 3.7469964027404785 2.9816102981567383 1.3876920938491821 1.150170928949651 1.912914514541626 2.261289358139038
51 1.8533374071121216 7.26658692919261 3.7469964027404785 2.9816102981567383 1.3876920938491821 1.150170928949651 1.912914514541626 2.261289358139038
52 1.8695684671401978 7.258903473682214 3.7668731212615967 2.916914224624634 1.4520727396011353 1.2660760033071126 1.9883050918579102 2.2243666648864746
53 1.8823562860488892 7.264049524011815 3.77038836479187 2.934779644012451 1.4670770168304443 1.428430534064751 2.00468111038208 2.2515435218811035
54 1.865579605102539 7.232764578694393 3.769352674484253 3.0538744926452637 1.4373472929000854 1.4857012931555693 2.0279204845428467 2.349116563796997
55 1.8632441759109497 7.239800396470821 3.828200578689575 3.0809097290039063 1.4312444925308228 1.4825218169784153 2.153909921646118 2.3589649200439453
56 1.8632441759109497 7.239800396470821 3.828200578689575 3.0809097290039063 1.4312444925308228 1.4825218169784153 2.153909921646118 2.3589649200439453
57 1.8303412199020386 7.236714645322829 3.8623874187469482 3.1108312606811523 1.3840196132659912 1.4826284347453103 2.2073936462402344 2.4008829593658447
58 1.900275707244873 7.215854039823388 3.885287284851074 3.1727867126464844 1.4635109901428223 1.4531897686797466 2.270293951034546 2.4803824424743652
59 1.8460849523544312 7.193519102067974 3.8699870109558105 3.188464403152466 1.4013795852661133 1.472213204430886 2.2595651149749756 2.5199055671691895
60 1.875575065612793 7.188157973941754 3.883047103881836 3.1979146003723145 1.4422249794006348 1.4810239782195078 2.283109188079834 2.540778636932373
61 1.875575065612793 7.188157973941754 3.883047103881836 3.1979146003723145 1.4422249794006348 1.4810239782195078 2.283109188079834 2.540778636932373
62 1.8247549533843994 7.23906643789544 3.8598859310150146 3.1145224571228027 1.400097370147705 1.4941886066024703 2.2303383350372314 2.4494950771331787
63 1.8382266759872437 7.228228073125248 3.875838279724121 3.1431798934936523 1.4085063934326172 1.4786340393930169 2.2515149116516113 2.4812517166137695
64 1.8391398191452026 7.204693239541261 3.874924898147583 3.1478559970855713 1.411146640777588 1.516101906814132 2.26369571685791 2.488731622695923
65 1.8385894298553467 7.100829684080592 3.8790128231048584 3.1737287044525146 1.412065863609314 1.6767891078450157 2.3004095554351807 2.4925312995910645
66 1.8385894298553467 7.100829684080592 3.8790128231048584 3.1737287044525146 1.412065863609314 1.6767891078450157 2.3004095554351807 2.4925312995910645
67 1.827694058418274 7.054295806462353 3.8628299236297607 3.240159273147583 1.3764724731445313 1.789698188739379 2.2860522270202637 2.4982833862304688
68 1.8376595973968506 7.071476686628981 3.855844259262085 3.229937791824341 1.3934807777404785 1.7864711439135104 2.2726333141326904 2.4870216846466064
69 1.901720404624939 7.083510492177644 3.8792686462402344 3.254240036010742 1.4753087759017944 1.8610740882525032 2.3235819339752197 2.550259590148926
70 1.9025081396102905 7.0798195988246695 3.9062206745147705 3.3061273097991943 1.4676272869110107 1.7871406486849493 2.3589301109313965 2.6080121994018555
71 1.8881440162658691 7.067102670022707 3.903266668319702 3.30110502243042 1.4447691440582275 1.8114303159497325 2.3567395210266113 2.5978875160217285
72 1.852747917175293 7.027384831013724 3.913132905960083 3.318152666091919 1.3916856050491333 1.8441734340615965 2.3803908824920654 2.613356590270996
73 1.8347018957138062 7.016723251844531 3.8909387588500977 3.2822933197021484 1.387848973274231 1.8637828503546976 2.3528356552124023 2.591332197189331
74 1.7979743480682373 7.036683809756184 3.874110698699951 3.2544779777526855 1.3396148681640625 1.856348929329757 2.326770782470703 2.551741361618042
75 1.797613501548767 7.036498377016099 3.8717260360717773 3.2539145946502686 1.339773178100586 1.8590169637076173 2.324019432067871 2.5518455505371094
76 1.7767765522003174 7.02370495779298 3.843461036682129 3.252965211868286 1.3058784008026123 1.9057782298724832 2.304751396179199 2.5312139987945557
77 1.8206037282943726 7.0175537266234524 3.8972887992858887 3.2538342475891113 1.3665950298309326 1.8822080907432055 2.386300563812256 2.5402817726135254
78 1.7752466201782227 7.012432138514632 3.8910982608795166 3.2859675884246826 1.3135907649993896 1.7952912234259217 2.3673086166381836 2.5882186889648438
79 1.720112919807434 6.998833495262491 3.8714585304260254 3.2109179496765137 1.2751778364181519 1.7749048200969904 2.3380684852600098 2.5150063037872314
80 1.7591078281402588 7.004778780272887 3.89137601852417 3.2645273208618164 1.3075331449508667 1.7842440715401928 2.370753765106201 2.575917959213257
81 1.7591078281402588 7.004778780272887 3.89137601852417 3.2645273208618164 1.3075331449508667 1.7842440715401928 2.370753765106201 2.575917959213257
82 1.7926900386810303 6.952971278686777 3.968142509460449 3.2901575565338135 1.3470473289489746 1.905237343881634 2.4988839626312256 2.5979321002960205
83 1.7822061777114868 6.955285971189411 3.962296724319458 3.2721807956695557 1.3369817733764648 1.959538340959897 2.493267059326172 2.5743658542633057
84 1.8238741159439087 6.96788726151648 3.976867198944092 3.330247163772583 1.3677868843078613 1.95386464204416 2.502781391143799 2.63435697555542
85 1.822904109954834 7.033091183370565 3.979627847671509 3.3315622806549072 1.373420238494873 1.9008344696079122 2.500317335128784 2.647289991378784
86 1.822904109954834 7.033091183370565 3.979627847671509 3.3315622806549072 1.373420238494873 1.9008344696079122 2.500317335128784 2.647289991378784
87 1.8084757328033447 7.034518162368375 3.9850404262542725 3.3375308513641357 1.3552336692810059 1.9090411460064574 2.511622667312622 2.661848306655884
88 1.8169066905975342 7.039466954501876 4.0199432373046875 3.354199171066284 1.357672929763794 1.908525331334812 2.5567946434020996 2.676309823989868
89 1.831851840019226 7.033623938211534 4.020000457763672 3.3643720149993896 1.3749386072158813 1.925256703449671 2.563762903213501 2.6805357933044434
90 1.8323646783828735 6.974057545661424 4.007630348205566 3.443655252456665 1.381485939025879 1.936464350377074 2.5392343997955322 2.777501344680786
91 1.8323646783828735 6.974057545661424 4.007630348205566 3.443655252456665 1.381485939025879 1.936464350377074 2.5392343997955322 2.777501344680786
92 1.8283735513687134 6.974532043278968 3.9923007488250732 3.446113109588623 1.3755513429641724 1.944311483707583 2.5279641151428223 2.7786216735839844
93 1.828411340713501 6.974491809513129 3.9890787601470947 3.446091651916504 1.3756017684936523 1.9443013504000082 2.5261993408203125 2.778618812561035
94 1.8413509130477905 6.9772252280884475 3.9875380992889404 3.436006784439087 1.3889641761779785 1.9443382209100506 2.524977922439575 2.756533145904541
95 1.837570309638977 6.973593085856636 3.9837052822113037 3.4207026958465576 1.391545295715332 1.943810312637125 2.5283122062683105 2.7446911334991455
96 1.837570309638977 6.973593085856636 3.9837052822113037 3.4207026958465576 1.391545295715332 1.943810312637125 2.5283122062683105 2.7446911334991455
97 1.858437418937683 6.949822261718216 3.9980549812316895 3.467764377593994 1.408835768699646 1.9935388564588357 2.5504069328308105 2.7864327430725098
98 1.87199866771698 6.9739281006228255 4.001996040344238 3.480196952819824 1.4310930967330933 1.890169026117466 2.563307285308838 2.7993719577789307
99 1.8530820608139038 7.001364933013152 3.9835262298583984 3.436800003051758 1.4197463989257813 1.8650023356106236 2.54201602935791 2.752429723739624
100 1.864912986755371 6.971692718052547 3.9828484058380127 3.367062568664551 1.4294723272323608 1.8872799301321508 2.538703680038452 2.667721748352051
101 1.864912986755371 6.971692718052547 3.9828484058380127 3.367062568664551 1.4294723272323608 1.8872799301321508 2.538703680038452 2.667721748352051
102 1.8942859172821045 6.997846454502996 3.9917263984680176 3.3741302490234375 1.4747589826583862 1.8411799126318882 2.5502264499664307 2.6962270736694336
103 1.8818731307983398 7.005656971462104 3.9795749187469482 3.3744139671325684 1.455938458442688 1.8393889221839042 2.544909954071045 2.6951417922973633
104 1.8782585859298706 7.008380466969677 3.9805922508239746 3.3756895065307617 1.450284481048584 1.8422318663844661 2.54266619682312 2.6964542865753174
105 1.803353190422058 6.990466023015828 3.9499592781066895 3.3009533882141113 1.3768912553787231 1.8274954205898775 2.505284070968628 2.608290910720825
106 1.803353190422058 6.990466023015828 3.9499592781066895 3.3009533882141113 1.3768912553787231 1.8274954205898775 2.505284070968628 2.608290910720825
107 1.806761622428894 6.976513916937092 3.9333205223083496 3.2964518070220947 1.3758281469345093 1.8519982401886068 2.4829320907592773 2.591872215270996
108 1.8140801191329956 6.973546724068724 3.904144287109375 3.208540678024292 1.3892892599105835 1.8582227931982331 2.4484031200408936 2.483013391494751
109 1.7467918395996094 6.961518468387798 3.9001569747924805 3.195265531539917 1.2933599948883057 1.9059392815322447 2.429210901260376 2.424928665161133
110 1.7549734115600586 6.952696595063409 3.909398078918457 3.2011919021606445 1.3029391765594482 1.9211751002404116 2.4433398246765137 2.4304707050323486
111 1.7549734115600586 6.952696595063409 3.909398078918457 3.2011919021606445 1.3029391765594482 1.9211751002404116 2.4433398246765137 2.4304707050323486
112 1.7807785272598267 6.976185878672458 3.9166018962860107 3.196230173110962 1.3435602188110352 1.9813153081403339 2.450606346130371 2.438917636871338
113 1.78483247756958 6.972900074765908 3.9192843437194824 3.205781936645508 1.3480175733566284 1.9826584856151648 2.458604574203491 2.448446273803711
114 1.791730284690857 6.996500644525022 3.9246222972869873 3.2403061389923096 1.3571596145629883 1.9025296504694098 2.4669792652130127 2.487236499786377
115 1.7839120626449585 6.998083929141855 3.9232306480407715 3.226877212524414 1.3530250787734985 1.8843746499053542 2.460791826248169 2.4828827381134033
116 1.7839120626449585 6.998083929141855 3.9232306480407715 3.226877212524414 1.3530250787734985 1.8843746499053542 2.460791826248169 2.4828827381134033
117 1.7630424499511719 6.99754686637416 3.893800735473633 3.1873388290405273 1.3356975317001343 1.871963848272728 2.411877393722534 2.4335591793060303
118 1.7587883472442627 6.996023174835847 3.8940787315368652 3.1822657585144043 1.3299061059951782 1.869479471023693 2.419389486312866 2.4250528812408447
119 1.7521271705627441 6.9952459318498965 3.8940131664276123 3.184816837310791 1.3203580379486084 1.869627586265269 2.4189541339874268 2.4262683391571045
120 1.7523548603057861 6.994087698562861 3.8972253799438477 3.1845552921295166 1.3204792737960815 1.8713251670535742 2.4244906902313232 2.435838222503662
121 1.7523548603057861 6.994087698562861 3.8972253799438477 3.1845552921295166 1.3204792737960815 1.8713251670535742 2.4244906902313232 2.435838222503662
122 1.7427046298980713 6.9891925616177675 3.892073392868042 3.1876182556152344 1.305506706237793 1.8841392384117264 2.421649932861328 2.440004587173462
123 1.6908159255981445 6.990705531945025 3.8712809085845947 3.141664981842041 1.2534111738204956 1.870182134634589 2.392366647720337 2.3795006275177
124 1.7000943422317505 6.989917024645147 3.874337911605835 3.1444103717803955 1.2674696445465088 1.8793791524795338 2.397655725479126 2.3848297595977783
125 1.716248631477356 6.9957312332158015 3.889575242996216 3.148963212966919 1.2846317291259766 1.9006905527742097 2.4236254692077637 2.3878655433654785
126 1.716248631477356 6.9957312332158015 3.889575242996216 3.148963212966919 1.2846317291259766 1.9006905527742097 2.4236254692077637 2.3878655433654785
127 1.7188239097595215 6.99834503108809 3.8886802196502686 3.1473090648651123 1.2888654470443726 1.8967499081631094 2.413313388824463 2.3866946697235107
128 1.7286338806152344 6.988628375306981 3.9104256629943848 3.1473162174224854 1.303655743598938 1.7800825718889233 2.4302170276641846 2.393510580062866
129 1.744305968284607 6.972314706023274 3.8908543586730957 3.1520533561706543 1.3212498426437378 1.7712992378752284 2.410006284713745 2.4023830890655518
130 1.7244243621826172 6.977555564209459 3.879788637161255 3.1391208171844482 1.2946032285690308 1.8008918923525195 2.3942086696624756 2.3805413246154785
131 1.7244243621826172 6.977555564209459 3.879788637161255 3.1391208171844482 1.2946032285690308 1.8008918923525195 2.3942086696624756 2.3805413246154785
132 1.7094621658325195 7.024221805108095 3.8722026348114014 3.1336021423339844 1.2775405645370483 1.798617275580539 2.3853328227996826 2.391435146331787
133 1.7054742574691772 7.020449994320155 3.865846872329712 3.1309328079223633 1.2725940942764282 1.8049291665706675 2.375913143157959 2.387690782546997
134 1.6835250854492188 7.071290675115251 3.8590853214263916 3.128265619277954 1.2425183057785034 1.6208304216377951 2.3505325317382813 2.38250994682312
135 1.6851131916046143 7.067790962784722 3.862318992614746 3.1272470951080322 1.2426000833511353 1.5997916346643797 2.356924057006836 2.382429361343384
136 1.6851131916046143 7.067790962784722 3.862318992614746 3.1272470951080322 1.2426000833511353 1.5997916346643797 2.356924057006836 2.382429361343384
137 1.6848454475402832 7.068145154777418 3.8811917304992676 3.237043619155884 1.2421621084213257 1.5996221312803847 2.3961496353149414 2.5203917026519775
138 1.6585755348205566 7.071864611638118 3.8795008659362793 3.244065284729004 1.1999821662902832 1.5857424507642084 2.3855483531951904 2.509361982345581
139 1.6826972961425781 7.058990148535747 3.8995349407196045 3.2568821907043457 1.2371779680252075 1.625975488802218 2.4240875244140625 2.532017230987549
140 1.6829017400741577 7.054041876544525 3.900794506072998 3.25652813911438 1.2375785112380981 1.6264731914759254 2.425931215286255 2.531653642654419
141 1.6829017400741577 7.054041876544525 3.900794506072998 3.25652813911438 1.2375785112380981 1.6264731914759254 2.425931215286255 2.531653642654419
142 1.6827173233032227 7.053918226520224 3.9010555744171143 3.2566113471984863 1.2372477054595947 1.6267681666654124 2.4275565147399902 2.5317132472991943
143 1.6842089891433716 7.056736345543748 3.8994011878967285 3.262772560119629 1.2328267097473145 1.6241263711797331 2.423776149749756 2.5294368267059326
144 1.6799253225326538 7.057553808921956 3.8966100215911865 3.2573633193969727 1.2287994623184204 1.629990519033437 2.4172356128692627 2.5228700637817383
145 1.6701786518096924 7.058192457937678 3.885369062423706 3.245748996734619 1.2208272218704224 1.6278078869169466 2.4049880504608154 2.506995916366577
146 1.6701786518096924 7.058192457937678 3.885369062423706 3.245748996734619 1.2208272218704224 1.6278078869169466 2.4049880504608154 2.506995916366577
147 1.6636502742767334 7.054302333503367 3.8836684226989746 3.2430896759033203 1.2100093364715576 1.6358858231666853 2.4045121669769287 2.50230073928833
148 1.6645047664642334 7.055098633977533 3.885960340499878 3.244940757751465 1.2101207971572876 1.637962930433011 2.4085516929626465 2.5034844875335693
149 1.681114912033081 7.056684936562874 3.861860752105713 3.25290584564209 1.2333574295043945 1.6583214874141305 2.3789584636688232 2.5275590419769287
150 1.681114912033081 7.056684936562874 3.861860752105713 3.25290584564209 1.2333574295043945 1.6583214874141305 2.3789584636688232 2.5275590419769287
151 1.681114912033081 7.056684936562874 3.861860752105713 3.25290584564209 1.2333574295043945 1.6583214874141305 2.3789584636688232 2.5275590419769287
152 1.680708408355713 7.056954588540589 3.857877254486084 3.2528538703918457 1.232769250869751 1.6578958963114854 2.365145683288574 2.5274269580841064
153 1.6790155172348022 7.057605720051339 3.857388734817505 3.2523117065429688 1.2301623821258545 1.6552577117413825 2.3643085956573486 2.5269410610198975
154 1.6755125522613525 7.0560293715613716 3.8614015579223633 3.254178285598755 1.2226883172988892 1.6628327361741806 2.369325876235962 2.527303695678711
155 1.6764029264450073 7.054508503304733 3.859579563140869 3.2567193508148193 1.2252720594406128 1.6606524827779956 2.3664422035217285 2.5234146118164063
156 1.69156014919281 7.07890812155084 3.835925579071045 3.298438787460327 1.2300289869308472 1.6895591068935687 2.2979488372802734 2.5606436729431152
157 1.6974775791168213 7.085725347803139 3.7814879417419434 3.0214037895202637 1.2413276433944702 1.6936234146571907 2.193096160888672 2.20107364654541
158 1.6893573999404907 7.097470997050578 3.7703182697296143 3.0235540866851807 1.2323198318481445 1.6870071072818822 2.1883318424224854 2.2003965377807617
159 1.69063138961792 7.094894915935289 3.7742910385131836 3.0230095386505127 1.2350594997406006 1.6866714900199629 2.1998941898345947 2.1994357109069824
160 1.6895763874053955 7.0966492860854595 3.7744107246398926 3.0187015533447266 1.2344253063201904 1.6817214315721873 2.1981170177459717 2.1973838806152344
161 1.6895763874053955 7.0966492860854595 3.7748947143554688 3.0075795650482178 1.2344253063201904 1.6817214315721873 2.1944162845611572 2.169923782348633
162 1.6874076128005981 7.099907418628864 3.7681689262390137 3.002936601638794 1.2294130325317383 1.6773415744239668 2.1700572967529297 2.1648080348968506
163 1.6804043054580688 7.102474173743302 3.7661659717559814 3.0078060626983643 1.2158559560775757 1.6796122850184898 2.164837121963501 2.165302038192749
164 1.6857901811599731 7.090002250360542 3.7729437351226807 3.0245625972747803 1.2273684740066528 1.6932758850922525 2.1767632961273193 2.1636528968811035
165 1.6825655698776245 7.089089500006342 3.773973226547241 3.0188491344451904 1.2235956192016602 1.705436149441945 2.1799209117889404 2.1567904949188232
166 1.6825655698776245 7.089089500006342 3.773973226547241 3.0188491344451904 1.2235956192016602 1.705436149441945 2.1799209117889404 2.1567904949188232
167 1.6795556545257568 7.0847775699794475 3.7750895023345947 3.0246622562408447 1.2182984352111816 1.7179154777999808 2.186049461364746 2.161579132080078
168 1.6706929206848145 7.086942500647601 3.7719638347625732 3.0077743530273438 1.2045924663543701 1.788132000633069 2.179793119430542 2.1336495876312256
169 1.6908226013183594 7.105356608709711 3.7773830890655518 3.005873918533325 1.234360933303833 1.7651586886120458 2.188124656677246 2.1350979804992676
170 1.690253496170044 7.10560462135692 3.773162364959717 3.0005764961242676 1.2335008382797241 1.7647856309701462 2.183586597442627 2.130452871322632
171 1.690253496170044 7.10560462135692 3.773162364959717 3.0005764961242676 1.2335008382797241 1.7647856309701462 2.183586597442627 2.130452871322632
172 1.6899685859680176 7.1055038506243555 3.772972822189331 3.00065016746521 1.2331483364105225 1.7645147567488362 2.1830787658691406 2.1305792331695557
173 1.6667085886001587 7.113286036943719 3.7634477615356445 3.0019760131835938 1.1978105306625366 1.7553205424468454 2.1648993492126465 2.1244938373565674
174 1.6673368215560913 7.114747739853245 3.763507604598999 3.00059175491333 1.1988259553909302 1.753167217922346 2.1640870571136475 2.1223626136779785
175 1.6671208143234253 7.118700632795408 3.7633628845214844 2.999262571334839 1.1984997987747192 1.7487881979802542 2.163130044937134 2.121619462966919
176 1.6671208143234253 7.118700632795408 3.7633628845214844 2.999262571334839 1.1984997987747192 1.7487881979802542 2.163130044937134 2.121619462966919
177 1.6697821617126465 7.117574644107147 3.7370102405548096 3.031249523162842 1.202057957649231 1.754817783527979 2.101760149002075 2.156188488006592
178 1.6761410236358643 7.099256804833124 3.751952648162842 3.0629804134368896 1.202662467956543 1.7901478030716433 2.1167280673980713 2.201322078704834
179 1.6772525310516357 7.098092684446695 3.7518982887268066 3.0609166622161865 1.204529047012329 1.7884644075007086 2.1167399883270264 2.1973071098327637
180 1.6766995191574097 7.098871742300528 3.7518367767333984 3.0639638900756836 1.2034209966659546 1.7862576776570782 2.1203866004943848 2.2013726234436035
181 1.6766995191574097 7.098871742300528 3.7518367767333984 3.0639638900756836 1.2034209966659546 1.7862576776570782 2.1203866004943848 2.2013726234436035
182 1.6769318580627441 7.099425415869536 3.7531981468200684 3.0625617504119873 1.2030444145202637 1.7846636980837949 2.1274313926696777 2.2035105228424072
183 1.661927580833435 7.108888477650462 3.7321624755859375 3.0493855476379395 1.1785534620285034 1.7794255587289969 2.097555637359619 2.1823484897613525
184 1.6617423295974731 7.109068398912057 3.733059883117676 3.0515363216400146 1.1787221431732178 1.80333696946613 2.1023831367492676 2.1841681003570557
185 1.6667810678482056 7.110950175844594 3.7435367107391357 3.052192211151123 1.188139796257019 1.795416122037376 2.116136312484741 2.188113212585449
186 1.6753231287002563 7.099194982743941 3.7435734272003174 3.0490219593048096 1.1989542245864868 1.8044813902217758 2.1120829582214355 2.185075283050537
187 1.677765965461731 7.100312660598589 3.7459771633148193 3.0539016723632813 1.2023279666900635 1.7976473426268218 2.10373854637146 2.1919684410095215
188 1.6987061500549316 7.04903269497523 3.7655954360961914 3.091087579727173 1.2370641231536865 1.950645016867553 2.1464505195617676 2.241806983947754
189 1.6991968154907227 7.049285995408983 3.760049343109131 2.97853422164917 1.23702073097229 1.9507870238515164 2.1292850971221924 2.127612590789795
190 1.6810415983200073 7.03834608030007 3.7654786109924316 2.9747231006622314 1.2193881273269653 1.936020009154954 2.141716241836548 2.117154836654663
191 1.6810415983200073 7.03834608030007 3.7654786109924316 2.9747231006622314 1.2193881273269653 1.936020009154954 2.141716241836548 2.117154836654663
192 1.6813865900039673 7.03956864234407 3.765742301940918 2.9752020835876465 1.220175862312317 1.9330329802011152 2.158277988433838 2.1186330318450928
193 1.6734144687652588 7.040397534115411 3.7606594562530518 2.972217559814453 1.2104979753494263 1.9317002855161918 2.1523866653442383 2.1154966354370117
194 1.6800432205200195 7.041915061398021 3.762908458709717 2.9780142307281494 1.2184028625488281 1.938741787577056 2.156181573867798 2.127013683319092
195 1.684639573097229 7.051134957013399 3.7665045261383057 2.9783458709716797 1.2291486263275146 1.9151070338077743 2.1576390266418457 2.1288928985595703
196 1.684639573097229 7.051134957013399 3.7665045261383057 2.9783458709716797 1.2291486263275146 1.9151070338077743 2.1576390266418457 2.1288928985595703
197 1.6785924434661865 7.0507875583587385 3.757389783859253 3.057161331176758 1.2203490734100342 1.9149044655702236 2.1478230953216553 2.2228307723999023
198 1.6684702634811401 7.05347779910624 3.734550714492798 2.9578073024749756 1.2059900760650635 1.9103440231102615 2.1011860370635986 2.110710620880127
199 1.6711770296096802 7.056462349026886 3.734724283218384 2.9689176082611084 1.2103526592254639 1.905605240816743 2.1004226207733154 2.1185452938079834
200 1.6710808277130127 7.054974404261167 3.734590768814087 2.9459404945373535 1.2096651792526245 1.9015745439222984 2.0917351245880127 2.0917105674743652
201 1.6710808277130127 7.054974404261167 3.734590768814087 2.9459404945373535 1.2096651792526245 1.9015745439222984 2.0917351245880127 2.0917105674743652
202 1.6691187620162964 7.042484118894974 3.741025447845459 2.956397294998169 1.2097060680389404 1.942457477724822 2.1004245281219482 2.1014842987060547
203 1.6691163778305054 7.042505067865333 3.7393722534179688 2.9163973331451416 1.2097012996673584 1.942505325957069 2.1004743576049805 2.100019693374634
204 1.6646968126296997 7.036463047376461 3.7340054512023926 2.9143905639648438 1.2018706798553467 1.9519631883850832 2.0925562381744385 2.094634771347046
205 1.6626819372177124 7.037489948296106 3.7386791706085205 2.913325786590576 1.198136568069458 1.9463227385992385 2.120471477508545 2.0939013957977295
206 1.6626819372177124 7.037489948296106 3.7386791706085205 2.913325786590576 1.198136568069458 1.9463227385992385 2.120471477508545 2.0939013957977295
207 1.6690540313720703 7.037696699640911 3.737546920776367 2.947097063064575 1.2058398723602295 1.9555312254099666 2.124807834625244 2.1328206062316895
208 1.665693759918213 7.037688753890314 3.7389299869537354 2.9464259147644043 1.2015761137008667 1.957628058364922 2.128330945968628 2.132784366607666
209 1.6654103994369507 7.037891370475263 3.7388594150543213 2.9464545249938965 1.201250433921814 1.9575032597048656 2.1275532245635986 2.132823944091797
210 1.6728594303131104 7.030569948558854 3.736611843109131 2.9362897872924805 1.2109577655792236 1.9690025905043294 2.1274073123931885 2.128343343734741
211 1.6728594303131104 7.030569948558854 3.736611843109131 2.9362897872924805 1.2109577655792236 1.9690025905043294 2.1274073123931885 2.128343343734741
212 1.6850910186767578 7.024251256967148 3.736647367477417 2.932654857635498 1.230995535850525 1.9817473689080538 2.133681535720825 2.127110242843628
213 1.67647123336792 7.021915379324098 3.7316064834594727 2.9270424842834473 1.219131350517273 1.9901490925943752 2.130045175552368 2.1169049739837646
214 1.6927276849746704 7.013542657128239 3.7465415000915527 2.9474735260009766 1.2472896575927734 2.023158480660249 2.158405065536499 2.1654720306396484
215 1.6633739471435547 6.999391277290613 3.7339937686920166 2.908355236053467 1.227517008781433 2.037392039677438 2.143329620361328 2.1279635429382324
216 1.6633739471435547 6.999391277290613 3.7339937686920166 2.908355236053467 1.227517008781433 2.037392039677438 2.143329620361328 2.1279635429382324
217 1.664229154586792 6.989201790671542 3.7336409091949463 2.886672019958496 1.2239676713943481 2.054397263389431 2.13765025138855 2.0972726345062256
218 1.6609325408935547 7.006239150473881 3.733964681625366 2.8831307888031006 1.2206830978393555 1.9969823417903392 2.1337716579437256 2.0935769081115723
219 1.6513253450393677 7.006515233482798 3.7228198051452637 2.8706798553466797 1.209214448928833 1.9743483232244914 2.113351583480835 2.076190948486328
220 1.6547152996063232 7.0034494591762355 3.7211060523986816 2.907515525817871 1.2130413055419922 1.9857717865514968 2.122413158416748 2.077202558517456
221 1.6547152996063232 7.0034494591762355 3.7211060523986816 2.907515525817871 1.2130413055419922 1.9857717865514968 2.122413158416748 2.077202558517456
222 1.6758017539978027 6.999150785107497 3.7126355171203613 2.9246068000793457 1.2339774370193481 1.994815236747448 2.1119773387908936 2.0829105377197266
223 1.6607218980789185 7.008867119568541 3.7075953483581543 2.9087870121002197 1.2163496017456055 1.9734063359117393 2.094801664352417 2.0689663887023926
224 1.66494882106781 6.979511618429361 3.7113990783691406 2.8811261653900146 1.2233752012252808 2.09637167629052 2.1149048805236816 2.0868003368377686
225 1.6657209396362305 6.980855885571074 3.7121362686157227 2.881146192550659 1.2241405248641968 2.0977786432117744 2.1168336868286133 2.08607816696167
226 1.6657209396362305 6.980855885571074 3.7121362686157227 2.881146192550659 1.2241405248641968 2.0977786432117744 2.1168336868286133 2.08607816696167
227 1.6657209396362305 6.987151387037608 3.7116260528564453 2.881146192550659 1.2241405248641968 2.116714776862011 2.1163339614868164 2.08607816696167
228 1.6595295667648315 6.988308818622906 3.7165236473083496 2.994001865386963 1.214862585067749 2.113441042232075 2.12975811958313 2.1967990398406982
229 1.6587917804718018 6.991691003904969 3.7150890827178955 2.99359393119812 1.2141423225402832 2.109879898743917 2.1268532276153564 2.1966798305511475
230 1.661850929260254 6.994295891594869 3.710444211959839 2.9828691482543945 1.2184916734695435 2.1039193494461528 2.1215734481811523 2.1852545738220215
231 1.661850929260254 6.994295891594869 3.710444211959839 2.9828691482543945 1.2184916734695435 2.1039193494461528 2.1215734481811523 2.1852545738220215
232 1.660751461982727 6.997436748974301 3.720951557159424 2.9856138229370117 1.2153465747833252 2.110368873975085 2.134819746017456 2.18778657913208
233 1.6555949449539185 6.992520875864159 3.7296087741851807 3.0827722549438477 1.209518313407898 2.1176056903666938 2.1529293060302734 2.2839725017547607
234 1.649875521659851 6.994201148774802 3.767545223236084 3.2774956226348877 1.2019643783569336 2.118759340440197 2.231029987335205 2.5438246726989746
235 1.6512306928634644 7.0022751204908635 3.767083168029785 3.28839111328125 1.1906001567840576 2.0881248200418456 2.2235801219940186 2.5405356884002686
236 1.6512306928634644 7.0022751204908635 3.767083168029785 3.28839111328125 1.1906001567840576 2.0881248200418456 2.2235801219940186 2.5405356884002686
237 1.646185278892517 7.002967105274364 3.7583045959472656 3.2845146656036377 1.1843398809432983 2.083242186575588 2.204383611679077 2.5353658199310303
238 1.6444534063339233 6.988823026867921 3.758094549179077 3.2851171493530273 1.1821675300598145 2.1088697863586474 2.2062673568725586 2.535727024078369
239 1.6442090272903442 6.979495716639245 3.7630863189697266 3.286991596221924 1.1822725534439087 2.1467816089955223 2.215160608291626 2.5448739528656006
240 1.6640727519989014 6.980650177380303 3.7700741291046143 3.2954370975494385 1.214601993560791 2.1380990039673646 2.211341142654419 2.5618159770965576
241 1.6640727519989014 6.980650177380303 3.7700741291046143 3.2954370975494385 1.214601993560791 2.1380990039673646 2.211341142654419 2.5618159770965576
242 1.6645787954330444 6.9964691887470165 3.770618200302124 3.2948269844055176 1.2155637741088867 2.189247719618621 2.2141666412353516 2.560734272003174
243 1.6856194734573364 6.983668241361195 3.776582717895508 3.302713394165039 1.243477702140808 2.192759526264497 2.2277166843414307 2.5708963871002197
244 1.6829209327697754 6.983039569120019 3.7750754356384277 3.289876937866211 1.2389535903930664 2.192926098354176 2.2205653190612793 2.568958044052124
245 1.6820646524429321 6.995187000730005 3.777766704559326 3.295541763305664 1.2337441444396973 2.2075282603791546 2.225203514099121 2.5671226978302
246 1.6820646524429321 6.995187000730005 3.777766704559326 3.295541763305664 1.2337441444396973 2.2075282603791546 2.225203514099121 2.5671226978302
247 1.6818459033966064 6.995295961103216 3.7776031494140625 3.2954044342041016 1.2333412170410156 2.2077169038323947 2.2250092029571533 2.566939353942871
248 1.6816617250442505 6.996153565339889 3.777945041656494 3.294898271560669 1.2334280014038086 2.2069213666468155 2.2253482341766357 2.566535472869873
249 1.668989896774292 6.985429808380272 3.7803750038146973 3.2759084701538086 1.2235767841339111 2.201592954579571 2.228867769241333 2.5477099418640137
250 1.6691216230392456 6.984960348589868 3.7806177139282227 3.276493787765503 1.2234222888946533 2.2011193655380143 2.2290358543395996 2.5481653213500977
251 1.6691216230392456 6.984960348589868 3.7806177139282227 3.276493787765503 1.2234222888946533 2.2011193655380143 2.2290358543395996 2.5481653213500977
252 1.6711328029632568 6.985113783925425 3.774137496948242 3.2762835025787354 1.2262438535690308 2.193348076138192 2.2194833755493164 2.547797918319702
253 1.6719380617141724 7.004638582841754 3.777188539505005 3.279932737350464 1.218719482421875 2.0783096356893296 2.2121243476867676 2.5409154891967773
254 1.67216956615448 7.0044601293989395 3.777489423751831 3.2803006172180176 1.21891450881958 2.078840785583479 2.2128264904022217 2.5412650108337402
255 1.674275517463684 7.003088481094215 3.7750582695007324 3.2833166122436523 1.2210971117019653 2.073112093085795 2.2081615924835205 2.5446524620056152
256 1.674275517463684 7.003088481094215 3.7750582695007324 3.2833166122436523 1.2210971117019653 2.073112093085795 2.2081615924835205 2.5446524620056152
257 1.6774522066116333 7.003156698019659 3.7786946296691895 3.2909460067749023 1.222429633140564 2.074516327507699 2.2151222229003906 2.552527666091919
258 1.6732077598571777 7.003328717543268 3.7697882652282715 3.2904016971588135 1.2204549312591553 2.075253151429892 2.1991355419158936 2.5545313358306885
259 1.6894875764846802 7.0061243612459725 3.7905471324920654 3.3253278732299805 1.2350032329559326 2.1240036218833964 2.247309446334839 2.604041814804077
260 1.6944180727005005 7.005927055078371 3.8268609046936035 3.3112235069274902 1.246261477470398 2.10377654240194 2.30661678314209 2.579296112060547
261 1.6944180727005005 7.005927055078371 3.8268609046936035 3.3112235069274902 1.246261477470398 2.10377654240194 2.30661678314209 2.579296112060547
262 1.6927399635314941 7.006217092857161 3.8242766857147217 3.2731730937957764 1.2440381050109863 2.1017921744741033 2.2974295616149902 2.5048129558563232
263 1.6878085136413574 7.002155010247474 3.823941230773926 3.268049716949463 1.2410330772399902 2.10695886820481 2.295821189880371 2.497321128845215
264 1.682268738746643 7.006455385911423 3.820923089981079 3.259814500808716 1.2360583543777466 2.0919774861154106 2.290447235107422 2.4912173748016357
265 1.6824525594711304 7.007239620061057 3.820695638656616 3.254214286804199 1.2356199026107788 2.092593036539208 2.2893362045288086 2.4838593006134033
266 1.6918025016784668 7.005438314716423 3.8201279640197754 3.2889137268066406 1.2487478256225586 2.0748444325616613 2.2828736305236816 2.5250656604766846
267 1.691564917564392 7.005614506592474 3.8205955028533936 3.2702255249023438 1.2484068870544434 2.0748056120649525 2.2832889556884766 2.5061185359954834
268 1.6928821802139282 7.004138644319271 3.823796272277832 3.2694191932678223 1.2505673170089722 2.072452448274537 2.2893309593200684 2.505980968475342
269 1.6921571493148804 7.004198337281998 3.8239142894744873 3.2699835300445557 1.2494717836380005 2.0747955047907385 2.289473533630371 2.506143808364868
270 1.6767585277557373 7.0021408875325175 3.8177490234375 3.282038450241089 1.2324674129486084 2.075747755820647 2.2862861156463623 2.51824688911438
271 1.6767585277557373 7.0021408875325175 3.8177490234375 3.282038450241089 1.2324674129486084 2.075747755820647 2.2862861156463623 2.51824688911438
272 1.6708316802978516 7.007242084660413 3.823596954345703 3.2877860069274902 1.223781704902649 2.0567131543692803 2.2902920246124268 2.5125162601470947
273 1.669891119003296 7.008190447704937 3.8280234336853027 3.3391499519348145 1.2223725318908691 2.0602299755105444 2.301851272583008 2.5855393409729004
274 1.6674730777740479 7.010382832499534 3.826228618621826 3.3358983993530273 1.2203783988952637 2.05661864528533 2.29970383644104 2.5825154781341553
275 1.667502522468567 7.010926151009526 3.825167179107666 3.3365416526794434 1.2202012538909912 2.0615473226192376 2.2922396659851074 2.581094741821289
276 1.667502522468567 7.010926151009526 3.825167179107666 3.3365416526794434 1.2202012538909912 2.0615473226192376 2.2922396659851074 2.581094741821289
277 1.6665254831314087 7.0102492060728006 3.825404405593872 3.339627504348755 1.2186955213546753 2.0621079161587135 2.291297435760498 2.5845565795898438
278 1.6663768291473389 7.0452211637056985 3.820763111114502 3.2407712936401367 1.2177671194076538 1.9794530337554928 2.27001690864563 2.4927456378936768
279 1.666098713874817 7.045642291489844 3.819441080093384 3.2311322689056396 1.217059850692749 1.980437010232444 2.269258499145508 2.4958200454711914
280 1.6642719507217407 6.992755133254234 3.8125412464141846 3.211629867553711 1.215218186378479 2.1035756429029995 2.2581446170806885 2.473478317260742
281 1.6642719507217407 6.992755133254234 3.8125412464141846 3.211629867553711 1.215218186378479 2.1035756429029995 2.2581446170806885 2.473478317260742
282 1.6646536588668823 6.992395990449851 3.811321973800659 3.21209454536438 1.2156157493591309 2.1046302961849777 2.2587761878967285 2.474189043045044
283 1.6654187440872192 6.991792838231853 3.812084674835205 3.2140817642211914 1.2167946100234985 2.106526335675225 2.2601611614227295 2.4765045642852783
284 1.6637423038482666 6.998087217473038 3.809497356414795 3.2134804725646973 1.2133266925811768 2.09361443404549 2.255458116531372 2.4756011962890625
285 1.6636204719543457 6.99833415273521 3.8094754219055176 3.2133617401123047 1.213211178779602 2.093259699295824 2.255368947982788 2.4754650592803955
286 1.6636204719543457 6.99833415273521 3.8094754219055176 3.2133617401123047 1.213211178779602 2.093259699295824 2.255368947982788 2.4754650592803955
287 1.670820951461792 6.995176655479057 3.8191733360290527 3.2125840187072754 1.2255051136016846 2.0911310089085045 2.2682366371154785 2.4774715900421143
288 1.6825562715530396 6.993546432213802 3.8250584602355957 3.2405331134796143 1.2328559160232544 2.1225741907813234 2.2790822982788086 2.498718500137329
289 1.682119369506836 6.994001720992106 3.824751615524292 3.240572214126587 1.2321571111679077 2.1224821544457213 2.278542995452881 2.498629570007324
290 1.7045907974243164 6.988071575015775 3.8306140899658203 3.246493339538574 1.2604058980941772 2.1395309791469415 2.2732126712799072 2.5028772354125977
291 1.7045907974243164 6.988071575015775 3.8306140899658203 3.246493339538574 1.2604058980941772 2.1395309791469415 2.2732126712799072 2.5028772354125977
292 1.7047265768051147 6.987800309583175 3.830845594406128 3.246697425842285 1.2605305910110474 2.139924636538626 2.273519277572632 2.503082752227783
293 1.711076259613037 6.9888516004782 3.8343324661254883 3.257871627807617 1.263823390007019 2.1391476083550733 2.2778096199035645 2.51521635055542
294 1.7099123001098633 6.988752966048413 3.8333499431610107 3.2582504749298096 1.262219786643982 2.13773511496755 2.2756195068359375 2.5158181190490723
295 1.7043546438217163 6.989431768804385 3.8276851177215576 3.252108097076416 1.256061315536499 2.1379039661164807 2.266123056411743 2.506591796875
296 1.7043546438217163 6.989431768804385 3.8276851177215576 3.252108097076416 1.256061315536499 2.1379039661164807 2.266123056411743 2.506591796875
297 1.6946475505828857 6.990188137075404 3.8230667114257813 3.237853527069092 1.249479055404663 2.1157389674584888 2.2588460445404053 2.497532844543457
298 1.6933424472808838 6.992269772206938 3.8221218585968018 3.237044334411621 1.246544361114502 2.11199122289935 2.2558348178863525 2.4964873790740967
299 1.692514181137085 6.9919152887724545 3.822100877761841 3.236156702041626 1.2461645603179932 2.1127627484991285 2.2561047077178955 2.4955456256866455
300 1.689661979675293 6.997173189172161 3.8266401290893555 3.233643054962158 1.2436771392822266 2.1095973947302316 2.260242223739624 2.4933743476867676
301 1.689661979675293 6.997173189172161 3.8266401290893555 3.233643054962158 1.2436771392822266 2.1095973947302316 2.260242223739624 2.4933743476867676
302 1.687011480331421 6.990319672649057 3.822996139526367 3.2330498695373535 1.2388107776641846 2.124797540203202 2.2570183277130127 2.491652250289917
303 1.6830819845199585 6.990544057270651 3.8218777179718018 3.2324750423431396 1.2335566282272339 2.1264564370903773 2.251997470855713 2.4915876388549805
304 1.6817044019699097 6.991630862443151 3.820871353149414 3.2319347858428955 1.230602502822876 2.122051659663947 2.247633218765259 2.4914262294769287
305 1.682093858718872 6.9859684899611745 3.816555976867676 3.231696844100952 1.2346469163894653 2.108494847595053 2.2525386810302734 2.492499828338623
306 1.682093858718872 6.9859684899611745 3.816555976867676 3.231696844100952 1.2346469163894653 2.108494847595053 2.2525386810302734 2.492499828338623
307 1.68452787399292 6.9849172435918145 3.8197150230407715 3.2348828315734863 1.2367758750915527 2.1111050754896956 2.2521133422851563 2.4952969551086426
308 1.6705318689346313 6.989771077697983 3.81325364112854 3.224576473236084 1.2185962200164795 2.1030721264046934 2.2374815940856934 2.485297918319702
309 1.6659071445465088 6.989445679555242 3.804370880126953 3.2233164310455322 1.2136725187301636 2.1084867118010475 2.241957187652588 2.4823338985443115
310 1.6659951210021973 7.002922176250858 3.8041481971740723 3.22350811958313 1.2136543989181519 2.068642005424931 2.237851619720459 2.4827263355255127
311 1.6659951210021973 7.002922176250858 3.8041481971740723 3.22350811958313 1.2136543989181519 2.068642005424931 2.237851619720459 2.4827263355255127
312 1.6733068227767944 6.994953831115877 3.80674409866333 3.2256288528442383 1.2253400087356567 2.1142599021309834 2.2481818199157715 2.485398292541504
313 1.6733068227767944 6.994953831115877 3.809879779815674 3.2256288528442383 1.2253400087356567 2.1142599021309834 2.263868570327759 2.485398292541504
314 1.6726884841918945 6.994702445154062 3.8088748455047607 3.225400447845459 1.2243674993515015 2.114137461347443 2.262420177459717 2.4852030277252197
315 1.6708343029022217 6.992980585237229 3.8061046600341797 3.2223613262176514 1.2266441583633423 2.128509666580986 2.260686159133911 2.487884283065796
316 1.6708343029022217 6.992980585237229 3.8061046600341797 3.2223613262176514 1.2266441583633423 2.128509666580986 2.260686159133911 2.487884283065796
317 1.6708343029022217 6.992980585237229 3.806652069091797 3.2223613262176514 1.2266441583633423 2.128509666580986 2.2604708671569824 2.487884283065796
318 1.6708343029022217 6.992980585237229 3.808065176010132 3.2087833881378174 1.2266441583633423 2.128509666580986 2.2614474296569824 2.4706368446350098
319 1.6714227199554443 6.992205711603891 3.8085315227508545 3.20906662940979 1.227617621421814 2.129586062684552 2.2673888206481934 2.4710466861724854
320 1.6630935668945313 6.986123616444324 3.808764696121216 3.2005574703216553 1.2228909730911255 2.140170589733733 2.2720212936401367 2.4670188426971436
321 1.6630935668945313 6.986123616444324 3.808764696121216 3.2005574703216553 1.2228909730911255 2.140170589733733 2.2720212936401367 2.4670188426971436
322 1.672971487045288 6.984098770291312 3.8073880672454834 3.2133734226226807 1.2371277809143066 2.145737930734902 2.2749924659729004 2.4835336208343506
323 1.669355869293213 6.989616259677011 3.804081439971924 3.209644079208374 1.2303409576416016 2.131891750123941 2.2688803672790527 2.4797980785369873
324 1.6870325803756714 6.987820957092145 3.8125381469726563 3.224503517150879 1.2518056631088257 2.131340443685765 2.281315565109253 2.5048396587371826
325 1.6646946668624878 6.988276534000184 3.807436466217041 3.2158560752868652 1.2288740873336792 2.118702280317934 2.2647619247436523 2.497814416885376
326 1.6646946668624878 6.988276534000184 3.807436466217041 3.2158560752868652 1.2288740873336792 2.118702280317934 2.2647619247436523 2.497814416885376
327 1.6657583713531494 6.992140003517416 3.8075952529907227 3.215787172317505 1.2229975461959839 2.099872507555288 2.2619829177856445 2.4849774837493896
328 1.663271188735962 6.998362367455921 3.809316396713257 3.2124900817871094 1.223301887512207 2.0812158220862167 2.264331340789795 2.4861626625061035
329 1.6620780229568481 6.999634171205767 3.796053647994995 3.2165143489837646 1.2210780382156372 2.0751369114203606 2.2351176738739014 2.484058380126953
330 1.674561619758606 6.982575640874604 3.7978413105010986 3.2278902530670166 1.2186431884765625 2.146723683508906 2.2424893379211426 2.4884541034698486
331 1.674561619758606 6.982575640874604 3.7978413105010986 3.2278902530670166 1.2186431884765625 2.146723683508906 2.2424893379211426 2.4884541034698486
332 1.6750363111495972 6.993583571190112 3.8126509189605713 3.230938196182251 1.2119792699813843 2.1329820589311503 2.2651827335357666 2.484300136566162
333 1.6749639511108398 6.997224287899913 3.817128896713257 3.230350971221924 1.2116539478302002 2.1291948178085716 2.273118257522583 2.4829678535461426
334 1.6701208353042603 6.994556400151681 3.815703868865967 3.2235970497131348 1.2050281763076782 2.1295688848450283 2.269289255142212 2.472730875015259
335 1.671093463897705 7.056449967974943 3.8169684410095215 3.220425605773926 1.2069342136383057 2.0520776824171834 2.262194871902466 2.473062515258789
336 1.671093463897705 7.056449967974943 3.8169684410095215 3.220425605773926 1.2069342136383057 2.0520776824171834 2.262194871902466 2.473062515258789
337 1.6747119426727295 7.045753511393285 3.8529067039489746 3.2120063304901123 1.2233220338821411 2.0565527135421497 2.314542531967163 2.4829514026641846
338 1.6362940073013306 7.064792117595721 3.831244707107544 3.136375904083252 1.1758121252059937 1.9945470016961646 2.2805726528167725 2.3894078731536865
339 1.654485821723938 7.052700225225541 3.8384170532226563 3.146796703338623 1.199263334274292 2.0144960218348484 2.2927322387695313 2.4003515243530273
340 1.6498160362243652 7.049838854976773 3.821563959121704 3.146925210952759 1.1908831596374512 2.0113528878036 2.2710208892822266 2.3952527046203613
341 1.6498160362243652 7.049838854976773 3.821563959121704 3.146925210952759 1.1908831596374512 2.0113528878036 2.2710208892822266 2.3952527046203613
342 1.6504192352294922 7.050756706758422 3.8199634552001953 3.1468522548675537 1.1911739110946655 2.0145859531935244 2.268174171447754 2.3958561420440674
343 1.651469349861145 7.046762445909032 3.819436550140381 3.129300832748413 1.1947592496871948 2.0218160265204657 2.2703323364257813 2.3939805030822754
344 1.649983286857605 7.050981863714759 3.819497585296631 3.1270740032196045 1.1928964853286743 2.021504218734279 2.265742540359497 2.392061233520508
345 1.6629019975662231 7.057952052282869 3.8342390060424805 3.134119749069214 1.208864688873291 2.0048787949554767 2.291118621826172 2.4055843353271484
346 1.6629019975662231 7.057952052282869 3.8342390060424805 3.134119749069214 1.208864688873291 2.0048787949554767 2.291118621826172 2.4055843353271484
347 1.6514160633087158 7.070617697655303 3.836059808731079 3.147531032562256 1.182600736618042 1.9975413857302404 2.2868857383728027 2.40907883644104
348 1.6537432670593262 7.068937197070904 3.8327293395996094 3.150585174560547 1.1863397359848022 1.999894782129712 2.286484956741333 2.417482614517212
349 1.6643515825271606 7.062337688723863 3.8464853763580322 3.148448944091797 1.1991310119628906 2.0020476501013853 2.312052011489868 2.4164721965789795
350 1.664193034172058 7.065125486960663 3.8436551094055176 3.1493890285491943 1.2005739212036133 2.0207821727613173 2.304445505142212 2.419201374053955
351 1.664193034172058 7.065125486960663 3.8436551094055176 3.1493890285491943 1.2005739212036133 2.0207821727613173 2.304445505142212 2.419201374053955
352 1.6687347888946533 7.064713802156462 3.8439114093780518 3.1500208377838135 1.2039875984191895 2.015328832999098 2.2969319820404053 2.420289993286133
353 1.676957607269287 7.069316381291513 3.8392250537872314 3.1452012062072754 1.2146178483963013 2.0129205836839783 2.2907867431640625 2.413822889328003
354 1.674186110496521 7.062370447496458 3.8378429412841797 3.1456151008605957 1.2091087102890015 2.0026783202932115 2.2892212867736816 2.41405987739563
355 1.6724708080291748 7.040521493677199 3.8240647315979004 3.15386700630188 1.2010904550552368 2.046703971033433 2.2746901512145996 2.4176862239837646
356 1.6724708080291748 7.040521493677199 3.8240647315979004 3.15386700630188 1.2010904550552368 2.046703971033433 2.2746901512145996 2.4176862239837646
357 1.6725977659225464 7.039217764538579 3.8237597942352295 3.1561505794525146 1.2019165754318237 2.050583682032697 2.2744901180267334 2.4193129539489746
358 1.661057710647583 7.043316571087497 3.8233797550201416 3.151242733001709 1.1878938674926758 2.057764149973524 2.2700676918029785 2.4099957942962646
359 1.6687425374984741 7.046120833507471 3.8317320346832275 3.1575138568878174 1.1987367868423462 2.057779278315959 2.275803804397583 2.414733648300171
360 1.6713193655014038 7.043924219983212 3.8335742950439453 3.1563127040863037 1.2022489309310913 2.056396895552013 2.266153335571289 2.4148967266082764
361 1.6713193655014038 7.043924219983212 3.8335742950439453 3.1563127040863037 1.2022489309310913 2.056396895552013 2.266153335571289 2.4148967266082764
362 1.675531029701233 7.042734452768778 3.8344743251800537 3.1578545570373535 1.208349347114563 2.058136835762896 2.2683639526367188 2.4184207916259766
363 1.6764453649520874 7.040597099791738 3.826267719268799 3.1458218097686768 1.2059460878372192 2.070977515746944 2.258405923843384 2.399428367614746
364 1.6781930923461914 7.051052047523653 3.829354763031006 3.1452808380126953 1.2084826231002808 2.091858139958937 2.2642951011657715 2.398761034011841
365 1.6795811653137207 7.056073346402189 3.83071231842041 3.148536443710327 1.2080812454223633 2.0884161519246165 2.258463144302368 2.4032204151153564
366 1.6795811653137207 7.056073346402189 3.83071231842041 3.148536443710327 1.2080812454223633 2.0884161519246165 2.258463144302368 2.4032204151153564
367 1.687707781791687 7.0391461071861 3.8334624767303467 3.1564671993255615 1.2105646133422852 2.1232554510279593 2.2657010555267334 2.406970500946045
368 1.687605857849121 7.039228542138507 3.8326189517974854 3.150268316268921 1.2104291915893555 2.123234481232753 2.2661781311035156 2.4075005054473877
369 1.6890628337860107 7.042394512776325 3.8350841999053955 3.150045871734619 1.2164462804794312 2.1143808637337815 2.26296067237854 2.4065122604370117
370 1.6823070049285889 7.040450563546493 3.8280282020568848 3.144498586654663 1.210513949394226 2.1130329834599317 2.2511985301971436 2.4036476612091064
371 1.6823070049285889 7.040450563546493 3.8280282020568848 3.144498586654663 1.210513949394226 2.1130329834599317 2.2511985301971436 2.4036476612091064
372 1.681928038597107 7.070085699901023 3.8290884494781494 3.1448285579681396 1.2100392580032349 2.0362647472922175 2.245715379714966 2.404007911682129
373 1.6889585256576538 7.0650237703873495 3.8348488807678223 3.160097599029541 1.218986988067627 2.066321961700892 2.281209945678711 2.422348737716675
374 1.685720443725586 7.069768817226924 3.837259292602539 3.1529171466827393 1.2193806171417236 2.0405783233799877 2.2803242206573486 2.414689779281616
375 1.6877872943878174 7.061326637622944 3.84067440032959 3.155278205871582 1.2176718711853027 2.0537767081235825 2.2803823947906494 2.4030838012695313
376 1.6877872943878174 7.061326637622944 3.84067440032959 3.155278205871582 1.2176718711853027 2.0537767081235825 2.2803823947906494 2.4030838012695313
377 1.6897023916244507 7.061052220610668 3.8439526557922363 3.155461311340332 1.2204474210739136 2.0549260537431473 2.2846953868865967 2.403055191040039
378 1.6959911584854126 7.0175160125072376 3.834338903427124 3.1650261878967285 1.2210791110992432 2.161019159657499 2.2789711952209473 2.4077649116516113
379 1.7067910432815552 7.0422624587068325 3.8381731510162354 3.1793713569641113 1.2391437292099 2.0981264639225343 2.2793455123901367 2.4394690990448
380 1.6660614013671875 7.0708083880156956 3.8091821670532227 3.102508068084717 1.1984658241271973 2.0351793638084135 2.238352060317993 2.3615334033966064
381 1.6660614013671875 7.0708083880156956 3.8091821670532227 3.102508068084717 1.1984658241271973 2.0351793638084135 2.238352060317993 2.3615334033966064
382 1.6762840747833252 7.0751359844819675 3.8156206607818604 3.106099843978882 1.2158136367797852 2.0223371369438814 2.2511661052703857 2.3692803382873535
383 1.6786818504333496 7.06649791541787 3.8225207328796387 3.1248128414154053 1.2172449827194214 2.0313048280400423 2.261833667755127 2.390686273574829
384 1.6855413913726807 7.072061640079557 3.8255481719970703 3.133665084838867 1.2267663478851318 2.023196062512609 2.266646146774292 2.402316093444824
385 1.6817429065704346 7.038691592493317 3.8259246349334717 3.13108229637146 1.2236055135726929 2.1486381481084926 2.2785582542419434 2.4024658203125
386 1.6817429065704346 7.038691592493317 3.8259246349334717 3.13108229637146 1.2236055135726929 2.1486381481084926 2.2785582542419434 2.4024658203125
387 1.6859126091003418 7.038679345045504 3.826366662979126 3.135560989379883 1.229206919670105 2.152727013344611 2.2846646308898926 2.4078729152679443
388 1.688532829284668 7.066033596725479 3.834303855895996 3.134577989578247 1.233566403388977 2.1035475456884907 2.2891271114349365 2.4106690883636475
389 1.6902341842651367 7.064425676529204 3.8334238529205322 3.1586248874664307 1.2351950407028198 2.1066021829100188 2.2916054725646973 2.4428703784942627
390 1.690921664237976 7.067826728546513 3.834505796432495 3.1624176502227783 1.2358158826828003 2.09816451213618 2.2977142333984375 2.4452831745147705
391 1.690921664237976 7.067826728546513 3.834505796432495 3.1624176502227783 1.2358158826828003 2.09816451213618 2.2977142333984375 2.4452831745147705
392 1.69269597530365 7.056694613665826 3.819575548171997 3.1731643676757813 1.23922860622406 2.1568859904236715 2.2807395458221436 2.4591236114501953
393 1.6671780347824097 7.039436253210634 3.813692808151245 3.168839931488037 1.206452488899231 2.1752130911067686 2.2727158069610596 2.4354469776153564
394 1.6699167490005493 7.038784946618564 3.7998242378234863 3.162111759185791 1.210817813873291 2.1526751989936224 2.253209352493286 2.4335014820098877
395 1.6699546575546265 7.038820274792206 3.8000104427337646 3.1620819568634033 1.210891604423523 2.152598591445568 2.253936529159546 2.4334769248962402
396 1.6699546575546265 7.038820274792206 3.8000104427337646 3.1620819568634033 1.210891604423523 2.152598591445568 2.253936529159546 2.4334769248962402
397 1.6843774318695068 7.036253204970209 3.809830665588379 3.1992738246917725 1.2162376642227173 2.157005354081429 2.254793882369995 2.471917152404785
398 1.682375192642212 7.03636679181857 3.8045382499694824 3.2013049125671387 1.2119359970092773 2.170401753094761 2.2480392456054688 2.471487045288086
399 1.6731022596359253 7.039313646052005 3.80568790435791 3.189990997314453 1.2038146257400513 2.1563691319415805 2.246723175048828 2.458928108215332
400 1.6723188161849976 7.0479008936989604 3.7849183082580566 3.195688247680664 1.193427324295044 2.1540495667054405 2.216019868850708 2.4498789310455322
401 1.6723188161849976 7.0479008936989604 3.7849183082580566 3.195688247680664 1.193427324295044 2.1540495667054405 2.216019868850708 2.4498789310455322
402 1.6656502485275269 7.082291115980976 3.7897281646728516 3.196179151535034 1.186155915260315 2.114205314879788 2.218446731567383 2.45335054397583
403 1.6616439819335938 7.0786566170358585 3.783773183822632 3.165492057800293 1.1803070306777954 2.121810373582925 2.212345600128174 2.4174306392669678
404 1.6408836841583252 7.083461543003841 3.775484800338745 3.1451001167297363 1.1582324504852295 2.081208581370948 2.189807415008545 2.406437873840332
405 1.6412744522094727 7.014942174185171 3.773867130279541 3.150493860244751 1.1567862033843994 2.244995645013901 2.2007553577423096 2.41115140914917
406 1.6412744522094727 7.014942174185171 3.773867130279541 3.150493860244751 1.1567862033843994 2.244995645013901 2.2007553577423096 2.41115140914917
407 1.6436150074005127 7.033991911930687 3.773627758026123 3.1528749465942383 1.1546298265457153 2.177035984639752 2.192169427871704 2.4050402641296387
408 1.6436150074005127 7.033991911930687 3.77506685256958 3.1528749465942383 1.1546298265457153 2.177035984639752 2.1888463497161865 2.4050402641296387
409 1.6463351249694824 7.037170192158809 3.7737550735473633 3.1562697887420654 1.160172939300537 2.1675288275006785 2.185701847076416 2.4072213172912598
410 1.6463351249694824 7.037170192158809 3.771131992340088 3.1061787605285645 1.160172939300537 2.1675288275006785 2.1746814250946045 2.313251495361328
411 1.6463351249694824 7.037170192158809 3.771131992340088 3.1061787605285645 1.160172939300537 2.1675288275006785 2.1746814250946045 2.313251495361328
412 1.6489131450653076 7.037130942503457 3.7723658084869385 3.10650372505188 1.1647909879684448 2.166324386616028 2.1759955883026123 2.314042806625366
413 1.6542835235595703 7.037546858488277 3.7741942405700684 3.1041181087493896 1.1709622144699097 2.168510305491799 2.1789119243621826 2.311345100402832
414 1.665645956993103 7.030214705075636 3.7788290977478027 3.123349666595459 1.1825411319732666 2.209619294218558 2.1996822357177734 2.3210082054138184
415 1.6495187282562256 7.037689129496818 3.7749149799346924 3.1212313175201416 1.1579164266586304 2.1975238912367336 2.18906569480896 2.3171703815460205
416 1.6495187282562256 7.037689129496818 3.7749149799346924 3.1212313175201416 1.1579164266586304 2.1975238912367336 2.18906569480896 2.3171703815460205
417 1.6495760679244995 7.0376655629088996 3.776240348815918 3.121248960494995 1.1579864025115967 2.197554071202102 2.19180965423584 2.317188262939453
418 1.6384543180465698 7.037910079929332 3.7699930667877197 3.1060590744018555 1.1504402160644531 2.1856171196619947 2.184605360031128 2.3032097816467285
419 1.6291028261184692 7.034888817223706 3.770214796066284 3.109896183013916 1.1329513788223267 2.211820487079459 2.187668800354004 2.302793264389038
420 1.6345504522323608 7.039549994480039 3.774750232696533 3.137690544128418 1.1336669921875 2.202388391732012 2.1956872940063477 2.3439364433288574
421 1.6345504522323608 7.039549994480039 3.774750232696533 3.137690544128418 1.1336669921875 2.202388391732012 2.1956872940063477 2.3439364433288574
422 1.6331056356430054 7.064498612057507 3.7730584144592285 3.1335790157318115 1.1326923370361328 2.2102812125256244 2.195096492767334 2.340707778930664
423 1.6331374645233154 7.065833960794815 3.7730655670166016 3.1336100101470947 1.1327435970306396 2.2081024664245636 2.1948935985565186 2.3407466411590576
424 1.6286616325378418 7.047648313360498 3.776949167251587 3.234978675842285 1.1236804723739624 2.1913772037798602 2.202592134475708 2.4336671829223633
425 1.6288843154907227 7.04809809604813 3.7774832248687744 3.235117197036743 1.1241246461868286 2.1934054884749297 2.2032699584960938 2.4332969188690186
426 1.6288843154907227 7.04809809604813 3.7774832248687744 3.235117197036743 1.1241246461868286 2.1934054884749297 2.2032699584960938 2.4332969188690186
427 1.640979528427124 7.058516000114721 3.7750303745269775 3.2264463901519775 1.1381298303604126 2.18922379529746 2.2012088298797607 2.422759771347046
428 1.6476548910140991 7.071486274083552 3.774101734161377 3.240023136138916 1.1412968635559082 2.2222438405198726 2.2025341987609863 2.43198299407959
429 1.6533437967300415 7.072464232946947 3.7675328254699707 3.2530646324157715 1.1479227542877197 2.227530860547792 2.1888821125030518 2.4487972259521484
430 1.6532567739486694 7.071303831053942 3.7732415199279785 3.2523727416992188 1.1490397453308105 2.229043028446209 2.207031011581421 2.4491801261901855
431 1.6532567739486694 7.071303831053942 3.7732415199279785 3.2523727416992188 1.1490397453308105 2.229043028446209 2.207031011581421 2.4491801261901855
432 1.653257966041565 7.071303591583242 3.774632453918457 3.2596731185913086 1.149042010307312 2.2290457768633813 2.2066597938537598 2.4572489261627197
433 1.6510306596755981 7.069371148544526 3.774094343185425 3.2602908611297607 1.1440961360931396 2.2399315021477086 2.2086830139160156 2.4581069946289063
434 1.6554372310638428 7.069716146197206 3.7735095024108887 3.254584789276123 1.1537517309188843 2.2301878006780003 2.20965576171875 2.4543843269348145
435 1.6526007652282715 7.067481516767302 3.7711050510406494 3.2522945404052734 1.1507647037506104 2.227731952487702 2.2072439193725586 2.4520716667175293
436 1.6526007652282715 7.067481516767302 3.7711050510406494 3.2522945404052734 1.1507647037506104 2.227731952487702 2.2072439193725586 2.4520716667175293
437 1.6525006294250488 7.064165688347209 3.7716517448425293 3.252551555633545 1.1506143808364868 2.2352459849915274 2.2216742038726807 2.45220947265625
438 1.6563618183135986 7.046100719930062 3.7749290466308594 3.2667794227600098 1.147191047668457 2.280253585886078 2.2274906635284424 2.4522292613983154
439 1.6519330739974976 7.0453737119502895 3.7704005241394043 3.2726378440856934 1.1362254619598389 2.286691380895702 2.207815408706665 2.4568214416503906
440 1.6574792861938477 7.056612309873508 3.781646251678467 3.2738559246063232 1.1406646966934204 2.2958022477066216 2.234039068222046 2.4605958461761475
441 1.6574792861938477 7.056612309873508 3.781646251678467 3.2738559246063232 1.1406646966934204 2.2958022477066216 2.234039068222046 2.4605958461761475
442 1.6635810136795044 7.059028772351115 3.7819225788116455 3.281447410583496 1.1440469026565552 2.2967761946507674 2.234140396118164 2.468513011932373
443 1.6559449434280396 7.063085318959871 3.77908992767334 3.275386095046997 1.1373051404953003 2.284690217772583 2.228999614715576 2.46346116065979
444 1.665949821472168 7.058404769088125 3.7765748500823975 3.2831146717071533 1.1501210927963257 2.2950677869857046 2.231532573699951 2.473407506942749
445 1.664446234703064 7.146293983945315 3.775860071182251 3.279766082763672 1.1475050449371338 2.184430660671555 2.21874737739563 2.4688971042633057
446 1.664446234703064 7.146293983945315 3.775860071182251 3.279766082763672 1.1475050449371338 2.184430660671555 2.21874737739563 2.4688971042633057
447 1.6603219509124756 7.131263144784083 3.7572453022003174 3.280845880508423 1.1410917043685913 2.203000532380923 2.196403980255127 2.470895767211914
448 1.6551610231399536 7.12800121409675 3.75209379196167 3.2758960723876953 1.136025071144104 2.1994150790264944 2.193195343017578 2.465358018875122
449 1.6550877094268799 7.127938522699203 3.745905876159668 3.266279935836792 1.1365463733673096 2.1994565314227907 2.172175645828247 2.4530086517333984
450 1.6494007110595703 7.137988047814559 3.7452971935272217 3.26777982711792 1.1270710229873657 2.1683429178325215 2.16931414604187 2.4531590938568115
451 1.6494007110595703 7.137988047814559 3.7452971935272217 3.26777982711792 1.1270710229873657 2.1683429178325215 2.16931414604187 2.4531590938568115
452 1.6646934747695923 7.1499721423030165 3.75929594039917 3.312471628189087 1.1512457132339478 2.1455624996691447 2.1793386936187744 2.5103671550750732
453 1.6700652837753296 7.147172364899397 3.7613942623138428 3.3159589767456055 1.1573481559753418 2.1471972180729524 2.184147596359253 2.5140187740325928
454 1.6531575918197632 7.155417778208355 3.758958578109741 3.3160805702209473 1.130452036857605 2.136967204895183 2.17610502243042 2.510946273803711
455 1.6530176401138306 7.1553551014735675 3.75984787940979 3.316474676132202 1.1300076246261597 2.1372175568624696 2.1773650646209717 2.511348247528076
456 1.6530176401138306 7.1553551014735675 3.75984787940979 3.316474676132202 1.1300076246261597 2.1372175568624696 2.1773650646209717 2.511348247528076
457 1.6552057266235352 7.149448500736616 3.75951886177063 3.316028594970703 1.1338025331497192 2.1224817914732093 2.1758615970611572 2.512619972229004
458 1.6647237539291382 7.146103757085913 3.7703912258148193 3.329580068588257 1.154849886894226 2.192612095518563 2.1960933208465576 2.535532236099243
459 1.6647237539291382 7.144860531483677 3.770392417907715 3.329613208770752 1.154849886894226 2.1884026230795084 2.195735454559326 2.5356218814849854
460 1.6642757654190063 7.144750649052483 3.7696876525878906 3.321723222732544 1.1544402837753296 2.188321925368371 2.195047378540039 2.5333447456359863
461 1.6642757654190063 7.144750649052483 3.7696876525878906 3.321723222732544 1.1544402837753296 2.188321925368371 2.195047378540039 2.5333447456359863
462 1.6661245822906494 7.155429272962535 3.7736780643463135 3.3217899799346924 1.156404972076416 2.144830918212987 2.196604013442993 2.5329439640045166
463 1.6657531261444092 7.155612690614959 3.768967628479004 3.3104794025421143 1.1559381484985352 2.1450398749037425 2.186899185180664 2.5203909873962402
464 1.688416600227356 7.164565735534233 3.7823445796966553 3.3418943881988525 1.1771793365478516 2.1560372255268763 2.2063651084899902 2.565141201019287
465 1.6760590076446533 7.171683888180045 3.77402400970459 3.3273117542266846 1.1628139019012451 2.131394374871557 2.19514536857605 2.551356315612793
466 1.6760590076446533 7.171683888180045 3.77402400970459 3.3273117542266846 1.1628139019012451 2.131394374871557 2.19514536857605 2.551356315612793
467 1.6494359970092773 7.169367665114046 3.7610573768615723 3.3163416385650635 1.1346766948699951 2.1375253475636313 2.1809303760528564 2.5297701358795166
468 1.6502524614334106 7.171844383274404 3.7610483169555664 3.316694974899292 1.135961890220642 2.149086168151142 2.1822688579559326 2.529999017715454
469 1.6550450325012207 7.170587103102835 3.7698357105255127 3.3246545791625977 1.1436614990234375 2.150058562030087 2.1833279132843018 2.5411548614501953
470 1.658096432685852 7.154227395493875 3.7740228176116943 3.3247230052948 1.145620346069336 2.1383863425975442 2.1827876567840576 2.540898561477661
471 1.658096432685852 7.154227395493875 3.7740228176116943 3.3247230052948 1.145620346069336 2.1383863425975442 2.1827876567840576 2.540898561477661
472 1.649379014968872 7.149143894964337 3.7646758556365967 3.31650972366333 1.1317138671875 2.1143460618976992 2.1644787788391113 2.5280375480651855
473 1.6449980735778809 7.146114017637763 3.760204315185547 3.3157267570495605 1.124470591545105 2.1500516960479685 2.162405014038086 2.522960662841797
474 1.648188591003418 7.129269473662689 3.7604799270629883 3.3211827278137207 1.1252838373184204 2.179393493075899 2.166060209274292 2.5241777896881104
475 1.6484155654907227 7.132116505799802 3.7634804248809814 3.329845905303955 1.1240687370300293 2.1810816752493336 2.1699626445770264 2.5345022678375244
476 1.6484155654907227 7.132116505799802 3.7634804248809814 3.329845905303955 1.1240687370300293 2.1810816752493336 2.1699626445770264 2.5345022678375244
477 1.6484155654907227 7.132116505799802 3.7634804248809814 3.329845905303955 1.1240687370300293 2.1810816752493336 2.1699626445770264 2.5345022678375244
478 1.6484224796295166 7.1322185826252005 3.763599157333374 3.3299813270568848 1.1240448951721191 2.180381492172087 2.172701835632324 2.5345582962036133
479 1.6471424102783203 7.1342865694399515 3.7627644538879395 3.3280136585235596 1.1215866804122925 2.1580597719692887 2.1661314964294434 2.5309760570526123
480 1.660475730895996 7.133264811348756 3.765951633453369 3.338244915008545 1.1385749578475952 2.167131781785568 2.1790413856506348 2.537395715713501
481 1.660475730895996 7.133264811348756 3.765951633453369 3.338244915008545 1.1385749578475952 2.167131781785568 2.1790413856506348 2.537395715713501
482 1.6597179174423218 7.1304755346112 3.769165515899658 3.3388195037841797 1.133663535118103 2.1870268624330436 2.1777782440185547 2.536224365234375
483 1.6891899108886719 7.131569082233088 3.791553020477295 3.3558948040008545 1.1724506616592407 2.1635215049000296 2.202021837234497 2.559314250946045
484 1.6882392168045044 7.129009145792995 3.7971324920654297 3.3548824787139893 1.1731032133102417 2.15354718401136 2.197587728500366 2.5583767890930176
485 1.6825963258743286 7.129582672613347 3.796726703643799 3.372434377670288 1.1682661771774292 2.140089820888295 2.1985347270965576 2.580049753189087
486 1.6825963258743286 7.129582672613347 3.796726703643799 3.372434377670288 1.1682661771774292 2.140089820888295 2.1985347270965576 2.580049753189087
487 1.6887363195419312 7.129834806989125 3.7967066764831543 3.280529737472534 1.1753982305526733 2.1362959350957533 2.1894712448120117 2.4945802688598633
488 1.6913517713546753 7.130221414179257 3.8067574501037598 3.280869483947754 1.1791996955871582 2.1353794980093577 2.205904483795166 2.4946985244750977
489 1.697596549987793 7.1350980397299235 3.8155713081359863 3.317882537841797 1.1903411149978638 2.122157749070119 2.217730760574341 2.5389580726623535
490 1.6975970268249512 7.134994689978438 3.8153538703918457 3.3149290084838867 1.190338373184204 2.12257324747447 2.2175326347351074 2.53633713722229
491 1.6975970268249512 7.134994689978438 3.8153538703918457 3.3149290084838867 1.190338373184204 2.12257324747447 2.2175326347351074 2.53633713722229
492 1.6975970268249512 7.134994689978438 3.8131415843963623 3.3149290084838867 1.190338373184204 2.12257324747447 2.215885877609253 2.53633713722229
493 1.6958774328231812 7.135806783970275 3.811523675918579 3.3118340969085693 1.18865168094635 2.117697016429013 2.212423801422119 2.5341734886169434
494 1.6938360929489136 7.038669897337767 3.8106706142425537 3.3122003078460693 1.1847108602523804 2.363095008476008 2.2377519607543945 2.5351710319519043
495 1.6963846683502197 7.04060929872509 3.813579559326172 3.307835817337036 1.1867307424545288 2.367553988108056 2.2410073280334473 2.5401337146759033
496 1.6963846683502197 7.04060929872509 3.813579559326172 3.307835817337036 1.1867307424545288 2.367553988108056 2.2410073280334473 2.5401337146759033
497 1.6889722347259521 7.044244735747739 3.8139092922210693 3.2894070148468018 1.1775034666061401 2.3631524410115854 2.2349016666412354 2.506134033203125
498 1.6903796195983887 7.044695085251074 3.815136432647705 3.287097454071045 1.1796988248825073 2.3629508178732292 2.222256660461426 2.503113031387329
499 1.6816456317901611 7.033879548156704 3.7952747344970703 3.2553985118865967 1.181478500366211 2.342814002648969 2.198575019836426 2.4757513999938965
500 1.6899341344833374 7.043637711069834 3.80645489692688 3.2650229930877686 1.1860780715942383 2.3509375974902196 2.207371473312378 2.4840428829193115
