init 0.6578864455223083 7.60870480374224 3.32043194770813 2.451056480407715 0.0 0.0 0.0 0.0
1 0.6578864455223083 7.6087896206274515 3.32043194770813 2.451056480407715 0.0 0.000534815638976103 0.00017773891158867627 0.0
2 0.7978222966194153 8.027639597627736 3.3847155570983887 2.5402629375457764 0.34572383761405945 0.974626621114474 0.6533362865447998 0.36996331810951233
3 0.7959616780281067 8.120478177657864 3.40893292427063 2.5890495777130127 0.38529375195503235 2.2757887794349334 1.1590231657028198 0.7571668028831482
4 0.8231209516525269 8.386751239855302 3.435872793197632 2.631906032562256 0.42256811261177063 2.1163458754571205 1.3255599737167358 0.9594539999961853
5 0.8191817402839661 8.316049757123016 3.44317364692688 2.6151669025421143 0.3983745276927948 1.7907527934815064 1.2919288873672485 1.0527184009552002
6 0.8191817402839661 8.316049757123016 3.44317364692688 2.6151669025421143 0.3983745276927948 1.7907527934815064 1.2919288873672485 1.0527184009552002
7 0.8353045582771301 7.828029999597093 3.4427223205566406 2.600111484527588 0.42888185381889343 1.1542989639887293 1.2234386205673218 1.0359737873077393
8 0.9243730306625366 8.202937683193637 3.4722890853881836 2.6641414165496826 0.5988316535949707 1.5852054471682355 1.468292236328125 1.1925747394561768
9 0.9802732467651367 8.235751384268099 3.4727814197540283 2.705260753631592 0.6753475069999695 1.6557219551213378 1.506247639656067 1.3328444957733154
10 0.9612441062927246 8.404676417419871 3.5186643600463867 2.702009916305542 0.6478413939476013 1.752253862398097 1.6756722927093506 1.3234646320343018
11 0.9612441062927246 8.404676417419871 3.5186643600463867 2.702009916305542 0.6478413939476013 1.752253862398097 1.6756722927093506 1.3234646320343018
12 0.9590428471565247 8.81063390433123 3.505934715270996 2.7056970596313477 0.6467438340187073 3.4312224686433526 1.905251383781433 1.3234293460845947
13 0.968295156955719 8.769843337853814 3.5118610858917236 2.7011682987213135 0.6644909381866455 3.3452113359845796 1.9204200506210327 1.2407313585281372
14 0.9742846488952637 8.623506962654334 3.5059170722961426 2.7002463340759277 0.6791385412216187 3.2986277290741906 1.9174935817718506 1.2751065492630005
15 0.9780704379081726 8.616222770176664 3.5120394229888916 2.705657720565796 0.6820613741874695 3.3607606635655363 1.944463849067688 1.2856251001358032
16 0.9788448810577393 8.616301374425682 3.5113162994384766 2.7043731212615967 0.6827327609062195 3.3581699538655423 1.9437072277069092 1.2849034070968628
17 0.9510259628295898 8.675743017592495 3.5091018676757813 2.678347587585449 0.6440991759300232 3.447783108810689 1.9647903442382813 1.25324285030365
18 1.0858252048492432 8.658800332276563 3.5570435523986816 2.8142716884613037 0.8048973083496094 3.4651540339719995 2.0474672317504883 1.4463552236557007
19 1.0813733339309692 8.7604539686134 3.5565333366394043 2.8144338130950928 0.7982049584388733 3.576947181069547 2.0643277168273926 1.4397205114364624
20 1.0780222415924072 8.762484808059309 3.5552239418029785 2.808828115463257 0.7983526587486267 3.5502244794931817 2.0614140033721924 1.445300817489624
21 1.0780222415924072 8.762484808059309 3.5552239418029785 2.808828115463257 0.7983526587486267 3.5502244794931817 2.0614140033721924 1.445300817489624
22 1.0788614749908447 9.305315273586766 3.5534744262695313 2.8002216815948486 0.8009458184242249 3.6595174124803127 2.0796639919281006 1.4230207204818726
23 1.0418411493301392 8.685106019231249 3.540156841278076 2.7582297325134277 0.7574862241744995 3.3304075796054393 2.0031638145446777 1.37479567527771
24 1.0505832433700562 8.887126415445518 3.5480692386627197 2.7590553760528564 0.7566567063331604 3.5332833560133015 2.0435283184051514 1.3737237453460693
25 1.0640509128570557 8.859316539716495 3.569352865219116 2.7860493659973145 0.7711640000343323 3.332950298601318 2.0258684158325195 1.3924568891525269
26 1.0640509128570557 8.859316539716495 3.569352865219116 2.7860493659973145 0.7711640000343323 3.332950298601318 2.0258684158325195 1.3924568891525269
27 1.0642246007919312 9.11704694876341 3.5684611797332764 2.7860066890716553 0.7713751196861267 3.5432450686364745 2.0752196311950684 1.3924064636230469
28 1.077398419380188 8.846121736387515 3.5700936317443848 2.7825567722320557 0.7812602519989014 3.3727599120551277 2.051253318786621 1.4041469097137451
29 1.077356219291687 8.84623459823972 3.5692903995513916 2.782552719116211 0.7812173962593079 3.3728780362187125 2.049777030944824 1.4041519165039063
30 1.0395517349243164 8.852356284191 3.57045841217041 2.6997299194335938 0.7390124201774597 3.3794563193975873 2.073227643966675 1.4115265607833862
31 1.0395517349243164 8.852356284191 3.57045841217041 2.6997299194335938 0.7390124201774597 3.3794563193975873 2.073227643966675 1.4115265607833862
32 1.0556862354278564 8.8392364041302 3.571840286254883 2.719190835952759 0.7609109282493591 3.386241154477813 2.0828843116760254 1.4420572519302368
33 1.04704749584198 8.655610637001693 3.571850299835205 2.7123639583587646 0.746655285358429 3.157753795982586 2.0421292781829834 1.4178845882415771
34 1.0560367107391357 9.276917600966813 3.5749056339263916 2.722149133682251 0.7579723000526428 3.4654863776298135 2.1014513969421387 1.4325950145721436
35 1.0552220344543457 9.483912360272791 3.5853271484375 2.7221896648406982 0.7627028822898865 3.4943633391834967 2.116161584854126 1.4336329698562622
36 1.0541554689407349 9.106699739650297 3.587376356124878 2.723722219467163 0.7614099383354187 3.3992309845120965 2.0983521938323975 1.4332059621810913
37 1.0472460985183716 9.104061233241696 3.583772897720337 2.7093396186828613 0.7526669502258301 3.4117672763600626 2.1121015548706055 1.425973653793335
38 1.0465710163116455 9.102597236777482 3.584332227706909 2.709108829498291 0.7523846626281738 3.411210491526468 2.112473726272583 1.4253242015838623
39 1.0520564317703247 9.112660173226816 3.5832056999206543 2.7128357887268066 0.760166585445404 3.4702899579869224 2.126404285430908 1.4402023553848267
40 1.059569001197815 9.00466009479144 3.5983197689056396 2.7202486991882324 0.7624629139900208 3.400036755770553 2.1515064239501953 1.5197468996047974
41 1.059569001197815 9.00466009479144 3.5983197689056396 2.7202486991882324 0.7624629139900208 3.400036755770553 2.1515064239501953 1.5197468996047974
42 1.05606210231781 9.009749869240732 3.6011414527893066 2.713629722595215 0.758014440536499 3.414858616145833 2.1525087356567383 1.5078849792480469
43 1.073386311531067 9.021087292662964 3.503016948699951 2.732919216156006 0.7762802839279175 3.42893220694092 1.9819592237472534 1.5280102491378784
44 1.0601739883422852 9.069429111790233 3.470378875732422 2.7334377765655518 0.75739985704422 3.432544502196203 1.9250401258468628 1.5286927223205566
45 1.0491951704025269 9.083019167589885 3.4672975540161133 2.7229487895965576 0.743216335773468 3.348170306587023 1.9010155200958252 1.5088529586791992
46 1.0491951704025269 9.083019167589885 3.4672975540161133 2.7229487895965576 0.743216335773468 3.348170306587023 1.9010155200958252 1.5088529586791992
47 1.0491951704025269 9.18092593287992 3.4672975540161133 2.7229487895965576 0.743216335773468 3.3980675711737303 1.9107692241668701 1.5088529586791992
48 1.0507996082305908 9.18120891910848 3.468308448791504 2.724961280822754 0.745120108127594 3.3989892036400438 1.9114198684692383 1.511232614517212
49 1.0516897439956665 9.180044122308566 3.47365403175354 2.757777452468872 0.7480114102363586 3.406904696787266 1.914508581161499 1.4444468021392822
50 1.0513743162155151 9.178829167124439 3.4748501777648926 2.7520596981048584 0.7484143376350403 3.4074721076991845 1.914139986038208 1.434126615524292
51 1.0513743162155151 9.178829167124439 3.4748501777648926 2.7520596981048584 0.7484143376350403 3.4074721076991845 1.914139986038208 1.434126615524292
52 1.0513311624526978 9.178845323899607 3.475494861602783 2.752056837081909 0.748360812664032 3.4075121725638873 1.9082313776016235 1.4341316223144531
53 1.049509048461914 9.175010273278644 3.474480390548706 2.75067400932312 0.7448993921279907 3.4052316357660666 1.9054266214370728 1.4325257539749146
54 1.0487397909164429 9.17802985079738 3.4754445552825928 2.750784397125244 0.7456637620925903 3.4107355209846038 1.9084687232971191 1.4328699111938477
55 1.0474640130996704 9.181953620883192 3.4848649501800537 2.8065905570983887 0.7463305592536926 3.412321484883396 1.9337369203567505 1.5183916091918945
56 1.0474640130996704 9.181953620883192 3.4848649501800537 2.8065905570983887 0.7463305592536926 3.412321484883396 1.9337369203567505 1.5183916091918945
57 1.0474640130996704 9.087009580981785 3.4848649501800537 2.8065905570983887 0.7463305592536926 3.358486145333509 1.9232988357543945 1.5183916091918945
58 1.0445595979690552 9.080257552972705 3.482773542404175 2.8031556606292725 0.737144410610199 3.362680496963782 1.9174323081970215 1.5062891244888306
59 1.049505591392517 8.977540532972352 3.5247271060943604 2.806826591491699 0.7407940030097961 3.251218370278169 1.9117846488952637 1.5079121589660645
60 1.052337884902954 8.889689923353004 3.5196821689605713 2.8103904724121094 0.7462154626846313 3.238561291056282 1.900160551071167 1.527076244354248
61 1.052337884902954 8.889689923353004 3.5196821689605713 2.8103904724121094 0.7462154626846313 3.238561291056282 1.900160551071167 1.527076244354248
62 1.0519853830337524 8.888009660907159 3.5186235904693604 2.8094775676727295 0.744957685470581 3.2346639269771695 1.8990435600280762 1.5288662910461426
63 1.0512032508850098 8.887630689121586 3.5088820457458496 2.8110764026641846 0.7443230152130127 3.2359804907261407 1.8685564994812012 1.5292859077453613
64 1.0512983798980713 8.887840546559781 3.4998245239257813 2.8111684322357178 0.744480311870575 3.236332902903955 1.8469504117965698 1.529526710510254
65 1.052739143371582 8.891738791484663 3.499114751815796 2.8077902793884277 0.7459361553192139 3.2399986437202015 1.8488035202026367 1.5316065549850464
66 1.052739143371582 8.891738791484663 3.499114751815796 2.8077902793884277 0.7459361553192139 3.2399986437202015 1.8488035202026367 1.5316065549850464
67 1.0531284809112549 8.891258347763266 3.4990286827087402 2.807649850845337 0.7465254664421082 3.236989502883465 1.8479228019714355 1.5320571660995483
68 1.0541294813156128 8.887890795567648 3.499241828918457 2.8076629638671875 0.7482941746711731 3.2313671595206923 1.8473080396652222 1.5318329334259033
69 1.0567340850830078 8.886935595433247 3.504862070083618 2.8077547550201416 0.7520041465759277 3.229704442438598 1.8604745864868164 1.531423568725586
70 1.0461617708206177 8.92815921483607 3.5091657638549805 2.8036656379699707 0.7568743824958801 3.249803372543932 1.8748635053634644 1.5287539958953857
71 1.0461617708206177 8.92815921483607 3.5091657638549805 2.8036656379699707 0.7568743824958801 3.249803372543932 1.8748635053634644 1.5287539958953857
72 1.0484004020690918 8.934653512236107 3.5063326358795166 2.7994208335876465 0.7571973204612732 3.245648044787954 1.8742092847824097 1.5253844261169434
73 1.0615694522857666 8.926663878277715 3.5171282291412354 2.8193717002868652 0.7721008658409119 3.225445954454539 1.8855912685394287 1.5535800457000732
74 1.0931986570358276 8.954625501295977 3.529155969619751 2.85429310798645 0.8136314153671265 3.2518268183791736 1.90886652469635 1.5898247957229614
75 1.1031662225723267 8.35205558181266 3.5871503353118896 2.8521769046783447 0.8244181871414185 3.1975424001233574 2.0337560176849365 1.512572169303894
76 1.1031662225723267 8.35205558181266 3.5871503353118896 2.8521769046783447 0.8244181871414185 3.1975424001233574 2.0337560176849365 1.512572169303894
77 1.1058677434921265 8.349349218386603 3.592447519302368 2.848820209503174 0.8262661099433899 3.231739042832093 2.0503058433532715 1.5123306512832642
78 1.1139103174209595 8.294344913272717 3.5748069286346436 2.848055362701416 0.8332403898239136 3.180399096943236 2.04738712310791 1.505622148513794
79 1.108690619468689 8.264578026270284 3.564072608947754 2.840648651123047 0.8253049254417419 3.203964793829901 2.0411555767059326 1.5029352903366089
80 1.1149309873580933 8.276114536873306 3.5785322189331055 2.8558566570281982 0.8373479247093201 3.0823519455726287 2.0555310249328613 1.5827387571334839
81 1.1149309873580933 8.276114536873306 3.5785322189331055 2.8558566570281982 0.8373479247093201 3.0823519455726287 2.0555310249328613 1.5827387571334839
82 1.1114791631698608 8.298415122805318 3.5772485733032227 2.855682611465454 0.8303683996200562 3.0836595349492093 2.0497214794158936 1.578338623046875
83 1.1000159978866577 8.928632743656902 3.5691025257110596 2.848876714706421 0.816689670085907 3.4510965368339424 2.1007747650146484 1.5686535835266113
84 1.0930063724517822 8.91670725172023 3.567126989364624 2.8644354343414307 0.8081510663032532 3.5006846328516694 2.1153087615966797 1.5921212434768677
85 1.0858588218688965 8.96655857007071 3.569962501525879 2.8708393573760986 0.791973888874054 3.494246098523814 2.1049675941467285 1.5817474126815796
86 1.0858588218688965 8.96655857007071 3.569962501525879 2.8708393573760986 0.791973888874054 3.494246098523814 2.1049675941467285 1.5817474126815796
87 1.0896378755569458 8.212519142533617 3.604353666305542 2.8738458156585693 0.7977185249328613 3.176973816006509 2.0819156169891357 1.5852890014648438
88 1.0888688564300537 8.20604864876065 3.6024911403656006 2.872530937194824 0.7935335636138916 3.173631695945936 2.0781776905059814 1.583685278892517
89 1.088778018951416 8.23660097259634 3.6150777339935303 2.87172269821167 0.7935280799865723 3.192443323944095 2.0861752033233643 1.582749843597412
90 1.0893739461898804 8.338905825138465 3.608761787414551 2.8769214153289795 0.7917417287826538 3.153547983273158 2.0614984035491943 1.5808137655258179
91 1.0893739461898804 8.338905825138465 3.608761787414551 2.8769214153289795 0.7917417287826538 3.153547983273158 2.0614984035491943 1.5808137655258179
92 1.0919828414916992 8.278424919059399 3.6123721599578857 2.882631301879883 0.7937200665473938 3.193252106627395 2.06877064704895 1.58424973487854
93 1.0918996334075928 8.328253023822116 3.5957701206207275 2.859529972076416 0.7936275005340576 3.2157016871179365 2.029803991317749 1.5497106313705444
94 1.0946720838546753 8.326501453056247 3.593928337097168 2.8579583168029785 0.7957016229629517 3.2086046775058192 2.0248749256134033 1.5426849126815796
95 1.0983589887619019 8.329131343197263 3.5938432216644287 2.8807191848754883 0.7997565269470215 3.211179811910186 2.022531509399414 1.5472662448883057
96 1.0983589887619019 8.329131343197263 3.5938432216644287 2.8807191848754883 0.7997565269470215 3.211179811910186 2.022531509399414 1.5472662448883057
97 1.100976586341858 8.333624520330796 3.591503620147705 2.8770811557769775 0.8029215335845947 3.215154303021194 2.0277318954467773 1.550557255744934
98 1.1012126207351685 8.32887726411797 3.5924744606018066 2.8783226013183594 0.803234875202179 3.3408081943531145 2.050391674041748 1.5512025356292725
99 1.0970382690429688 8.365303989453102 3.5927445888519287 2.8782010078430176 0.7992962598800659 3.3346202014658197 2.047943592071533 1.5513603687286377
100 1.1004585027694702 8.386921692804425 3.5924413204193115 2.879819393157959 0.8008814454078674 3.3111698071769404 2.045544385910034 1.5517921447753906
101 1.1004585027694702 8.386921692804425 3.5924413204193115 2.879819393157959 0.8008814454078674 3.3111698071769404 2.045544385910034 1.5517921447753906
102 1.0984605550765991 8.393753117758223 3.588146448135376 2.873312473297119 0.8014906644821167 3.327852112588985 2.045699119567871 1.5304884910583496
103 1.0991530418395996 9.002889107568654 3.589155673980713 2.873676061630249 0.8045778870582581 3.2255950074211834 2.029822826385498 1.5306261777877808
104 1.0992087125778198 9.003588193605207 3.5894176959991455 2.8738081455230713 0.804702639579773 3.2249985283229976 2.030021905899048 1.5307023525238037
105 1.0959972143173218 8.997861388265921 3.5919711589813232 2.867521286010742 0.8003441095352173 3.2077829448987893 2.031414031982422 1.5181678533554077
106 1.0959972143173218 8.997861388265921 3.5919711589813232 2.867521286010742 0.8003441095352173 3.2077829448987893 2.031414031982422 1.5181678533554077
107 1.0977630615234375 8.894135024201928 3.5931506156921387 2.867804527282715 0.8027350306510925 3.2075040629921427 2.034672975540161 1.521206021308899
108 1.1105694770812988 9.00276129953021 3.6033356189727783 2.8893468379974365 0.8162915110588074 3.2567674802519404 2.0528812408447266 1.5440735816955566
109 1.103554606437683 9.016447007587246 3.6077919006347656 2.8795006275177 0.8066775798797607 3.257519249087146 2.0593421459198 1.5278613567352295
110 1.0981026887893677 9.008098240066937 3.604121208190918 2.8738276958465576 0.8008762001991272 3.2490950666089797 2.0525026321411133 1.518844723701477
111 1.0981026887893677 9.008098240066937 3.604121208190918 2.8738276958465576 0.8008762001991272 3.2490950666089797 2.0525026321411133 1.518844723701477
112 1.0981652736663818 8.99880882149163 3.603069305419922 2.8729214668273926 0.8007692098617554 3.388020086315879 2.075749397277832 1.5158909559249878
113 1.0977208614349365 8.998700116238686 3.6051313877105713 2.871455669403076 0.8000621795654297 3.392402053612896 2.081380605697632 1.5195246934890747
114 1.100006341934204 9.000199243958223 3.605766534805298 2.873305082321167 0.8002454042434692 3.3920685478901627 2.0821735858917236 1.5231980085372925
115 1.095908522605896 9.004574320170667 3.6031992435455322 2.8748230934143066 0.7972554564476013 3.1668269755099057 2.0395994186401367 1.5243585109710693
116 1.095908522605896 9.004574320170667 3.6031992435455322 2.8748230934143066 0.7972554564476013 3.1668269755099057 2.0395994186401367 1.5243585109710693
117 1.0939466953277588 9.00819076697158 3.6040759086608887 2.8793888092041016 0.795013427734375 3.165999052218374 2.0370898246765137 1.5259720087051392
118 1.097570776939392 9.013232303048117 3.6045243740081787 2.8832383155822754 0.7990057468414307 3.165466676675759 2.0368168354034424 1.5309028625488281
119 1.0863971710205078 9.015414211211136 3.598775863647461 2.8729660511016846 0.784719705581665 3.1664753309465077 2.026254892349243 1.513033151626587
120 1.0796722173690796 9.005866290469537 3.597853422164917 2.866386890411377 0.7759688496589661 3.157228044961602 2.022482395172119 1.5043730735778809
121 1.0796722173690796 9.005866290469537 3.597853422164917 2.866386890411377 0.7759688496589661 3.157228044961602 2.022482395172119 1.5043730735778809
122 1.0873560905456543 9.015668556807508 3.598191976547241 2.876051902770996 0.7841740250587463 3.268341030880954 2.041180372238159 1.5152159929275513
123 1.0835857391357422 8.373478179103394 3.598651647567749 2.877293109893799 0.7854393124580383 3.1991859326697587 2.032008647918701 1.5247269868850708
124 1.0766106843948364 8.33602917510036 3.592686891555786 2.8777763843536377 0.7856576442718506 3.1779740368926115 2.0207855701446533 1.5228526592254639
125 1.0766106843948364 8.33602917510036 3.592686891555786 2.8777763843536377 0.7856576442718506 3.1779740368926115 2.0207855701446533 1.5228526592254639
126 1.0766106843948364 8.33602917510036 3.592686891555786 2.8777763843536377 0.7856576442718506 3.1779740368926115 2.0207855701446533 1.5228526592254639
127 1.0766222476959229 8.33609903433544 3.542905330657959 2.9006783962249756 0.7857333421707153 3.1779017710773076 2.0698537826538086 1.55841863155365
128 1.0755062103271484 8.301181376935096 3.5451409816741943 2.9019672870635986 0.787714958190918 3.2095533795282742 2.080570936203003 1.560417652130127
129 1.0629141330718994 8.365599524083757 3.5406785011291504 2.888745069503784 0.7721228003501892 3.1940747113940797 2.0699896812438965 1.535436987876892
130 1.0610991716384888 8.369403442256163 3.542335033416748 2.8874478340148926 0.7684333324432373 3.1938023901005654 2.073824882507324 1.534605622291565
131 1.0610991716384888 8.363508575178805 3.542335033416748 2.8874478340148926 0.7684333324432373 3.194071216590848 2.0738706588745117 1.534605622291565
132 1.0617223978042603 8.24603275528132 3.5376737117767334 2.8876824378967285 0.7663801908493042 3.2755399346060146 2.0790441036224365 1.5350652933120728
133 1.0446053743362427 8.237142012308983 3.532658576965332 2.8787007331848145 0.7443458437919617 3.2744691726250097 2.069089412689209 1.5086684226989746
134 1.0453194379806519 8.309377382639033 3.5324788093566895 2.87923002243042 0.7458011507987976 3.206282709527881 2.0571448802948 1.5097732543945313
135 1.0477523803710938 8.305269658384344 3.5445492267608643 2.8776309490203857 0.7494856715202332 3.202164661340934 2.0779380798339844 1.5059356689453125
136 1.0477523803710938 8.305269658384344 3.5445492267608643 2.8776309490203857 0.7494856715202332 3.202164661340934 2.0779380798339844 1.5059356689453125
137 1.0282862186431885 8.274444723714616 3.5363659858703613 2.8548471927642822 0.7246203422546387 3.1594048635913405 2.051025629043579 1.4728305339813232
138 1.029344916343689 8.231704169426688 3.5321249961853027 2.8546552658081055 0.7255920767784119 3.1956519947923296 2.0489768981933594 1.4728186130523682
139 1.033298134803772 8.241311954396686 3.5343596935272217 2.8601937294006348 0.7321648597717285 3.194392332660555 2.0659754276275635 1.4875138998031616
140 1.0363030433654785 8.247471648868132 3.5360524654388428 2.8642349243164063 0.7351936101913452 3.1998542903580023 2.0682213306427 1.4908665418624878
141 1.0363030433654785 8.247471648868132 3.5360524654388428 2.8642349243164063 0.7351936101913452 3.1998542903580023 2.0682213306427 1.4908665418624878
142 1.0356999635696411 8.228051150646095 3.5359959602355957 2.8635365962982178 0.7348817586898804 3.2322627760304026 2.073843479156494 1.4900257587432861
143 1.0419833660125732 8.271472220698316 3.53839111328125 2.8724205493927 0.743796706199646 3.1912816402078934 2.0707027912139893 1.497732400894165
144 1.045675277709961 8.28060616712153 3.54310941696167 2.872533082962036 0.7475169897079468 3.2097704600779617 2.082120180130005 1.4999281167984009
145 1.050298810005188 8.337808775281632 3.5470163822174072 2.872130870819092 0.7545059323310852 3.2460001064393462 2.099677562713623 1.5067790746688843
146 1.050298810005188 8.337808775281632 3.5470163822174072 2.872130870819092 0.7545059323310852 3.2460001064393462 2.099677562713623 1.5067790746688843
147 1.0565565824508667 8.326089865093437 3.5430550575256348 2.8580515384674072 0.766853928565979 3.2425910633294426 2.10449481010437 1.5043896436691284
148 1.0505366325378418 8.354214823444913 3.548927068710327 2.8428258895874023 0.7626550793647766 3.2803952509500816 2.12197208404541 1.4920127391815186
149 1.0464767217636108 8.422870723099194 3.5439248085021973 2.844165563583374 0.7595292329788208 3.3346630986999357 2.122526168823242 1.4942958354949951
150 1.0459643602371216 8.356398170883633 3.54378080368042 2.837460994720459 0.7578454613685608 3.3835949101806966 2.131249189376831 1.4891613721847534
151 1.0459643602371216 8.356398170883633 3.54378080368042 2.837460994720459 0.7578454613685608 3.3835949101806966 2.131249189376831 1.4891613721847534
152 1.0516183376312256 8.384723358197588 3.550156831741333 2.8365697860717773 0.7636150121688843 3.3493347124715482 2.135120153427124 1.4889028072357178
153 1.0491788387298584 8.377126741593495 3.55525279045105 2.833139657974243 0.761417806148529 3.339738469388891 2.149667501449585 1.4848265647888184
154 1.044790506362915 8.376516192119121 3.5543627738952637 2.833606004714966 0.7566756010055542 3.3140528341891535 2.1459081172943115 1.4845525026321411
155 1.0440281629562378 8.377274765758973 3.554394483566284 2.833766222000122 0.7553778290748596 3.2395540934109666 2.134093761444092 1.4836697578430176
156 1.0440281629562378 8.377274765758973 3.554394483566284 2.833766222000122 0.7553778290748596 3.2395540934109666 2.134093761444092 1.4836697578430176
157 1.03769052028656 8.411058059022356 3.5416572093963623 2.8325557708740234 0.7460613250732422 3.2677706323593894 2.115597724914551 1.484727144241333
158 1.0376226902008057 8.411066994183615 3.5416359901428223 2.8325374126434326 0.7458416819572449 3.267752420041334 2.1155645847320557 1.484699010848999
159 1.0273182392120361 8.422462175167801 3.5448648929595947 2.8245270252227783 0.7257348299026489 3.267001289609943 2.119105815887451 1.447837233543396
160 1.0306358337402344 8.464949323344548 3.558095693588257 2.849485397338867 0.7187777161598206 3.25324242577767 2.1090950965881348 1.4467923641204834
161 1.0306358337402344 8.464949323344548 3.558095693588257 2.849485397338867 0.7187777161598206 3.25324242577767 2.1090950965881348 1.4467923641204834
162 1.0292733907699585 8.464832730338848 3.5569894313812256 2.848745346069336 0.7171571254730225 3.2536710193178484 2.107783555984497 1.4455729722976685
163 1.0308761596679688 8.405914073800208 3.5564193725585938 2.847975492477417 0.7187809944152832 3.260944792391917 2.1083054542541504 1.444739580154419
164 1.0312024354934692 8.40601332570582 3.5554039478302 2.8477015495300293 0.7178785800933838 3.259877004986222 2.1058952808380127 1.4442394971847534
165 1.0359922647476196 8.404730682249998 3.5570731163024902 2.852738618850708 0.7243266701698303 3.2574093906560644 2.108461618423462 1.453315019607544
166 1.0359922647476196 8.404730682249998 3.5570731163024902 2.852738618850708 0.7243266701698303 3.2574093906560644 2.108461618423462 1.453315019607544
167 1.033929705619812 8.404411366289262 3.555184841156006 2.8509533405303955 0.7210220694541931 3.263285907688821 2.092954158782959 1.3657037019729614
168 1.0445104837417603 8.412575756953812 3.5476720333099365 2.8312716484069824 0.7384222745895386 3.275678493264331 2.076995372772217 1.3414565324783325
169 1.0469121932983398 8.445464513616507 3.5515689849853516 2.9447689056396484 0.7337398529052734 3.305084039301305 2.0984888076782227 1.5220528841018677
170 1.046871542930603 8.445510821565863 3.551560401916504 2.9447717666625977 0.7336828708648682 3.3051238105694947 2.098473072052002 1.5220545530319214
171 1.046871542930603 8.445510821565863 3.551560401916504 2.9447717666625977 0.7336828708648682 3.3051238105694947 2.098473072052002 1.5220545530319214
172 1.0440243482589722 8.427137497062944 3.5549092292785645 2.938425064086914 0.7286578416824341 3.2784080989846314 2.0988309383392334 1.5135315656661987
173 1.0382057428359985 8.418123127837324 3.554931402206421 2.9179015159606934 0.7265843749046326 3.284009806509813 2.110748052597046 1.5187300443649292
174 1.037025809288025 8.416617388104575 3.553616523742676 2.917661428451538 0.7231513261795044 3.2840718474499844 2.1084401607513428 1.5182377099990845
175 1.0159879922866821 8.423882485491191 3.5400381088256836 2.8959808349609375 0.6921326518058777 3.2571184707393335 2.0813705921173096 1.4804158210754395
176 1.0159879922866821 8.423882485491191 3.5400381088256836 2.8959808349609375 0.6921326518058777 3.2571184707393335 2.0813705921173096 1.4804158210754395
177 1.0189660787582397 8.490209370939354 3.5412802696228027 2.896972179412842 0.6967504024505615 3.3248098310638707 2.0968167781829834 1.4836366176605225
178 1.0191385746002197 8.491343573232164 3.5412065982818604 2.896700620651245 0.6971303224563599 3.324804582237271 2.097057580947876 1.4834364652633667
179 1.0184983015060425 8.490495016503989 3.5393173694610596 2.8968758583068848 0.697921872138977 3.3228398891178044 2.0946171283721924 1.4837177991867065
180 1.0070037841796875 8.934398020255882 3.5142581462860107 2.895597219467163 0.6788541674613953 3.3659144973760333 2.0570788383483887 1.4858533143997192
181 1.0070037841796875 8.934398020255882 3.5142581462860107 2.895597219467163 0.6788541674613953 3.3659144973760333 2.0570788383483887 1.4858533143997192
182 1.0097299814224243 8.952934343925468 3.532378673553467 2.904127597808838 0.6774977445602417 3.3817926930888977 2.0837485790252686 1.482366681098938
183 1.0159196853637695 8.561209888657972 3.5352466106414795 2.911372661590576 0.6869525909423828 3.298563581200907 2.0731723308563232 1.4940472841262817
184 0.9617996215820313 8.807340459612991 3.5030441284179688 2.8654401302337646 0.6059718728065491 3.4789499886668587 2.04925799369812 1.4164687395095825
185 0.935759425163269 9.199321336510739 3.495656728744507 2.856806516647339 0.573253333568573 3.804946579036928 2.099220037460327 1.3882747888565063
186 0.935759425163269 9.199321336510739 3.495656728744507 2.856806516647339 0.573253333568573 3.804946579036928 2.099220037460327 1.3882747888565063
187 0.9352846741676331 9.197153171918252 3.4927968978881836 2.8567895889282227 0.5722604393959045 3.8028581032843487 2.1021342277526855 1.3878034353256226
188 0.9191915988922119 9.226141322502837 3.483978033065796 2.8490498065948486 0.5536214709281921 3.829487869497957 2.097459077835083 1.3882129192352295
189 0.9091082215309143 9.231362342476608 3.478442907333374 2.837190628051758 0.5377626419067383 3.832911529786772 2.0914173126220703 1.3669689893722534
190 0.8908284902572632 8.912661465733894 3.4667935371398926 2.8252112865448 0.5115311145782471 3.564669804289354 2.0182881355285645 1.3546873331069946
191 0.8908284902572632 8.912661465733894 3.4667935371398926 2.8252112865448 0.5115311145782471 3.564669804289354 2.0182881355285645 1.3546873331069946
192 0.895133912563324 9.251915256272797 3.465658187866211 2.8264546394348145 0.5190520286560059 3.618167992457661 2.0293943881988525 1.3607354164123535
193 0.895581066608429 9.551950275419332 3.4658875465393066 2.8263914585113525 0.5198615193367004 3.937243036813964 2.094879388809204 1.360521674156189
194 0.9075151681900024 9.573870721339333 3.4697630405426025 2.8367178440093994 0.5352196097373962 3.9645556197622605 2.108274221420288 1.3779892921447754
195 0.9084603786468506 9.395879715512471 3.4722063541412354 2.820098638534546 0.5376054048538208 3.6724168230339664 2.0420448780059814 1.3251264095306396
196 0.9084603786468506 9.395879715512471 3.4722063541412354 2.820098638534546 0.5376054048538208 3.6724168230339664 2.0420448780059814 1.3251264095306396
197 0.9107162356376648 9.477087780781726 3.470205783843994 2.817026138305664 0.5379494428634644 3.757563921301607 2.0623629093170166 1.3184653520584106
198 0.9094293713569641 9.476328100567908 3.465334177017212 2.8170948028564453 0.5349735021591187 3.8266005056765025 2.0691637992858887 1.3191089630126953
199 0.905936598777771 9.469184870479097 3.4684762954711914 2.8150522708892822 0.5295044183731079 3.8028217835267273 2.066790819168091 1.3129805326461792
200 0.9137861728668213 9.462479183752164 3.468428611755371 2.8135244846343994 0.540533721446991 3.837235634738275 2.075805902481079 1.3272606134414673
201 0.9137861728668213 9.462479183752164 3.468428611755371 2.8135244846343994 0.540533721446991 3.837235634738275 2.075805902481079 1.3272606134414673
202 0.920113742351532 9.483262822054854 3.469043493270874 2.8181209564208984 0.5465665459632874 3.861663951199757 2.0802035331726074 1.3284963369369507
203 0.9189347624778748 9.485523000615322 3.4681448936462402 2.8181209564208984 0.5440950393676758 3.864143431979716 2.0769362449645996 1.3286153078079224
204 0.9122802019119263 9.524966570014987 3.467674970626831 2.804780960083008 0.5357059240341187 3.865465009163644 2.077726364135742 1.3184748888015747
205 0.9083198308944702 9.524226367056222 3.464080810546875 2.8051626682281494 0.5323265790939331 3.86372308736635 2.0720131397247314 1.3186371326446533
206 0.9083198308944702 9.524226367056222 3.464080810546875 2.8051626682281494 0.5323265790939331 3.86372308736635 2.0720131397247314 1.3186371326446533
207 0.9224153161048889 9.586060272909164 3.470019817352295 2.8251421451568604 0.542415976524353 3.9805347338515986 2.0838239192962646 1.3294178247451782
208 0.9185658693313599 9.586741501700567 3.4594829082489014 2.8278908729553223 0.5322094559669495 3.980591844304035 2.0640437602996826 1.3352718353271484
209 0.918469250202179 9.585444182147402 3.4587161540985107 2.8269169330596924 0.5307707190513611 3.978405505397967 2.0641801357269287 1.3346019983291626
210 0.9183731079101563 9.585591389895555 3.458695650100708 2.8269407749176025 0.5307130813598633 3.9785470377356784 2.0641534328460693 1.3345953226089478
211 0.9184404015541077 9.586123281014094 3.458723306655884 2.827054738998413 0.5307801365852356 3.979145034414868 2.0642943382263184 1.3346638679504395
212 0.9179823994636536 9.582553020429119 3.454812526702881 2.8126096725463867 0.5314184427261353 3.974964785346722 2.058586359024048 1.3324222564697266
213 0.9159927368164063 9.612001821052058 3.4364638328552246 2.784388303756714 0.522377073764801 4.037665426168992 2.048170566558838 1.2887861728668213
214 0.9155628085136414 9.611844375497988 3.436610460281372 2.7843472957611084 0.5212294459342957 4.03731194979816 2.048204183578491 1.2884165048599243
215 0.9159002900123596 9.610992198736039 3.4379942417144775 2.790678024291992 0.5209682583808899 4.0469872226861865 2.0454442501068115 1.2990809679031372
216 0.9159002900123596 9.610992198736039 3.4379942417144775 2.790678024291992 0.5209682583808899 4.0469872226861865 2.0454442501068115 1.2990809679031372
217 0.9169532656669617 9.619754297178098 3.4399285316467285 2.7889626026153564 0.5207932591438293 4.0546686975600315 2.0497727394104004 1.292826533317566
218 0.9171430468559265 9.620478961911108 3.4399027824401855 2.789029359817505 0.5212388634681702 4.055472948910865 2.049844980239868 1.293147087097168
219 0.9332671165466309 9.634230083814423 3.4412903785705566 2.782179117202759 0.5458394885063171 4.048538567172667 2.0617029666900635 1.3077657222747803
220 0.9403387308120728 9.568562303014719 3.4565670490264893 2.783095598220825 0.5570065379142761 3.899609893797514 2.0517194271087646 1.306396722793579
221 0.9403387308120728 9.568562303014719 3.4565670490264893 2.783095598220825 0.5570065379142761 3.899609893797514 2.0517194271087646 1.306396722793579
222 0.9412892460823059 9.575245853285878 3.4544358253479004 2.808143377304077 0.5573557019233704 3.8535371656583295 2.045191526412964 1.3489691019058228
223 0.9376692771911621 9.580487308486203 3.4554331302642822 2.804074287414551 0.5521474480628967 3.858752821896324 2.047823667526245 1.343982219696045
224 0.9420563578605652 9.582573027278343 3.4543182849884033 2.804429292678833 0.5583885312080383 3.862701655194458 2.045560121536255 1.3479810953140259
225 0.9426683783531189 9.58550989392986 3.4543442726135254 2.818248987197876 0.5592769384384155 3.865560083400776 2.044898748397827 1.3265973329544067
226 0.9426683783531189 9.58550989392986 3.4543442726135254 2.818248987197876 0.5592769384384155 3.865560083400776 2.044898748397827 1.3265973329544067
227 0.9442317485809326 9.705664677305444 3.4537675380706787 2.8171298503875732 0.5630878210067749 4.00699828079978 2.0735371112823486 1.3313300609588623
228 0.9370080828666687 9.712407316487193 3.4363224506378174 2.8230926990509033 0.5474504232406616 4.007560505460281 2.034142255783081 1.3264585733413696
229 0.9394357204437256 9.717827458486001 3.4304721355438232 2.8250012397766113 0.5523204207420349 4.0114141054411085 2.022139310836792 1.3301048278808594
230 0.9491230249404907 9.75460820215739 3.4269838333129883 2.8253018856048584 0.5713499188423157 4.088151816552037 2.038649559020996 1.3445512056350708
231 0.9491230249404907 9.75460820215739 3.4269838333129883 2.8253018856048584 0.5713499188423157 4.088151816552037 2.038649559020996 1.3445512056350708
232 0.9466541409492493 9.799128082993139 3.436584711074829 2.827263832092285 0.5647879242897034 4.15244768432866 2.0666096210479736 1.335548758506775
233 0.9466541409492493 9.74762968407404 3.438613176345825 2.827263832092285 0.5647879242897034 4.07035073703305 2.0505435466766357 1.335548758506775
234 0.9497243165969849 9.785321859645476 3.4410977363586426 2.8277320861816406 0.5687921643257141 4.118391460901989 2.06368350982666 1.3368008136749268
235 0.9526993036270142 9.378384360495717 3.4132909774780273 2.827745199203491 0.5740440487861633 3.7605835289839042 1.9086610078811646 1.3365027904510498
236 0.9526993036270142 9.378384360495717 3.4132909774780273 2.827745199203491 0.5740440487861633 3.7605835289839042 1.9086610078811646 1.3365027904510498
237 0.9457393288612366 9.384738261933753 3.4105029106140137 2.834414005279541 0.5686768889427185 3.766031823353059 1.8741365671157837 1.3376368284225464
238 0.9323217272758484 9.436355581909776 3.404571771621704 2.809511661529541 0.5476885437965393 3.803632382355759 1.8579696416854858 1.294045090675354
239 0.9372950792312622 9.401577410151122 3.408416509628296 2.814277410507202 0.5566011667251587 3.8222260461446713 1.8742152452468872 1.304723858833313
240 0.8779712319374084 9.409198038100275 3.393324136734009 2.761174201965332 0.4668653607368469 3.8180922278742195 1.839868187904358 1.2041488885879517
241 0.8779712319374084 9.409198038100275 3.393324136734009 2.761174201965332 0.4668653607368469 3.8180922278742195 1.839868187904358 1.2041488885879517
242 0.8781198859214783 9.444685532155013 3.3949830532073975 2.7872016429901123 0.46664881706237793 3.81761013528928 1.8485503196716309 1.24842369556427
243 0.8785871267318726 9.444448767936063 3.3946237564086914 2.7869367599487305 0.4672996699810028 3.817455557838136 1.8484445810317993 1.2491172552108765
244 0.8797884583473206 9.355298232388026 3.387532949447632 2.7845458984375 0.4639696776866913 3.8032707007084916 1.8346396684646606 1.2484197616577148
245 0.9261689186096191 9.14029553850621 3.3978707790374756 2.855692148208618 0.5388028025627136 3.7348060431506718 1.847888708114624 1.379176139831543
246 0.9261689186096191 9.14029553850621 3.3978707790374756 2.855692148208618 0.5388028025627136 3.7348060431506718 1.847888708114624 1.379176139831543
247 0.927761435508728 9.100676540769564 3.4033453464508057 2.859236478805542 0.5430781841278076 3.7305665844061613 1.8556398153305054 1.3808387517929077
248 0.8738742470741272 9.112186946354875 3.3807764053344727 2.8152172565460205 0.4537178575992584 3.7391355416846097 1.8127468824386597 1.3035738468170166
249 0.8665596842765808 9.13723274814589 3.379455327987671 2.8232603073120117 0.4380168318748474 3.7589974308893708 1.8019039630889893 1.300658941268921
250 0.865237832069397 9.625433429732652 3.3795526027679443 2.8249549865722656 0.4357347786426544 4.026782799146644 1.8883905410766602 1.3018137216567993
251 0.865237832069397 9.625433429732652 3.3795526027679443 2.8249549865722656 0.4357347786426544 4.026782799146644 1.8883905410766602 1.3018137216567993
252 0.8584006428718567 9.110865286839289 3.3754520416259766 2.7951412200927734 0.42802783846855164 3.833482641924447 1.836888074874878 1.2555909156799316
253 0.8605870604515076 9.627777324129394 3.3756513595581055 2.7939960956573486 0.4333362579345703 3.412559045303517 1.7574948072433472 1.259144902229309
254 0.8619967103004456 9.62771395633201 3.3760061264038086 2.7940542697906494 0.4354915916919708 3.4120974971285887 1.757964015007019 1.259218454360962
255 0.8783789277076721 9.988411961092377 3.3839261531829834 2.7999560832977295 0.4469257891178131 3.986476062647902 1.902052640914917 1.2660387754440308
256 0.8783789277076721 9.988411961092377 3.3839261531829834 2.7999560832977295 0.4469257891178131 3.986476062647902 1.902052640914917 1.2660387754440308
257 0.8793507218360901 9.969447397300673 3.383660078048706 2.800335168838501 0.4473443925380707 3.969678066663641 1.896450161933899 1.2645137310028076
258 0.8852192759513855 9.651962870350761 3.383589744567871 2.8049676418304443 0.4579816162586212 3.94304802639301 1.8841168880462646 1.2787482738494873
259 0.8916112184524536 8.851256359355856 3.387777328491211 2.808084487915039 0.46698859333992004 3.7202569393822897 1.8397644758224487 1.2810769081115723
260 0.8897367715835571 8.808023595776854 3.388385534286499 2.8100197315216064 0.4677453339099884 3.6948309015564904 1.8358523845672607 1.2832080125808716
261 0.8897367715835571 8.808023595776854 3.388385534286499 2.8100197315216064 0.4677453339099884 3.6948309015564904 1.8358523845672607 1.2832080125808716
262 0.8925912976264954 8.817708475597803 3.3876070976257324 2.8102340698242188 0.4702247679233551 3.701979540865429 1.8547492027282715 1.2835807800292969
263 0.9041979908943176 8.943715200350212 3.3940508365631104 2.822265148162842 0.488649845123291 3.7077048367737215 1.8655829429626465 1.2904714345932007
264 0.8979271650314331 9.513569242820834 3.3948850631713867 2.820392608642578 0.48013198375701904 3.7663867842343706 1.8691363334655762 1.2859948873519897
265 0.8979271650314331 9.478633300151817 3.3948850631713867 2.820392608642578 0.48013198375701904 3.7159608905347437 1.8579555749893188 1.2859948873519897
266 0.8979271650314331 9.478633300151817 3.3948850631713867 2.820392608642578 0.48013198375701904 3.7159608905347437 1.8579555749893188 1.2859948873519897
267 0.9022402763366699 9.498918618792084 3.3986523151397705 2.8236098289489746 0.4842549264431 3.7320440221991817 1.863783597946167 1.2865285873413086
268 0.896061360836029 9.56692986434179 3.4025228023529053 2.8272106647491455 0.4747200608253479 3.763462440852474 1.8744416236877441 1.290400505065918
269 0.8813977241516113 9.53226002239586 3.3935272693634033 2.8156521320343018 0.45825979113578796 3.76744058926757 1.8614901304244995 1.2875245809555054
270 0.8784904479980469 9.498400738848849 3.3956873416900635 2.830584764480591 0.4585973024368286 3.742455412509784 1.8360950946807861 1.300539255142212
271 0.8855776190757751 9.520692256005614 3.3992178440093994 2.8356118202209473 0.4656314551830292 3.7404593274512252 1.8398888111114502 1.3014330863952637
272 0.8844975233078003 9.501460353581045 3.3983535766601563 2.8443305492401123 0.4633525609970093 3.7353469324504096 1.8289110660552979 1.2978172302246094
273 0.8879640102386475 9.944975317314787 3.398923873901367 2.8421804904937744 0.46836528182029724 4.12475146150563 1.918735384941101 1.3000258207321167
274 0.8884583115577698 9.949969264646736 3.39613938331604 2.840085744857788 0.4650230407714844 4.122171928583182 1.910919427871704 1.2934539318084717
275 0.8894263505935669 9.46028300733498 3.3951876163482666 2.8397293090820313 0.46522799134254456 4.020688864207911 1.8848509788513184 1.2928763628005981
276 0.8866735696792603 9.422594337500472 3.3938281536102295 2.8328773975372314 0.46457672119140625 3.9808350060198 1.8729467391967773 1.292685627937317
277 0.8865116834640503 9.870296385149084 3.393496036529541 2.8328747749328613 0.4642963409423828 4.317255697427148 1.9525926113128662 1.2927078008651733
278 0.8824844360351563 10.111622951793176 3.392113447189331 2.8317551612854004 0.45780646800994873 3.8416176013580356 1.8253345489501953 1.2909619808197021
279 0.8817684054374695 9.781764241801609 3.393667459487915 2.832376003265381 0.45137348771095276 3.90257559328007 1.8490965366363525 1.283380389213562
280 0.8836836814880371 9.756968010931669 3.391979455947876 2.836240768432617 0.454568088054657 3.9086197779428917 1.8215630054473877 1.2866637706756592
281 0.8836836814880371 9.756968010931669 3.391979455947876 2.836240768432617 0.454568088054657 3.9086197779428917 1.8215630054473877 1.2866637706756592
282 0.8833406567573547 9.760130898168754 3.391585350036621 2.831779956817627 0.4549832046031952 3.9300055125072313 1.8313930034637451 1.285133957862854
283 0.8843516111373901 9.903801537812551 3.3915810585021973 2.8316025733947754 0.4582998752593994 3.45634118803425 1.7265596389770508 1.2859323024749756
284 0.8771181106567383 9.756111684390564 3.3878085613250732 2.8240323066711426 0.44591808319091797 3.376042559517891 1.7127844095230103 1.2757896184921265
285 0.8760331869125366 9.21761816491077 3.3881046772003174 2.8301854133605957 0.4392560124397278 3.8314428933190077 1.801971673965454 1.2701971530914307
286 0.8760331869125366 9.21761816491077 3.3881046772003174 2.8301854133605957 0.4392560124397278 3.8314428933190077 1.801971673965454 1.2701971530914307
287 0.8715153932571411 9.221700049787849 3.3847601413726807 2.8300082683563232 0.43201979994773865 3.8339625656777856 1.794704794883728 1.2701692581176758
288 0.8653022050857544 9.212949201887907 3.388610601425171 2.8267130851745605 0.42652425169944763 3.825490730277593 1.7890554666519165 1.2669130563735962
289 0.8531739711761475 9.15978490055756 3.3850972652435303 2.8066790103912354 0.41402021050453186 3.7788635009119287 1.772494912147522 1.2440543174743652
290 0.8553875684738159 9.136330312916332 3.3881235122680664 2.787721633911133 0.41755619645118713 3.7533137647021766 1.7714245319366455 1.2309507131576538
291 0.8553875684738159 9.136330312916332 3.3881235122680664 2.787721633911133 0.41755619645118713 3.7533137647021766 1.7714245319366455 1.2309507131576538
292 0.8546230792999268 9.134402596456818 3.3862805366516113 2.7884912490844727 0.4130253195762634 3.7515245415987226 1.7584986686706543 1.2316830158233643
293 0.8615109324455261 9.126073145046153 3.3934693336486816 2.781878709793091 0.4177413880825043 3.7522480438814028 1.744803786277771 1.1952844858169556
294 0.8629178404808044 9.114390339603304 3.3965368270874023 2.7931900024414063 0.4167742431163788 3.7566520657473443 1.750450611114502 1.2259443998336792
295 0.8583927154541016 9.113611345194132 3.394665241241455 2.793754816055298 0.40963152050971985 3.7556275159895027 1.7487633228302002 1.2260164022445679
296 0.8583927154541016 9.113611345194132 3.394665241241455 2.793754816055298 0.40963152050971985 3.7556275159895027 1.7487633228302002 1.2260164022445679
297 0.861418604850769 9.131639582566228 3.393460988998413 2.7928240299224854 0.41255784034729004 3.738461180267367 1.7425787448883057 1.2256650924682617
298 0.8677757382392883 9.161529882244439 3.3725697994232178 2.7934741973876953 0.4191783368587494 3.766436241951923 1.6850321292877197 1.2199180126190186
299 0.8552378416061401 9.108920740064436 3.3703320026397705 2.7862250804901123 0.40753665566444397 3.7159845791505473 1.6724270582199097 1.222130298614502
300 0.8555238842964172 9.10998663042143 3.369852066040039 2.784909725189209 0.40796008706092834 3.716967426578841 1.674505591392517 1.2200218439102173
301 0.8555238842964172 9.10998663042143 3.369852066040039 2.784909725189209 0.40796008706092834 3.716967426578841 1.674505591392517 1.2200218439102173
302 0.8557038307189941 9.114820963515745 3.3693599700927734 2.7854373455047607 0.40778055787086487 3.7205300479962355 1.6736372709274292 1.2217562198638916
303 0.8601810932159424 9.119049700502659 3.3501431941986084 2.787109375 0.41616910696029663 3.715634815749932 1.6262997388839722 1.2235666513442993
304 0.8607088923454285 9.149785230086295 3.3499603271484375 2.787929058074951 0.41626811027526855 3.714210109312108 1.630879521369934 1.22350013256073
305 0.8554865717887878 9.148677333710477 3.3496816158294678 2.787564754486084 0.40952232480049133 3.7135378168823703 1.6315031051635742 1.2238686084747314
306 0.8554865717887878 9.148677333710477 3.3496816158294678 2.787564754486084 0.40952232480049133 3.7135378168823703 1.6315031051635742 1.2238686084747314
307 0.851406991481781 9.133289701300038 3.3488645553588867 2.7841668128967285 0.40403151512145996 3.6990240292712513 1.6240425109863281 1.2227240800857544
308 0.8510742783546448 9.416161337801208 3.3497960567474365 2.784867286682129 0.40547552704811096 3.959975591989877 1.6933895349502563 1.223074197769165
309 0.8539064526557922 9.370300212312666 3.350545644760132 2.7700352668762207 0.4163031578063965 3.9650029860531504 1.7143886089324951 1.292209506034851
310 0.8548904657363892 9.358099596987579 3.360719919204712 2.7860023975372314 0.4246715307235718 3.9630288391834227 1.7155685424804688 1.3205218315124512
311 0.8548904657363892 9.358099596987579 3.360719919204712 2.7860023975372314 0.4246715307235718 3.9630288391834227 1.7155685424804688 1.3205218315124512
312 0.8532500863075256 9.35821217682666 3.354170083999634 2.7823801040649414 0.4234761595726013 3.9631683220908425 1.713594675064087 1.3189384937286377
313 0.8530209064483643 9.357478361589108 3.348557949066162 2.781339168548584 0.4231305420398712 3.9624924253040907 1.7094494104385376 1.3180841207504272
314 0.8514230847358704 9.114540252000122 3.351811408996582 2.8239777088165283 0.41684234142303467 3.7759613312415317 1.6771608591079712 1.3697630167007446
315 0.8563069105148315 9.223680632286488 3.349921464920044 2.8250796794891357 0.4225271940231323 3.7795279639284654 1.675279974937439 1.3754925727844238
316 0.8563069105148315 9.223680632286488 3.349921464920044 2.8250796794891357 0.4225271940231323 3.7795279639284654 1.675279974937439 1.3754925727844238
317 0.8563708066940308 9.224065045737635 3.349912166595459 2.82574725151062 0.4223174452781677 3.7809528128858565 1.6798923015594482 1.3752480745315552
318 0.8526561856269836 9.228135094914359 3.350029230117798 2.8241515159606934 0.4176245629787445 3.7849943817329454 1.6723755598068237 1.3737767934799194
319 0.8526561856269836 9.228135094914359 3.350029230117798 2.8241515159606934 0.4176245629787445 3.7849943817329454 1.6723755598068237 1.3737767934799194
320 0.8540878891944885 9.38529479711973 3.3478786945343018 2.823413133621216 0.4198625087738037 3.9656824918890865 1.722077488899231 1.3741718530654907
321 0.8540878891944885 9.38529479711973 3.3478786945343018 2.823413133621216 0.4198625087738037 3.9656824918890865 1.722077488899231 1.3741718530654907
322 0.8544496893882751 9.386469734483905 3.347505807876587 2.823007106781006 0.4204207956790924 3.9670345477712337 1.7232922315597534 1.3745273351669312
323 0.8534308671951294 9.409765365856849 3.3481640815734863 2.825772762298584 0.4175342321395874 3.981344238099698 1.727631688117981 1.3756155967712402
324 0.8532994389533997 9.40917827013634 3.347949266433716 2.8255982398986816 0.417105108499527 3.980682805474906 1.726369857788086 1.3753091096878052
325 0.8504722714424133 9.399913812095388 3.348025321960449 2.824288845062256 0.41954490542411804 3.9779459593472613 1.7336796522140503 1.3798531293869019
326 0.8504722714424133 9.399913812095388 3.348025321960449 2.824288845062256 0.41954490542411804 3.9779459593472613 1.7336796522140503 1.3798531293869019
327 0.8506461381912231 9.399606197113924 3.347893476486206 2.8246071338653564 0.4195561110973358 3.977709404175357 1.7328544855117798 1.3795994520187378
328 0.8506911396980286 9.413989735020387 3.348101854324341 2.825011730194092 0.4197361469268799 3.910727935170209 1.7164033651351929 1.381438970565796
329 0.852449893951416 9.457870588984225 3.348449945449829 2.825248956680298 0.42299938201904297 3.8913544766752604 1.711454153060913 1.3823963403701782
330 0.8541991114616394 9.457837567054222 3.3504936695098877 2.8253061771392822 0.426455020904541 3.8912847547707994 1.7244642972946167 1.382075548171997
331 0.8541991114616394 9.457837567054222 3.3504936695098877 2.8253061771392822 0.426455020904541 3.8912847547707994 1.7244642972946167 1.382075548171997
332 0.8541011214256287 9.45768876159699 3.3504528999328613 2.8253543376922607 0.42594730854034424 3.8910963342342213 1.7242043018341064 1.381812572479248
333 0.8548877239227295 9.461300085655797 3.3482837677001953 2.8473217487335205 0.42408689856529236 3.8941836561372485 1.732228398323059 1.4190171957015991
334 0.8548877239227295 9.461300085655797 3.3477351665496826 2.8549644947052 0.42408689856529236 3.8941836561372485 1.7310751676559448 1.4345937967300415
335 0.846857488155365 9.463687594112944 3.3504581451416016 2.854336977005005 0.42178037762641907 3.895113613097552 1.7408846616744995 1.4347246885299683
336 0.846857488155365 9.463687594112944 3.3504581451416016 2.854336977005005 0.42178037762641907 3.895113613097552 1.7408846616744995 1.4347246885299683
337 0.8534833788871765 9.430497130337237 3.3505215644836426 2.8547561168670654 0.4275718033313751 3.907304151898686 1.7429916858673096 1.4316697120666504
338 0.8484628796577454 9.039863736123362 3.3516671657562256 2.8556437492370605 0.42224565148353577 3.4863212294949086 1.641904354095459 1.4324451684951782
339 0.8502059578895569 8.992965087085294 3.351077079772949 2.8563079833984375 0.4234217703342438 3.479784842848723 1.6403781175613403 1.4328110218048096
340 0.8503580689430237 8.994438642131945 3.3510072231292725 2.8562488555908203 0.4235595166683197 3.480980294637728 1.6406128406524658 1.4327656030654907
341 0.8503580689430237 8.994438642131945 3.3510072231292725 2.8562488555908203 0.4235595166683197 3.480980294637728 1.6406128406524658 1.4327656030654907
342 0.8500348329544067 9.347248108515759 3.3509066104888916 2.855511426925659 0.4232776165008545 3.7967934964218575 1.7163259983062744 1.4324992895126343
343 0.8553681969642639 9.339641912729373 3.3502681255340576 2.8570010662078857 0.42698752880096436 3.7891046549965934 1.7117524147033691 1.4304744005203247
344 0.855692982673645 9.339418362892511 3.349231481552124 2.8570125102996826 0.4272840619087219 3.7889908520189586 1.715633749961853 1.4303981065750122
345 0.8523693680763245 9.303428320884775 3.3493502140045166 2.8559274673461914 0.4193747341632843 3.788314111434465 1.7151137590408325 1.4259904623031616
346 0.8523693680763245 9.303428320884775 3.3493502140045166 2.8559274673461914 0.4193747341632843 3.788314111434465 1.7151137590408325 1.4259904623031616
347 0.8564558625221252 9.33512962071846 3.3502838611602783 2.858708143234253 0.42519068717956543 3.8095112685898562 1.7239195108413696 1.4331623315811157
348 0.8572917580604553 9.19217344625531 3.3532989025115967 2.859550714492798 0.42742040753364563 3.8356098292477823 1.7403379678726196 1.4332187175750732
349 0.851822018623352 9.160827128984323 3.3551347255706787 2.8687784671783447 0.4199528098106384 3.811752063563935 1.7343254089355469 1.4455912113189697
350 0.851943850517273 9.150091596018738 3.355482578277588 2.8592793941497803 0.42006897926330566 3.8045207112927177 1.7307889461517334 1.4271212816238403
351 0.851943850517273 9.150091596018738 3.355482578277588 2.8592793941497803 0.42006897926330566 3.8045207112927177 1.7307889461517334 1.4271212816238403
352 0.8535448312759399 9.138672634133 3.3569436073303223 2.857788324356079 0.4231093227863312 3.8067971790665878 1.7294857501983643 1.4272032976150513
353 0.8444072604179382 9.132110113870603 3.3534929752349854 2.8503177165985107 0.41010457277297974 3.7655430895597095 1.7115598917007446 1.4146846532821655
354 0.843830406665802 9.14565817475555 3.3520283699035645 2.8520755767822266 0.4074574410915375 3.7631435015781967 1.7069568634033203 1.4144539833068848
355 0.8555362224578857 9.073987974986112 3.3539788722991943 2.861144542694092 0.41204699873924255 3.7503524960669314 1.697946548461914 1.4061477184295654
356 0.8555362224578857 9.073987974986112 3.3539788722991943 2.861144542694092 0.41204699873924255 3.7503524960669314 1.697946548461914 1.4061477184295654
357 0.8753372430801392 9.104294794676768 3.3580057621002197 2.8762853145599365 0.44108790159225464 3.7820620289179123 1.7172534465789795 1.4331127405166626
358 0.882201611995697 9.237100633184191 3.3568644523620605 2.881727457046509 0.45199906826019287 3.7131476244599115 1.6960495710372925 1.4378352165222168
359 0.8845584392547607 9.272512262246083 3.3585898876190186 2.885145902633667 0.4561487138271332 3.7132472956013705 1.6995971202850342 1.4435673952102661
360 0.8862555027008057 9.28255607376825 3.3592453002929688 2.8823835849761963 0.45975589752197266 3.721535771243256 1.7100573778152466 1.445065975189209
361 0.8795633912086487 9.099180032449917 3.368861198425293 2.88004994392395 0.4517938494682312 3.6379872001702735 1.7525935173034668 1.4403066635131836
362 0.8870080709457397 9.078485305138843 3.3677093982696533 2.879004955291748 0.46795931458473206 3.599266304247097 1.738728404045105 1.4495353698730469
363 0.8869316577911377 9.212224844917841 3.3620874881744385 2.879054546356201 0.4679393172264099 3.6931994469435385 1.7324734926223755 1.4496872425079346
364 0.875896155834198 9.146059287198389 3.3635551929473877 2.8806889057159424 0.4583817720413208 3.5972048253677436 1.713676929473877 1.4524667263031006
365 0.875896155834198 9.146059287198389 3.3635551929473877 2.8806889057159424 0.4583817720413208 3.5972048253677436 1.713676929473877 1.4524667263031006
366 0.875896155834198 9.146059287198389 3.3635551929473877 2.8806889057159424 0.4583817720413208 3.5972048253677436 1.713676929473877 1.4524667263031006
367 0.8786323070526123 9.118329395667663 3.4086132049560547 2.884531021118164 0.4631606936454773 3.5687113598599183 1.83148193359375 1.457599401473999
368 0.8762552738189697 9.11996965412416 3.406702995300293 2.884251594543457 0.4603176712989807 3.571988962822571 1.8293590545654297 1.4571131467819214
369 0.8844462037086487 9.019187179805419 3.4126832485198975 2.8821914196014404 0.47428345680236816 3.443855414967935 1.8162859678268433 1.4593896865844727
370 0.8928018808364868 9.034517379323693 3.3958828449249268 2.885747194290161 0.487902969121933 3.457662739798559 1.786587119102478 1.4676504135131836
371 0.8928018808364868 9.034517379323693 3.3958828449249268 2.885747194290161 0.487902969121933 3.457662739798559 1.786587119102478 1.4676504135131836
372 0.8823230862617493 9.0180850251159 3.392563819885254 2.879586696624756 0.4737336337566376 3.4374381772870386 1.7851552963256836 1.4675737619400024
373 0.8750725388526917 9.550957709794671 3.3854832649230957 2.882467746734619 0.45991864800453186 3.583421072399474 1.7984802722930908 1.4685529470443726
374 0.881617546081543 9.008167036984801 3.3914852142333984 2.8958423137664795 0.46518200635910034 3.4588498214416488 1.7746505737304688 1.4812809228897095
375 0.8823727369308472 9.015942574663917 3.392035484313965 2.897247076034546 0.4682864844799042 3.4680300577247736 1.7775423526763916 1.483891248703003
376 0.8823727369308472 9.015942574663917 3.392035484313965 2.897247076034546 0.4682864844799042 3.4680300577247736 1.7775423526763916 1.483891248703003
377 0.8888201117515564 8.680547652719522 3.3935110569000244 2.901874542236328 0.4784082770347595 3.331868231440712 1.7487742900848389 1.4925150871276855
378 0.8898109197616577 8.677423839111446 3.3933193683624268 2.865344762802124 0.479485422372818 3.3301174887012164 1.7370456457138062 1.428821325302124
379 0.9001433849334717 8.669187354443352 3.39446759223938 2.868133783340454 0.48830679059028625 3.3182755381217786 1.720947027206421 1.3530360460281372
380 0.8996120691299438 8.740988419885086 3.393160820007324 2.864157199859619 0.48831620812416077 3.273962633649618 1.7129347324371338 1.3515950441360474
381 0.8996120691299438 8.740988419885086 3.393160820007324 2.864157199859619 0.48831620812416077 3.273962633649618 1.7129347324371338 1.3515950441360474
382 0.8965888023376465 8.771714973620476 3.3918776512145996 2.8647313117980957 0.4829181432723999 3.2721244468546686 1.709405779838562 1.3507474660873413
383 0.8986915946006775 9.113641646310318 3.391634702682495 2.864255905151367 0.48331162333488464 3.6233775697237323 1.7860914468765259 1.3504862785339355
384 0.8996231555938721 9.404290378854276 3.3760619163513184 2.863638162612915 0.48400089144706726 3.8676997016600265 1.7915846109390259 1.3495551347732544
385 0.8923749923706055 9.347780698976132 3.3783841133117676 2.8586106300354004 0.4758628010749817 3.758827145178017 1.7693188190460205 1.3409714698791504
386 0.8923749923706055 9.347780698976132 3.3783841133117676 2.8586106300354004 0.4758628010749817 3.758827145178017 1.7693188190460205 1.3409714698791504
387 0.8911833763122559 9.324794632419986 3.3781840801239014 2.858344554901123 0.4738316237926483 3.729679042901713 1.762233853340149 1.3402348756790161
388 0.8785156011581421 9.246344848498637 3.3890347480773926 2.842909574508667 0.4692845046520233 3.655361231235574 1.7721879482269287 1.3251874446868896
389 0.8910783529281616 9.261859317214943 3.391761064529419 2.8494300842285156 0.4806273579597473 3.6395256730497936 1.7658131122589111 1.3205410242080688
390 0.8844898343086243 9.248752282411965 3.3939504623413086 2.845820903778076 0.47344887256622314 3.6312603261055996 1.7603733539581299 1.3187439441680908
391 0.8844898343086243 9.248752282411965 3.3939504623413086 2.845820903778076 0.47344887256622314 3.6312603261055996 1.7603733539581299 1.3187439441680908
392 0.8847655057907104 9.255423115103548 3.3938496112823486 2.845644235610962 0.47331002354621887 3.655767024995799 1.7513785362243652 1.3182846307754517
393 0.8865877389907837 9.075173001196362 3.395211935043335 2.846973180770874 0.47421908378601074 3.4787674611766737 1.723616361618042 1.3185389041900635
394 0.8908941149711609 9.186035910735724 3.39329195022583 2.8514177799224854 0.47688063979148865 3.5406103250160625 1.738317847251892 1.318480372428894
395 0.8760949373245239 9.194868887121956 3.391160249710083 2.8546690940856934 0.45520591735839844 3.5655368758902073 1.739428997039795 1.3149840831756592
396 0.8760949373245239 9.194868887121956 3.391160249710083 2.8546690940856934 0.45520591735839844 3.5655368758902073 1.739428997039795 1.3149840831756592
397 0.8756658434867859 9.19375425076913 3.389817714691162 2.8527908325195313 0.4560750424861908 3.564272256713901 1.7400859594345093 1.3151862621307373
398 0.8744760155677795 9.191211406559017 3.3863718509674072 2.8434641361236572 0.45503947138786316 3.5607689861987275 1.7400466203689575 1.3173969984054565
399 0.8741409182548523 8.750077469792723 3.3861114978790283 2.843926429748535 0.4545130729675293 3.3474213252880927 1.691609263420105 1.317394733428955
400 0.8714046478271484 8.746733631375532 3.3886349201202393 2.8438503742218018 0.45287832617759705 3.347130399175538 1.6973448991775513 1.3166145086288452
401 0.8955896496772766 8.748258669524189 3.3865487575531006 2.8378829956054688 0.4769878685474396 3.335597937424689 1.6883822679519653 1.3093798160552979
402 0.8956158757209778 8.747078931478633 3.389608144760132 2.8388724327087402 0.47736358642578125 3.3346269692631685 1.6855653524398804 1.3105796575546265
403 0.8956140279769897 8.746955559403837 3.3891661167144775 2.8616700172424316 0.47735822200775146 3.3344838813851365 1.6932767629623413 1.3510507345199585
404 0.8938276171684265 8.72687096522284 3.3864643573760986 2.862877130508423 0.47360163927078247 3.3159898740339395 1.6811641454696655 1.3502277135849
405 0.8946791887283325 8.864480703821538 3.3962273597717285 2.862459659576416 0.4748856723308563 3.4641744098359406 1.71730637550354 1.3500092029571533
406 0.8946791887283325 8.864480703821538 3.3962273597717285 2.862459659576416 0.4748856723308563 3.4641744098359406 1.71730637550354 1.3500092029571533
407 0.8945538401603699 8.8357746426802 3.39508318901062 2.8624069690704346 0.4746570885181427 3.3773388481414286 1.6955355405807495 1.3499878644943237
408 0.8967844247817993 8.820829875033118 3.396315336227417 2.8663644790649414 0.4784272313117981 3.366276682103139 1.7006187438964844 1.3538743257522583
409 0.8970645070075989 8.823126613375043 3.392754077911377 2.8662705421447754 0.4786904454231262 3.3647110812579704 1.6962473392486572 1.3546630144119263
410 0.8970558643341064 8.82295206796868 3.392700433731079 2.8662495613098145 0.4786977171897888 3.364565970578232 1.696606159210205 1.3546733856201172
411 0.8970558643341064 8.82295206796868 3.392700433731079 2.8662495613098145 0.4786977171897888 3.364565970578232 1.696606159210205 1.3546733856201172
412 0.8953649401664734 8.827651355067545 3.394791603088379 2.8687326908111572 0.4796646237373352 3.368299659922866 1.7057888507843018 1.3570799827575684
413 0.8935450911521912 8.826909117104059 3.393540859222412 2.8676929473876953 0.47675228118896484 3.366591584999494 1.7098268270492554 1.3505258560180664
414 0.8957344889640808 9.215528193274455 3.3969359397888184 2.868124008178711 0.4833424985408783 3.5918297689271546 1.7730000019073486 1.349426031112671
415 0.8938174843788147 9.20661002835662 3.389770984649658 2.864689588546753 0.48236873745918274 3.6429899126566925 1.775313377380371 1.3465713262557983
416 0.8938174843788147 9.20661002835662 3.389770984649658 2.864689588546753 0.48236873745918274 3.6429899126566925 1.775313377380371 1.3465713262557983
417 0.8965024352073669 9.172071591711507 3.3874518871307373 2.8629634380340576 0.4859313666820526 3.5599247308661526 1.752364993095398 1.3457801342010498
418 0.8766549825668335 9.134562174345442 3.382364273071289 2.8272998332977295 0.46071624755859375 3.527083035968441 1.7262240648269653 1.2767574787139893
419 0.8766433000564575 9.314258167315526 3.3826420307159424 2.8270931243896484 0.4611269533634186 3.7361443771660667 1.7751051187515259 1.2773879766464233
420 0.8771960735321045 9.293627190060532 3.384071111679077 2.825507879257202 0.46259239315986633 3.7072419657684517 1.7730729579925537 1.2759783267974854
421 0.8771960735321045 9.293627190060532 3.384071111679077 2.825507879257202 0.46259239315986633 3.7072419657684517 1.7730729579925537 1.2759783267974854
422 0.874531090259552 9.293621241616988 3.3753068447113037 2.828266143798828 0.45565977692604065 3.7066613793132115 1.752958059310913 1.2794302701950073
423 0.8714419007301331 9.325441053779736 3.3793928623199463 2.847186803817749 0.45304304361343384 3.7250555581158795 1.763187289237976 1.2798421382904053
424 0.8697234392166138 9.325050662667499 3.3787477016448975 2.844339370727539 0.4512517750263214 3.723555966547384 1.76426100730896 1.2765969038009644
425 0.8723564743995667 9.313114046529762 3.3751561641693115 2.8419127464294434 0.45642539858818054 3.708912716086413 1.763359785079956 1.2784521579742432
426 0.8723564743995667 9.313114046529762 3.3751561641693115 2.8419127464294434 0.45642539858818054 3.708912716086413 1.763359785079956 1.2784521579742432
427 0.8739503622055054 9.313872541045315 3.3761096000671387 2.843515634536743 0.45821452140808105 3.708449446821477 1.7644271850585938 1.278883934020996
428 0.8739503622055054 9.318838364550073 3.3766047954559326 2.843515634536743 0.45821452140808105 3.714901176536023 1.7677077054977417 1.278883934020996
429 0.8745379447937012 9.318999576954997 3.376993417739868 2.842829465866089 0.4597046375274658 3.7151083414984587 1.7676584720611572 1.2788881063461304
430 0.8769585490226746 9.328258138833577 3.3961496353149414 2.8436944484710693 0.4625055491924286 3.721983748292401 1.7837200164794922 1.2804261445999146
431 0.8833901286125183 9.331229165783219 3.4017202854156494 2.8459198474884033 0.4760645925998688 3.729446956291322 1.7665404081344604 1.2808117866516113
432 0.8842738270759583 9.319192727590732 3.402435541152954 2.846172332763672 0.4782492220401764 3.7211510939343575 1.7659165859222412 1.281098484992981
433 0.8889622092247009 9.329079906917292 3.401902914047241 2.8089988231658936 0.4858887791633606 3.732077618303874 1.7749040126800537 1.3502039909362793
434 0.8916979432106018 9.321149579757751 3.3983919620513916 2.8150153160095215 0.489116370677948 3.7242451325553634 1.770001769065857 1.3564563989639282
435 0.8917244076728821 9.322224485686965 3.396008253097534 2.81998348236084 0.4850277006626129 3.731352529996114 1.7633373737335205 1.3562159538269043
436 0.8917244076728821 9.322224485686965 3.396008253097534 2.81998348236084 0.4850277006626129 3.731352529996114 1.7633373737335205 1.3562159538269043
437 0.8803296089172363 9.311833737856166 3.395069122314453 2.8203978538513184 0.4735201597213745 3.722218260723079 1.7654508352279663 1.3576902151107788
438 0.8814554214477539 9.283305605315263 3.40312123298645 2.8136868476867676 0.47750532627105713 3.664135809706709 1.7715343236923218 1.3553434610366821
439 0.8818224668502808 9.282593486309935 3.4031622409820557 2.813661575317383 0.47796115279197693 3.663054697326408 1.7712808847427368 1.3551371097564697
440 0.8806428909301758 9.274872830934603 3.4024879932403564 2.8132896423339844 0.47664329409599304 3.6974316808339114 1.7775969505310059 1.3547941446304321
441 0.8806428909301758 9.274872830934603 3.4024879932403564 2.8132896423339844 0.47664329409599304 3.6974316808339114 1.7775969505310059 1.3547941446304321
442 0.8890167474746704 9.284360653342242 3.3992056846618652 2.8128037452697754 0.4871985614299774 3.700563294797003 1.7730332612991333 1.355042815208435
443 0.8889434933662415 9.263002402685945 3.4123780727386475 2.8127379417419434 0.4868953824043274 3.6498914667224316 1.8118594884872437 1.3549995422363281
444 0.8859331011772156 9.304592097031096 3.4120147228240967 2.8113062381744385 0.48235848546028137 3.6991160259596896 1.8208541870117188 1.3509513139724731
445 0.8856475353240967 9.306975604012381 3.4119668006896973 2.81142258644104 0.48227420449256897 3.6830484488344246 1.8170596361160278 1.3510926961898804
446 0.8856475353240967 9.306975604012381 3.4119668006896973 2.81142258644104 0.48227420449256897 3.6830484488344246 1.8170596361160278 1.3510926961898804
447 0.8871377110481262 8.785929732831358 3.413461446762085 2.8110928535461426 0.48593688011169434 3.4940403342080724 1.7781271934509277 1.3504129648208618
448 0.8887450695037842 8.81584385684585 3.4170186519622803 2.811802625656128 0.4878968298435211 3.489095309096088 1.781172275543213 1.3495906591415405
449 0.8877333998680115 9.43061466527551 3.417428970336914 2.813331127166748 0.4858860373497009 3.6047501022462214 1.8065342903137207 1.3507786989212036
450 0.8908702731132507 9.427837356680826 3.4175729751586914 2.8114731311798096 0.4905921220779419 3.603730101571962 1.803642749786377 1.3504256010055542
451 0.8908702731132507 9.427837356680826 3.4175729751586914 2.8114731311798096 0.4905921220779419 3.603730101571962 1.803642749786377 1.3504256010055542
452 0.8946921229362488 9.431611983956724 3.418546438217163 2.813108444213867 0.4957771599292755 3.607496965990371 1.8064255714416504 1.3522752523422241
453 0.8873794674873352 9.421284698431613 3.419079065322876 2.8362936973571777 0.4872682988643646 3.5917063065992303 1.812098503112793 1.3933796882629395
454 0.8858093023300171 9.415006863339773 3.4178202152252197 2.8358423709869385 0.4926908612251282 3.5924360319788735 1.810017704963684 1.3974761962890625
455 0.8856988549232483 9.41222183257372 3.4171483516693115 2.835803270339966 0.49186471104621887 3.5884927930332178 1.8082749843597412 1.3970683813095093
456 0.8856988549232483 9.41222183257372 3.4171483516693115 2.835803270339966 0.49186471104621887 3.5884927930332178 1.8082749843597412 1.3970683813095093
457 0.8842102885246277 9.412710070464987 3.4158599376678467 2.8357808589935303 0.4890657067298889 3.5896081708382845 1.8059953451156616 1.3972755670547485
458 0.8837890028953552 9.41314803769268 3.4161667823791504 2.835829019546509 0.4887818992137909 3.5901307150659942 1.8086318969726563 1.3974179029464722
459 0.8831338882446289 9.364263555869478 3.4168241024017334 2.8353893756866455 0.48651501536369324 3.6044231373590274 1.812903642654419 1.3958539962768555
460 0.875331699848175 9.36289420830683 3.3963868618011475 2.8309504985809326 0.47731560468673706 3.6006854607861496 1.7782195806503296 1.389532208442688
461 0.875331699848175 9.36289420830683 3.3963868618011475 2.8309504985809326 0.47731560468673706 3.6006854607861496 1.7782195806503296 1.389532208442688
462 0.8712331056594849 9.438486262629567 3.3880648612976074 2.8305015563964844 0.47013065218925476 3.5974178014027567 1.763756513595581 1.3901891708374023
463 0.8747341632843018 9.261173506798846 3.387331962585449 2.8044257164001465 0.47272786498069763 3.4822506128766317 1.7275584936141968 1.3456838130950928
464 0.886303722858429 9.264067478832986 3.387634515762329 2.8152620792388916 0.4859538674354553 3.4818834152668976 1.72768235206604 1.3586441278457642
465 0.8816275000572205 9.198182837791903 3.4061098098754883 2.814791202545166 0.47939109802246094 3.409983714284257 1.7460004091262817 1.3600987195968628
466 0.8816275000572205 9.198182837791903 3.4061098098754883 2.814791202545166 0.47939109802246094 3.409983714284257 1.7460004091262817 1.3600987195968628
467 0.8821001648902893 9.199583053518776 3.406228542327881 2.814781427383423 0.4801570475101471 3.4137770790348188 1.7461230754852295 1.360092043876648
468 0.8839653730392456 9.197646805160575 3.405843496322632 2.816399335861206 0.48183849453926086 3.405695514408075 1.7443134784698486 1.36013925075531
469 0.8903223276138306 9.198980831251758 3.406637191772461 2.8219523429870605 0.49116259813308716 3.406077176698222 1.746529459953308 1.370129942893982
470 0.8900249600410461 9.202428027945121 3.4046521186828613 2.822185754776001 0.49098649621009827 3.4136956989227305 1.7436203956604004 1.3703182935714722
471 0.8900249600410461 9.202428027945121 3.4046521186828613 2.822185754776001 0.49098649621009827 3.4136956989227305 1.7436203956604004 1.3703182935714722
472 0.8905662298202515 9.239855185292383 3.4410572052001953 2.821441411972046 0.4907589256763458 3.440703521682311 1.7245234251022339 1.369478702545166
473 0.8903455138206482 9.234223295314314 3.4426207542419434 2.8224031925201416 0.48868221044540405 3.4179036823477746 1.7144852876663208 1.3668407201766968
474 0.8902897238731384 9.234221154256696 3.4426183700561523 2.8224308490753174 0.4883670508861542 3.417933229617633 1.7143664360046387 1.366897463798523
475 0.8942298293113708 9.235206928751632 3.4433341026306152 2.8219807147979736 0.49452096223831177 3.419540587369136 1.716896653175354 1.3669264316558838
476 0.8942298293113708 9.235206928751632 3.4433341026306152 2.8219807147979736 0.49452096223831177 3.419540587369136 1.716896653175354 1.3669264316558838
477 0.8945502638816833 9.234989567821287 3.4466800689697266 2.821936845779419 0.4950951337814331 3.422828675218786 1.7211830615997314 1.3669538497924805
478 0.8946901559829712 9.235378020282676 3.447188377380371 2.821523666381836 0.4952392578125 3.4239620287421326 1.7293554544448853 1.367227554321289
479 0.9006875157356262 9.239324025209307 3.451340675354004 2.8258495330810547 0.5031929612159729 3.4272471784700254 1.7411596775054932 1.3803213834762573
480 0.9077043533325195 9.232256305183205 3.443577289581299 2.8176233768463135 0.5172239542007446 3.41707703114885 1.7314624786376953 1.380061388015747
481 0.9077043533325195 9.232256305183205 3.443577289581299 2.8176233768463135 0.5172239542007446 3.41707703114885 1.7314624786376953 1.380061388015747
482 0.8885555863380432 9.297353851388033 3.43375301361084 2.8161513805389404 0.49649637937545776 3.4623415052017052 1.7255942821502686 1.3788046836853027
483 0.8801369667053223 9.30510871897038 3.421640634536743 2.8199915885925293 0.48018398880958557 3.4728127772799366 1.7002028226852417 1.3825123310089111
484 0.869720458984375 9.304698260491742 3.4219796657562256 2.820013999938965 0.46576207876205444 3.4699841629744435 1.7026646137237549 1.3819820880889893
485 0.8679279088973999 9.306993669217729 3.4223384857177734 2.821305513381958 0.46271440386772156 3.4682987409698187 1.6996221542358398 1.380491018295288
486 0.8679279088973999 9.306993669217729 3.4223384857177734 2.821305513381958 0.46271440386772156 3.4682987409698187 1.6996221542358398 1.380491018295288
487 0.8636854887008667 9.255904999522318 3.4192512035369873 2.811218023300171 0.45385411381721497 3.402267772386162 1.6749930381774902 1.3689298629760742
488 0.8665207624435425 9.27424256437076 3.4190444946289063 2.808748483657837 0.4592377245426178 3.417945654305907 1.6821987628936768 1.3685657978057861
489 0.8665207624435425 9.27424256437076 3.38493275642395 2.808748483657837 0.4592377245426178 3.417945654305907 1.7130109071731567 1.3685657978057861
490 0.868754506111145 9.279364023059788 3.387071371078491 2.810767889022827 0.4636438488960266 3.4207214170697178 1.7169251441955566 1.3693933486938477
491 0.868754506111145 9.279364023059788 3.387071371078491 2.810767889022827 0.4636438488960266 3.4207214170697178 1.7169251441955566 1.3693933486938477
492 0.8762885332107544 9.278839530670322 3.3884973526000977 2.812882423400879 0.47594866156578064 3.42357582308272 1.7190728187561035 1.3743820190429688
493 0.8772225975990295 9.292419918562684 3.4135615825653076 2.8128254413604736 0.4767442047595978 3.4309918189517328 1.79401695728302 1.374247670173645
494 0.8772644400596619 9.292464833377066 3.4140970706939697 2.8128325939178467 0.47679197788238525 3.431026285806098 1.7909483909606934 1.374272108078003
495 0.8794598579406738 9.266750951696734 3.4181578159332275 2.8189878463745117 0.4800971448421478 3.424088665240774 1.7956345081329346 1.3788772821426392
496 0.8794598579406738 9.266750951696734 3.4181578159332275 2.8189878463745117 0.4800971448421478 3.424088665240774 1.7956345081329346 1.3788772821426392
497 0.8806332349777222 9.284592703503055 3.4188592433929443 2.819319009780884 0.4819023013114929 3.4421547013091978 1.7927480936050415 1.3781917095184326
498 0.8799325823783875 9.248193969797017 3.4231152534484863 2.8244123458862305 0.4821304380893707 3.4051571769523705 1.7934825420379639 1.3876945972442627
499 0.8799108862876892 9.252492578437206 3.4249792098999023 2.827275276184082 0.48209092020988464 3.2928142599039516 1.7697458267211914 1.3867459297180176
500 0.8798245787620544 9.249473911612084 3.395594835281372 2.827376127243042 0.4814990162849426 3.291083334524685 1.6855816841125488 1.386757254600525
