init 0.5908978581428528 2.288660331744574 3.333153247833252 1.6207395792007446 0.0 0.0 0.0 0.0
1 0.5907915234565735 2.288994019633693 3.3331918716430664 1.620422124862671 0.012947128154337406 0.001541167175495768 0.0015774854691699147 0.0015717734349891543
2 0.6562296152114868 2.4601662658335863 3.32119083404541 1.636689305305481 0.29366326332092285 0.7596812610836832 0.3524169325828552 0.1810581386089325
3 0.7014073729515076 2.401541286648069 3.320037841796875 1.6480565071105957 0.4232053756713867 0.7231677060803375 0.637698769569397 0.23949433863162994
4 0.6970046162605286 2.397766982363427 3.3237388134002686 1.7021030187606812 0.4224552810192108 0.7124078647864841 0.6757912635803223 0.6302726864814758
5 0.6439844369888306 2.37617347885145 3.3193163871765137 1.7101980447769165 0.34515756368637085 0.7234721981211385 0.7218068838119507 0.6114577054977417
6 0.6532073616981506 2.1662830631234087 3.2812960147857666 1.744337558746338 0.4221126139163971 0.4268170614865838 0.7839487791061401 0.6778825521469116
7 0.6909335255622864 2.178816064947103 3.3100287914276123 1.5984479188919067 0.423563152551651 0.39885235996150475 0.769497275352478 1.025858759880066
8 0.6601806879043579 2.27233963458412 3.322695016860962 1.6794720888137817 0.4905712902545929 0.39315629879593444 0.8940964341163635 1.1344530582427979
9 0.6782686710357666 2.223098152084526 3.322834014892578 1.7061545848846436 0.525412380695343 0.407801338156949 0.9122202396392822 1.163538932800293
10 0.705786406993866 2.264619153287801 3.3486149311065674 1.7352352142333984 0.6028782725334167 0.4484934513040213 1.1230076551437378 1.195298433303833
11 0.705786406993866 2.264619153287801 3.3486149311065674 1.7352352142333984 0.6028782725334167 0.4484934513040213 1.1230076551437378 1.195298433303833
12 0.703374981880188 2.2698409343414236 3.3598692417144775 1.7400128841400146 0.6014161109924316 0.44322917475896234 1.0898206233978271 1.1949154138565063
13 0.6781432628631592 2.2737783193960674 3.347968339920044 1.7172242403030396 0.555558443069458 0.44824032443676015 1.0111976861953735 1.129084587097168
14 0.6615655422210693 2.2611398891876315 3.3429529666900635 1.6820050477981567 0.524513840675354 0.4440654773487835 0.9980154633522034 1.0847909450531006
15 0.6851261854171753 2.2334501966126634 3.3397748470306396 1.724954605102539 0.5474858283996582 0.4236946436816828 1.00901198387146 1.0226353406906128
16 0.6851261854171753 2.2334501966126634 3.3397748470306396 1.724954605102539 0.5474858283996582 0.4236946436816828 1.00901198387146 1.0226353406906128
17 0.688290536403656 2.2419772364916595 3.337148904800415 1.7144588232040405 0.5564147233963013 0.4244003764375368 1.0418920516967773 1.0420751571655273
18 0.6911367774009705 2.2404186268293063 3.3383240699768066 1.714620590209961 0.5539880394935608 0.41130019105456717 1.0639348030090332 1.041142225265503
19 0.7114393711090088 2.211374038496023 3.3766801357269287 1.7519030570983887 0.5637912154197693 0.3597490792013469 1.1690267324447632 1.0671566724777222
20 0.7114393711090088 2.211374038496023 3.369483709335327 1.7519030570983887 0.5637912154197693 0.3597490792013469 1.1805356740951538 1.0671566724777222
21 0.7114393711090088 2.211374038496023 3.369483709335327 1.7519030570983887 0.5637912154197693 0.3597490792013469 1.1805356740951538 1.0671566724777222
22 0.7049455046653748 2.207927424107044 3.3604159355163574 1.7499210834503174 0.5677191615104675 0.3493671087802987 1.2469489574432373 1.0680203437805176
23 0.699112594127655 2.253529361931849 3.358959197998047 1.6273505687713623 0.5616148710250854 0.3429814061234862 1.2712221145629883 1.1803869009017944
24 0.6993474364280701 2.3260009777512423 3.35898494720459 1.6314892768859863 0.5653045177459717 0.35762099919360835 1.2744194269180298 1.191765546798706
25 0.6919125914573669 2.2508856757083793 3.351835012435913 1.6308597326278687 0.55003422498703 0.34623268989668243 1.23418128490448 1.1938945055007935
26 0.6919125914573669 2.2508856757083793 3.351835012435913 1.6308597326278687 0.55003422498703 0.34623268989668243 1.23418128490448 1.1938945055007935
27 0.6826452016830444 2.2718232104679785 3.345848321914673 1.591642141342163 0.5354204773902893 0.3409104953588914 1.129690170288086 1.26338529586792
28 0.6826452016830444 2.2718232104679785 3.3492820262908936 1.591642141342163 0.5354204773902893 0.3409104953588914 1.216978669166565 1.26338529586792
29 0.6803560853004456 2.2507505856579093 3.3543202877044678 1.586125135421753 0.5198403000831604 0.338681346420014 1.2192494869232178 1.2628897428512573
30 0.6948750615119934 2.2594243998964045 3.35939621925354 1.5935921669006348 0.5332174301147461 0.3403613957821891 1.2279396057128906 1.264143466949463
31 0.6892558336257935 2.2963068025549975 3.3537423610687256 1.5889780521392822 0.5660133361816406 0.29936111937029986 1.2077629566192627 1.265108346939087
32 0.690581738948822 2.2992466916719345 3.3469207286834717 1.583487629890442 0.571513831615448 0.3071181531675604 1.2079018354415894 1.2638930082321167
33 0.6924996376037598 2.3021460926938833 3.360105037689209 1.583206295967102 0.5760109424591064 0.3084831999302804 1.2229081392288208 1.2628259658813477
34 0.6921473741531372 2.301862391568645 3.360147476196289 1.5839899778366089 0.5777308344841003 0.3056433767189381 1.225925087928772 1.263728141784668
35 0.6378387212753296 2.240589044940867 3.3213140964508057 1.544262409210205 0.46552568674087524 0.31061349164981683 0.9906858801841736 1.2259933948516846
36 0.6378387212753296 2.240589044940867 3.3213140964508057 1.544262409210205 0.46552568674087524 0.31061349164981683 0.9906858801841736 1.2259933948516846
37 0.6358231902122498 2.238887422912809 3.3173086643218994 1.4411261081695557 0.46381404995918274 0.3043108476752247 0.9691869020462036 1.1057367324829102
38 0.6358691453933716 2.2435493408906235 3.22904372215271 1.4408153295516968 0.4639817476272583 0.30889794626144707 1.0463521480560303 1.1049654483795166
39 0.6547847390174866 2.2534043135832764 3.2407381534576416 1.4335930347442627 0.48328667879104614 0.2931827538032323 1.0701335668563843 1.1071020364761353
40 0.6541023850440979 2.2209261408773853 3.2413699626922607 1.4360442161560059 0.48448750376701355 0.30730419638412365 1.0521256923675537 1.115080714225769
41 0.6541023850440979 2.2209261408773853 3.2413699626922607 1.4360442161560059 0.48448750376701355 0.30730419638412365 1.0521256923675537 1.115080714225769
42 0.6517595052719116 2.222626852654932 3.239132881164551 1.4352211952209473 0.487103134393692 0.315030929484483 1.0570197105407715 1.1126915216445923
43 0.6486819386482239 2.2254149642529413 3.238917827606201 1.434559941291809 0.4850607216358185 0.3188707758719627 1.0547648668289185 1.1108125448226929
44 0.6417936682701111 2.219492167789132 3.2286314964294434 1.4960955381393433 0.48001357913017273 0.3968257451585066 1.0558527708053589 0.9028574228286743
45 0.635498046875 2.211796570237465 3.243445873260498 1.4938740730285645 0.4658150374889374 0.4028517895470001 1.087092638015747 0.8990839123725891
46 0.635498046875 2.211796570237465 3.243445873260498 1.4938740730285645 0.4658150374889374 0.4028517895470001 1.087092638015747 0.8990839123725891
47 0.6359490156173706 2.2112615451566864 3.243549346923828 1.4949296712875366 0.46695592999458313 0.4069449425085517 1.0861130952835083 0.8995861411094666
48 0.6361547112464905 2.211014102846754 3.2434206008911133 1.4931985139846802 0.46835827827453613 0.40852162927186353 1.0858967304229736 0.8989150524139404
49 0.630374014377594 2.1929931100812223 3.255122661590576 1.4970232248306274 0.4679815471172333 0.40145274150764576 1.0889623165130615 0.9068047404289246
50 0.6336579322814941 2.195220465538476 3.256147623062134 1.4943095445632935 0.4733184278011322 0.3978016883504724 1.0859991312026978 0.9053817391395569
51 0.6336579322814941 2.195220465538476 3.256147623062134 1.4943095445632935 0.4733184278011322 0.3978016883504724 1.0859991312026978 0.9053817391395569
52 0.6225990653038025 2.2162947945928733 3.250504493713379 1.449515700340271 0.43635550141334534 0.4122163971870046 1.0650572776794434 0.8870818018913269
53 0.622803807258606 2.1873394298183526 3.254610300064087 1.4549893140792847 0.43581563234329224 0.36547666098755127 1.086800456047058 0.8936163783073425
54 0.6163495779037476 2.19412359645317 3.2426087856292725 1.4516934156417847 0.4250357151031494 0.3594487418033751 1.0524444580078125 0.8946409821510315
55 0.6197315454483032 2.2022441755153084 3.2474310398101807 1.4524699449539185 0.4338269531726837 0.349331931505465 1.0580806732177734 0.8952327370643616
56 0.6197315454483032 2.2022441755153084 3.2474310398101807 1.4524699449539185 0.4338269531726837 0.349331931505465 1.0580806732177734 0.8952327370643616
57 0.6197315454483032 2.2022441755153084 3.2471179962158203 1.4524699449539185 0.4338269531726837 0.349331931505465 1.07199227809906 0.8952327370643616
58 0.6252908706665039 2.182096281599243 3.247579336166382 1.4583741426467896 0.4506913721561432 0.33003389668354494 1.0871516466140747 0.9026329517364502
59 0.6263240575790405 2.18111956126232 3.246734857559204 1.458189606666565 0.4521023631095886 0.33424138201359255 1.0845813751220703 0.902306854724884
60 0.6139618754386902 2.2008391891194776 3.24162220954895 1.4460450410842896 0.4162396192550659 0.3592633111161444 1.0492510795593262 0.8899064660072327
61 0.6139618754386902 2.2008391891194776 3.24162220954895 1.4460450410842896 0.4162396192550659 0.3592633111161444 1.0492510795593262 0.8899064660072327
62 0.6153249740600586 2.203264369834776 3.242274045944214 1.4454318284988403 0.41886579990386963 0.35797584743342475 1.053376317024231 0.8927645683288574
63 0.6127912998199463 2.196860282904994 3.2380425930023193 1.4411334991455078 0.40930289030075073 0.35198359882174723 1.0444360971450806 0.8887369632720947
64 0.6134046912193298 2.194499262203242 3.237520933151245 1.4417513608932495 0.41160547733306885 0.36270125209029463 1.0514841079711914 0.8893612623214722
65 0.611392617225647 2.2033371716479437 3.2332804203033447 1.4372425079345703 0.4098498225212097 0.3579234284044623 1.1303328275680542 0.8797999620437622
66 0.611392617225647 2.2033371716479437 3.2332804203033447 1.4372425079345703 0.4098498225212097 0.3579234284044623 1.1303328275680542 0.8797999620437622
67 0.6184009313583374 2.2006058104253046 3.251586437225342 1.44011652469635 0.42442435026168823 0.3590673344433519 1.1583120822906494 0.89122074842453
68 0.6217018365859985 1.4666134491363814 3.259608030319214 1.4299101829528809 0.4129544794559479 1.142554882571715 1.1806758642196655 0.9189935922622681
69 0.619972825050354 1.4900091779584617 3.2591655254364014 1.4281991720199585 0.41093623638153076 1.108283496864903 1.1748771667480469 0.9171856045722961
70 0.625058650970459 1.50685135455465 3.259921073913574 1.4338127374649048 0.4149412214756012 1.108523317558206 1.1774777173995972 0.925803005695343
71 0.625058650970459 1.50685135455465 3.259921073913574 1.4338127374649048 0.4149412214756012 1.108523317558206 1.1774777173995972 0.925803005695343
72 0.6312896013259888 1.5199110386548218 3.260667562484741 1.4177483320236206 0.4313533306121826 1.1100847617303484 1.1883594989776611 0.9625014066696167
73 0.6275349855422974 1.5110477901699864 3.2621307373046875 1.4155327081680298 0.4253194332122803 1.1014340697858775 1.2174209356307983 0.9584758877754211
74 0.6284651756286621 1.5110140774628897 3.26315975189209 1.4158506393432617 0.4290027916431427 1.1018030316861913 1.2263551950454712 0.9581790566444397
75 0.6274245381355286 1.5143800286440467 3.2637343406677246 1.4152864217758179 0.4355343282222748 1.1068536116124017 1.2700655460357666 0.9683283567428589
76 0.6274245381355286 1.5143800286440467 3.2637343406677246 1.4152864217758179 0.4355343282222748 1.1068536116124017 1.2700655460357666 0.9683283567428589
77 0.628004252910614 1.5142495149807 3.2654736042022705 1.4160178899765015 0.4370987117290497 1.1069226216996175 1.2616229057312012 0.9683815240859985
78 0.624376118183136 1.513655800111961 3.264176845550537 1.4136306047439575 0.4335086941719055 1.1053302823527122 1.2636322975158691 0.9626584053039551
79 0.6244762539863586 1.5129587695584146 3.264673948287964 1.413248062133789 0.43304330110549927 1.1059759996367395 1.2689489126205444 0.9631171226501465
80 0.6204291582107544 1.5230550156094027 3.265742301940918 1.417168140411377 0.4233759045600891 1.1083261654950132 1.2725372314453125 0.9684867858886719
81 0.6204291582107544 1.5230550156094027 3.265742301940918 1.417168140411377 0.4233759045600891 1.1083261654950132 1.2725372314453125 0.9684867858886719
82 0.6115517616271973 1.467238584758709 3.259122610092163 1.415317416191101 0.38891512155532837 1.064182403752731 1.1875675916671753 0.9741814732551575
83 0.6118688583374023 1.5306206818457908 3.2646424770355225 1.4101825952529907 0.4045763313770294 1.0368341894298814 1.2087315320968628 0.9732664823532104
84 0.6100011467933655 1.5169741750725538 3.2544138431549072 1.4087973833084106 0.39800024032592773 1.0524247419405486 1.1791965961456299 0.9736025333404541
85 0.6128981113433838 1.5133824069602437 3.254354238510132 1.4085662364959717 0.39753687381744385 1.0492545237499404 1.1879600286483765 0.9774360656738281
86 0.6128981113433838 1.5133824069602437 3.254354238510132 1.4085662364959717 0.39753687381744385 1.0492545237499404 1.1879600286483765 0.9774360656738281
87 0.6127524971961975 1.5125670257300494 3.2551655769348145 1.4088287353515625 0.39887022972106934 1.0501076423380438 1.1930632591247559 0.9775635004043579
88 0.6187468767166138 1.507830412396614 3.251943588256836 1.4064140319824219 0.39734745025634766 1.0565110581783297 1.1974526643753052 0.9794902205467224
89 0.6185146570205688 1.5077369061666235 3.2519476413726807 1.4064018726348877 0.3970712721347809 1.056811577097729 1.1974574327468872 0.9795141220092773
90 0.6189026832580566 1.5130297016258705 3.2530324459075928 1.4063642024993896 0.4004840850830078 1.0461747464164237 1.1992988586425781 0.9821508526802063
91 0.6189026832580566 1.5130297016258705 3.2530324459075928 1.4063642024993896 0.4004840850830078 1.0461747464164237 1.1992988586425781 0.9821508526802063
92 0.616606593132019 1.5065716359071226 3.2558722496032715 1.4041364192962646 0.40072908997535706 1.0431801838022412 1.1998019218444824 0.980587899684906
93 0.6157616972923279 1.5027508737761235 3.2536563873291016 1.4003090858459473 0.3916133940219879 1.0367252342403854 1.2030197381973267 0.9790819883346558
94 0.6200293302536011 1.511319226004841 3.2544686794281006 1.414232611656189 0.41236791014671326 1.0362335984783897 1.2109144926071167 0.9912758469581604
95 0.623797595500946 1.509649755991308 3.2544212341308594 1.414109468460083 0.41105547547340393 1.0407734906833335 1.2122164964675903 0.9904159903526306
96 0.623797595500946 1.509649755991308 3.2544212341308594 1.414109468460083 0.41105547547340393 1.0407734906833335 1.2122164964675903 0.9904159903526306
97 0.6223564147949219 1.5002997577849944 3.2547659873962402 1.416792631149292 0.41752511262893677 1.041379676020676 1.219157338142395 0.993512749671936
98 0.625400960445404 1.485350423532335 3.251901149749756 1.4152864217758179 0.41968780755996704 1.0267128864911605 1.201445460319519 0.9950262904167175
99 0.625529944896698 1.4909307552200959 3.2518718242645264 1.41441011428833 0.41991153359413147 1.02127292009797 1.204283595085144 0.9888798594474792
100 0.6284754872322083 1.4958761107282812 3.2534215450286865 1.4174220561981201 0.4249812960624695 1.006486233045789 1.2121498584747314 0.9935068488121033
101 0.6284754872322083 1.4958761107282812 3.2534215450286865 1.4174220561981201 0.4249812960624695 1.006486233045789 1.2121498584747314 0.9935068488121033
102 0.6282356381416321 1.4959881173284442 3.2525932788848877 1.499518871307373 0.42434564232826233 1.0063851008417986 1.198403239250183 0.9079271554946899
103 0.6282356381416321 1.4959881173284442 3.252106189727783 1.4999016523361206 0.42434564232826233 1.0063851008417986 1.1913756132125854 0.9084104299545288
104 0.6389440894126892 1.470054792471815 3.2588675022125244 1.5125662088394165 0.45083871483802795 1.0090651762486331 1.217210292816162 0.9239270091056824
105 0.6381485462188721 1.467562290832088 3.2577497959136963 1.510979175567627 0.451595664024353 1.0088118219401898 1.2141790390014648 0.9225673675537109
106 0.6381485462188721 1.467562290832088 3.2577497959136963 1.510979175567627 0.451595664024353 1.0088118219401898 1.2141790390014648 0.9225673675537109
107 0.6328547596931458 1.46514389919353 3.2563834190368652 1.5097227096557617 0.4451883137226105 1.0123650953624563 1.2129380702972412 0.9297848343849182
108 0.6353512406349182 1.386549152726253 3.260831832885742 1.5093687772750854 0.4431447982788086 1.0425083459108755 1.2178711891174316 0.9280679821968079
109 0.633987307548523 1.384878281415902 3.260962963104248 1.5102747678756714 0.44278258085250854 1.0436063206966477 1.2179583311080933 0.9267610311508179
110 0.6319074630737305 1.4282061379667763 3.260721206665039 1.514696717262268 0.4346911907196045 1.0156460891755885 1.2078086137771606 0.9232210516929626
111 0.6319074630737305 1.4282061379667763 3.260721206665039 1.514696717262268 0.4346911907196045 1.0156460891755885 1.2078086137771606 0.9232210516929626
112 0.6334333419799805 1.432150020257748 3.2616915702819824 1.5154993534088135 0.44100260734558105 1.0121848030379206 1.2193549871444702 0.9247962832450867
113 0.6315110325813293 1.429564695949194 3.262089967727661 1.511030673980713 0.43990543484687805 1.0119224760791985 1.2092055082321167 0.9205973744392395
114 0.6297365427017212 1.4250702073129362 3.2610044479370117 1.5113544464111328 0.4390975832939148 1.018285405127404 1.2091070413589478 0.9163460731506348
115 0.6297365427017212 1.4250702073129362 3.2609407901763916 1.5113544464111328 0.4390975832939148 1.018285405127404 1.213814616203308 0.9163460731506348
116 0.6297365427017212 1.4250702073129362 3.2609407901763916 1.5113544464111328 0.4390975832939148 1.018285405127404 1.213814616203308 0.9163460731506348
117 0.6251006126403809 1.4178741841095157 3.258427381515503 1.50559663772583 0.426220178604126 1.0241904002132831 1.2012739181518555 0.9088534712791443
118 0.625389814376831 1.4180627946199642 3.2576279640197754 1.5053528547286987 0.42681676149368286 1.0243663106042808 1.202502727508545 0.9088422656059265
119 0.6183760762214661 1.3729143394736674 3.2606656551361084 1.4984331130981445 0.41945701837539673 1.0630776244764455 1.2080882787704468 0.8877537846565247
120 0.6186161637306213 1.3730811052883984 3.2618534564971924 1.4948855638504028 0.4193607568740845 1.0630140664942505 1.2039390802383423 0.9384428858757019
121 0.6186161637306213 1.3730811052883984 3.2618534564971924 1.4948855638504028 0.4193607568740845 1.0630140664942505 1.2039390802383423 0.9384428858757019
122 0.6168522238731384 1.3715070786378314 3.259956121444702 1.4923322200775146 0.41135817766189575 1.0637875995523078 1.1940646171569824 0.9371921420097351
123 0.624358057975769 1.38102678768583 3.2599215507507324 1.5020760297775269 0.4298153817653656 1.0596023447867677 1.2238835096359253 0.9509559869766235
124 0.627375602722168 1.3867174606442483 3.2593743801116943 1.5020936727523804 0.4306160509586334 1.0579690810120137 1.2241867780685425 0.9509312510490417
125 0.6520540714263916 1.3504754550269007 3.279156446456909 1.5413320064544678 0.49951475858688354 1.0489577144678295 1.2874693870544434 1.0040823221206665
126 0.6520540714263916 1.3504754550269007 3.279156446456909 1.5413320064544678 0.49951475858688354 1.0489577144678295 1.2874693870544434 1.0040823221206665
127 0.6364642381668091 1.328689480933489 3.272805690765381 1.524402141571045 0.476895809173584 1.0681862642497313 1.2735660076141357 0.9808120727539063
128 0.6391756534576416 1.3292523116993429 3.272564649581909 1.5285946130752563 0.4823063313961029 1.0658516037943144 1.2722514867782593 0.9734194278717041
129 0.6466166377067566 1.3678663332443606 3.270843744277954 1.5294216871261597 0.48454272747039795 1.0190688088163538 1.2624413967132568 0.9665313959121704
130 0.6493685245513916 1.3687542038027811 3.272153854370117 1.5295026302337646 0.4846445620059967 1.0186026712216936 1.2722266912460327 0.9671581983566284
131 0.6493685245513916 1.3687542038027811 3.272153854370117 1.5295026302337646 0.4846445620059967 1.0186026712216936 1.2722266912460327 0.9671581983566284
132 0.6480401158332825 1.3745321368763932 3.276823043823242 1.5307950973510742 0.4856574237346649 1.0140979411550493 1.249306559562683 0.9680797457695007
133 0.6444619297981262 1.3498425692587126 3.2761054039001465 1.547544240951538 0.48084816336631775 1.077149476037086 1.253078579902649 0.9431819915771484
134 0.6427551507949829 1.346713248635271 3.2732653617858887 1.5450559854507446 0.47958841919898987 1.0761276401270672 1.2479186058044434 0.9424350261688232
135 0.6416976451873779 1.3559660604215378 3.276622772216797 1.446360468864441 0.4728931486606598 1.0373726801474064 1.2361403703689575 1.0708242654800415
136 0.6429258584976196 1.3549533320898035 3.277120590209961 1.4475606679916382 0.4738832712173462 1.0384714406073374 1.2378184795379639 1.071983814239502
137 0.6394966840744019 1.3708589227757795 3.2765448093414307 1.4440304040908813 0.47083985805511475 1.0087187771459583 1.2382806539535522 1.072642207145691
138 0.6393828392028809 1.3590501139427993 3.276548147201538 1.4440008401870728 0.47062885761260986 1.0299159936898346 1.2394824028015137 1.0726274251937866
139 0.6418167352676392 1.3603478798117796 3.2773494720458984 1.4508646726608276 0.4736796021461487 1.0284428309524125 1.240238070487976 1.0735738277435303
140 0.6406374573707581 1.3574500111757797 3.276980400085449 1.4504984617233276 0.47134119272232056 1.0328211993908571 1.238816261291504 1.0724142789840698
141 0.6406374573707581 1.3574500111757797 3.276980400085449 1.4504984617233276 0.47134119272232056 1.0328211993908571 1.238816261291504 1.0724142789840698
142 0.6445034146308899 1.351652231045685 3.278184413909912 1.4542964696884155 0.47808772325515747 1.0394297614160695 1.2446873188018799 1.0759471654891968
143 0.6444761753082275 1.4629151287694948 3.277836561203003 1.4542949199676514 0.47792917490005493 0.9384185965287011 1.238576889038086 1.0759997367858887
144 0.6356059908866882 1.4515955159084988 3.275428295135498 1.456197738647461 0.47201257944107056 0.9634894438891439 1.2416776418685913 1.0718090534210205
145 0.6351418495178223 1.391516477720779 3.274789810180664 1.4556081295013428 0.47086018323898315 0.9932736221899068 1.2417099475860596 1.071319818496704
146 0.6351418495178223 1.391516477720779 3.274789810180664 1.4556081295013428 0.47086018323898315 0.9932736221899068 1.2417099475860596 1.071319818496704
147 0.6385112404823303 1.3888220565388956 3.2753162384033203 1.45645272731781 0.47328147292137146 1.0028516518030508 1.2487823963165283 1.0747451782226563
148 0.6389138102531433 1.409053597394981 3.276296854019165 1.4568557739257813 0.47390395402908325 0.989986523891981 1.2493423223495483 1.07489812374115
149 0.6404439210891724 1.4019789404307148 3.2789011001586914 1.4518319368362427 0.47831714153289795 0.9967315088148457 1.2537099123001099 1.075501561164856
150 0.6404617428779602 1.400262034919946 3.278156042098999 1.4521896839141846 0.47639191150665283 0.9978876644989993 1.2514748573303223 1.0789152383804321
151 0.6404617428779602 1.400262034919946 3.278156042098999 1.4521896839141846 0.47639191150665283 0.9978876644989993 1.2514748573303223 1.0789152383804321
152 0.6533551812171936 1.4121982018328783 3.2778031826019287 1.4587918519973755 0.49190929532051086 0.9901146026910987 1.264979362487793 1.0902706384658813
153 0.652750551700592 1.4127627324935021 3.2757081985473633 1.4619871377944946 0.49154219031333923 0.9897826487451177 1.2648347616195679 1.1014316082000732
154 0.6524682641029358 1.412745338504473 3.2760214805603027 1.462114930152893 0.4917583167552948 0.990067468339462 1.2640057802200317 1.1014938354492188
155 0.6430541276931763 1.4522018359147753 3.2814254760742188 1.4559766054153442 0.49201536178588867 0.9726926753839997 1.2734159231185913 1.0943763256072998
156 0.6430541276931763 1.4522018359147753 3.2814254760742188 1.4559766054153442 0.49201536178588867 0.9726926753839997 1.2734159231185913 1.0943763256072998
157 0.6431490778923035 1.443192351704165 3.274123430252075 1.449941635131836 0.48949968814849854 0.9888596528984429 1.268361210823059 1.101598858833313
158 0.6401733756065369 1.4497666340324642 3.270873546600342 1.4458179473876953 0.48332226276397705 0.9818572466008457 1.2603976726531982 1.0978423357009888
159 0.6379531621932983 1.4530356386940213 3.2708096504211426 1.4439892768859863 0.4807995557785034 0.9791735471706388 1.2716872692108154 1.0960009098052979
160 0.6433213949203491 1.4612386937212534 3.272798776626587 1.445273756980896 0.4858096241950989 1.0040095986710182 1.299096703529358 1.094682216644287
161 0.6433213949203491 1.4612386937212534 3.272798776626587 1.445273756980896 0.4858096241950989 1.0040095986710182 1.299096703529358 1.094682216644287
162 0.6433213949203491 1.4612386937212534 3.272843599319458 1.445273756980896 0.4858096241950989 1.0040095986710182 1.2991933822631836 1.094682216644287
163 0.6364189386367798 1.4619097177177218 3.270501136779785 1.4476059675216675 0.47978007793426514 0.995475810106134 1.289852261543274 1.0978503227233887
164 0.6363000869750977 1.4634293171714932 3.2716798782348633 1.4475141763687134 0.47952547669410706 0.9950155535226298 1.2946889400482178 1.0974797010421753
165 0.6312023997306824 1.4580010727562178 3.274916648864746 1.445206642150879 0.47164905071258545 1.0191207562699747 1.2903196811676025 1.093224287033081
166 0.6312023997306824 1.4580010727562178 3.274916648864746 1.445206642150879 0.47164905071258545 1.0191207562699747 1.2903196811676025 1.093224287033081
167 0.6284738183021545 1.4642491020487038 3.2752275466918945 1.4430630207061768 0.46206292510032654 1.0105406985606407 1.3028806447982788 1.08701753616333
168 0.6286527514457703 1.463393716846653 3.2741031646728516 1.4444551467895508 0.4648400843143463 0.9937841889401746 1.3029624223709106 1.0847852230072021
169 0.6299868226051331 1.4635469237927723 3.2747366428375244 1.4449262619018555 0.46798771619796753 0.9909074599914865 1.3070160150527954 1.0848658084869385
170 0.6306418180465698 1.4633129946961068 3.2753608226776123 1.4459673166275024 0.4690307080745697 0.9902973897164083 1.3066105842590332 1.0857802629470825
171 0.6306418180465698 1.4633129946961068 3.2753608226776123 1.4459673166275024 0.4690307080745697 0.9902973897164083 1.3066105842590332 1.0857802629470825
172 0.6253834366798401 1.4747354342023091 3.269625425338745 1.4397844076156616 0.45496439933776855 1.025412839046166 1.2930914163589478 1.0799256563186646
173 0.6255274415016174 1.4770977946999593 3.270153045654297 1.4348795413970947 0.45578059554100037 1.024765762377199 1.2940757274627686 1.0853512287139893
174 0.624739408493042 1.4721872596285706 3.270131826400757 1.4371681213378906 0.4543665051460266 1.0286307079453267 1.2930669784545898 1.0869724750518799
175 0.6288002133369446 1.4739114830936517 3.2720882892608643 1.4432669878005981 0.4634333848953247 1.029033344066112 1.3021025657653809 1.0895216464996338
176 0.6288002133369446 1.4739114830936517 3.2720882892608643 1.4432669878005981 0.4634333848953247 1.029033344066112 1.3021025657653809 1.0895216464996338
177 0.6285896301269531 1.473622623522393 3.2722434997558594 1.4430721998214722 0.4634217917919159 1.0292564416186591 1.3020788431167603 1.08905029296875
178 0.6271899938583374 1.4767747023607143 3.2718610763549805 1.4408637285232544 0.46232885122299194 1.0317508154875856 1.297398328781128 1.0879230499267578
179 0.6273468732833862 1.4770298801354198 3.2725229263305664 1.4460482597351074 0.465921014547348 1.031468848198502 1.3038197755813599 1.0929489135742188
180 0.6316050291061401 1.478328225746512 3.2713725566864014 1.4499962329864502 0.4701663851737976 1.0156134772891212 1.3196523189544678 1.094549536705017
181 0.6316050291061401 1.478328225746512 3.2713725566864014 1.4499962329864502 0.4701663851737976 1.0156134772891212 1.3196523189544678 1.094549536705017
182 0.6316845417022705 1.478706160804687 3.271500825881958 1.4497408866882324 0.47031286358833313 1.015045309523808 1.3206119537353516 1.094361662864685
183 0.6324669718742371 1.48286425859304 3.271113634109497 1.4498275518417358 0.4710952043533325 1.0136771111759975 1.3235019445419312 1.0943788290023804
184 0.633901059627533 1.4799418116973129 3.2723233699798584 1.451407790184021 0.4821866452693939 1.0179611296967845 1.3306926488876343 1.103652000427246
185 0.6349955201148987 1.481483121655676 3.25827693939209 1.4487746953964233 0.47070157527923584 1.0132225301263966 1.3131364583969116 1.1025826930999756
186 0.6349955201148987 1.481483121655676 3.25827693939209 1.4487746953964233 0.47070157527923584 1.0132225301263966 1.3131364583969116 1.1025826930999756
187 0.6248244643211365 1.4839340623709936 3.252058506011963 1.4433902502059937 0.45458143949508667 1.009938082462005 1.2965470552444458 1.095923662185669
188 0.6241071224212646 1.4842945055893333 3.2534730434417725 1.442298412322998 0.45599713921546936 1.008804983485594 1.2970961332321167 1.096696376800537
189 0.6254403591156006 1.506024425457163 3.25327205657959 1.4410183429718018 0.46494585275650024 1.0146726526896084 1.3015387058258057 1.0959774255752563
190 0.623292088508606 1.5049554528039053 3.252012252807617 1.4385449886322021 0.45930466055870056 1.0117985335138697 1.2891013622283936 1.0943084955215454
191 0.623292088508606 1.5049554528039053 3.252012252807617 1.4385449886322021 0.45930466055870056 1.0117985335138697 1.2891013622283936 1.0943084955215454
192 0.6291062831878662 1.5127317370982023 3.2500572204589844 1.4454675912857056 0.47331464290618896 1.0112925311395522 1.3378185033798218 1.100693941116333
193 0.6296525001525879 1.526878616073298 3.250253915786743 1.440180778503418 0.4772814214229584 1.0095151177610084 1.3319088220596313 1.1120426654815674
194 0.632216215133667 1.5262840826871535 3.25215482711792 1.4417314529418945 0.4771145284175873 1.009925381101217 1.3368661403656006 1.1144084930419922
195 0.6366797089576721 1.499098658866177 3.25899600982666 1.4506630897521973 0.48516860604286194 1.0086346095754701 1.3253310918807983 1.120766520500183
196 0.6366797089576721 1.499098658866177 3.25899600982666 1.4506630897521973 0.48516860604286194 1.0086346095754701 1.3253310918807983 1.120766520500183
197 0.6244276762008667 1.4717679722598551 3.2530601024627686 1.4391746520996094 0.4597170054912567 1.0277827431439106 1.3016144037246704 1.096256136894226
198 0.6238243579864502 1.4696849405921504 3.246340036392212 1.435815691947937 0.4551485478878021 1.0171297957061693 1.2980408668518066 1.0967854261398315
199 0.6239350438117981 1.470683982582514 3.245551586151123 1.4355533123016357 0.456012487411499 1.0058527805678712 1.2981802225112915 1.097264289855957
200 0.6196154952049255 1.4660750271759555 3.2451908588409424 1.439584732055664 0.4567929208278656 1.0064783832225934 1.2960864305496216 1.0862442255020142
201 0.6196154952049255 1.4660750271759555 3.2451908588409424 1.439584732055664 0.4567929208278656 1.0064783832225934 1.2960864305496216 1.0862442255020142
202 0.6189143061637878 1.4640737388420617 3.252915143966675 1.4335458278656006 0.45686784386634827 1.0066479808326336 1.2751905918121338 1.0772950649261475
203 0.617709219455719 1.4602348470282203 3.252725839614868 1.4307454824447632 0.45403164625167847 1.0138144921906993 1.277558445930481 1.0828324556350708
204 0.6230902075767517 1.4598305422959144 3.25150990486145 1.5308277606964111 0.45579293370246887 1.044173440120742 1.283668041229248 0.948519229888916
205 0.6256041526794434 1.4663495411801917 3.2510011196136475 1.4267714023590088 0.45946821570396423 1.0349097514760743 1.2884095907211304 1.1069371700286865
206 0.6256041526794434 1.4663495411801917 3.2510011196136475 1.4267714023590088 0.45946821570396423 1.0349097514760743 1.2884095907211304 1.1069371700286865
207 0.6261942982673645 1.433635326681652 3.256169080734253 1.4278769493103027 0.4575697183609009 1.05253640130377 1.2950292825698853 1.103670358657837
208 0.6188055872917175 1.3916279351245435 3.2510499954223633 1.4262984991073608 0.44404420256614685 1.060307052582941 1.280911922454834 1.1009005308151245
209 0.6187050938606262 1.3915975471541697 3.2468738555908203 1.4262948036193848 0.44399723410606384 1.0602730817156445 1.31503427028656 1.1008760929107666
210 0.621062159538269 1.5306403792909966 3.247448205947876 1.426133155822754 0.44614577293395996 0.9511942775712241 1.3104898929595947 1.100380301475525
211 0.621062159538269 1.5306403792909966 3.247448205947876 1.426133155822754 0.44614577293395996 0.9511942775712241 1.3104898929595947 1.100380301475525
212 0.6297080516815186 1.5076187882381327 3.247424840927124 1.430992841720581 0.46083948016166687 0.9593416688900097 1.3208061456680298 1.1196727752685547
213 0.6301494836807251 1.4858200415404208 3.2466557025909424 1.4308606386184692 0.4610563814640045 0.9714305946776881 1.3175495862960815 1.1193712949752808
214 0.6296401023864746 1.4826386417191852 3.2463865280151367 1.4329710006713867 0.46357423067092896 0.9734372378021978 1.317873239517212 1.121751070022583
215 0.6350722312927246 1.4872647324628858 3.246980667114258 1.4360225200653076 0.4748774766921997 0.9817486908287171 1.332374095916748 1.1251213550567627
216 0.6350722312927246 1.4872647324628858 3.246980667114258 1.4360225200653076 0.4748774766921997 0.9817486908287171 1.332374095916748 1.1251213550567627
217 0.6411520838737488 1.494377207996531 3.246652603149414 1.4359023571014404 0.46909478306770325 0.9935076882438054 1.3386330604553223 1.1257870197296143
218 0.6446125507354736 1.4959535880256307 3.2541344165802 1.434299111366272 0.473785936832428 0.9800208837956107 1.2958852052688599 1.1274311542510986
219 0.6437384486198425 1.5043287668445415 3.252692699432373 1.4340168237686157 0.47308245301246643 0.9785249010157268 1.283367395401001 1.1270475387573242
220 0.6437384486198425 1.5043287668445415 3.2534477710723877 1.4340168237686157 0.47308245301246643 0.9785249010157268 1.2864137887954712 1.1270475387573242
221 0.6437384486198425 1.5043287668445415 3.2534477710723877 1.4340168237686157 0.47308245301246643 0.9785249010157268 1.2864137887954712 1.1270475387573242
222 0.6392592191696167 1.492241771830562 3.255215883255005 1.4346448183059692 0.47283944487571716 1.0016976002297426 1.2950263023376465 1.1258565187454224
223 0.6389966607093811 1.4903000716786814 3.2542030811309814 1.4338839054107666 0.47028204798698425 1.0021201479665545 1.295628547668457 1.1251534223556519
224 0.6420320272445679 1.484429867646106 3.255321741104126 1.436812400817871 0.47842222452163696 1.0081518033562504 1.301033854484558 1.1305593252182007
225 0.6395381689071655 1.4926155117977413 3.255486249923706 1.4351154565811157 0.47336360812187195 1.0036116954093517 1.29489004611969 1.1272209882736206
226 0.6395381689071655 1.4926155117977413 3.255486249923706 1.4351154565811157 0.47336360812187195 1.0036116954093517 1.29489004611969 1.1272209882736206
227 0.6395381689071655 1.4926155117977413 3.255486249923706 1.4351154565811157 0.47336360812187195 1.0036116954093517 1.29489004611969 1.1272209882736206
228 0.6433800458908081 1.4973751485895652 3.2569289207458496 1.4395638704299927 0.4795605540275574 1.0021362494106774 1.3001371622085571 1.1323984861373901
229 0.6392572522163391 1.4985301832610576 3.2570114135742188 1.4339557886123657 0.48549050092697144 0.9996487152406683 1.3102397918701172 1.1221702098846436
230 0.6402292251586914 1.499916369401827 3.259183406829834 1.4377942085266113 0.49113669991493225 0.9969574441489121 1.3142151832580566 1.124421238899231
231 0.6402292251586914 1.499916369401827 3.259183406829834 1.4377942085266113 0.49113669991493225 0.9969574441489121 1.3142151832580566 1.124421238899231
232 0.6381039619445801 1.4652575197640563 3.2583413124084473 1.4275987148284912 0.48128512501716614 1.0150117815674158 1.3065916299819946 1.0970760583877563
233 0.642155647277832 1.4603136858643115 3.262768268585205 1.4357446432113647 0.4896513521671295 1.015388981015175 1.3159823417663574 1.102397084236145
234 0.6416246294975281 1.4618404463124495 3.2628426551818848 1.4367146492004395 0.4892159700393677 1.0152220761199948 1.3156554698944092 1.1015688180923462
235 0.6412543058395386 1.4722260676063057 3.2537882328033447 1.4390512704849243 0.4779936671257019 1.0260676563515578 1.309948444366455 1.1122649908065796
236 0.6412543058395386 1.4722260676063057 3.2537882328033447 1.4390512704849243 0.4779936671257019 1.0260676563515578 1.309948444366455 1.1122649908065796
237 0.6402308344841003 1.4684498826710835 3.252941370010376 1.437519907951355 0.47333288192749023 1.0312730755130068 1.3074895143508911 1.1105079650878906
238 0.638546884059906 1.481477532639826 3.2539360523223877 1.4334385395050049 0.47036752104759216 1.037260862958283 1.320979118347168 1.103798508644104
239 0.6152862310409546 1.5108496882919407 3.2426748275756836 1.4105900526046753 0.41969701647758484 1.0092188377815487 1.2741808891296387 1.1016535758972168
240 0.6152210235595703 1.5105196297363075 3.2427196502685547 1.4106993675231934 0.41973307728767395 1.0100144759131204 1.2635740041732788 1.1018126010894775
241 0.6152210235595703 1.5105196297363075 3.2427196502685547 1.4106993675231934 0.41973307728767395 1.0100144759131204 1.2635740041732788 1.1018126010894775
242 0.6145706176757813 1.5128651817564598 3.2365550994873047 1.4103416204452515 0.41829192638397217 1.0082880236208336 1.2820886373519897 1.1007481813430786
243 0.6152558326721191 1.5146783663273569 3.236116409301758 1.4068784713745117 0.4186096489429474 1.0053190388382414 1.2833977937698364 1.1073988676071167
244 0.613521158695221 1.5275580035582697 3.236802339553833 1.416129469871521 0.414311945438385 1.0006418136455035 1.2784364223480225 1.105966567993164
245 0.6185281872749329 1.5138099941143381 3.239497184753418 1.511613130569458 0.43461358547210693 1.002761340341647 1.2782272100448608 0.9823440313339233
246 0.6185281872749329 1.5138099941143381 3.239497184753418 1.511613130569458 0.43461358547210693 1.002761340341647 1.2782272100448608 0.9823440313339233
247 0.6184272766113281 1.4911945926948786 3.241222858428955 1.5112239122390747 0.4348878264427185 0.9583039610496707 1.271988868713379 0.9736906886100769
248 0.6163928508758545 1.4962361012787382 3.238960027694702 1.5029624700546265 0.4300071597099304 0.9534612818020354 1.2657941579818726 0.9676920175552368
249 0.615807294845581 1.4965738282513572 3.2388134002685547 1.5030336380004883 0.42875874042510986 0.9533568810812826 1.264112949371338 0.9682959914207458
250 0.615807294845581 1.4965738282513572 3.2383904457092285 1.4016190767288208 0.42875874042510986 0.9533568810812826 1.2741729021072388 1.0999873876571655
251 0.615807294845581 1.4965738282513572 3.2383904457092285 1.4016190767288208 0.42875874042510986 0.9533568810812826 1.2741729021072388 1.0999873876571655
252 0.6132198572158813 1.5021047276678274 3.2394497394561768 1.4055625200271606 0.431203693151474 0.9548150310704574 1.266699194908142 1.0990537405014038
253 0.6130191683769226 1.5014118735995432 3.239271402359009 1.4060415029525757 0.43111681938171387 0.9563197476990386 1.267735481262207 1.0992432832717896
254 0.6112983226776123 1.602017386651964 3.2391436100006104 1.4062939882278442 0.43068060278892517 0.9222252239397769 1.2659753561019897 1.0988562107086182
255 0.6135148406028748 1.600110531493393 3.239081382751465 1.4050967693328857 0.43034183979034424 0.9258987007772853 1.269821286201477 1.0992097854614258
256 0.6135148406028748 1.600110531493393 3.239081382751465 1.4050967693328857 0.43034183979034424 0.9258987007772853 1.269821286201477 1.0992097854614258
257 0.6148942708969116 1.5970368165150495 3.239438056945801 1.408217191696167 0.4355505108833313 0.9298625266710566 1.270484209060669 1.0989375114440918
258 0.6146260499954224 1.599906135822347 3.2391860485076904 1.4092531204223633 0.43655261397361755 0.9307478604814181 1.2708872556686401 1.0995070934295654
259 0.6146267056465149 1.5999032574053833 3.2391855716705322 1.4092527627944946 0.43655285239219666 0.9307474945874493 1.2708872556686401 1.099507212638855
260 0.6151538491249084 1.5977746960313826 3.2367773056030273 1.4111545085906982 0.43671441078186035 0.9325041997723543 1.2722948789596558 1.10027015209198
261 0.6151538491249084 1.5977746960313826 3.2367773056030273 1.4111545085906982 0.43671441078186035 0.9325041997723543 1.2722948789596558 1.10027015209198
262 0.6210950613021851 1.5883707639106854 3.2361667156219482 1.4138095378875732 0.44213807582855225 0.937282577557166 1.2750437259674072 1.1099848747253418
263 0.6262627840042114 1.5823130710105913 3.2362453937530518 1.4143037796020508 0.4495413899421692 0.9417016994118393 1.275050401687622 1.1108288764953613
264 0.6258719563484192 1.5811568314687807 3.235902786254883 1.4142884016036987 0.4499989449977875 0.9407554631306426 1.2864080667495728 1.110222339630127
265 0.6263691782951355 1.5806466527826495 3.2370479106903076 1.4163405895233154 0.4510326683521271 0.9432585709332434 1.2920732498168945 1.1122685670852661
266 0.6263691782951355 1.5806466527826495 3.2370479106903076 1.4163405895233154 0.4510326683521271 0.9432585709332434 1.2920732498168945 1.1122685670852661
267 0.6264827847480774 1.5808484925050104 3.2333624362945557 1.416298270225525 0.45100224018096924 0.9429716169185585 1.279755711555481 1.1122264862060547
268 0.6315545439720154 1.5859103500572993 3.2356748580932617 1.4237251281738281 0.4572851359844208 0.9399263792370508 1.2879103422164917 1.1211310625076294
269 0.6308377385139465 1.5856908238979912 3.2368388175964355 1.4234799146652222 0.4590679407119751 0.9391155917054603 1.2892425060272217 1.119819164276123
270 0.6278096437454224 1.5878447625914003 3.2372679710388184 1.4214305877685547 0.4568866491317749 0.9382483245674703 1.2877660989761353 1.114183783531189
271 0.6278002262115479 1.5878909658232785 3.237551689147949 1.4214320182800293 0.4569219946861267 0.9273759696285232 1.2868620157241821 1.1141650676727295
272 0.6218047738075256 1.5727920875066221 3.2344987392425537 1.4181655645370483 0.45619845390319824 0.928657174270101 1.2725450992584229 1.1166863441467285
273 0.6230109333992004 1.5703410646306109 3.234377145767212 1.4181996583938599 0.45842817425727844 0.9305734316174028 1.2732768058776855 1.1160144805908203
274 0.6301451325416565 1.5632655298835392 3.2348203659057617 1.4202322959899902 0.4691479504108429 0.9666158894806459 1.2786505222320557 1.118963360786438
275 0.6277087330818176 1.5616345493240165 3.234581232070923 1.4208821058273315 0.4629055857658386 0.9612338711080824 1.2695562839508057 1.0799810886383057
276 0.6277087330818176 1.5616345493240165 3.234581232070923 1.4208821058273315 0.4629055857658386 0.9612338711080824 1.2695562839508057 1.0799810886383057
277 0.6405660510063171 1.581524431594058 3.2397525310516357 1.4330246448516846 0.4858035147190094 0.9597105249220059 1.295140266418457 1.0957510471343994
278 0.6392987966537476 1.571945974800349 3.2411835193634033 1.437542200088501 0.4815047085285187 0.9696772061673764 1.2991071939468384 1.0979043245315552
279 0.6377449631690979 1.5724476436447385 3.241427421569824 1.4385229349136353 0.4766193926334381 0.9658808168483088 1.2940136194229126 1.0991089344024658
280 0.6382111310958862 1.5154744388767616 3.2413666248321533 1.4380786418914795 0.47774744033813477 0.9684837434084724 1.2939385175704956 1.0991621017456055
281 0.6382111310958862 1.5154744388767616 3.2413666248321533 1.4380786418914795 0.47774744033813477 0.9684837434084724 1.2939385175704956 1.0991621017456055
282 0.6423079967498779 1.5139533751419643 3.2408549785614014 1.4368488788604736 0.4839569926261902 0.9718960177967978 1.3140369653701782 1.1020337343215942
283 0.6443009972572327 1.5130076531386982 3.2442383766174316 1.4388610124588013 0.4874056279659271 0.9715962117644363 1.3230386972427368 1.1171109676361084
284 0.6449256539344788 1.5368524628166382 3.243212938308716 1.442397952079773 0.4956182837486267 0.9352898909274334 1.3210041522979736 1.1184712648391724
285 0.6479942798614502 1.5390661542966906 3.2409188747406006 1.4363137483596802 0.48711639642715454 0.9352753072070209 1.3124363422393799 1.1169339418411255
286 0.6479942798614502 1.5390661542966906 3.2409188747406006 1.4363137483596802 0.48711639642715454 0.9352753072070209 1.3124363422393799 1.1169339418411255
287 0.6464784741401672 1.5391017734695402 3.2408077716827393 1.4366174936294556 0.4851902425289154 0.93530247406561 1.3119347095489502 1.119979977607727
288 0.6462650895118713 1.5241730186316724 3.2399606704711914 1.4369207620620728 0.48487094044685364 0.9539706906438526 1.314902901649475 1.1177176237106323
289 0.6465897560119629 1.521822718651279 3.2404587268829346 1.4369531869888306 0.4848932921886444 0.9531496867869902 1.3155579566955566 1.1170165538787842
290 0.6443190574645996 1.523891056529555 3.240893602371216 1.5380401611328125 0.48136210441589355 0.9515077800491392 1.2978888750076294 0.959975004196167
291 0.6443190574645996 1.523891056529555 3.240893602371216 1.5380401611328125 0.48136210441589355 0.9515077800491392 1.2978888750076294 0.959975004196167
292 0.644381046295166 1.5241758361774231 3.2409329414367676 1.5379952192306519 0.48114651441574097 0.9515455688934991 1.297471284866333 0.9600340127944946
293 0.644458532333374 1.511551468864513 3.240511655807495 1.5381195545196533 0.4820564389228821 0.9711022632022184 1.3012773990631104 0.9591827392578125
294 0.6397066116333008 1.5076197958474435 3.2375388145446777 1.5287319421768188 0.4675121605396271 0.9676854377213202 1.2848482131958008 0.946160078048706
295 0.6400762796401978 1.507077055698208 3.2431488037109375 1.5302339792251587 0.4681001901626587 0.9682297728964208 1.255530834197998 0.9336819052696228
296 0.6400762796401978 1.507077055698208 3.2431488037109375 1.5302339792251587 0.4681001901626587 0.9682297728964208 1.255530834197998 0.9336819052696228
297 0.6404352188110352 1.5066521646371684 3.2433269023895264 1.530530333518982 0.46932339668273926 0.9688285818105057 1.2561841011047363 0.9342934489250183
298 0.6406846642494202 1.5063565344479326 3.2459959983825684 1.5306001901626587 0.4706849753856659 0.9680818310525657 1.2558000087738037 0.9335258603096008
299 0.6408987045288086 1.511745083326349 3.246584892272949 1.530689001083374 0.4709968864917755 0.9574431381397885 1.2536194324493408 0.9335801601409912
300 0.6414013504981995 1.5234385818524059 3.246433973312378 1.5381077527999878 0.4791906177997589 0.960879147954455 1.2619272470474243 0.9475587010383606
301 0.6414013504981995 1.5234385818524059 3.246433973312378 1.5381077527999878 0.4791906177997589 0.960879147954455 1.2619272470474243 0.9475587010383606
302 0.6445005536079407 1.5211171555380982 3.2462427616119385 1.542244553565979 0.4832605719566345 0.9615679655493656 1.2628792524337769 0.9507580399513245
303 0.6329649090766907 1.5112719383081223 3.244232416152954 1.5423144102096558 0.4693787395954132 0.9581251809111576 1.2525416612625122 0.9365221858024597
304 0.6336868405342102 1.5114287878779509 3.244018077850342 1.5399951934814453 0.4688873291015625 0.9595672281389634 1.2515499591827393 0.9370508193969727
305 0.643057107925415 1.525467182995394 3.2489280700683594 1.5541386604309082 0.4822917878627777 0.9554247459348878 1.2636162042617798 0.9594561457633972
306 0.643057107925415 1.525467182995394 3.2489280700683594 1.5541386604309082 0.4822917878627777 0.9554247459348878 1.2636162042617798 0.9594561457633972
307 0.6436819434165955 1.5247126409672243 3.2488415241241455 1.5540876388549805 0.4835767447948456 0.956027296358818 1.2642742395401 0.9597887396812439
308 0.6249803304672241 1.4933124790421686 3.2420644760131836 1.530419111251831 0.44521376490592957 0.9699793837043167 1.2283467054367065 0.9235392808914185
309 0.626074492931366 1.4956681492157766 3.2498509883880615 1.5295960903167725 0.4443705976009369 0.9673078486882548 1.2354533672332764 0.937056303024292
310 0.6289424300193787 1.5094660901791488 3.2509539127349854 1.5363799333572388 0.45331358909606934 0.9527224323677403 1.241600513458252 0.9428826570510864
311 0.6289424300193787 1.5094660901791488 3.2509539127349854 1.5363799333572388 0.45331358909606934 0.9527224323677403 1.241600513458252 0.9428826570510864
312 0.6381502151489258 1.5125168723066234 3.25435209274292 1.5445847511291504 0.4683975279331207 0.9555584472204598 1.251288890838623 0.9636682868003845
313 0.6367582082748413 1.5154191928949257 3.2563416957855225 1.5426671504974365 0.4692499339580536 0.9536744813335101 1.2416775226593018 0.9607987999916077
314 0.6354480981826782 1.514879434669281 3.2566077709198 1.5436882972717285 0.47040069103240967 0.9618351675083495 1.2546672821044922 0.9606987237930298
315 0.6368282437324524 1.5245617122230248 3.2568140029907227 1.5446217060089111 0.4716954827308655 0.9590877012659537 1.255708932876587 0.9613713026046753
316 0.6368282437324524 1.5245617122230248 3.2568140029907227 1.5446217060089111 0.4716954827308655 0.9590877012659537 1.255708932876587 0.9613713026046753
317 0.6391649842262268 1.4957102816739527 3.2544689178466797 1.5211561918258667 0.47276636958122253 1.002880987937357 1.2676342725753784 0.9724448919296265
318 0.6394774317741394 1.4988454372878213 3.253162384033203 1.5204625129699707 0.47160372138023376 0.998373371558774 1.2691420316696167 0.9711796045303345
319 0.6373991370201111 1.459275967219905 3.2523086071014404 1.5198726654052734 0.4698695242404938 1.034697687840062 1.2724740505218506 0.9673880338668823
320 0.637998640537262 1.457997551382378 3.251495599746704 1.5216845273971558 0.4709515869617462 1.035654163710369 1.2750623226165771 0.9675523638725281
321 0.637998640537262 1.457997551382378 3.251495599746704 1.5216845273971558 0.4709515869617462 1.035654163710369 1.2750623226165771 0.9675523638725281
322 0.6512443423271179 1.4740322965885397 3.2637314796447754 1.5424185991287231 0.5054824352264404 1.0378695956788544 1.31675386428833 0.9842475056648254
323 0.6522628664970398 1.4732549116907938 3.2628183364868164 1.544193148612976 0.5061758756637573 1.0442381335375466 1.3147426843643188 0.9882346391677856
324 0.6408323049545288 1.4607751226461532 3.2533836364746094 1.5250670909881592 0.4810131788253784 1.047886122930072 1.2932225465774536 0.9696916341781616
325 0.6393808126449585 1.476433818274211 3.2570230960845947 1.5231529474258423 0.48205429315567017 1.0529889628811595 1.289109230041504 0.9676271080970764
326 0.6393808126449585 1.476433818274211 3.2570230960845947 1.5231529474258423 0.48205429315567017 1.0529889628811595 1.289109230041504 0.9676271080970764
327 0.6384809613227844 1.4761986545573298 3.2569282054901123 1.5245716571807861 0.4809309244155884 1.05074999262842 1.28775155544281 0.9681249856948853
328 0.646323561668396 1.4573106578735255 3.2583532333374023 1.5405181646347046 0.49249085783958435 1.0591154596104013 1.2912517786026 0.9820455312728882
329 0.6464195847511292 1.457305142931384 3.2614548206329346 1.5406700372695923 0.49279358983039856 1.0589864238239728 1.2819232940673828 0.9821741580963135
330 0.6525282263755798 1.4684947214007487 3.2666001319885254 1.5567808151245117 0.5116914510726929 1.0390073852515944 1.2978622913360596 0.9865407943725586
331 0.6525282263755798 1.4684947214007487 3.2666001319885254 1.5567808151245117 0.5116914510726929 1.0390073852515944 1.2978622913360596 0.9865407943725586
332 0.6498403549194336 1.457383855966641 3.2565813064575195 1.5560779571533203 0.5118209719657898 1.0520889925654877 1.2746171951293945 0.9807183742523193
333 0.6512062549591064 1.4551693330609647 3.256124973297119 1.554846167564392 0.5093391537666321 1.0523364467256273 1.272404670715332 0.9772409200668335
334 0.6512062549591064 1.4551693330609647 3.256124973297119 1.554846167564392 0.5093391537666321 1.0523364467256273 1.272404670715332 0.9772409200668335
335 0.6501876711845398 1.4456122721628848 3.256746292114258 1.553889274597168 0.5013582706451416 1.0562385262889074 1.270126461982727 0.9731719493865967
336 0.6501876711845398 1.4456122721628848 3.256746292114258 1.553889274597168 0.5013582706451416 1.0562385262889074 1.270126461982727 0.9731719493865967
337 0.649750828742981 1.4633121476753095 3.256910562515259 1.553951621055603 0.5003488659858704 1.041276294302143 1.2693284749984741 0.9734721183776855
338 0.6461623907089233 1.4987448195777722 3.250441551208496 1.5395113229751587 0.4759386479854584 1.028933158452105 1.2319351434707642 0.9627052545547485
339 0.6474196910858154 1.4976786605308323 3.2503583431243896 1.5345818996429443 0.47904354333877563 1.030542238049748 1.2345792055130005 0.9619277715682983
340 0.6474000215530396 1.497754500735565 3.2501702308654785 1.5345743894577026 0.47906026244163513 1.0304563484235223 1.24335777759552 0.9619178771972656
341 0.6474000215530396 1.497754500735565 3.2501702308654785 1.5345743894577026 0.47906026244163513 1.0304563484235223 1.24335777759552 0.9619178771972656
342 0.6480491161346436 1.5148355220917984 3.2511093616485596 1.5341453552246094 0.47922125458717346 1.0147997873861043 1.241786241531372 0.9612208604812622
343 0.6478863954544067 1.5147720732336054 3.253157138824463 1.5341769456863403 0.4793800413608551 1.014742323679732 1.2391562461853027 0.9610660672187805
344 0.6488011479377747 1.5175815116063487 3.253303289413452 1.5352870225906372 0.48142555356025696 1.0138148336464103 1.2425367832183838 0.9630067944526672
345 0.6511284708976746 1.5170306845505384 3.255039930343628 1.5371060371398926 0.4822535812854767 1.0139304936272502 1.2464886903762817 0.9657407402992249
346 0.6511284708976746 1.5170306845505384 3.255039930343628 1.5371060371398926 0.4822535812854767 1.0139304936272502 1.2464886903762817 0.9657407402992249
347 0.6503832936286926 1.5221104001681016 3.256662130355835 1.5380380153656006 0.48170676827430725 1.0132472972599986 1.2359440326690674 0.9644073247909546
348 0.6502944231033325 1.5305381137734597 3.2581675052642822 1.5433446168899536 0.49043703079223633 1.0050264659396917 1.2425150871276855 0.9668617844581604
349 0.6528745293617249 1.5346093379840704 3.261645555496216 1.5432078838348389 0.49396854639053345 0.9984169892798027 1.2503324747085571 0.9679518342018127
350 0.6421441435813904 1.5087148737779905 3.261916160583496 1.5423216819763184 0.4848477244377136 0.9932110566903137 1.2450352907180786 0.9709796905517578
351 0.6421441435813904 1.5087148737779905 3.261916160583496 1.5423216819763184 0.4848477244377136 0.9932110566903137 1.2450352907180786 0.9709796905517578
352 0.6442259550094604 1.5105865054551049 3.2567577362060547 1.542282223701477 0.48479339480400085 0.9907431100641853 1.2724924087524414 0.9700523614883423
353 0.6441935300827026 1.5105957663943044 3.255502939224243 1.5399655103683472 0.484713077545166 0.9907825396113824 1.273356556892395 0.971417248249054
354 0.6406724452972412 1.50642662002898 3.252615213394165 1.5336772203445435 0.47502797842025757 0.9959802083545851 1.266099452972412 0.965125560760498
355 0.6401825547218323 1.501099983366622 3.2517218589782715 1.5342036485671997 0.4747543931007385 0.9955005965204332 1.2674232721328735 0.9672850966453552
356 0.6401825547218323 1.501099983366622 3.2517218589782715 1.5342036485671997 0.4747543931007385 0.9955005965204332 1.2674232721328735 0.9672850966453552
357 0.6418174505233765 1.5025440445761813 3.252605676651001 1.529099464416504 0.4745107591152191 0.9957771001510176 1.2652617692947388 0.9798673391342163
358 0.6410777568817139 1.5006603148910296 3.251438856124878 1.5259628295898438 0.47418126463890076 0.9962591027960898 1.2769721746444702 0.9838140606880188
359 0.641173779964447 1.5000870683177348 3.2512874603271484 1.5259907245635986 0.47454139590263367 0.997086478636698 1.2774043083190918 0.9835548996925354
360 0.6364896893501282 1.4948469432740599 3.2493951320648193 1.5223134756088257 0.4696236848831177 0.9974028667196672 1.2710729837417603 0.9759860038757324
361 0.6364896893501282 1.4948469432740599 3.2493951320648193 1.5223134756088257 0.4696236848831177 0.9974028667196672 1.2710729837417603 0.9759860038757324
362 0.6401044130325317 1.4985542080575607 3.250936985015869 1.5212897062301636 0.4694669842720032 0.9929267074429156 1.26726496219635 0.9799728989601135
363 0.6404721140861511 1.342824565629079 3.2507832050323486 1.5209970474243164 0.4702620506286621 1.1222116703250615 1.2746293544769287 0.97943514585495
364 0.6404688954353333 1.3427780076504836 3.250765085220337 1.5209999084472656 0.4703526198863983 1.1222273135429939 1.2746152877807617 0.9794005751609802
365 0.6391996145248413 1.3439216449591918 3.2493317127227783 1.5214250087738037 0.47102200984954834 1.1209875791566932 1.277864933013916 0.9804126620292664
366 0.6391996145248413 1.3439216449591918 3.2493317127227783 1.5214250087738037 0.47102200984954834 1.1209875791566932 1.277864933013916 0.9804126620292664
367 0.6397824287414551 1.4091944443999214 3.24906063079834 1.5214779376983643 0.47194185853004456 1.0348319994406059 1.2746413946151733 0.9821583032608032
368 0.6398822665214539 1.422500609860438 3.248974323272705 1.5213555097579956 0.4721069037914276 1.0256152674430814 1.273836374282837 0.9824251532554626
369 0.641014039516449 1.3984259366083667 3.2511374950408936 1.5243247747421265 0.48586761951446533 1.041818516829167 1.284127950668335 0.9857801795005798
370 0.6383627653121948 1.417735708569488 3.248849391937256 1.5209760665893555 0.4782562255859375 1.0237254041591144 1.2751175165176392 0.9898155331611633
371 0.6383627653121948 1.417735708569488 3.248849391937256 1.5209760665893555 0.4782562255859375 1.0237254041591144 1.2751175165176392 0.9898155331611633
372 0.639903724193573 1.418913005545054 3.2489991188049316 1.5210716724395752 0.48137664794921875 1.0298384671149918 1.2797510623931885 0.9887869358062744
373 0.6361492276191711 1.4196489689921379 3.2447056770324707 1.5190767049789429 0.47838300466537476 1.0310506958518744 1.2737876176834106 0.9899979829788208
374 0.6352185606956482 1.3919286644122804 3.2411112785339355 1.5190244913101196 0.47701191902160645 1.0467257961865744 1.288757562637329 0.9901881814002991
375 0.6352267861366272 1.3985858697193507 3.2429659366607666 1.5187554359436035 0.4773057997226715 1.0408169964334557 1.287108063697815 0.9887312054634094
376 0.6352267861366272 1.3985858697193507 3.2429659366607666 1.5187554359436035 0.4773057997226715 1.0408169964334557 1.287108063697815 0.9887312054634094
377 0.6352570056915283 1.3957569466014117 3.242103338241577 1.5190542936325073 0.4795238673686981 1.0429008672005524 1.288044810295105 0.9880075454711914
378 0.6441287994384766 1.391879571328515 3.247810125350952 1.5347546339035034 0.49338987469673157 1.0705018076475925 1.310983657836914 1.0640082359313965
379 0.6412162184715271 1.3887172927604927 3.2450454235076904 1.5338932275772095 0.491043359041214 1.079882258790006 1.3078304529190063 1.0775278806686401
380 0.6412162184715271 1.3887172927604927 3.2446508407592773 1.5338932275772095 0.491043359041214 1.079882258790006 1.308207392692566 1.0775278806686401
381 0.6412162184715271 1.3887172927604927 3.2446508407592773 1.5338932275772095 0.491043359041214 1.079882258790006 1.308207392692566 1.0775278806686401
382 0.6410260200500488 1.3891921466420234 3.2447433471679688 1.5337910652160645 0.4907507002353668 1.079827093931097 1.307895541191101 1.077593445777893
383 0.6410268545150757 1.3890638786307776 3.2443315982818604 1.5276546478271484 0.4907395839691162 1.0801484614373449 1.3045154809951782 1.0481634140014648
384 0.6432319283485413 1.388036900449767 3.244983196258545 1.525757908821106 0.49429795145988464 1.0811700121079642 1.3098399639129639 1.0614491701126099
385 0.6437132954597473 1.387430863966982 3.2457616329193115 1.5256555080413818 0.4948103725910187 1.0824719421694735 1.310804843902588 1.061636209487915
386 0.6437132954597473 1.387430863966982 3.2457616329193115 1.5256555080413818 0.4948103725910187 1.0824719421694735 1.310804843902588 1.061636209487915
387 0.6437132954597473 1.387430863966982 3.2457616329193115 1.5256555080413818 0.4948103725910187 1.0824719421694735 1.310804843902588 1.061636209487915
388 0.6504114270210266 1.383334765093625 3.2495415210723877 1.532665491104126 0.4990823268890381 1.0865208977382241 1.313279390335083 1.0641366243362427
389 0.6607992053031921 1.3739075710897743 3.2524709701538086 1.5343880653381348 0.5071379542350769 1.0942270161253724 1.3309019804000854 1.0800517797470093
390 0.6609350442886353 1.373442057031824 3.2539420127868652 1.5429641008377075 0.5065291523933411 1.0943108067906901 1.3327091932296753 1.0912668704986572
391 0.6609350442886353 1.373442057031824 3.2539420127868652 1.5429641008377075 0.5065291523933411 1.0943108067906901 1.3327091932296753 1.0912668704986572
392 0.6605080962181091 1.3727839388453906 3.2541840076446533 1.542680025100708 0.5060317516326904 1.0944661250505978 1.336124062538147 1.0908806324005127
393 0.6611954569816589 1.3730954002609048 3.2567298412323 1.542702078819275 0.507412314414978 1.0939189912633709 1.33808171749115 1.090815782546997
394 0.6466660499572754 1.4056683789473217 3.2524797916412354 1.5257599353790283 0.4743938744068146 1.0699370654243092 1.2987874746322632 1.0685791969299316
395 0.6443309187889099 1.4043831429963416 3.2495789527893066 1.5241273641586304 0.4763970673084259 1.076358217514564 1.30264151096344 1.0675560235977173
396 0.6443309187889099 1.4043831429963416 3.2495789527893066 1.5241273641586304 0.4763970673084259 1.076358217514564 1.30264151096344 1.0675560235977173
397 0.6468703150749207 1.4161904653636694 3.250490665435791 1.5385947227478027 0.474873423576355 1.056032816054957 1.2940131425857544 1.0691841840744019
398 0.6484376788139343 1.4899376938364168 3.2520084381103516 1.5460610389709473 0.48444247245788574 1.027910362593915 1.3078947067260742 1.0752904415130615
399 0.6500400304794312 1.4909422367963687 3.2521305084228516 1.546376347541809 0.4858154356479645 1.0286554193468864 1.3110485076904297 1.0762789249420166
400 0.6516998410224915 1.485548056136851 3.252455472946167 1.545789122581482 0.48778173327445984 1.0357195729486914 1.312254548072815 1.0780526399612427
401 0.6516998410224915 1.485548056136851 3.252455472946167 1.545789122581482 0.48778173327445984 1.0357195729486914 1.312254548072815 1.0780526399612427
402 0.6506022214889526 1.482209631786578 3.2533206939697266 1.5466562509536743 0.489631325006485 1.0355173602265615 1.313531756401062 1.078690528869629
403 0.6506022214889526 1.482209631786578 3.2540910243988037 1.5466562509536743 0.489631325006485 1.0355173602265615 1.3170192241668701 1.078690528869629
404 0.6505494117736816 1.4821507235456612 3.2542407512664795 1.5466417074203491 0.4894765317440033 1.0356110826001734 1.3139681816101074 1.078680157661438
405 0.6505396366119385 1.482658373025433 3.2544031143188477 1.5477349758148193 0.49097809195518494 1.0351560347010282 1.3171546459197998 1.0519752502441406
406 0.6505396366119385 1.482658373025433 3.2544031143188477 1.5477349758148193 0.49097809195518494 1.0351560347010282 1.3171546459197998 1.0519752502441406
407 0.6511946320533752 1.4831222647293192 3.253923177719116 1.5402593612670898 0.4903436005115509 1.030757554834857 1.3121461868286133 1.0431013107299805
408 0.6511946320533752 1.4831222647293192 3.254458427429199 1.540023684501648 0.4903436005115509 1.030757554834857 1.3096030950546265 1.0420726537704468
409 0.6610903143882751 1.4597132199311689 3.257213830947876 1.5514551401138306 0.5170619487762451 1.0451139371399136 1.3352138996124268 1.0639731884002686
410 0.6564767956733704 1.4391179938829637 3.25350284576416 1.5452924966812134 0.5076206922531128 1.0568607889254833 1.3273135423660278 1.0568495988845825
411 0.6564767956733704 1.4391179938829637 3.25350284576416 1.5452924966812134 0.5076206922531128 1.0568607889254833 1.3273135423660278 1.0568495988845825
412 0.664834201335907 1.4450406641972309 3.2614989280700684 1.5665295124053955 0.5128304362297058 1.0570593711214393 1.330567479133606 1.0740172863006592
413 0.6624161601066589 1.4411492943906234 3.262183666229248 1.5361822843551636 0.5128136277198792 1.0585095601904981 1.3388423919677734 1.0733778476715088
414 0.6628063917160034 1.4407323227852407 3.2618215084075928 1.5359197854995728 0.5137876272201538 1.0582561562304018 1.3378936052322388 1.0729120969772339
415 0.662889301776886 1.4398654854171196 3.261908531188965 1.535609245300293 0.5143741965293884 1.0585669481936 1.337972640991211 1.0731927156448364
416 0.662889301776886 1.4398654854171196 3.261908531188965 1.535609245300293 0.5143741965293884 1.0585669481936 1.337972640991211 1.0731927156448364
417 0.6622865200042725 1.4367431945175984 3.260678768157959 1.5384715795516968 0.5144324898719788 1.0608009136765915 1.3474842309951782 1.075364589691162
418 0.661780595779419 1.4384568184865338 3.260624408721924 1.5383366346359253 0.5137506723403931 1.0613823226103176 1.3469586372375488 1.0748564004898071
419 0.6609994173049927 1.4373588560158495 3.26047420501709 1.537950038909912 0.5118587017059326 1.0614186664578455 1.3458867073059082 1.0739396810531616
420 0.6500162482261658 1.4479408621425227 3.260058641433716 1.530853033065796 0.505513608455658 1.0594212110812626 1.3245455026626587 1.0632458925247192
421 0.6500162482261658 1.4479408621425227 3.260058641433716 1.530853033065796 0.505513608455658 1.0594212110812626 1.3245455026626587 1.0632458925247192
422 0.6497020721435547 1.447542565062887 3.2583370208740234 1.526389479637146 0.5049498677253723 1.059649951566804 1.3241180181503296 1.0463987588882446
423 0.6502366065979004 1.4478947808391085 3.2588000297546387 1.5262953042984009 0.5049874782562256 1.059266228764815 1.3232314586639404 1.0470645427703857
424 0.6514997482299805 1.442166820156748 3.2585978507995605 1.5268603563308716 0.5100563764572144 1.0714874823915506 1.329978346824646 1.0469175577163696
425 0.6514997482299805 1.442166820156748 3.2585978507995605 1.5268603563308716 0.5100563764572144 1.0714874823915506 1.329978346824646 1.0469175577163696
426 0.6514997482299805 1.442166820156748 3.2585978507995605 1.5268603563308716 0.5100563764572144 1.0714874823915506 1.329978346824646 1.0469175577163696
427 0.6490177512168884 1.4436784319734843 3.26521372795105 1.5258021354675293 0.507755696773529 1.072026148404123 1.3459917306900024 1.0431371927261353
428 0.6474824547767639 1.446152435881362 3.265218496322632 1.5218908786773682 0.5059937238693237 1.0696367205886683 1.34609055519104 1.0355126857757568
429 0.6493552923202515 1.4419968370085388 3.2652528285980225 1.5232616662979126 0.5101673007011414 1.0733611638210847 1.3516850471496582 1.0349581241607666
430 0.6489728093147278 1.4417106957934183 3.2652060985565186 1.5232822895050049 0.5099502205848694 1.073274990173531 1.3515616655349731 1.0345993041992188
431 0.6489728093147278 1.4417106957934183 3.2652060985565186 1.5232822895050049 0.5099502205848694 1.073274990173531 1.3515616655349731 1.0345993041992188
432 0.6511242389678955 1.440902986237025 3.2653067111968994 1.522861123085022 0.5095010995864868 1.0739553250097755 1.3520065546035767 1.0343236923217773
433 0.6517813205718994 1.4408587831138355 3.2646076679229736 1.5200382471084595 0.5107629895210266 1.0743883533735508 1.3565565347671509 1.032395839691162
434 0.64441978931427 1.4491435371973533 3.254150867462158 1.4981783628463745 0.49324336647987366 1.0725000772558013 1.3389942646026611 1.0084879398345947
435 0.6489648818969727 1.4446403343632088 3.25191593170166 1.4994724988937378 0.5025044679641724 1.0817645887978442 1.3458563089370728 1.0126051902770996
436 0.6489648818969727 1.4446403343632088 3.25191593170166 1.4994724988937378 0.5025044679641724 1.0817645887978442 1.3458563089370728 1.0126051902770996
437 0.6457372903823853 1.4396636580003788 3.251577138900757 1.5000778436660767 0.5017732381820679 1.0885076385699852 1.3510987758636475 1.012498378753662
438 0.6411153674125671 1.4332017566072035 3.2488179206848145 1.4943184852600098 0.49026012420654297 1.0918808196915537 1.336462140083313 1.0051767826080322
439 0.6447595357894897 1.4348638093831145 3.25101637840271 1.4946452379226685 0.4944261610507965 1.096832564143909 1.3391386270523071 1.003029227256775
440 0.6460238695144653 1.4379171278525846 3.2512454986572266 1.4959652423858643 0.4963735044002533 1.0955479169046218 1.340955138206482 1.0056002140045166
441 0.6460238695144653 1.4379171278525846 3.2512454986572266 1.4959652423858643 0.4963735044002533 1.0955479169046218 1.340955138206482 1.0056002140045166
442 0.6450694799423218 1.4360040282832258 3.2511346340179443 1.4960857629776 0.4949967861175537 1.0960988452378198 1.3418160676956177 1.0040911436080933
443 0.6456666588783264 1.4625391554226874 3.250746011734009 1.4932990074157715 0.4983121156692505 1.0940997643741501 1.3434466123580933 1.002856731414795
444 0.6460169553756714 1.4594098842356953 3.2499899864196777 1.493578553199768 0.49841198325157166 1.0932421188825254 1.346327543258667 1.0036617517471313
445 0.6413600444793701 1.4722516451878578 3.2444558143615723 1.488843321800232 0.49346408247947693 1.0883174094594716 1.3390514850616455 0.9962102174758911
446 0.6413600444793701 1.4722516451878578 3.2444558143615723 1.488843321800232 0.49346408247947693 1.0883174094594716 1.3390514850616455 0.9962102174758911
447 0.6420286893844604 1.4760964234251508 3.244746685028076 1.4890116453170776 0.49449285864830017 1.085570943976091 1.3393551111221313 0.9968448877334595
448 0.6457781195640564 1.4668041415779243 3.242337226867676 1.4865758419036865 0.5069644451141357 1.0929745117646006 1.3415716886520386 0.99769127368927
449 0.6412398815155029 1.4602018781036035 3.240952968597412 1.4831708669662476 0.49310949444770813 1.0939116777293503 1.3331116437911987 0.9963922500610352
450 0.6408179402351379 1.461628701633277 3.2409512996673584 1.4833027124404907 0.49174585938453674 1.0918260817574492 1.3310962915420532 0.9957287907600403
451 0.6408179402351379 1.461628701633277 3.240948438644409 1.4832978248596191 0.49174585938453674 1.0918260817574492 1.3310960531234741 0.995700478553772
452 0.6408066749572754 1.4826626398097487 3.2386341094970703 1.483303189277649 0.49172714352607727 1.0816988136685373 1.338896632194519 0.9957029819488525
453 0.6443647742271423 1.4726651505658295 3.23948073387146 1.4871044158935547 0.4925883114337921 1.0839851106190828 1.3439487218856812 1.0021311044692993
454 0.6413706541061401 1.4648143304043584 3.2402212619781494 1.4852944612503052 0.491841197013855 1.0870937681675197 1.3409186601638794 0.9996742606163025
455 0.6414486169815063 1.4630188830501263 3.2411742210388184 1.4858722686767578 0.493692010641098 1.0897272503456497 1.3388606309890747 1.0003420114517212
456 0.6414486169815063 1.4630188830501263 3.2411742210388184 1.4858722686767578 0.493692010641098 1.0897272503456497 1.3388606309890747 1.0003420114517212
457 0.6394197940826416 1.4676991697245934 3.2410268783569336 1.484786033630371 0.4905502498149872 1.0851902523560637 1.3378568887710571 0.9993187189102173
458 0.6406562328338623 1.4448771241163192 3.241478204727173 1.4853590726852417 0.4919855296611786 1.0702547367446842 1.3487495183944702 1.0006065368652344
459 0.642185628414154 1.4419839415152094 3.241661548614502 1.4858794212341309 0.49372559785842896 1.0705251974288963 1.3454729318618774 1.001815915107727
460 0.6420644521713257 1.4478456352715463 3.2415695190429688 1.486204743385315 0.49360862374305725 1.0665082778758002 1.3440724611282349 1.0014537572860718
461 0.6420644521713257 1.4478456352715463 3.2415695190429688 1.486204743385315 0.49360862374305725 1.0665082778758002 1.3440724611282349 1.0014537572860718
462 0.642371654510498 1.4470058928382392 3.2427525520324707 1.4907636642456055 0.49731460213661194 1.0660076296902026 1.3466072082519531 1.0099940299987793
463 0.6439746022224426 1.4462003323128512 3.243534803390503 1.4939734935760498 0.5005358457565308 1.0663078349208 1.348819613456726 1.013646125793457
464 0.6441784501075745 1.44617471861996 3.2429330348968506 1.3842041492462158 0.5004364848136902 1.066323976361744 1.359053134918213 1.1548837423324585
465 0.6441568732261658 1.4460502717209567 3.2442305088043213 1.3841296434402466 0.50055992603302 1.0662547626874759 1.3491888046264648 1.154766321182251
466 0.6441568732261658 1.4460502717209567 3.2442305088043213 1.3841296434402466 0.50055992603302 1.0662547626874759 1.3491888046264648 1.154766321182251
467 0.6425604820251465 1.4429040283166827 3.2435309886932373 1.3832013607025146 0.49987754225730896 1.0662544523833943 1.330958366394043 1.1525061130523682
468 0.6399349570274353 1.437560681330487 3.242285966873169 1.3834606409072876 0.5015807747840881 1.0656169911376154 1.3309680223464966 1.1446484327316284
469 0.6430635452270508 1.4379181936155303 3.2430193424224854 1.3848515748977661 0.50428307056427 1.0664525382502164 1.3335410356521606 1.146373987197876
470 0.6420750617980957 1.3819852890726378 3.241773843765259 1.383710265159607 0.5012373924255371 1.1107932338538489 1.3345788717269897 1.143554449081421
471 0.6420750617980957 1.3819852890726378 3.241773843765259 1.383710265159607 0.5012373924255371 1.1107932338538489 1.3345788717269897 1.143554449081421
472 0.6412528157234192 1.3778447727013208 3.240963935852051 1.3837707042694092 0.5010809302330017 1.117082315226567 1.3333148956298828 1.1439588069915771
473 0.6406876444816589 1.3788004786834638 3.2422099113464355 1.4930305480957031 0.499348521232605 1.115267582916611 1.3182756900787354 1.0017046928405762
474 0.641920268535614 1.3931108758436492 3.2426304817199707 1.4928861856460571 0.5050279498100281 1.1151035714336746 1.3250243663787842 1.001193881034851
475 0.6373917460441589 1.4697185253326324 3.239400863647461 1.4863593578338623 0.5030061602592468 1.0957238327410233 1.3233230113983154 0.9942532777786255
476 0.6373917460441589 1.4697185253326324 3.239400863647461 1.4863593578338623 0.5030061602592468 1.0957238327410233 1.3233230113983154 0.9942532777786255
477 0.6429335474967957 1.4697295274205497 3.2415881156921387 1.4862077236175537 0.5096044540405273 1.0977869887008969 1.3290579319000244 0.9853571057319641
478 0.6464798450469971 1.4708777876465526 3.2425642013549805 1.4896130561828613 0.5176185369491577 1.0932487837007008 1.3328323364257813 0.9891789555549622
479 0.6474511623382568 1.4550505291827576 3.242356061935425 1.4937949180603027 0.5178808569908142 1.143850331416901 1.3366892337799072 0.9978964924812317
480 0.6465794444084167 1.4563852445609602 3.242110013961792 1.493557333946228 0.5153222680091858 1.1398501461979331 1.344268560409546 0.9972358345985413
481 0.6465794444084167 1.4563852445609602 3.242110013961792 1.493557333946228 0.5153222680091858 1.1398501461979331 1.344268560409546 0.9972358345985413
482 0.6465648412704468 1.456446736629684 3.2421441078186035 1.4935121536254883 0.5155313611030579 1.1396560792052914 1.3442332744598389 0.9972420334815979
483 0.647300660610199 1.4607439265628894 3.241704225540161 1.4932527542114258 0.5171688199043274 1.1382373336741958 1.344506025314331 0.9947120547294617
484 0.6476795077323914 1.460621274875948 3.2410686016082764 1.493139386177063 0.5176795721054077 1.138357757027699 1.3467568159103394 0.9948874711990356
485 0.6527093052864075 1.470935833163221 3.2414655685424805 1.4959269762039185 0.5168367028236389 1.1369433015613764 1.3398810625076294 1.0101354122161865
486 0.6527093052864075 1.470935833163221 3.2414655685424805 1.4959269762039185 0.5168367028236389 1.1369433015613764 1.3398810625076294 1.0101354122161865
487 0.6446807980537415 1.516328057565999 3.241384744644165 1.5056312084197998 0.5053514242172241 1.0857060763138202 1.3307855129241943 1.0296673774719238
488 0.6447351574897766 1.5163955854136462 3.2407431602478027 1.5056551694869995 0.5053423047065735 1.0856619707816002 1.3246874809265137 1.0296040773391724
489 0.6473950147628784 1.5188761735936496 3.2412900924682617 1.5053834915161133 0.5049737691879272 1.0844916035833345 1.322554588317871 1.0330435037612915
490 0.6466564536094666 1.5408285677083937 3.241218328475952 1.5072145462036133 0.5059080719947815 1.0975892324615508 1.3265122175216675 1.0422793626785278
491 0.6466564536094666 1.5408285677083937 3.241218328475952 1.5072145462036133 0.5059080719947815 1.0975892324615508 1.3265122175216675 1.0422793626785278
492 0.6467916369438171 1.5399313798118277 3.241231679916382 1.5089930295944214 0.5059506893157959 1.097181598677111 1.3257853984832764 1.0425984859466553
493 0.651016354560852 1.5262763318044354 3.241699695587158 1.50942862033844 0.5114951729774475 1.09234953625883 1.3282521963119507 1.0447437763214111
494 0.6505444645881653 1.5280791467900552 3.243743419647217 1.5190198421478271 0.5101296305656433 1.0950152015283465 1.3342015743255615 1.064817190170288
495 0.6521451473236084 1.4199935022033414 3.2442076206207275 1.5187522172927856 0.5137430429458618 1.0695841533661072 1.330446481704712 1.0628466606140137
496 0.6521451473236084 1.4199935022033414 3.2442076206207275 1.5187522172927856 0.5137430429458618 1.0695841533661072 1.330446481704712 1.0628466606140137
497 0.6566900610923767 1.4017355878270397 3.2444753646850586 1.5155234336853027 0.5186501741409302 1.1042303351807217 1.3333243131637573 1.0631989240646362
498 0.6550256013870239 1.408932574593309 3.24458646774292 1.512031078338623 0.5139082074165344 1.0983889201814554 1.3260635137557983 1.0623385906219482
499 0.6538299322128296 1.4113354741399629 3.243846893310547 1.5001975297927856 0.5114539265632629 1.0964528316134419 1.3167067766189575 1.0881578922271729
500 0.6527458429336548 1.4111374924621074 3.244077205657959 1.5018562078475952 0.5093218684196472 1.0970337479672652 1.3186047077178955 1.087153434753418
