init 0.65753573179245 6.6507700052521885 3.2980380058288574 1.5028364658355713 0.0 0.0 0.0 0.0
1 0.65753573179245 6.650701736982832 3.2980380058288574 1.5028364658355713 0.0 0.00045692819607167815 0.00011723633360816166 0.0
2 0.7005710601806641 6.646728706767915 3.3205292224884033 1.5218873023986816 0.23440156877040863 0.943599364622205 0.3548504412174225 0.2554837763309479
3 0.7154397368431091 6.649330548723019 3.3483479022979736 1.6199381351470947 0.3023281991481781 0.7519337988521616 0.47625312209129333 0.6899340748786926
4 0.7206827402114868 6.6484313518853195 3.3385725021362305 1.6313141584396362 0.3260737359523773 0.8145533928888131 0.5115293860435486 0.7262091636657715
5 0.7273724675178528 6.646558859669942 3.3418216705322266 1.6597490310668945 0.3654833137989044 0.8407197941666668 0.5784696340560913 0.7675961256027222
6 0.7273724675178528 6.646558859669942 3.3418216705322266 1.6597490310668945 0.3654833137989044 0.8407197941666668 0.5784696340560913 0.7675961256027222
7 0.744223952293396 6.6423356582182915 3.3388168811798096 1.672310471534729 0.4073652923107147 0.2724834483779965 0.5848121643066406 0.7600067257881165
8 0.7452219724655151 6.649750253612379 3.337244749069214 1.6657261848449707 0.4033968448638916 0.26249720998152165 0.5853598117828369 0.7321738600730896
9 0.7450779676437378 6.6497377081873825 3.3377935886383057 1.665373682975769 0.4035950303077698 0.26202786247543164 0.57652747631073 0.7320603728294373
10 0.7498207688331604 6.650023270972912 3.3418805599212646 1.665942668914795 0.40641459822654724 0.2584009290235397 0.628564178943634 0.7357378005981445
11 0.7498207688331604 6.650023270972912 3.3418805599212646 1.665942668914795 0.40641459822654724 0.2584009290235397 0.628564178943634 0.7357378005981445
12 0.757091224193573 6.6495611086826285 3.3371424674987793 1.6719506978988647 0.41057372093200684 0.25625458753536245 0.6405355930328369 0.7400202751159668
13 0.7575640678405762 6.649574236283064 3.343712568283081 1.6720213890075684 0.4123438596725464 0.25843302253739814 0.6868835091590881 0.740182101726532
14 0.753940761089325 6.649293082132445 3.335599184036255 1.6190037727355957 0.40021395683288574 0.26796596298626363 0.7493483424186707 0.7178742289543152
15 0.7542819976806641 6.652520049017888 3.3339385986328125 1.622464656829834 0.3813830316066742 0.2740532168102007 0.7417552471160889 0.7144982218742371
16 0.7542819976806641 6.652520049017888 3.3339385986328125 1.622464656829834 0.3813830316066742 0.2740532168102007 0.7417552471160889 0.7144982218742371
17 0.760161280632019 6.649507010303683 3.332493543624878 1.6255313158035278 0.3984101712703705 0.2654688499754043 0.7496195435523987 0.7258358001708984
18 0.7588880062103271 6.6492554394700685 3.331773042678833 1.6228063106536865 0.3963916599750519 0.26329867203037466 0.7457011342048645 0.7167420983314514
19 0.7637900114059448 6.663886111526828 3.3342626094818115 1.6211179494857788 0.4104398488998413 0.2721015341516421 0.7109805345535278 0.7195940613746643
20 0.7585599422454834 6.666082454644767 3.3398025035858154 1.618484377861023 0.3907032310962677 0.28326933031423757 0.6804960370063782 0.7079560160636902
21 0.7585599422454834 6.666082454644767 3.3398025035858154 1.618484377861023 0.3907032310962677 0.28326933031423757 0.6804960370063782 0.7079560160636902
22 0.7583199739456177 6.656112978828311 3.3378055095672607 1.618896245956421 0.38777291774749756 0.3061384396664894 0.6764215230941772 0.7094969153404236
23 0.7471880912780762 6.656890344162552 3.3407771587371826 1.6507196426391602 0.36645129323005676 0.30591653951540687 0.6819010972976685 0.8962397575378418
24 0.7465577721595764 6.657375234750122 3.342097759246826 1.6493557691574097 0.36683863401412964 0.3102668927017658 0.6809478402137756 0.8966821432113647
25 0.7465577721595764 6.651167261242293 3.3415915966033936 1.647017002105713 0.36683863401412964 0.3568618352255923 0.6782042384147644 0.8665104508399963
26 0.7465577721595764 6.651167261242293 3.3415915966033936 1.647017002105713 0.36683863401412964 0.3568618352255923 0.6782042384147644 0.8665104508399963
27 0.747209906578064 6.638339548909943 3.3442180156707764 1.6487380266189575 0.3667841851711273 0.39868251530842774 0.7143842577934265 0.8708459734916687
28 0.7499730587005615 6.636580426266716 3.34499454498291 1.652299404144287 0.38232406973838806 0.3965551702354256 0.7257179617881775 0.9073933959007263
29 0.7519734501838684 6.636764475698373 3.344510078430176 1.6565102338790894 0.38256990909576416 0.40943480362079776 0.7715545296669006 0.9053040146827698
30 0.7522790431976318 6.6369348750445605 3.3454434871673584 1.657057523727417 0.38400402665138245 0.40707829571735527 0.7729035019874573 0.9059327840805054
31 0.7522790431976318 6.6369348750445605 3.3454434871673584 1.657057523727417 0.38400402665138245 0.40707829571735527 0.7729035019874573 0.9059327840805054
32 0.753145158290863 6.636155244754201 3.345334529876709 1.656520128250122 0.37842223048210144 0.4169947998173506 0.7725107669830322 0.8996006846427917
33 0.7558407187461853 6.635149461673143 3.354076862335205 1.657302737236023 0.38090914487838745 0.4040518321091503 0.780484676361084 0.8990874290466309
34 0.7543185949325562 6.636008535071738 3.3486571311950684 1.657418131828308 0.37867000699043274 0.4135947461429851 0.7655238509178162 0.8992194533348083
35 0.7641066312789917 6.637488515689332 3.351907730102539 1.6535530090332031 0.38961678743362427 0.40730689327802555 0.7694408893585205 0.9075065851211548
36 0.7641066312789917 6.637488515689332 3.351907730102539 1.6535530090332031 0.38961678743362427 0.40730689327802555 0.7694408893585205 0.9075065851211548
37 0.7565016150474548 6.635563879897718 3.3472964763641357 1.650156855583191 0.3860381245613098 0.40623074785480423 0.7765608429908752 0.900932252407074
38 0.7564162015914917 6.6355331875967645 3.3454630374908447 1.650225281715393 0.38601577281951904 0.406739945490826 0.8004031777381897 0.9008457064628601
39 0.7648798227310181 6.636651175332303 3.3467533588409424 1.6515649557113647 0.39495769143104553 0.4018188365770985 0.8149635791778564 0.9019301533699036
40 0.7656506299972534 6.636158302952927 3.3471603393554688 1.6482163667678833 0.3976810872554779 0.4000938325818237 0.8137542605400085 0.9081429839134216
41 0.7656506299972534 6.636158302952927 3.3471603393554688 1.6482163667678833 0.3976810872554779 0.4000938325818237 0.8137542605400085 0.9081429839134216
42 0.7656506299972534 6.636158302952927 3.347290277481079 1.6297059059143066 0.3976810872554779 0.4000938325818237 0.8123874068260193 0.9147047996520996
43 0.7690179944038391 6.637542197242579 3.331329107284546 1.6307666301727295 0.4198130667209625 0.3937917216673216 0.8770954608917236 0.9261375069618225
44 0.7676979899406433 6.634437418342619 3.3234121799468994 1.6341849565505981 0.41959908604621887 0.37078114877948337 0.8727578520774841 0.9281432032585144
45 0.7677589654922485 6.632647037648745 3.3249759674072266 1.640726089477539 0.42143523693084717 0.3923428743456079 0.8732401728630066 0.9245391488075256
46 0.7677589654922485 6.632647037648745 3.3249759674072266 1.640726089477539 0.42143523693084717 0.3923428743456079 0.8732401728630066 0.9245391488075256
47 0.7679975628852844 6.63264212786511 3.325951099395752 1.6408412456512451 0.4215819537639618 0.3919794764718818 0.8668224215507507 0.9245278239250183
48 0.7673197388648987 6.632091403706519 3.325544595718384 1.6446199417114258 0.4161277115345001 0.4007665953131209 0.8653267025947571 0.9224957227706909
49 0.7644291520118713 6.632077619292962 3.324505567550659 1.6442337036132813 0.4139658212661743 0.4005719580920948 0.8636420965194702 0.922046422958374
50 0.7644291520118713 6.632077619292962 3.3281772136688232 1.6442337036132813 0.4139658212661743 0.4005719580920948 0.9009746313095093 0.922046422958374
51 0.7644291520118713 6.632077619292962 3.3281772136688232 1.6442337036132813 0.4139658212661743 0.4005719580920948 0.9009746313095093 0.922046422958374
52 0.7610430121421814 6.632485230387378 3.326603889465332 1.6416822671890259 0.408142626285553 0.39087230113589755 0.9024637937545776 0.9179718494415283
53 0.7602133750915527 6.6330961567712095 3.3312149047851563 1.6572422981262207 0.39701536297798157 0.3942473762897729 0.9355598092079163 0.9871468544006348
54 0.760178804397583 6.633122602255576 3.328007698059082 1.656977891921997 0.39660876989364624 0.39432861487564197 0.9337535500526428 0.9865759015083313
55 0.7584842443466187 6.633675868718976 3.3265316486358643 1.6641275882720947 0.39925941824913025 0.3904504483082815 0.9313036799430847 0.9823474884033203
56 0.7584842443466187 6.633675868718976 3.3265316486358643 1.6641275882720947 0.39925941824913025 0.3904504483082815 0.9313036799430847 0.9823474884033203
57 0.7563543915748596 6.634076277464339 3.3281283378601074 1.5967634916305542 0.39482778310775757 0.3911073772401098 0.9521411061286926 1.002212405204773
58 0.7521176934242249 6.632715851336628 3.3277673721313477 1.5911998748779297 0.3869243562221527 0.3897156881551167 0.9312384724617004 0.9968335628509521
59 0.7472965717315674 6.628798560645028 3.3232874870300293 1.59527587890625 0.3840733766555786 0.4539240429412595 0.8785885572433472 0.9873755574226379
60 0.7478414177894592 6.62934147911543 3.324749708175659 1.5949763059616089 0.38148990273475647 0.45348514840595633 0.881577730178833 0.9870893359184265
61 0.7478414177894592 6.62934147911543 3.324749708175659 1.5949763059616089 0.38148990273475647 0.45348514840595633 0.881577730178833 0.9870893359184265
62 0.7123598456382751 6.633523142503723 3.325765371322632 1.5777146816253662 0.31514859199523926 0.4251847552239028 0.8881378769874573 0.9519884586334229
63 0.7124004364013672 6.633520219661875 3.323446273803711 1.5777143239974976 0.3151758015155792 0.42512996967141126 0.9393629431724548 0.9519957900047302
64 0.7195705771446228 6.632955160466562 3.324580669403076 1.5876386165618896 0.33571484684944153 0.4341041556602055 0.9554191827774048 0.9651719927787781
65 0.718065619468689 6.633089903417081 3.3240036964416504 1.5852948427200317 0.32794493436813354 0.4331643027745732 0.9501036405563354 0.964830219745636
66 0.718065619468689 6.633089903417081 3.3240036964416504 1.5852948427200317 0.32794493436813354 0.4331643027745732 0.9501036405563354 0.964830219745636
67 0.7109826803207397 6.63305073047617 3.3223981857299805 1.585168480873108 0.3228079676628113 0.44351608478785054 0.9560850858688354 0.9649507403373718
68 0.7139886021614075 6.631660995502183 3.3225905895233154 1.5861706733703613 0.32736170291900635 0.426829853791433 0.9639601707458496 0.9661157131195068
69 0.7185108661651611 6.631987470855797 3.3225739002227783 1.5866061449050903 0.3268719017505646 0.4278007668662792 0.9637974500656128 0.9665468335151672
70 0.7182140946388245 6.6318539701363814 3.3231613636016846 1.586617112159729 0.32549989223480225 0.42846245470158123 0.9625096321105957 0.9655159115791321
71 0.7182140946388245 6.6318539701363814 3.3231613636016846 1.586617112159729 0.32549989223480225 0.42846245470158123 0.9625096321105957 0.9655159115791321
72 0.7168329358100891 6.632362595014929 3.3251757621765137 1.5855097770690918 0.3237378001213074 0.429274697392814 0.9620372653007507 0.9642882347106934
73 0.718320906162262 6.635131698420026 3.3254520893096924 1.5850785970687866 0.3235103487968445 0.4416395624942548 0.9581490755081177 0.9645224213600159
74 0.7177309393882751 6.6351831132415535 3.3239200115203857 1.58474600315094 0.3248644769191742 0.44315291895482467 0.9707839488983154 0.9640567898750305
75 0.7239595055580139 6.633815960008331 3.325997829437256 1.5973429679870605 0.358821839094162 0.4169642004680557 1.0002015829086304 0.9909142851829529
76 0.7239595055580139 6.633815960008331 3.325997829437256 1.5973429679870605 0.358821839094162 0.4169642004680557 1.0002015829086304 0.9909142851829529
77 0.7367536425590515 6.634703155086184 3.331085443496704 1.58952796459198 0.36111190915107727 0.42435660451907203 0.9979848861694336 0.9884918928146362
78 0.7400226593017578 6.64006236891671 3.3332743644714355 1.5875235795974731 0.3699871897697449 0.4102862749187586 0.9924154281616211 0.9878588914871216
79 0.7395029067993164 6.638361160762376 3.3325719833374023 1.5866193771362305 0.3705631196498871 0.41115335775157097 1.0033795833587646 0.9853811264038086
80 0.7426521182060242 6.65288882986254 3.33914852142334 1.5922369956970215 0.35886937379837036 0.44313981567175786 0.9901759028434753 1.0001667737960815
81 0.7426521182060242 6.65288882986254 3.33914852142334 1.5922369956970215 0.35886937379837036 0.44313981567175786 0.9901759028434753 1.0001667737960815
82 0.7403573989868164 6.651747044899723 3.3391406536102295 1.5935099124908447 0.35739967226982117 0.42766161032627653 0.9896458387374878 1.0014539957046509
83 0.7403607368469238 6.651747888252884 3.332570791244507 1.5935107469558716 0.3574009835720062 0.42765741917399613 0.9993851184844971 1.001455307006836
84 0.7429513335227966 6.6523098932617515 3.3328471183776855 1.595879077911377 0.3636515438556671 0.4263790208260582 1.0003763437271118 1.0052930116653442
85 0.7429513335227966 6.6523098932617515 3.3329668045043945 1.595879077911377 0.3636515438556671 0.4263790208260582 0.9910745620727539 1.0052930116653442
86 0.7429513335227966 6.6523098932617515 3.3329668045043945 1.595879077911377 0.3636515438556671 0.4263790208260582 0.9910745620727539 1.0052930116653442
87 0.73969966173172 6.6528416227491345 3.335347890853882 1.5908385515213013 0.35587331652641296 0.42213399125794143 0.9757420420646667 0.9977222681045532
88 0.7396878600120544 6.652907399348827 3.3380444049835205 1.5909898281097412 0.3556918799877167 0.42277053907709317 0.9710625410079956 0.9979135990142822
89 0.7416874170303345 6.653604461333834 3.3380286693573 1.5890007019042969 0.34772026538848877 0.4307289935345913 0.9654752016067505 0.9921011924743652
90 0.7472276091575623 6.654984289744394 3.3375308513641357 1.5923916101455688 0.35271570086479187 0.39875219637485493 0.9635097980499268 0.992148220539093
91 0.7472276091575623 6.654984289744394 3.3375308513641357 1.5923916101455688 0.35271570086479187 0.39875219637485493 0.9635097980499268 0.992148220539093
92 0.7417880892753601 6.654021415285732 3.3346619606018066 1.5927159786224365 0.3354252874851227 0.40540520452162393 0.9488821029663086 0.9711804986000061
93 0.7417507171630859 6.653942269249989 3.3342537879943848 1.592556357383728 0.3376159965991974 0.40532597966493866 0.9515017867088318 0.9707204103469849
94 0.7320921421051025 6.65519465994299 3.3240795135498047 1.5998553037643433 0.3649989366531372 0.3883968032436931 0.9641280770301819 0.978652834892273
95 0.7324102520942688 6.652240010199474 3.326530694961548 1.6002055406570435 0.36351537704467773 0.44454055668784137 0.9610381126403809 0.9813609719276428
96 0.7324102520942688 6.652240010199474 3.326530694961548 1.6002055406570435 0.36351537704467773 0.44454055668784137 0.9610381126403809 0.9813609719276428
97 0.7307300567626953 6.65224845859498 3.325594902038574 1.6000267267227173 0.3607806861400604 0.4441970083404776 0.9624118804931641 0.9806746244430542
98 0.7278925180435181 6.651878670363793 3.3252768516540527 1.5895639657974243 0.36202624440193176 0.43603609496061746 0.966395914554596 0.9719372391700745
99 0.7114841341972351 6.651179961021854 3.332451820373535 1.5883880853652954 0.3625531494617462 0.4288172704160146 0.9228276610374451 0.9694206118583679
100 0.7242047786712646 6.651491815155428 3.3329825401306152 1.5802420377731323 0.36019188165664673 0.4321020236757421 0.92342609167099 0.9700798392295837
101 0.7242047786712646 6.651491815155428 3.3329825401306152 1.5802420377731323 0.36019188165664673 0.4321020236757421 0.92342609167099 0.9700798392295837
102 0.720221996307373 6.65110745550676 3.333160161972046 1.5811415910720825 0.3574037551879883 0.4293002133197108 0.9074180722236633 0.9725735187530518
103 0.7108678221702576 6.6501346017102705 3.332736015319824 1.580647349357605 0.35505151748657227 0.42654370329022256 0.9080579876899719 0.9728403091430664
104 0.7113463282585144 6.649885158053233 3.3345930576324463 1.5809688568115234 0.3548917770385742 0.4225694117285674 0.9163594841957092 1.0123504400253296
105 0.7082411646842957 6.6492337778368675 3.330946683883667 1.5797955989837646 0.3517572581768036 0.41297323661360213 0.9077394604682922 1.0119706392288208
106 0.7082411646842957 6.6492337778368675 3.330946683883667 1.5797955989837646 0.3517572581768036 0.41297323661360213 0.9077394604682922 1.0119706392288208
107 0.7090725898742676 6.6495515571054575 3.3317203521728516 1.5900568962097168 0.35997989773750305 0.4190858048346174 0.9171424508094788 1.0364843606948853
108 0.7095089554786682 6.649515807258896 3.3317644596099854 1.5900675058364868 0.3616182506084442 0.41988078593607403 0.9171907305717468 1.0364161729812622
109 0.7098420262336731 6.649504731141525 3.332387685775757 1.5900673866271973 0.3614771068096161 0.4196750737824387 0.9171161651611328 1.036420464515686
110 0.7145580053329468 6.650473264035788 3.334059238433838 1.5957672595977783 0.3698766231536865 0.4186015225220795 0.9229315519332886 1.041479229927063
111 0.7145580053329468 6.650473264035788 3.334059238433838 1.5957672595977783 0.3698766231536865 0.4186015225220795 0.9229315519332886 1.041479229927063
112 0.7142269611358643 6.649882124626649 3.3346004486083984 1.5939353704452515 0.3732032775878906 0.4178939978355644 0.9202199578285217 1.0432382822036743
113 0.7169973850250244 6.6493485480997965 3.2614476680755615 1.5940099954605103 0.37155815958976746 0.4173134210513962 0.9356929659843445 1.0431047677993774
114 0.7169973850250244 6.6493485480997965 3.2622177600860596 1.5938420295715332 0.37155815958976746 0.4173134210513962 0.9390532374382019 1.0521641969680786
115 0.7223523855209351 6.649264597303201 3.268836498260498 1.593802809715271 0.37448883056640625 0.4175758306834704 0.9394373893737793 1.0498440265655518
116 0.7223523855209351 6.649264597303201 3.268836498260498 1.593802809715271 0.37448883056640625 0.4175758306834704 0.9394373893737793 1.0498440265655518
117 0.7223523855209351 6.649264597303201 3.2687954902648926 1.593802809715271 0.37448883056640625 0.4175758306834704 0.9387456178665161 1.0498440265655518
118 0.7222800850868225 6.649275785039727 3.269162654876709 1.5938020944595337 0.3744885325431824 0.417584630909618 0.9446128010749817 1.0498473644256592
119 0.7281134128570557 6.650066597451569 3.272749185562134 1.5922558307647705 0.3649003803730011 0.41772647745580804 0.9414480328559875 1.0501770973205566
120 0.7253631353378296 6.652609471333039 3.2740116119384766 1.5941802263259888 0.3685801029205322 0.4326426139127587 0.9361901879310608 1.0542874336242676
121 0.7253631353378296 6.652609471333039 3.2740116119384766 1.5941802263259888 0.3685801029205322 0.4326426139127587 0.9361901879310608 1.0542874336242676
122 0.7263209223747253 6.655445658090302 3.2741754055023193 1.5945996046066284 0.3676830232143402 0.4973853531492324 0.9443365931510925 1.0546746253967285
123 0.7282643914222717 6.656187790619291 3.2743663787841797 1.5968272686004639 0.36569106578826904 0.5001846011743959 0.9472274780273438 1.0566751956939697
124 0.7286695241928101 6.655845593642329 3.2696073055267334 1.5851503610610962 0.35774558782577515 0.46650749784871565 0.9346021413803101 1.0368373394012451
125 0.7280943393707275 6.65558687347432 3.261232376098633 1.5897650718688965 0.3598119616508484 0.45675927098198055 0.8899413347244263 1.047098994255066
126 0.7280943393707275 6.65558687347432 3.261232376098633 1.5897650718688965 0.3598119616508484 0.45675927098198055 0.8899413347244263 1.047098994255066
127 0.7299842834472656 6.655597098034254 3.261908531188965 1.5907328128814697 0.3621430993080139 0.45709314814844015 0.8905307054519653 1.0458285808563232
128 0.7286439538002014 6.656366694888405 3.26200532913208 1.5908699035644531 0.36143749952316284 0.46165225511033675 0.8885709643363953 1.0434399843215942
129 0.7287602424621582 6.6565270277887985 3.2619426250457764 1.59055495262146 0.3613382577896118 0.4645801588119884 0.8880153298377991 1.0428401231765747
130 0.7287641167640686 6.656528342171219 3.261936664581299 1.5901832580566406 0.3613346517086029 0.4645476294073533 0.8880117535591125 1.0425083637237549
131 0.7287641167640686 6.656528342171219 3.261936664581299 1.5901832580566406 0.3613346517086029 0.4645476294073533 0.8880117535591125 1.0425083637237549
132 0.7233619093894958 6.659820104085589 3.2633349895477295 1.5929439067840576 0.3561300039291382 0.5034116729259787 0.8873488306999207 1.0477912425994873
133 0.7228516936302185 6.660340863871648 3.263383626937866 1.5955049991607666 0.3588252067565918 0.5085096748962475 0.8882687091827393 1.0493818521499634
134 0.7214764356613159 6.659127051465287 3.2641048431396484 1.5952445268630981 0.3612344264984131 0.49930592946946667 0.9060178399085999 1.0510497093200684
135 0.7213191390037537 6.6594577630206135 3.2643024921417236 1.5951696634292603 0.3608665466308594 0.5001295538495754 0.9083893895149231 1.051734209060669
136 0.7213191390037537 6.6594577630206135 3.2643024921417236 1.5951696634292603 0.3608665466308594 0.5001295538495754 0.9083893895149231 1.051734209060669
137 0.7297857999801636 6.660068299740074 3.2544424533843994 1.5937589406967163 0.3696512281894684 0.4763181965356057 0.9579727649688721 1.0472753047943115
138 0.7244188189506531 6.6591461482514065 3.254958391189575 1.5932033061981201 0.3737642168998718 0.4736408498047219 0.9580413103103638 1.0476685762405396
139 0.7243238091468811 6.657865149907962 3.2564404010772705 1.5867823362350464 0.3642022907733917 0.475414544198768 0.9585061073303223 1.0401312112808228
140 0.725323498249054 6.6603989162260815 3.261746644973755 1.5860496759414673 0.3514198362827301 0.4856397593302354 0.9466716647148132 1.0362639427185059
141 0.725323498249054 6.6603989162260815 3.261746644973755 1.5860496759414673 0.3514198362827301 0.4856397593302354 0.9466716647148132 1.0362639427185059
142 0.7291762232780457 6.660954897010389 3.262885808944702 1.5922505855560303 0.3683702349662781 0.46430463828729046 0.9556560516357422 1.044411301612854
143 0.7283092141151428 6.6611985900977615 3.262178421020508 1.6019726991653442 0.36726751923561096 0.46554575456183034 0.9598019123077393 1.061105728149414
144 0.7303395867347717 6.664355234286284 3.264885425567627 1.6006828546524048 0.36313116550445557 0.46730708343959176 0.9574015736579895 1.0609121322631836
145 0.7228315472602844 6.662869862763066 3.2527079582214355 1.5797102451324463 0.34139639139175415 0.4296903756335093 0.932304859161377 1.050328016281128
146 0.7228315472602844 6.662869862763066 3.2527079582214355 1.5797102451324463 0.34139639139175415 0.4296903756335093 0.932304859161377 1.050328016281128
147 0.6983394622802734 6.656097849646688 3.245821475982666 1.570888638496399 0.32857266068458557 0.4539776141859082 0.9291132092475891 1.0376614332199097
148 0.7074844837188721 6.65975805698661 3.251041889190674 1.5706695318222046 0.3350769281387329 0.4391312677951208 0.933815062046051 1.0437051057815552
149 0.7074844837188721 6.65975805698661 3.251041889190674 1.5706695318222046 0.3350769281387329 0.4391312677951208 0.933815062046051 1.0437051057815552
150 0.7096520066261292 6.661294092689983 3.2485082149505615 1.5869895219802856 0.35590651631355286 0.4380222619406868 0.9405247569084167 1.0531761646270752
151 0.7096520066261292 6.661294092689983 3.2486751079559326 1.5869895219802856 0.35590651631355286 0.4380222619406868 0.9468244910240173 1.0531761646270752
152 0.7090476155281067 6.662562866248525 3.2498891353607178 1.5867456197738647 0.35501009225845337 0.4441031290222129 0.9525980353355408 1.0525373220443726
153 0.7085543274879456 6.660481036265628 3.2421875 1.5844745635986328 0.3525838851928711 0.4469014657564002 0.9432653188705444 1.0506998300552368
154 0.7118523716926575 6.660949612192699 3.248215436935425 1.5842024087905884 0.35284432768821716 0.44407182351103813 0.9420678019523621 1.0463635921478271
155 0.7108563780784607 6.658694131582161 3.248544454574585 1.5795350074768066 0.34917712211608887 0.44872940638708775 0.9489998817443848 1.038464903831482
156 0.7108563780784607 6.658694131582161 3.248544454574585 1.5795350074768066 0.34917712211608887 0.44872940638708775 0.9489998817443848 1.038464903831482
157 0.7050899863243103 6.66113415087442 3.240133047103882 1.5854135751724243 0.34818434715270996 0.4533603647647606 0.9681028723716736 1.0544228553771973
158 0.7160206437110901 6.658788750179654 3.246689558029175 1.5860761404037476 0.3658919334411621 0.46276197020712584 0.9775959253311157 1.0492029190063477
159 0.7183794975280762 6.6590980076198445 3.2508344650268555 1.583005428314209 0.3620966076850891 0.47455216227450947 0.9728496670722961 1.0444917678833008
160 0.7160114645957947 6.65902456283439 3.248321771621704 1.582843542098999 0.36155179142951965 0.4758954353486047 0.9880249500274658 1.0438982248306274
161 0.7160114645957947 6.65902456283439 3.248321771621704 1.582843542098999 0.36155179142951965 0.4758954353486047 0.9880249500274658 1.0438982248306274
162 0.7174044847488403 6.659317181025699 3.2532761096954346 1.5834364891052246 0.36481139063835144 0.4767912150634787 0.9929027557373047 1.0447719097137451
163 0.7173585295677185 6.6594583313696605 3.2532765865325928 1.583457112312317 0.36603260040283203 0.4772434095207937 0.9930321574211121 1.0452101230621338
164 0.715725302696228 6.6616319298883475 3.256352424621582 1.593582034111023 0.3761586546897888 0.4741916579977957 1.0068391561508179 1.0612645149230957
165 0.7157931923866272 6.659495536960725 3.2542011737823486 1.5902721881866455 0.37480056285858154 0.4786578880362208 1.0114623308181763 1.0495120286941528
166 0.7157931923866272 6.659495536960725 3.2542011737823486 1.5902721881866455 0.37480056285858154 0.4786578880362208 1.0114623308181763 1.0495120286941528
167 0.7160554528236389 6.659680494956916 3.249934673309326 1.586967945098877 0.37670576572418213 0.47941076283869966 0.9595938920974731 1.0443588495254517
168 0.7083919644355774 6.65866347602181 3.2475104331970215 1.5846061706542969 0.36986109614372253 0.49901015019695905 0.9572942852973938 1.0422801971435547
169 0.7095863223075867 6.658965726645705 3.247837781906128 1.5849556922912598 0.3700945973396301 0.4974577539707453 0.9582166075706482 1.0430099964141846
170 0.7061529159545898 6.6576891482083775 3.242443799972534 1.5823251008987427 0.3690808117389679 0.5137564983829442 0.9991213083267212 1.0399965047836304
171 0.7061529159545898 6.6576891482083775 3.242443799972534 1.5823251008987427 0.3690808117389679 0.5137564983829442 0.9991213083267212 1.0399965047836304
172 0.7099781632423401 6.65776587224152 3.243293523788452 1.5830678939819336 0.375175803899765 0.5151356901950405 0.9931427240371704 1.0389750003814697
173 0.7099781632423401 6.65776587224152 3.2432682514190674 1.5830678939819336 0.375175803899765 0.5151356901950405 0.9921736121177673 1.0389750003814697
174 0.7087762951850891 6.660449787032333 3.2456538677215576 1.5721544027328491 0.356808066368103 0.491452959871 0.9721371531486511 1.024170994758606
175 0.7176653146743774 6.663022942451552 3.243976354598999 1.572651982307434 0.35287895798683167 0.4683207364288548 0.9688490629196167 1.0306200981140137
176 0.7176653146743774 6.663022942451552 3.243976354598999 1.572651982307434 0.35287895798683167 0.4683207364288548 0.9688490629196167 1.0306200981140137
177 0.7103803753852844 6.663824533228042 3.2456345558166504 1.5487799644470215 0.32839328050613403 0.45622191876111834 0.9584371447563171 0.9970717430114746
178 0.7103803753852844 6.663824533228042 3.2456345558166504 1.5487799644470215 0.32839328050613403 0.45622191876111834 0.9584371447563171 0.9970717430114746
179 0.7050688862800598 6.665573551294981 3.2392494678497314 1.5472337007522583 0.31803908944129944 0.47965954934001687 0.9789867997169495 0.9977347254753113
180 0.7053037285804749 6.66562411700606 3.2388269901275635 1.5973807573318481 0.3174695670604706 0.4823880407751275 0.9909459948539734 0.9890834093093872
181 0.7053037285804749 6.66562411700606 3.2388269901275635 1.5973807573318481 0.3174695670604706 0.4823880407751275 0.9909459948539734 0.9890834093093872
182 0.7062622904777527 6.662996784849703 3.236642599105835 1.600274920463562 0.3232307732105255 0.48201087409934085 0.9835547208786011 0.9947584867477417
183 0.7059346437454224 6.66298276199655 3.236663579940796 1.6002395153045654 0.323132187128067 0.48156990188320453 0.9836457371711731 0.9949143528938293
184 0.7056721448898315 6.661180451565589 3.2361128330230713 1.5995749235153198 0.3274592161178589 0.47398884578150585 0.9844346046447754 0.9931729435920715
185 0.7056721448898315 6.661180451565589 3.2361128330230713 1.5995749235153198 0.3274592161178589 0.47398884578150585 0.9844346046447754 0.9931729435920715
186 0.7056721448898315 6.661180451565589 3.2361128330230713 1.5995749235153198 0.3274592161178589 0.47398884578150585 0.9844346046447754 0.9931729435920715
187 0.705754816532135 6.661102980101949 3.2362730503082275 1.5982837677001953 0.3220028877258301 0.47671660478573297 0.9862890243530273 0.9921573996543884
188 0.7151491045951843 6.661821983440918 3.237321138381958 1.5986675024032593 0.3370359539985657 0.4806582946645118 0.9846770167350769 0.9893276691436768
189 0.711533784866333 6.660445824833854 3.238131284713745 1.6002366542816162 0.34132716059684753 0.46733491883402056 0.9877894520759583 0.9875527620315552
190 0.7120169997215271 6.660430047689461 3.2385566234588623 1.600050687789917 0.34255316853523254 0.4693835382810208 0.9800618886947632 0.9868404269218445
191 0.7120169997215271 6.660430047689461 3.2385566234588623 1.600050687789917 0.34255316853523254 0.4693835382810208 0.9800618886947632 0.9868404269218445
192 0.6978550553321838 6.6597016711809935 3.2377426624298096 1.6001499891281128 0.331565260887146 0.45061864595610446 0.983829140663147 0.9917397499084473
193 0.6978327035903931 6.659108456393143 3.2345399856567383 1.601353645324707 0.3327069878578186 0.4482869763181821 0.9902554750442505 0.9940416812896729
194 0.7027372121810913 6.658248514811403 3.2357184886932373 1.6044785976409912 0.33328181505203247 0.43987132416892355 0.9899941682815552 0.9838376641273499
195 0.7027866840362549 6.658243513693378 3.235747814178467 1.6044548749923706 0.3333614766597748 0.4397883985556035 0.9900166988372803 0.9838192462921143
196 0.7027866840362549 6.658243513693378 3.235747814178467 1.6044548749923706 0.3333614766597748 0.4397883985556035 0.9900166988372803 0.9838192462921143
197 0.6987988352775574 6.657973816413479 3.2318103313446045 1.6022613048553467 0.3052613139152527 0.41628074647728797 0.9620590209960938 1.001951813697815
198 0.7023123502731323 6.6583425963623855 3.232088804244995 1.602281093597412 0.30636873841285706 0.42187601887854603 0.9608890414237976 0.9979725480079651
199 0.7085256576538086 6.6604637504779145 3.230288028717041 1.6207152605056763 0.3285026550292969 0.39671396200985687 0.9783595204353333 1.0264220237731934
200 0.7186180353164673 6.65920829908959 3.2366504669189453 1.6269056797027588 0.346635639667511 0.3517791245228729 0.9862328171730042 1.0301145315170288
201 0.7186180353164673 6.65920829908959 3.2366504669189453 1.6269056797027588 0.346635639667511 0.3517791245228729 0.9862328171730042 1.0301145315170288
202 0.7192651629447937 6.657848675932199 3.2365434169769287 1.626793384552002 0.3501896560192108 0.3450588566035585 0.9880179166793823 1.028923749923706
203 0.7142845988273621 6.658069766664241 3.232678174972534 1.6186391115188599 0.338157057762146 0.33600322918235265 0.9723525643348694 1.016963243484497
204 0.7124438881874084 6.657876608663618 3.2288808822631836 1.6170992851257324 0.3377886712551117 0.3384320197746773 0.97550368309021 1.0145336389541626
205 0.7101173996925354 6.658472097734344 3.2288239002227783 1.617993712425232 0.34284064173698425 0.3329328777637199 0.9803985357284546 1.0253409147262573
206 0.7101173996925354 6.658472097734344 3.2288239002227783 1.617993712425232 0.34284064173698425 0.3329328777637199 0.9803985357284546 1.0253409147262573
207 0.7103601694107056 6.659806165048996 3.2292492389678955 1.6167314052581787 0.34071728587150574 0.33533445713832777 0.9570104479789734 1.022456169128418
208 0.7101547718048096 6.660789809776516 3.238478183746338 1.6147518157958984 0.3375881314277649 0.33561322807741856 0.8893195986747742 1.0249511003494263
209 0.7120771408081055 6.66028191725274 3.2374427318573 1.6142277717590332 0.3438865542411804 0.33158599246285575 0.9105504751205444 1.0250940322875977
210 0.7194188237190247 6.66021111801421 3.237877368927002 1.6147276163101196 0.3544989228248596 0.3386290291367226 0.9097491502761841 1.0229674577713013
211 0.7194188237190247 6.66021111801421 3.237877368927002 1.6147276163101196 0.3544989228248596 0.3386290291367226 0.9097491502761841 1.0229674577713013
212 0.7194595336914063 6.658911882900016 3.2376859188079834 1.6121160984039307 0.35563600063323975 0.3324501266305074 0.9110816121101379 1.021310567855835
213 0.7202069163322449 6.658411911150815 3.2402751445770264 1.6291831731796265 0.3562227189540863 0.3421093010687771 0.9018024206161499 1.068747639656067
214 0.717598021030426 6.661450413078875 3.2423455715179443 1.6355609893798828 0.35752302408218384 0.35232754879416806 0.9092546701431274 1.0829792022705078
215 0.717598021030426 6.661450413078875 3.2426586151123047 1.6355609893798828 0.35752302408218384 0.35232754879416806 0.9218102097511292 1.0829792022705078
216 0.717598021030426 6.661450413078875 3.2426586151123047 1.6355609893798828 0.35752302408218384 0.35232754879416806 0.9218102097511292 1.0829792022705078
217 0.7098528146743774 6.6601600858639625 3.23812198638916 1.6306037902832031 0.35028067231178284 0.3591032201487742 0.9242163896560669 1.080325722694397
218 0.709675669670105 6.6601846480917155 3.2418272495269775 1.6320149898529053 0.3502495288848877 0.35939253365146434 0.9168494939804077 1.0780709981918335
219 0.711950957775116 6.6600645424947915 3.24110746383667 1.6304954290390015 0.35431596636772156 0.35742887826282577 0.917341947555542 1.0728079080581665
220 0.7119662761688232 6.659363337838735 3.2438087463378906 1.6282484531402588 0.35242995619773865 0.35474494405723433 0.906197190284729 1.067592978477478
221 0.7119662761688232 6.659363337838735 3.2438087463378906 1.6282484531402588 0.35242995619773865 0.35474494405723433 0.906197190284729 1.067592978477478
222 0.7091136574745178 6.660605027278101 3.2445216178894043 1.627537488937378 0.3489319086074829 0.33019455017454197 0.9052904844284058 1.0689584016799927
223 0.7086764574050903 6.660619139651101 3.244462251663208 1.6276477575302124 0.3488766849040985 0.32970762717944047 0.905478298664093 1.069136381149292
224 0.7126264572143555 6.661335712375974 3.2496843338012695 1.6281278133392334 0.3631816506385803 0.34826125902731003 0.9124908447265625 1.0621765851974487
225 0.7120599150657654 6.662352183655933 3.2508299350738525 1.6281474828720093 0.361347496509552 0.4184831504219632 0.9120001196861267 1.0537996292114258
226 0.7120599150657654 6.662352183655933 3.2508299350738525 1.6281474828720093 0.361347496509552 0.4184831504219632 0.9120001196861267 1.0537996292114258
227 0.7100024223327637 6.661947577254425 3.2532284259796143 1.6277830600738525 0.35807639360427856 0.4147248865067678 0.9113192558288574 1.0537371635437012
228 0.7082247734069824 6.6622894632963385 3.254504442214966 1.6277077198028564 0.36015141010284424 0.41446060678843444 0.9003555774688721 1.0531057119369507
229 0.7082247734069824 6.6622894632963385 3.254504442214966 1.6277077198028564 0.36015141010284424 0.41446060678843444 0.9003555774688721 1.0531057119369507
230 0.7083618640899658 6.6623852288295735 3.2524375915527344 1.627470850944519 0.3587989807128906 0.41234755691860625 0.8966895341873169 1.0538830757141113
231 0.7083618640899658 6.6623852288295735 3.2524375915527344 1.627470850944519 0.3587989807128906 0.41234755691860625 0.8966895341873169 1.0538830757141113
232 0.7154577970504761 6.667382615309052 3.2540223598480225 1.6665652990341187 0.3624931871891022 0.4437344748246885 0.9106732606887817 1.15003502368927
233 0.7145230174064636 6.667633099943899 3.2537193298339844 1.6649218797683716 0.36142584681510925 0.45044380523175165 0.9102572202682495 1.1476526260375977
234 0.7109050750732422 6.667730235566487 3.2546088695526123 1.6649335622787476 0.3659361004829407 0.438386848121234 0.9133877754211426 1.1522529125213623
235 0.7116532921791077 6.668054063662864 3.2560133934020996 1.6623706817626953 0.3703654408454895 0.43655963212356647 0.9108322262763977 1.1473857164382935
236 0.7116532921791077 6.668054063662864 3.2560133934020996 1.6623706817626953 0.3703654408454895 0.43655963212356647 0.9108322262763977 1.1473857164382935
237 0.7100624442100525 6.667733868273416 3.256209135055542 1.621461272239685 0.3643311858177185 0.43432426699544335 0.9103608727455139 1.1536146402359009
238 0.7100624442100525 6.667733868273416 3.256190299987793 1.621461272239685 0.3643311858177185 0.43432426699544335 0.9114640355110168 1.1536146402359009
239 0.7099679112434387 6.667752399644417 3.256243944168091 1.6214877367019653 0.364563524723053 0.4335354486367301 0.911612868309021 1.1538554430007935
240 0.7086873650550842 6.667660167548205 3.256070375442505 1.6220791339874268 0.3606806993484497 0.4265156379899929 0.9129390716552734 1.1544297933578491
241 0.7037667036056519 6.672084578028428 3.2546744346618652 1.6262985467910767 0.3575623035430908 0.40249275548858165 0.913578450679779 1.165373682975769
242 0.7008798122406006 6.673463967595243 3.2515735626220703 1.6258227825164795 0.3514542281627655 0.41829211792566867 0.909607470035553 1.1660372018814087
243 0.7008798122406006 6.673463967595243 3.2515735626220703 1.6258227825164795 0.3514542281627655 0.41829211792566867 0.909607470035553 1.1660372018814087
244 0.699857234954834 6.673479537195467 3.250216007232666 1.6253993511199951 0.3497649133205414 0.41677259485241563 0.9146286249160767 1.167171835899353
245 0.6992231607437134 6.673482107558609 3.249887704849243 1.6223121881484985 0.3498797118663788 0.4173157005169528 0.9144154191017151 1.168929934501648
246 0.6972216367721558 6.667467902477271 3.245565891265869 1.6281089782714844 0.3488999009132385 0.4056539408185164 0.9118714332580566 1.1461501121520996
247 0.6958281993865967 6.6676901671044115 3.2466719150543213 1.6268516778945923 0.35055068135261536 0.4047311847146557 0.9118484258651733 1.147458553314209
248 0.69716876745224 6.667679555109845 3.2455313205718994 1.6274691820144653 0.34937986731529236 0.407657479651295 0.9131424427032471 1.1458218097686768
249 0.69716876745224 6.667679555109845 3.2449758052825928 1.6274691820144653 0.34937986731529236 0.407657479651295 0.9161688685417175 1.1458218097686768
250 0.69716876745224 6.667679555109845 3.2443480491638184 1.6274691820144653 0.34937986731529236 0.407657479651295 0.919131875038147 1.1458218097686768
251 0.69716876745224 6.667679555109845 3.2443480491638184 1.6274691820144653 0.34937986731529236 0.407657479651295 0.919131875038147 1.1458218097686768
252 0.6971245408058167 6.6685773536132675 3.243924140930176 1.6277837753295898 0.34875649213790894 0.4166398834009114 0.9206069111824036 1.1456522941589355
253 0.6908494234085083 6.66817079653934 3.2439370155334473 1.6215784549713135 0.34244075417518616 0.442777578447298 0.9209768176078796 1.1452699899673462
254 0.6908494234085083 6.66817079653934 3.2460968494415283 1.6215784549713135 0.34244075417518616 0.442777578447298 0.9210275411605835 1.1452699899673462
255 0.6897794604301453 6.668205870828734 3.246215343475342 1.6217403411865234 0.3430001437664032 0.443821567289164 0.9214821457862854 1.1449412107467651
256 0.6890984177589417 6.665776002721565 3.2447972297668457 1.6194822788238525 0.3414417505264282 0.43305781084778294 0.9090749621391296 1.1412783861160278
257 0.6941858530044556 6.663588576369285 3.2476398944854736 1.6188547611236572 0.35714948177337646 0.39823993911750244 0.9161494374275208 1.1389756202697754
258 0.6941858530044556 6.663588576369285 3.24798583984375 1.6188547611236572 0.35714948177337646 0.39823993911750244 0.9093689322471619 1.1389756202697754
259 0.6903677582740784 6.67158660240953 3.2408883571624756 1.6262632608413696 0.347084105014801 0.475170117067565 0.908656895160675 1.1657168865203857
260 0.6917917728424072 6.671471806118724 3.242067575454712 1.6261175870895386 0.34715762734413147 0.47569866668848665 0.9077950716018677 1.1653480529785156
261 0.6917917728424072 6.671471806118724 3.242067575454712 1.6261175870895386 0.34715762734413147 0.47569866668848665 0.9077950716018677 1.1653480529785156
262 0.6938126087188721 6.671744554064239 3.2381906509399414 1.625616192817688 0.3428957164287567 0.49052050649596923 0.9086869955062866 1.16399347782135
263 0.6861615777015686 6.670597969799409 3.236722469329834 1.6253652572631836 0.3376159369945526 0.4694948074217682 0.9098871350288391 1.1695271730422974
264 0.686244547367096 6.670727508729718 3.2368643283843994 1.6261208057403564 0.33774301409721375 0.4699224054707053 0.9106048345565796 1.1709014177322388
265 0.6876997351646423 6.670488292982674 3.240333318710327 1.6232564449310303 0.3331425189971924 0.4692160168595987 0.9100884795188904 1.1703696250915527
266 0.6876997351646423 6.670488292982674 3.240333318710327 1.6232564449310303 0.3331425189971924 0.4692160168595987 0.9100884795188904 1.1703696250915527
267 0.6908431053161621 6.672594426803085 3.243229866027832 1.623584508895874 0.3374464809894562 0.4673646940087778 0.9093863368034363 1.1719821691513062
268 0.6948713660240173 6.672406586219117 3.2423665523529053 1.622504472732544 0.34496650099754333 0.4778819991407134 0.9071038365364075 1.16877019405365
269 0.6974617838859558 6.671971951679279 3.244231700897217 1.644723892211914 0.3485633134841919 0.478831392589077 0.919089674949646 1.2039412260055542
270 0.6996726393699646 6.670750059654378 3.243466854095459 1.643904209136963 0.3586130738258362 0.46015288650525743 0.9199667572975159 1.2031126022338867
271 0.685677170753479 6.664161689894503 3.2389426231384277 1.6414514780044556 0.35212916135787964 0.39841273926570187 0.9274806976318359 1.169427752494812
272 0.685507595539093 6.665550692702608 3.239293098449707 1.6408724784851074 0.3520049750804901 0.3994447256700916 0.9256870150566101 1.1684333086013794
273 0.6787579655647278 6.6635895184617935 3.2357211112976074 1.6415249109268188 0.35921892523765564 0.3952798158698857 0.9304484128952026 1.169664978981018
274 0.6787922382354736 6.663017623971114 3.2346911430358887 1.6415108442306519 0.36091771721839905 0.3916824227870241 0.9319196343421936 1.1692053079605103
275 0.6778271198272705 6.665900905986722 3.233578681945801 1.6283327341079712 0.3613662123680115 0.3932996019405821 0.9324314594268799 1.1468257904052734
276 0.6778271198272705 6.665900905986722 3.233578681945801 1.6283327341079712 0.3613662123680115 0.3932996019405821 0.9324314594268799 1.1468257904052734
277 0.6790643334388733 6.665623411064076 3.2341816425323486 1.6258323192596436 0.3645530641078949 0.3855169493461799 0.9335642457008362 1.1472922563552856
278 0.6797618269920349 6.666142569323896 3.2602217197418213 1.6262803077697754 0.3642007112503052 0.3870740014898779 0.8408936858177185 1.1480029821395874
279 0.6804311275482178 6.666027789552937 3.2635796070098877 1.6257604360580444 0.36019089818000793 0.38546061484022437 0.8592585325241089 1.1496325731277466
280 0.6824338436126709 6.665898934019557 3.247112512588501 1.6248972415924072 0.3656906187534332 0.3835377091736175 0.8884859085083008 1.1496449708938599
281 0.6824338436126709 6.665898934019557 3.247112512588501 1.6248972415924072 0.3656906187534332 0.3835377091736175 0.8884859085083008 1.1496449708938599
282 0.6829138994216919 6.6659148039630445 3.246194839477539 1.6286829710006714 0.3689730763435364 0.385680085771349 0.8758358955383301 1.1486363410949707
283 0.6789134740829468 6.665668286530713 3.2410953044891357 1.6227078437805176 0.35918182134628296 0.3694269275480992 0.8676026463508606 1.142679214477539
284 0.6786662936210632 6.667903576454519 3.241213083267212 1.6227463483810425 0.3585403263568878 0.37777054402749716 0.866145133972168 1.1426928043365479
285 0.6885602474212646 6.6672607596317786 3.244680404663086 1.6363846063613892 0.37659111618995667 0.3853277780089271 0.8784169554710388 1.1588371992111206
286 0.6885602474212646 6.6672607596317786 3.244680404663086 1.6363846063613892 0.37659111618995667 0.3853277780089271 0.8784169554710388 1.1588371992111206
287 0.6892392039299011 6.667112408332228 3.2403242588043213 1.6364392042160034 0.37760958075523376 0.3835535166422472 0.8956720232963562 1.1592196226119995
288 0.6897973418235779 6.667310021346996 3.2448296546936035 1.636861801147461 0.3785601556301117 0.38262047497233925 0.8842124342918396 1.159889578819275
289 0.6919767260551453 6.66761831058222 3.2376492023468018 1.6340041160583496 0.3737577199935913 0.39568608445886627 0.8871442675590515 1.1566264629364014
290 0.6920524835586548 6.6676235499836425 3.23720383644104 1.6356712579727173 0.37373635172843933 0.3955171814244472 0.8852943778038025 1.156333088874817
291 0.6920524835586548 6.6676235499836425 3.23720383644104 1.6356712579727173 0.37373635172843933 0.3955171814244472 0.8852943778038025 1.156333088874817
292 0.6936777830123901 6.66892684385712 3.265094518661499 1.6361459493637085 0.3664276599884033 0.3903791187784938 0.8226417899131775 1.159295678138733
293 0.6916767358779907 6.670193368185692 3.260173797607422 1.6389799118041992 0.36301833391189575 0.39487437088860894 0.831303596496582 1.1645406484603882
294 0.6886670589447021 6.670392539510297 3.258826732635498 1.6391063928604126 0.36520183086395264 0.3949390512942489 0.8213753700256348 1.1649572849273682
295 0.6891866326332092 6.670623465427357 3.2571213245391846 1.660828948020935 0.3649601638317108 0.40730862010817365 0.8179870247840881 1.1574199199676514
296 0.6891866326332092 6.670623465427357 3.2571213245391846 1.660828948020935 0.3649601638317108 0.40730862010817365 0.8179870247840881 1.1574199199676514
297 0.6903579831123352 6.671951605825369 3.2579174041748047 1.6636406183242798 0.3692898452281952 0.400432094891685 0.8226509094238281 1.1637946367263794
298 0.6894690990447998 6.672118315243537 3.2581238746643066 1.665437936782837 0.3724703788757324 0.40179322635515263 0.8229778409004211 1.1653215885162354
299 0.6894690990447998 6.672118315243537 3.2581238746643066 1.665437936782837 0.3724703788757324 0.40179322635515263 0.8229778409004211 1.1653215885162354
300 0.6894863843917847 6.672118490096824 3.258107900619507 1.6654382944107056 0.37244710326194763 0.40179436126367457 0.8229787349700928 1.1653252840042114
301 0.6894863843917847 6.672118490096824 3.258107900619507 1.6654382944107056 0.37244710326194763 0.40179436126367457 0.8229787349700928 1.1653252840042114
302 0.6892306804656982 6.671726161722292 3.2566792964935303 1.6646955013275146 0.37120920419692993 0.4004566705375748 0.8209957480430603 1.1642482280731201
303 0.6898831725120544 6.671660791337283 3.262782335281372 1.6647218465805054 0.37048256397247314 0.3998970081433295 0.8593612909317017 1.1641285419464111
304 0.6979489922523499 6.671206271272894 3.2632222175598145 1.6519221067428589 0.3679127097129822 0.3912796222941762 0.8574700951576233 1.1533032655715942
305 0.6979489922523499 6.671206271272894 3.262877941131592 1.6519221067428589 0.3679127097129822 0.3912796222941762 0.8651742935180664 1.1533032655715942
306 0.6979489922523499 6.671206271272894 3.262877941131592 1.6519221067428589 0.3679127097129822 0.3912796222941762 0.8651742935180664 1.1533032655715942
307 0.7013407349586487 6.671385549834292 3.2777295112609863 1.6515955924987793 0.37425050139427185 0.3966573892596838 0.8789299130439758 1.1529090404510498
308 0.7018291354179382 6.670381190778704 3.278873920440674 1.655531406402588 0.3759436309337616 0.4052373074298422 0.8824883103370667 1.156224012374878
309 0.7017511129379272 6.670652734398925 3.279052257537842 1.6556458473205566 0.3746770918369293 0.4081756933394199 0.8820211291313171 1.1557477712631226
310 0.7024873495101929 6.670756232048959 3.2794511318206787 1.6568396091461182 0.3767927885055542 0.4032221868991899 0.8845219612121582 1.1542922258377075
311 0.7024873495101929 6.670756232048959 3.2794511318206787 1.6568396091461182 0.3767927885055542 0.4032221868991899 0.8845219612121582 1.1542922258377075
312 0.7025245428085327 6.6707672153055 3.2808351516723633 1.6568156480789185 0.3768448531627655 0.4034173588419601 0.8848801851272583 1.1542688608169556
313 0.7027658224105835 6.6708450075579835 3.280848503112793 1.6567777395248413 0.37710997462272644 0.4036657861476307 0.8846684098243713 1.154000163078308
314 0.7036497592926025 6.670877809983542 3.2812602519989014 1.6632561683654785 0.37816888093948364 0.4041931033996221 0.8879868984222412 1.1622463464736938
315 0.7039769887924194 6.671942164116208 3.277874708175659 1.6602555513381958 0.38355037569999695 0.3778484210037033 0.8936673998832703 1.1615525484085083
316 0.7039769887924194 6.671942164116208 3.277874708175659 1.6602555513381958 0.38355037569999695 0.3778484210037033 0.8936673998832703 1.1615525484085083
317 0.705181896686554 6.671453988189142 3.277268886566162 1.647925615310669 0.38712844252586365 0.37341600637301275 0.8954644203186035 1.1392742395401
318 0.7055183053016663 6.671501220950188 3.3120994567871094 1.6477043628692627 0.38996294140815735 0.37242737196099585 0.930526614189148 1.139896035194397
319 0.7055183053016663 6.671501220950188 3.31211519241333 1.6477043628692627 0.38996294140815735 0.37242737196099585 0.930519700050354 1.139896035194397
320 0.7036992907524109 6.671902682976232 3.311715602874756 1.6491159200668335 0.38433367013931274 0.3578347850840506 0.9300482273101807 1.144738793373108
321 0.7036992907524109 6.671902682976232 3.311715602874756 1.6491159200668335 0.38433367013931274 0.3578347850840506 0.9300482273101807 1.144738793373108
322 0.7038331031799316 6.671870117039447 3.3114469051361084 1.6492918729782104 0.38452067971229553 0.3580946203507408 0.9293671250343323 1.1444753408432007
323 0.6859623193740845 6.672531227305908 3.308445453643799 1.6447325944900513 0.37507379055023193 0.35231537913662936 0.9122180342674255 1.1482689380645752
324 0.6937530636787415 6.673795950735255 3.3146164417266846 1.6425594091415405 0.3885314464569092 0.3686935246991301 0.9274327754974365 1.1408778429031372
325 0.6915786862373352 6.677840955507542 3.313826322555542 1.6413809061050415 0.3898400664329529 0.3957866482669555 0.9306777119636536 1.159156084060669
326 0.6915786862373352 6.677840955507542 3.313826322555542 1.6413809061050415 0.3898400664329529 0.3957866482669555 0.9306777119636536 1.159156084060669
327 0.690822422504425 6.67780379261828 3.3145558834075928 1.6418308019638062 0.3922232687473297 0.3959322174620787 0.9311060905456543 1.1595757007598877
328 0.6886993646621704 6.67795083837671 3.310962200164795 1.63383948802948 0.38922756910324097 0.3940568460360266 0.9251706600189209 1.1574432849884033
329 0.6898773908615112 6.677504061570969 3.3085246086120605 1.6320552825927734 0.3862605690956116 0.40028088932392314 0.9229504466056824 1.1550366878509521
330 0.6896645426750183 6.67636152537861 3.309419870376587 1.6285432577133179 0.3818928599357605 0.3989974212520023 0.9195894598960876 1.150910496711731
331 0.6896645426750183 6.67636152537861 3.309419870376587 1.6285432577133179 0.3818928599357605 0.3989974212520023 0.9195894598960876 1.150910496711731
332 0.6899034976959229 6.673462020773425 3.306252956390381 1.6348474025726318 0.38564443588256836 0.4165361520550598 0.9177803993225098 1.1589889526367188
333 0.6913583278656006 6.673609438043698 3.305720806121826 1.6350164413452148 0.3859306871891022 0.4185105205293111 0.9181589484214783 1.1592737436294556
334 0.6913809180259705 6.67368480451216 3.30562162399292 1.6347732543945313 0.3866173028945923 0.4231274642062507 0.9226882457733154 1.1581708192825317
335 0.6923873424530029 6.671971372175363 3.3078174591064453 1.6334341764450073 0.38879337906837463 0.4248226277637252 0.8948155641555786 1.1565684080123901
336 0.6923873424530029 6.671971372175363 3.3078174591064453 1.6334341764450073 0.38879337906837463 0.4248226277637252 0.8948155641555786 1.1565684080123901
337 0.7078216671943665 6.672697711665238 3.3094568252563477 1.6340372562408447 0.40759554505348206 0.42862790582586613 0.9263514876365662 1.1529490947723389
338 0.7060567140579224 6.672682921294847 3.3025124073028564 1.601819396018982 0.40850406885147095 0.42660225711588307 0.9606502056121826 1.0657998323440552
339 0.7060567140579224 6.672682921294847 3.3025124073028564 1.601819396018982 0.40850406885147095 0.42660225711588307 0.9606502056121826 1.0657998323440552
340 0.707264244556427 6.672383097066946 3.301705837249756 1.6019078493118286 0.4085511863231659 0.4265465686166788 0.9594737887382507 1.0646802186965942
341 0.707264244556427 6.672383097066946 3.301705837249756 1.6019078493118286 0.4085511863231659 0.4265465686166788 0.9594737887382507 1.0646802186965942
342 0.7021021842956543 6.672150445665702 3.2997491359710693 1.606126308441162 0.39880263805389404 0.42649607909502607 0.9560298323631287 1.0658113956451416
343 0.7040048837661743 6.67399054889422 3.3002469539642334 1.605639934539795 0.40184175968170166 0.4336577596955099 0.9544738531112671 1.063929796218872
344 0.7038651704788208 6.672789116450045 3.2982752323150635 1.6105129718780518 0.40257471799850464 0.36483724177154947 0.9415487051010132 1.0548471212387085
345 0.69527268409729 6.67457476425825 3.2973642349243164 1.611148476600647 0.39139601588249207 0.3928162774813011 0.9384017586708069 1.0587654113769531
346 0.69527268409729 6.67457476425825 3.2990849018096924 1.611148476600647 0.39139601588249207 0.3928162774813011 0.9517474174499512 1.0587654113769531
347 0.69527268409729 6.67457476425825 3.295766830444336 1.611148476600647 0.39139601588249207 0.3928162774813011 0.9395096302032471 1.0587654113769531
348 0.6950669288635254 6.674546318121467 3.296898365020752 1.6105355024337769 0.39151933789253235 0.39155491081804156 0.9365453124046326 1.0585640668869019
349 0.6938981413841248 6.674863813287369 3.2961924076080322 1.6148916482925415 0.3897468149662018 0.39195354958792455 0.9792553186416626 1.0572409629821777
350 0.6927375197410583 6.674681572726277 3.2972300052642822 1.6137950420379639 0.38689228892326355 0.3938935259510128 0.9778928160667419 1.055814266204834
351 0.6927375197410583 6.674681572726277 3.2972300052642822 1.6137950420379639 0.38689228892326355 0.3938935259510128 0.9778928160667419 1.055814266204834
352 0.6936588287353516 6.674168919962871 3.297489643096924 1.6129207611083984 0.38613277673721313 0.3939044069837764 0.9749036431312561 1.0524712800979614
353 0.6928487420082092 6.674120880622215 3.2970659732818604 1.612785816192627 0.3850216567516327 0.39549882969703404 0.9749471545219421 1.0510982275009155
354 0.6948341131210327 6.674530490783918 3.251577615737915 1.6129170656204224 0.3886866271495819 0.40138214700664354 0.9784554243087769 1.0512058734893799
355 0.6907476782798767 6.672140560762773 3.2510645389556885 1.6136804819107056 0.38274598121643066 0.3926675521732628 0.9758732914924622 1.0542491674423218
356 0.6907476782798767 6.672140560762773 3.2510645389556885 1.6136804819107056 0.38274598121643066 0.3926675521732628 0.9758732914924622 1.0542491674423218
357 0.6892348527908325 6.672389433500394 3.2511062622070313 1.6131631135940552 0.38106805086135864 0.3961164548385048 0.9750220775604248 1.0550615787506104
358 0.6917211413383484 6.674977502648083 3.251868486404419 1.610743761062622 0.3836461007595062 0.4058888898182592 0.9756859540939331 1.059410810470581
359 0.6990469694137573 6.675241832083861 3.2546207904815674 1.6097627878189087 0.38814836740493774 0.4013094782100764 0.9742999076843262 1.059237003326416
360 0.6920366883277893 6.674883109906507 3.2527592182159424 1.606446385383606 0.37771502137184143 0.3986628693242619 1.0024784803390503 1.0869288444519043
361 0.6920366883277893 6.674883109906507 3.2527592182159424 1.606446385383606 0.37771502137184143 0.3986628693242619 1.0024784803390503 1.0869288444519043
362 0.6796725988388062 6.671931367367235 3.255162477493286 1.626461386680603 0.3618625998497009 0.3863119367248413 1.021958589553833 1.1299268007278442
363 0.6799108982086182 6.671656426979066 3.2555627822875977 1.6259829998016357 0.36194467544555664 0.38614883201769556 1.021045207977295 1.128892421722412
364 0.6763302087783813 6.666493994216421 3.229430913925171 1.620835542678833 0.3644399046897888 0.38242794103450667 1.0872557163238525 1.1338895559310913
365 0.6763302087783813 6.666493994216421 3.236203670501709 1.620835542678833 0.3644399046897888 0.38242794103450667 1.048182487487793 1.1338895559310913
366 0.6763302087783813 6.666493994216421 3.236203670501709 1.620835542678833 0.3644399046897888 0.38242794103450667 1.048182487487793 1.1338895559310913
367 0.6752784252166748 6.666620295181443 3.2349069118499756 1.6280019283294678 0.36689168214797974 0.3816500877304995 1.0361223220825195 1.1367523670196533
368 0.6755570769309998 6.6664899788887935 3.2363321781158447 1.6274938583374023 0.36446118354797363 0.3793104918378155 1.0365276336669922 1.1376620531082153
369 0.6761221885681152 6.66657666818579 3.2440764904022217 1.6245962381362915 0.36420828104019165 0.38089003279969663 0.9738242030143738 1.1558372974395752
370 0.6757339239120483 6.665307286325763 3.246792793273926 1.650961995124817 0.3626684546470642 0.3798817246863357 0.955676257610321 1.0647194385528564
371 0.6757339239120483 6.665307286325763 3.246792793273926 1.650961995124817 0.3626684546470642 0.3798817246863357 0.955676257610321 1.0647194385528564
372 0.6756298542022705 6.665927914616571 3.2498276233673096 1.6515696048736572 0.3625832200050354 0.38058889995123946 0.9386560916900635 1.0687549114227295
373 0.6720259189605713 6.666637837552032 3.2507028579711914 1.6438171863555908 0.3526878356933594 0.3663392309404369 0.9314579367637634 1.061156988143921
374 0.6756568551063538 6.6697941954848075 3.2534618377685547 1.6557689905166626 0.37064674496650696 0.3530576998457415 0.9406546950340271 1.0804880857467651
375 0.6758185625076294 6.668717701566593 3.253765344619751 1.6557660102844238 0.36970600485801697 0.3523315684743776 0.9327685832977295 1.080422282218933
376 0.6758185625076294 6.668717701566593 3.253765344619751 1.6557660102844238 0.36970600485801697 0.3523315684743776 0.9327685832977295 1.080422282218933
377 0.6748466491699219 6.672436343259776 3.258608818054199 1.6441255807876587 0.35981595516204834 0.37593104647236886 0.9217399954795837 1.0603667497634888
378 0.6744572520256042 6.672362073078455 3.2528743743896484 1.6435571908950806 0.36216336488723755 0.3751143568566972 0.9471888542175293 1.0600712299346924
379 0.6656194925308228 6.671663250055804 3.247990608215332 1.644394040107727 0.35558056831359863 0.3908922731885525 0.9434776902198792 1.0591272115707397
380 0.6702543497085571 6.671578052306729 3.2491507530212402 1.64324951171875 0.35285741090774536 0.39064180283250083 0.9441083669662476 1.0605976581573486
381 0.6664072275161743 6.6686525930179466 3.243635892868042 1.6417231559753418 0.3474268615245819 0.411790254597732 0.9688700437545776 1.0586637258529663
382 0.6743048429489136 6.67037560970094 3.244457960128784 1.6464895009994507 0.3544398546218872 0.403462358423518 0.9565743207931519 1.0604169368743896
383 0.6736339330673218 6.677053321712357 3.2430710792541504 1.6461498737335205 0.3554689288139343 0.4088661526872498 0.9583824276924133 1.0632423162460327
384 0.672136127948761 6.676727123745898 3.2429730892181396 1.6460903882980347 0.3557364344596863 0.4087032251111218 0.9588311910629272 1.0629889965057373
385 0.672484815120697 6.676653738384397 3.2378714084625244 1.6459169387817383 0.35668542981147766 0.4088264787089846 0.993152916431427 1.062957525253296
386 0.672484815120697 6.676653738384397 3.2378714084625244 1.6459169387817383 0.35668542981147766 0.4088264787089846 0.993152916431427 1.062957525253296
387 0.6738587617874146 6.676725055259851 3.2356724739074707 1.6460808515548706 0.3558202385902405 0.40952850416219705 1.0044740438461304 1.0633313655853271
388 0.6855481266975403 6.6794576790909055 3.241098403930664 1.6497700214385986 0.3782593905925751 0.3931670831335757 1.0112254619598389 1.0661958456039429
389 0.6750977635383606 6.679991621806638 3.235525369644165 1.6524162292480469 0.3650612533092499 0.4012752659209156 1.0125261545181274 1.0686088800430298
390 0.6777727603912354 6.6801461751119975 3.2353286743164063 1.6525630950927734 0.36388999223709106 0.4034771662178049 1.012871503829956 1.0689256191253662
391 0.6777727603912354 6.6801461751119975 3.2353286743164063 1.6525630950927734 0.36388999223709106 0.4034771662178049 1.012871503829956 1.0689256191253662
392 0.6778918504714966 6.680100968698009 3.233673572540283 1.6524100303649902 0.3599613606929779 0.39380960029578577 1.010255217552185 1.070241093635559
393 0.6841066479682922 6.674377743274277 3.2373580932617188 1.6525332927703857 0.3698420524597168 0.41299107528652135 1.0013500452041626 1.046904444694519
394 0.6768019795417786 6.673142457468245 3.233029842376709 1.6397379636764526 0.35949039459228516 0.4231923824163953 0.9982433915138245 1.0279635190963745
395 0.6767249703407288 6.673166095928142 3.233036518096924 1.6397415399551392 0.35948455333709717 0.42416091409138945 0.9983494281768799 1.0289347171783447
396 0.6767249703407288 6.673166095928142 3.233036518096924 1.6397415399551392 0.35948455333709717 0.42416091409138945 0.9983494281768799 1.0289347171783447
397 0.6771183013916016 6.672518446802739 3.237149238586426 1.645171880722046 0.3623388409614563 0.43466650705078913 1.0057309865951538 1.020477056503296
398 0.6766886115074158 6.672626168930401 3.2333121299743652 1.6218971014022827 0.3616734743118286 0.4356474797020532 1.0147089958190918 1.0866132974624634
399 0.678662896156311 6.6709871034963895 3.233501434326172 1.618422269821167 0.35540109872817993 0.42849577696904584 1.012258529663086 1.0803334712982178
400 0.6725377440452576 6.670647715700148 3.230595827102661 1.6084147691726685 0.3424288034439087 0.4247847097822238 0.9989103078842163 1.0671180486679077
401 0.6725377440452576 6.670647715700148 3.230595827102661 1.6084147691726685 0.3424288034439087 0.4247847097822238 0.9989103078842163 1.0671180486679077
402 0.6726115345954895 6.670612582301756 3.2304913997650146 1.607118844985962 0.34221789240837097 0.42932848285128605 0.9977186918258667 1.0661998987197876
403 0.670268177986145 6.667515320930371 3.233982563018799 1.6027543544769287 0.3389451801776886 0.4155920636449107 0.9913747310638428 1.0627129077911377
404 0.6698545217514038 6.667370863770722 3.235255241394043 1.6039581298828125 0.3390074074268341 0.4154441126216743 0.9920408725738525 1.0640714168548584
405 0.6698545217514038 6.667370863770722 3.235255241394043 1.6039581298828125 0.3390074074268341 0.4154441126216743 0.9920408725738525 1.0640714168548584
406 0.6698545217514038 6.667370863770722 3.235255241394043 1.6039581298828125 0.3390074074268341 0.4154441126216743 0.9920408725738525 1.0640714168548584
407 0.6679796576499939 6.6686384483982755 3.2355992794036865 1.6050945520401 0.3341091275215149 0.4096257673042531 0.989140510559082 1.0646299123764038
408 0.6750555634498596 6.671351975092215 3.238772392272949 1.608628273010254 0.33679521083831787 0.40526179899244497 0.9905733466148376 1.0686452388763428
409 0.6739416122436523 6.6755224592524565 3.2345964908599854 1.6140031814575195 0.333229124546051 0.4252648960616389 0.9907838106155396 1.0765107870101929
410 0.6734588146209717 6.675411221785599 3.2327067852020264 1.611360788345337 0.33373168110847473 0.41714015982759217 0.9904605746269226 1.0731208324432373
411 0.6734588146209717 6.675411221785599 3.2327067852020264 1.611360788345337 0.33373168110847473 0.41714015982759217 0.9904605746269226 1.0731208324432373
412 0.6769905686378479 6.672954840623365 3.2318997383117676 1.6203813552856445 0.34369802474975586 0.4187974435740734 0.9962705969810486 1.0897176265716553
413 0.6771129965782166 6.669081190053791 3.2399072647094727 1.615992784500122 0.34170424938201904 0.4091201399222311 0.9904052019119263 1.0820122957229614
414 0.6772163510322571 6.667009120000733 3.2461769580841064 1.6359349489212036 0.35244691371917725 0.4101605454922736 0.9471375942230225 1.0236700773239136
415 0.6788055896759033 6.666471190332485 3.245997905731201 1.6377800703048706 0.3470669984817505 0.409008236507668 0.9510564804077148 1.023942470550537
416 0.6788055896759033 6.666471190332485 3.245997905731201 1.6377800703048706 0.3470669984817505 0.409008236507668 0.9510564804077148 1.023942470550537
417 0.6798602342605591 6.665862152903257 3.2442922592163086 1.6387492418289185 0.3423742353916168 0.4066954582553476 0.936202347278595 1.0207557678222656
418 0.6808132529258728 6.666025035131993 3.247175693511963 1.629851222038269 0.3477323353290558 0.4078332321050999 0.9441139698028564 1.065369963645935
419 0.6693270802497864 6.667675264246463 3.244074583053589 1.625720500946045 0.3238559663295746 0.4309303140787857 0.9342480897903442 1.0642517805099487
420 0.6706759333610535 6.668131072729772 3.244004249572754 1.6246894598007202 0.3205920457839966 0.43210574292812093 0.9316762685775757 1.0708080530166626
421 0.6729267239570618 6.669853026629246 3.2430219650268555 1.6242127418518066 0.3190564811229706 0.44435474694768917 0.9349206686019897 1.0734472274780273
422 0.6717383861541748 6.669738783754557 3.2426364421844482 1.6248440742492676 0.3306593596935272 0.447404596880248 0.9368504881858826 1.0758142471313477
423 0.6693183183670044 6.668329915704498 3.246613025665283 1.6244258880615234 0.3424132168292999 0.4298468296098312 0.9218552708625793 1.074477195739746
424 0.6696144938468933 6.672188931035467 3.2483439445495605 1.6023608446121216 0.33243095874786377 0.41887060825407413 0.9062259793281555 1.0228086709976196
425 0.6795867681503296 6.68252049233941 3.259467363357544 1.6213366985321045 0.3548155128955841 0.41486488114420783 0.9155032634735107 1.05972421169281
426 0.6795867681503296 6.68252049233941 3.259467363357544 1.6213366985321045 0.3548155128955841 0.41486488114420783 0.9155032634735107 1.05972421169281
427 0.6790814399719238 6.682702577126535 3.262014150619507 1.6213371753692627 0.3549371361732483 0.41600326066284676 0.9150696992874146 1.0590288639068604
428 0.6722617745399475 6.683938243967016 3.259942054748535 1.6207776069641113 0.3431316614151001 0.451716953197597 0.9145013093948364 1.0594319105148315
429 0.6724011301994324 6.683897348278205 3.2595791816711426 1.6207846403121948 0.3430251181125641 0.45373175060749854 0.9169179797172546 1.0594316720962524
430 0.6710130572319031 6.681010031827301 3.2595081329345703 1.615783452987671 0.3382031321525574 0.4520393305390936 0.9164086580276489 1.0535024404525757
431 0.6710130572319031 6.681010031827301 3.2595081329345703 1.615783452987671 0.3382031321525574 0.4520393305390936 0.9164086580276489 1.0535024404525757
432 0.6709547638893127 6.6804552215624575 3.2602593898773193 1.6220988035202026 0.3540777266025543 0.4543963609110764 0.9247129559516907 1.0617982149124146
433 0.6718116402626038 6.6781133563560475 3.2656795978546143 1.6115529537200928 0.34487855434417725 0.4746133138704288 0.9225161671638489 1.0468226671218872
434 0.6837802529335022 6.678553811623904 3.265277624130249 1.6128698587417603 0.32916706800460815 0.4708111139195148 0.919760525226593 1.0495541095733643
435 0.6885398030281067 6.677885313294384 3.2636919021606445 1.6137757301330566 0.3320460021495819 0.4654581510335425 0.9195615649223328 1.0494552850723267
436 0.6817283034324646 6.67725325711159 3.256927967071533 1.6116323471069336 0.3184635043144226 0.4935645269875467 0.9338840246200562 1.0598615407943726
437 0.6823851466178894 6.678744063506504 3.2562074661254883 1.615507960319519 0.3313969671726227 0.486633429661868 0.9415056109428406 1.062302589416504
438 0.6813353896141052 6.676593158768104 3.249849796295166 1.630172610282898 0.3512430191040039 0.45197661754097584 0.9531878232955933 1.0852751731872559
439 0.6833894848823547 6.676270305275786 3.2514357566833496 1.6328610181808472 0.3551172912120819 0.43909719874588343 0.9536387920379639 1.083357334136963
440 0.6903998255729675 6.667346798844819 3.2576792240142822 1.639901876449585 0.36883386969566345 0.43593779959333206 0.9723973274230957 1.0816611051559448
441 0.6903998255729675 6.667346798844819 3.2576792240142822 1.639901876449585 0.36883386969566345 0.43593779959333206 0.9723973274230957 1.0816611051559448
442 0.688902735710144 6.66758791234624 3.257810592651367 1.6400752067565918 0.36906230449676514 0.43658043434429383 0.9716213941574097 1.0813993215560913
443 0.6856616735458374 6.667666578351748 3.2593603134155273 1.634667992591858 0.3618308901786804 0.43002819500024403 0.9598142504692078 1.074817419052124
444 0.6863794326782227 6.667625458922998 3.2608439922332764 1.633534550666809 0.36019253730773926 0.43414625432142 0.9433659911155701 1.0738071203231812
445 0.6942540407180786 6.669700943677428 3.266066789627075 1.6499760150909424 0.3836708962917328 0.4301688872588238 0.9567365646362305 1.10073721408844
446 0.6942540407180786 6.669700943677428 3.266066789627075 1.6499760150909424 0.3836708962917328 0.4301688872588238 0.9567365646362305 1.10073721408844
447 0.686850368976593 6.6712437077105795 3.2599239349365234 1.6332186460494995 0.36698195338249207 0.4212584261657127 0.9370200634002686 1.0776506662368774
448 0.6891688108444214 6.671421920641194 3.258096933364868 1.6338164806365967 0.3751557469367981 0.44125126372400997 0.9391043186187744 1.074959635734558
449 0.691882312297821 6.671551564135202 3.257848024368286 1.6571143865585327 0.3751317262649536 0.4354407637304247 0.9397966265678406 1.0772392749786377
450 0.6854958534240723 6.664530158439425 3.246478796005249 1.6595041751861572 0.37674686312675476 0.43788637874501984 0.899745762348175 1.075506329536438
451 0.6854958534240723 6.664530158439425 3.246478796005249 1.6595041751861572 0.37674686312675476 0.43788637874501984 0.899745762348175 1.075506329536438
452 0.6866138577461243 6.665433067446642 3.246436595916748 1.7282402515411377 0.3727148771286011 0.43386491835120583 0.9226765632629395 1.2558616399765015
453 0.680608868598938 6.664398439811189 3.2527413368225098 1.728142499923706 0.37254706025123596 0.41883654068700393 0.908402144908905 1.2546560764312744
454 0.679222583770752 6.664500201545568 3.253021478652954 1.7210203409194946 0.368554949760437 0.4162181753929034 0.9037105441093445 1.2446235418319702
455 0.680031418800354 6.664425411561268 3.2537105083465576 1.72239351272583 0.37167492508888245 0.41316576334466787 0.905262291431427 1.245834231376648
456 0.680031418800354 6.664425411561268 3.2537105083465576 1.72239351272583 0.37167492508888245 0.41316576334466787 0.905262291431427 1.245834231376648
457 0.6835811734199524 6.664991396880411 3.2554616928100586 1.7189847230911255 0.3493656814098358 0.41963687246970216 0.8977125287055969 1.2374213933944702
458 0.6858575344085693 6.667088766998933 3.2575573921203613 1.7323966026306152 0.37182262539863586 0.4019698402174124 0.9160910844802856 1.261006236076355
459 0.691558837890625 6.663191171436048 3.261688709259033 1.7319045066833496 0.37174856662750244 0.4397534910273738 0.9213365912437439 1.264343023300171
460 0.6915755867958069 6.661128783342549 3.2615485191345215 1.734812617301941 0.3734740614891052 0.4348138019583721 0.922924816608429 1.2713067531585693
461 0.6915755867958069 6.661128783342549 3.2615485191345215 1.734812617301941 0.3734740614891052 0.4348138019583721 0.922924816608429 1.2713067531585693
462 0.6897281408309937 6.656787589170229 3.2583529949188232 1.7246793508529663 0.37749508023262024 0.4592436792274007 0.9167956709861755 1.246758222579956
463 0.6921176910400391 6.656562200628266 3.260622024536133 1.7285622358322144 0.37571629881858826 0.4546083781459513 0.9050554037094116 1.2456464767456055
464 0.6948960423469543 6.657832533295836 3.259965419769287 1.7277261018753052 0.3648900091648102 0.47179070418850233 0.9018568992614746 1.2447621822357178
465 0.6940345764160156 6.657990563653487 3.255077362060547 1.7127978801727295 0.3642335534095764 0.47263094384653814 0.9114998579025269 1.2231234312057495
466 0.6940345764160156 6.657990563653487 3.255077362060547 1.7127978801727295 0.3642335534095764 0.47263094384653814 0.9114998579025269 1.2231234312057495
467 0.6939201354980469 6.657952208207189 3.2543656826019287 1.7128146886825562 0.36492717266082764 0.4723984068377138 0.9117616415023804 1.223113775253296
468 0.6917117834091187 6.658112572367779 3.2538771629333496 1.7130424976348877 0.36630162596702576 0.4712513765925247 0.9118015170097351 1.223365068435669
469 0.6923354268074036 6.657881675396508 3.2549095153808594 1.7127679586410522 0.36733877658843994 0.47066345019778727 0.9115628600120544 1.2230173349380493
470 0.6969080567359924 6.660580578953794 3.2579967975616455 1.712601661682129 0.37352222204208374 0.44849809188463124 0.9117676615715027 1.223265528678894
471 0.6969080567359924 6.660580578953794 3.2579967975616455 1.712601661682129 0.37352222204208374 0.44849809188463124 0.9117676615715027 1.223265528678894
472 0.6969113349914551 6.660575148126256 3.2560365200042725 1.712715983390808 0.37357842922210693 0.44836905467076554 0.9158846139907837 1.223412275314331
473 0.6984956860542297 6.660625039913266 3.256000518798828 1.7125935554504395 0.3754618763923645 0.446562485483342 0.9167776703834534 1.2233158349990845
474 0.7003227472305298 6.658691367316942 3.253803253173828 1.7073020935058594 0.3761014938354492 0.4362981996545825 0.915019154548645 1.2201977968215942
475 0.7020559906959534 6.65947777827392 3.2541472911834717 1.7075848579406738 0.37304580211639404 0.43593762762976673 0.9142977595329285 1.2213079929351807
476 0.7020559906959534 6.65947777827392 3.2541472911834717 1.7075848579406738 0.37304580211639404 0.43593762762976673 0.9142977595329285 1.2213079929351807
477 0.7010302543640137 6.660486860846865 3.2516238689422607 1.710445523262024 0.3698447048664093 0.43867317625432156 0.9144749045372009 1.2242016792297363
478 0.7017681002616882 6.660363307720656 3.252714157104492 1.7132729291915894 0.3747294247150421 0.44306526387760164 0.9192768931388855 1.2249149084091187
479 0.7054513692855835 6.6588251290027305 3.2548089027404785 1.717041015625 0.3877604007720947 0.4368149895728625 0.9413501024246216 1.231980323791504
480 0.7053768634796143 6.658836037130941 3.254824638366699 1.71703040599823 0.3878194987773895 0.4368524346909766 0.9413596391677856 1.231996774673462
481 0.7053768634796143 6.658836037130941 3.254824638366699 1.71703040599823 0.3878194987773895 0.4368524346909766 0.9413596391677856 1.231996774673462
482 0.7049410939216614 6.659158532677421 3.2528791427612305 1.7151648998260498 0.3804278075695038 0.44343000128173016 0.9374898076057434 1.2301595211029053
483 0.7043259143829346 6.657312069835173 3.2567408084869385 1.702980399131775 0.37656399607658386 0.45996801884697563 0.9273839592933655 1.2135026454925537
484 0.7042521238327026 6.657318193519265 3.2567174434661865 1.7029821872711182 0.3766387403011322 0.459899099061502 0.9274965524673462 1.2135183811187744
485 0.7095948457717896 6.658092816257691 3.2683675289154053 1.7044827938079834 0.38417017459869385 0.46393375457275426 0.9361250400543213 1.2121567726135254
486 0.7095948457717896 6.658092816257691 3.2683675289154053 1.7044827938079834 0.38417017459869385 0.46393375457275426 0.9361250400543213 1.2121567726135254
487 0.7059378623962402 6.656692323530752 3.267578601837158 1.7015511989593506 0.3711392879486084 0.5092564226104501 0.9298863410949707 1.21530282497406
488 0.7010907530784607 6.65665564088665 3.2630794048309326 1.7014963626861572 0.3670518696308136 0.5105345817125218 0.9286404848098755 1.2146999835968018
489 0.7024807333946228 6.6552735896722215 3.2700841426849365 1.704787015914917 0.36824971437454224 0.5101956401434106 0.9368627667427063 1.2217342853546143
490 0.7029469013214111 6.655304998845759 3.2721328735351563 1.7051352262496948 0.3684968948364258 0.5073363060703344 0.951816737651825 1.2222020626068115
491 0.7029469013214111 6.655304998845759 3.2721328735351563 1.7051352262496948 0.3684968948364258 0.5073363060703344 0.951816737651825 1.2222020626068115
492 0.7034342288970947 6.655380496151504 3.272433042526245 1.7045561075210571 0.3662526607513428 0.5084657973190877 0.9530219435691833 1.2223005294799805
493 0.70345538854599 6.655434883236379 3.272181272506714 1.7046269178390503 0.3663947582244873 0.5082085317989485 0.9538421630859375 1.222319483757019
494 0.70441734790802 6.655567104142455 3.2706830501556396 1.7031506299972534 0.37508994340896606 0.5188277515427032 0.9717786908149719 1.218448281288147
495 0.7106180787086487 6.659370943412966 3.268103837966919 1.7056877613067627 0.3905643820762634 0.5276509110786146 0.9835130572319031 1.2117509841918945
496 0.7106180787086487 6.659370943412966 3.268103837966919 1.7056877613067627 0.3905643820762634 0.5276509110786146 0.9835130572319031 1.2117509841918945
497 0.7161120772361755 6.65938477919481 3.2703652381896973 1.7083842754364014 0.39383894205093384 0.5076106692308732 0.9845390915870667 1.2134344577789307
498 0.7155542969703674 6.659557965998842 3.2695937156677246 1.7092585563659668 0.39114663004875183 0.5091282211689018 0.9838595986366272 1.2133797407150269
499 0.7144404053688049 6.6598689618250795 3.269087076187134 1.7107114791870117 0.38902848958969116 0.5145038507364958 0.9838916063308716 1.2184735536575317
500 0.7124226689338684 6.660020334735341 3.2712509632110596 1.7158654928207397 0.38950055837631226 0.5174137036472405 0.986720085144043 1.2243927717208862
