init 0.6457300782203674 5.21789952134921 3.4012742042541504 1.59363853931427 0.0 0.0 0.0 0.0
1 0.6457300782203674 5.217834708909869 3.4012742042541504 1.59363853931427 0.0 0.0004595830292159552 0.0001410739350831136 0.0
2 0.6588099598884583 5.23791606606885 3.4130470752716064 1.732285737991333 0.07897821813821793 0.4789265197516921 0.5245398283004761 0.6266289353370667
3 0.7233368754386902 4.032115128467548 3.4161272048950195 1.7177481651306152 0.2575135827064514 3.626527425177192 1.5462391376495361 0.7095010876655579
4 0.7450443506240845 3.602699367323572 3.413686513900757 1.7143144607543945 0.33469146490097046 4.904349146744022 1.6644970178604126 0.7492995858192444
5 0.7404337525367737 3.525785399893708 3.414681911468506 1.7129229307174683 0.3387967646121979 4.772365377505633 1.6266088485717773 0.7396480441093445
6 0.7404337525367737 3.525785399893708 3.414681911468506 1.7129229307174683 0.3387967646121979 4.772365377505633 1.6266088485717773 0.7396480441093445
7 0.7811172604560852 3.558174893503594 3.414738178253174 1.716783881187439 0.4050024449825287 4.783771532638825 1.6506743431091309 0.8396474719047546
8 0.7955523133277893 3.5624942248959623 3.4143316745758057 1.715423822402954 0.4195422828197479 4.795181367296518 1.65720796585083 0.8535583019256592
9 0.8564437031745911 3.527069939372359 3.4140682220458984 1.7186459302902222 0.5317570567131042 4.772381512685385 1.6646382808685303 0.8710258603096008
10 0.8553608059883118 3.587785137710008 3.4235455989837646 1.6804784536361694 0.5267185568809509 4.953382549227572 1.7294946908950806 1.0274649858474731
11 0.8553608059883118 3.587785137710008 3.4235455989837646 1.6804784536361694 0.5267185568809509 4.953382549227572 1.7294946908950806 1.0274649858474731
12 0.8593759536743164 3.5606311983738146 3.4198081493377686 1.6897621154785156 0.5392963290214539 4.930604234736555 1.7176672220230103 1.0237717628479004
13 0.8846253752708435 3.594432264395777 3.4161975383758545 1.7060707807540894 0.5914923548698425 4.953129040259556 1.771450161933899 1.0647432804107666
14 0.8800181746482849 3.598435256564427 3.4190497398376465 1.7093535661697388 0.574072539806366 4.954952281005592 1.7587857246398926 1.0548399686813354
15 0.8405055999755859 3.607107215932861 3.417086124420166 1.706687092781067 0.5476374626159668 4.950503696893588 1.7837544679641724 1.0463911294937134
16 0.8405055999755859 3.6095476363776826 3.417086124420166 1.706687092781067 0.5476374626159668 4.949630108006796 1.783526062965393 1.0463911294937134
17 0.91920405626297 3.620110675077743 3.4264488220214844 1.7338292598724365 0.653278648853302 4.963637548085074 1.8011924028396606 1.058753252029419
18 0.9452383518218994 3.6385307508411344 3.426389217376709 1.7359685897827148 0.69826740026474 4.9748635513652655 1.798250436782837 1.0679550170898438
19 0.9718509912490845 3.6384171095438083 3.4467012882232666 1.7603998184204102 0.721685528755188 4.97949504260182 1.8131160736083984 1.1028671264648438
20 1.0892868041992188 3.6791401941954143 3.4729464054107666 1.8096418380737305 0.8653014898300171 4.988186567967014 1.8993586301803589 1.2301766872406006
21 1.0892868041992188 3.6791401941954143 3.4729464054107666 1.8096418380737305 0.8653014898300171 4.988186567967014 1.8993586301803589 1.2301766872406006
22 1.063277006149292 3.684049478663972 3.4848804473876953 1.8721410036087036 0.9249390363693237 5.057153930993121 2.0226216316223145 1.3307498693466187
23 1.1129424571990967 3.7804905359172944 3.5062880516052246 1.8240083456039429 0.9635537266731262 5.211096230445838 2.1158499717712402 1.3284142017364502
24 1.177082896232605 3.7233869075861925 3.5618157386779785 1.893038272857666 1.0693539381027222 5.19836421062954 2.2444629669189453 1.4457638263702393
25 1.1050171852111816 3.708337277086524 3.535950183868408 1.8463786840438843 1.0007702112197876 5.176880751897204 2.2112441062927246 1.4030877351760864
26 1.1050171852111816 3.708337277086524 3.535950183868408 1.8463786840438843 1.0007702112197876 5.176880751897204 2.2112441062927246 1.4030877351760864
27 1.1174168586730957 3.6882829526810688 3.527634859085083 1.8577104806900024 1.0316877365112305 5.190166498746528 2.231818437576294 1.4008729457855225
28 1.0981427431106567 3.680292829449184 3.5178661346435547 1.8459393978118896 1.0064997673034668 5.167691508369713 2.2046613693237305 1.373112678527832
29 1.1027038097381592 3.6850850385801004 3.518272638320923 1.8467116355895996 1.0182077884674072 5.174335697243093 2.209998369216919 1.363752841949463
30 1.1024874448776245 3.693747506349876 3.518618106842041 1.8467031717300415 1.0180881023406982 5.167185679903875 2.2095084190368652 1.3637109994888306
31 1.1024874448776245 3.693747506349876 3.518618106842041 1.8467031717300415 1.0180881023406982 5.167185679903875 2.2095084190368652 1.3637109994888306
32 1.1025301218032837 3.695709454582168 3.52488374710083 1.8585799932479858 1.0213475227355957 5.183608472062313 2.2159945964813232 1.3712681531906128
33 1.082523226737976 3.6972160740714926 3.518113374710083 1.853010654449463 0.9912082552909851 5.170106438054334 2.1853721141815186 1.3590246438980103
34 1.0827804803848267 3.6999055796795957 3.5228159427642822 1.893789291381836 0.9897280931472778 5.16355515008617 2.19183349609375 1.3846187591552734
35 1.0760022401809692 3.6612821302681806 3.508735418319702 1.8691600561141968 0.9560528993606567 5.132362574437106 2.150632381439209 1.3486981391906738
36 1.0760022401809692 3.6612821302681806 3.508735418319702 1.8691600561141968 0.9560528993606567 5.132362574437106 2.150632381439209 1.3486981391906738
37 1.080275297164917 3.6613344708246953 3.508726119995117 1.8698877096176147 0.9664298892021179 5.136070918923653 2.155393600463867 1.3513967990875244
38 1.0676411390304565 3.6635019947667264 3.5160679817199707 1.865997076034546 0.9602956175804138 5.157255942360182 2.1831600666046143 1.3440468311309814
39 1.0632926225662231 3.6607163924317137 3.522940158843994 1.8729928731918335 0.9539539813995361 5.159561641240727 2.1799371242523193 1.3454314470291138
40 1.0570193529129028 3.6450603170213336 3.493199348449707 1.8707880973815918 0.9468293190002441 5.160154181499016 2.1724367141723633 1.3313350677490234
41 1.0570193529129028 3.6450603170213336 3.493199348449707 1.8707880973815918 0.9468293190002441 5.160154181499016 2.1724367141723633 1.3313350677490234
42 1.0498871803283691 3.649582807095911 3.483083963394165 1.870903730392456 0.9348422884941101 5.163543646705669 2.1398398876190186 1.3291752338409424
43 1.038144826889038 3.647518692150362 3.4784438610076904 1.8607221841812134 0.9317121505737305 5.20485197969356 2.1444249153137207 1.325764775276184
44 1.0477819442749023 3.6452607363154037 3.471088171005249 1.8667871952056885 0.9484413266181946 5.20156911104482 2.1350371837615967 1.335802674293518
45 1.0474658012390137 3.647736184756755 3.469788074493408 1.8760191202163696 0.9469904899597168 5.196829724813084 2.131281852722168 1.3500206470489502
46 1.0474658012390137 3.647736184756755 3.46996808052063 1.8760191202163696 0.9469904899597168 5.196829724813084 2.1253914833068848 1.3500206470489502
47 1.0489516258239746 3.64684229348991 3.4708235263824463 1.876353144645691 0.9469016790390015 5.1971738124871045 2.1268765926361084 1.3509808778762817
48 1.0488319396972656 3.6473786788663842 3.470806121826172 1.8763383626937866 0.9467548727989197 5.196012197587025 2.126776933670044 1.3509225845336914
49 1.0462722778320313 3.6488007526189032 3.4684462547302246 1.875501275062561 0.9434497952461243 5.190792755737037 2.123173236846924 1.3498696088790894
50 1.0458526611328125 3.6404295081457674 3.469125986099243 1.8822524547576904 0.9371851682662964 5.188242530433219 2.12170147895813 1.3770124912261963
51 1.0458526611328125 3.6404295081457674 3.469125986099243 1.8822524547576904 0.9371851682662964 5.188242530433219 2.12170147895813 1.3770124912261963
52 1.0539294481277466 3.636762237873573 3.4694902896881104 1.88756263256073 0.9472896456718445 5.182708464993547 2.128638982772827 1.3858380317687988
53 1.0533641576766968 3.6227067367752666 3.500450372695923 1.887531042098999 0.9471287131309509 5.199134920105941 2.131154775619507 1.38584566116333
54 1.0386974811553955 3.6485606396620214 3.498180389404297 1.879510521888733 0.9159557819366455 5.181975883406021 2.1079752445220947 1.3669085502624512
55 1.0533061027526855 3.6531930643954094 3.5245583057403564 1.8864247798919678 0.9382550716400146 5.176297582176245 2.1970114707946777 1.3776434659957886
56 1.0618882179260254 3.648887810433773 3.5261051654815674 1.8916292190551758 0.9470558166503906 5.174395188752976 2.2002034187316895 1.386919379234314
57 1.0600593090057373 3.6517935263258603 3.523552417755127 1.8521695137023926 0.9490000009536743 5.177204195811654 2.210029363632202 1.4707612991333008
58 1.0212265253067017 3.602716393383194 3.510164737701416 1.8402296304702759 0.9055454730987549 5.123131503660119 2.1752891540527344 1.4605478048324585
59 1.025252342224121 3.6090914507616185 3.512263536453247 1.8512002229690552 0.9139919877052307 5.128112178352519 2.186872959136963 1.4780000448226929
60 1.0245709419250488 3.60862048030589 3.5082709789276123 1.8377989530563354 0.9144106507301331 5.133197650277894 2.185124635696411 1.4596432447433472
61 1.0245709419250488 3.60862048030589 3.5082709789276123 1.8377989530563354 0.9144106507301331 5.133197650277894 2.185124635696411 1.4596432447433472
62 1.0170555114746094 3.609677027983514 3.5105457305908203 1.9294865131378174 0.9020324945449829 5.135044076705959 2.188279151916504 1.624214768409729
63 0.9876480102539063 3.611547734684433 3.5061862468719482 1.9267510175704956 0.8740671277046204 5.1341745037203745 2.179758071899414 1.6200147867202759
64 0.9893935322761536 3.609381890200092 3.5079619884490967 1.9556529521942139 0.8754122853279114 5.134292266451837 2.1959681510925293 1.6531802415847778
65 0.987646222114563 3.596711821881114 3.5079219341278076 1.9598976373672485 0.8776218295097351 5.125887043438335 2.1969997882843018 1.654258131980896
66 0.987646222114563 3.596711821881114 3.5079219341278076 1.9598976373672485 0.8776218295097351 5.125887043438335 2.1969997882843018 1.654258131980896
67 0.9877838492393494 3.59837504443583 3.5055596828460693 1.8650966882705688 0.8778005242347717 5.120070461697899 2.186598062515259 1.4838546514511108
68 0.9990357160568237 3.588393525577899 3.510538101196289 1.8702014684677124 0.8823809027671814 5.1208333354415005 2.1902506351470947 1.4738508462905884
69 1.0089741945266724 3.583659658192445 3.5131869316101074 1.8690872192382813 0.8909644484519958 5.125647530879748 2.1956448554992676 1.4756853580474854
70 1.006940484046936 3.5894921587155633 3.512040376663208 1.8665103912353516 0.8745173811912537 5.1366103860134915 2.182180881500244 1.4672635793685913
71 1.006940484046936 3.5894921587155633 3.512040376663208 1.8665103912353516 0.8745173811912537 5.1366103860134915 2.182180881500244 1.4672635793685913
72 1.0097856521606445 3.5877053255631917 3.5132699012756348 1.8646864891052246 0.8786888718605042 5.1402841349097965 2.1871275901794434 1.4675127267837524
73 1.0128989219665527 3.5887094473421706 3.5138916969299316 1.8682528734207153 0.8848695158958435 5.1391389768238565 2.1942636966705322 1.474347710609436
74 1.0096516609191895 3.5834475446867486 3.5080599784851074 1.8637781143188477 0.8779338598251343 5.137583952439301 2.1905722618103027 1.4675323963165283
75 1.0135300159454346 3.584460488016467 3.5114059448242188 1.877866506576538 0.8901360034942627 5.148554483315293 2.2061147689819336 1.4792068004608154
76 1.0135300159454346 3.584460488016467 3.5114059448242188 1.877866506576538 0.8901360034942627 5.148554483315293 2.2061147689819336 1.4792068004608154
77 1.012138843536377 3.587793520149509 3.522684335708618 1.8824739456176758 0.9024276733398438 5.116726568466895 2.238607168197632 1.5004175901412964
78 1.0143460035324097 3.5900193953391644 3.523131847381592 1.885023832321167 0.9032003879547119 5.109644987325161 2.237884044647217 1.49985933303833
79 1.0047096014022827 3.5779908711154524 3.517176866531372 1.8752869367599487 0.8795464634895325 5.1020830523381955 2.2237765789031982 1.4811931848526
80 1.0519307851791382 3.6031002219016353 3.5530166625976563 2.0012733936309814 0.9475430250167847 5.151391363230509 2.33284854888916 1.6540422439575195
81 1.0519307851791382 3.6031002219016353 3.5530166625976563 2.0012733936309814 0.9475430250167847 5.151391363230509 2.33284854888916 1.6540422439575195
82 1.0401716232299805 3.6076574327106425 3.5462965965270996 2.0006515979766846 0.9317669868469238 5.148599236102209 2.313389539718628 1.6551920175552368
83 1.032599925994873 3.6147905264999247 3.541532039642334 2.010126829147339 0.9417670369148254 5.166835747207448 2.3213841915130615 1.658596396446228
84 1.0306295156478882 3.620425481067905 3.541538715362549 2.009573221206665 0.9394072890281677 5.1656967647526715 2.3217172622680664 1.6571544408798218
85 1.0509600639343262 3.6421769437062284 3.5493955612182617 2.020167827606201 0.9627779722213745 5.196159541984283 2.3534443378448486 1.6735228300094604
86 1.0509600639343262 3.6421428454128892 3.5493955612182617 2.020167827606201 0.9627779722213745 5.196654751182268 2.353458881378174 1.6735228300094604
87 1.0469533205032349 3.645630844206193 3.552889108657837 2.018867015838623 0.9549104571342468 5.195474177038925 2.3507955074310303 1.6679140329360962
88 1.0519129037857056 3.6225667206378147 3.551669120788574 2.018359422683716 0.9584740996360779 5.217783442644193 2.363247871398926 1.6719448566436768
89 1.049320936203003 3.6251551886721236 3.547647476196289 2.012162685394287 0.9477448463439941 5.193210778704343 2.340404510498047 1.666218876838684
90 1.0292261838912964 3.6306185919469285 3.5348870754241943 2.0019681453704834 0.9232814311981201 5.174818054544216 2.3072285652160645 1.651627540588379
91 1.0292261838912964 3.6306185919469285 3.5348870754241943 2.0019681453704834 0.9232814311981201 5.174818054544216 2.3072285652160645 1.651627540588379
92 1.0126426219940186 3.6176288312011553 3.526782512664795 1.9898761510849 0.913123369216919 5.179899491461522 2.2943878173828125 1.629790186882019
93 1.0140962600708008 3.6153729865042443 3.5276377201080322 1.9903242588043213 0.9130200147628784 5.186902889020608 2.296149253845215 1.630588412284851
94 1.0049041509628296 3.609334544118548 3.5194602012634277 1.9045324325561523 0.8974471092224121 5.197087229600981 2.2690815925598145 1.5381509065628052
95 1.0433380603790283 3.5854671201801795 3.550147771835327 1.9417356252670288 0.9480879306793213 5.191229220690264 2.3273427486419678 1.5946142673492432
96 1.0433380603790283 3.5854671201801795 3.550147771835327 1.9417356252670288 0.9480879306793213 5.191229220690264 2.3273427486419678 1.5946142673492432
97 1.0421003103256226 3.5864673160293137 3.5484180450439453 1.9474225044250488 0.9489877223968506 5.19087694336289 2.3334245681762695 1.637884497642517
98 1.040427565574646 3.598116211053273 3.55045485496521 1.9396694898605347 0.950546383857727 5.2044032610855355 2.3463871479034424 1.6337543725967407
99 1.0408244132995605 3.5968516731324 3.550750255584717 1.9404423236846924 0.9506065845489502 5.204284894499254 2.3464927673339844 1.6348854303359985
100 1.031713604927063 3.603433634044739 3.541654109954834 1.9328964948654175 0.9319524168968201 5.215088186520682 2.3276281356811523 1.62594735622406
101 1.031713604927063 3.603433634044739 3.541654109954834 1.9328964948654175 0.9319524168968201 5.215088186520682 2.3276281356811523 1.62594735622406
102 1.036199688911438 3.6120894067508957 3.547607660293579 1.9386252164840698 0.9372787475585938 5.218534579832238 2.3388917446136475 1.6319352388381958
103 1.018993854522705 3.614766764868659 3.542755603790283 1.9287776947021484 0.9162676334381104 5.219736285557496 2.3261988162994385 1.6121398210525513
104 1.018993854522705 3.612470256159611 3.5435309410095215 1.9287776947021484 0.9162676334381104 5.220444073811337 2.3216629028320313 1.6121398210525513
105 1.0254111289978027 3.6310753442178068 3.545774459838867 1.930967926979065 0.9206875562667847 5.2256184652388695 2.3264076709747314 1.618234395980835
106 1.0254111289978027 3.6310753442178068 3.545774459838867 1.930967926979065 0.9206875562667847 5.2256184652388695 2.3264076709747314 1.618234395980835
107 1.0482444763183594 3.6240244262009873 3.5609326362609863 1.9448200464248657 0.9533443450927734 5.214754930532255 2.376053810119629 1.6352341175079346
108 1.0455130338668823 3.6225016358814788 3.559650182723999 1.9459623098373413 0.9515042901039124 5.2136991062959925 2.3738112449645996 1.634307622909546
109 1.0434309244155884 3.6238628446052816 3.5584795475006104 1.950156569480896 0.9499260187149048 5.208033189146029 2.3704328536987305 1.6333738565444946
110 1.0424467325210571 3.6201487307306435 3.5579237937927246 1.9512063264846802 0.949184775352478 5.212698695806565 2.3700509071350098 1.632604956626892
111 1.0424467325210571 3.6201487307306435 3.5579237937927246 1.9512063264846802 0.949184775352478 5.212698695806565 2.3700509071350098 1.632604956626892
112 1.042931318283081 3.619264302347076 3.559217691421509 1.951352834701538 0.9483705163002014 5.215046394989837 2.373485803604126 1.6329679489135742
113 1.043167233467102 3.617122422669126 3.559741973876953 1.9515986442565918 0.9540184736251831 5.214124379641515 2.3821144104003906 1.6370351314544678
114 1.0455130338668823 3.6198285659521354 3.56217885017395 1.9529376029968262 0.956831693649292 5.213947368012171 2.3868765830993652 1.6385618448257446
115 1.0467746257781982 3.6221093794340757 3.5646471977233887 1.9597506523132324 0.9519938826560974 5.218022710547816 2.3833558559417725 1.6328321695327759
116 1.0467746257781982 3.6221093794340757 3.5646471977233887 1.9597506523132324 0.9519938826560974 5.218022710547816 2.3833558559417725 1.6328321695327759
117 1.0473321676254272 3.612866972039887 3.5648701190948486 1.9591020345687866 0.9536705613136292 5.221259260727973 2.3830034732818604 1.6336678266525269
118 1.0464684963226318 3.6160015209470555 3.5643279552459717 1.9579699039459229 0.9527721405029297 5.224499461060925 2.382779836654663 1.6327153444290161
119 1.0780166387557983 3.6254371487274786 3.5885064601898193 1.9692965745925903 0.988192081451416 5.236623006514322 2.4326536655426025 1.6541680097579956
120 1.0778037309646606 3.6262828166428154 3.5882391929626465 1.9762587547302246 0.9878671765327454 5.23190354756678 2.4327328205108643 1.6620426177978516
121 1.0778037309646606 3.6262828166428154 3.5882391929626465 1.9762587547302246 0.9878671765327454 5.23190354756678 2.4327328205108643 1.6620426177978516
122 1.070833444595337 3.628472132922676 3.5848228931427 1.9683979749679565 0.9794086813926697 5.237633282131194 2.42730712890625 1.6492966413497925
123 1.070833683013916 3.6283021012061294 3.585177183151245 1.9685536623001099 0.9791179299354553 5.241428963443396 2.428029775619507 1.649573802947998
124 1.070833683013916 3.628266174205352 3.585177183151245 1.9685536623001099 0.9791179299354553 5.243003308508776 2.428083658218384 1.649573802947998
125 1.0763614177703857 3.636028664245468 3.588608980178833 1.97024667263031 0.9881064295768738 5.244220756596513 2.4386065006256104 1.6527880430221558
126 1.0763614177703857 3.636028664245468 3.588608980178833 1.97024667263031 0.9881064295768738 5.244220756596513 2.4386065006256104 1.6527880430221558
127 1.0718092918395996 3.637052496182264 3.586832284927368 1.968985676765442 0.9786903858184814 5.245405083629392 2.430565357208252 1.6498793363571167
128 1.0792604684829712 3.632566803702967 3.5940961837768555 1.9713382720947266 0.9814472198486328 5.236749856145889 2.4395751953125 1.6549454927444458
129 1.0800758600234985 3.624195932514207 3.5919911861419678 1.9724781513214111 0.9847800731658936 5.232840564455052 2.4416182041168213 1.6561416387557983
130 1.0827158689498901 3.614904484701858 3.5890777111053467 1.9716322422027588 0.9877264499664307 5.236274215930581 2.4378302097320557 1.6521515846252441
131 1.0827158689498901 3.614904484701858 3.5890777111053467 1.9716322422027588 0.9877264499664307 5.236274215930581 2.4378302097320557 1.6521515846252441
132 1.0855273008346558 3.6125306192935596 3.589176893234253 1.973083734512329 0.9905082583427429 5.224209317356941 2.445827007293701 1.6530368328094482
133 1.0885601043701172 3.595339658884968 3.585310935974121 1.9824813604354858 0.9965730309486389 5.217284341325064 2.4582560062408447 1.6730200052261353
134 1.0885601043701172 3.597532475260744 3.585282802581787 1.9824813604354858 0.9965730309486389 5.221041695962232 2.458285331726074 1.6730200052261353
135 1.0882800817489624 3.5973813010437086 3.587644100189209 1.9792183637619019 0.9964221119880676 5.220931606669619 2.4560489654541016 1.6403638124465942
136 1.0882800817489624 3.5973813010437086 3.587644100189209 1.9792183637619019 0.9964221119880676 5.220931606669619 2.4560489654541016 1.6403638124465942
137 1.0875591039657593 3.5911573334569433 3.5846505165100098 1.9746954441070557 0.991910457611084 5.215834571519755 2.449744939804077 1.6337440013885498
138 1.0728193521499634 3.5994645491367296 3.573256254196167 1.9637929201126099 0.9730309247970581 5.21835473403578 2.429669141769409 1.617416262626648
139 1.1036732196807861 3.635759813547942 3.597365140914917 1.9624875783920288 1.0148940086364746 5.269663368138816 2.477156162261963 1.6210765838623047
140 1.1116122007369995 3.631880383509241 3.5993151664733887 1.9634771347045898 1.0214180946350098 5.274970706059205 2.4841787815093994 1.6228896379470825
141 1.1116122007369995 3.631880383509241 3.5993151664733887 1.9634771347045898 1.0214180946350098 5.274970706059205 2.4841787815093994 1.6228896379470825
142 1.1140447854995728 3.6311820073783707 3.5995421409606934 1.965941071510315 1.0237746238708496 5.272762077075521 2.4853179454803467 1.626727819442749
143 1.1052627563476563 3.6260082960674778 3.59900164604187 1.9578113555908203 1.0144636631011963 5.276479600296224 2.484661340713501 1.6108511686325073
144 1.105167031288147 3.6260249524800456 3.5990021228790283 1.9578173160552979 1.014447808265686 5.276491121877205 2.484670400619507 1.6108553409576416
145 1.105167031288147 3.620016931412103 3.5990021228790283 1.9578173160552979 1.014447808265686 5.28748892721572 2.4847145080566406 1.6108553409576416
146 1.105167031288147 3.620016931412103 3.5990021228790283 1.9578173160552979 1.014447808265686 5.28748892721572 2.4847145080566406 1.6108553409576416
147 1.1040172576904297 3.61873429209748 3.5974273681640625 1.9598159790039063 1.0127201080322266 5.284785635728825 2.4813146591186523 1.6110303401947021
148 1.1050810813903809 3.6184731190164587 3.5977895259857178 1.9599552154541016 1.0134353637695313 5.282750047026396 2.4816884994506836 1.6113018989562988
149 1.102245569229126 3.617960391916375 3.597527503967285 1.9595201015472412 1.0101059675216675 5.280807795802678 2.4763023853302 1.6101750135421753
150 1.102245569229126 3.614334812639706 3.5967113971710205 1.9602655172348022 1.0101059675216675 5.276298410215546 2.4748239517211914 1.6119569540023804
151 1.102245569229126 3.614334812639706 3.5967113971710205 1.9602655172348022 1.0101059675216675 5.276298410215546 2.4748239517211914 1.6119569540023804
152 1.1008695363998413 3.566345047386159 3.596182346343994 1.9638806581497192 1.0094196796417236 5.2306264117435886 2.462768793106079 1.6134729385375977
153 1.1531392335891724 3.584014260473143 3.629070520401001 2.005760431289673 1.074874997138977 5.234704243958634 2.5404574871063232 1.6827805042266846
154 1.153461217880249 3.5865701505783734 3.6301205158233643 2.0066378116607666 1.0758695602416992 5.230897979750676 2.5410847663879395 1.6834074258804321
155 1.1547881364822388 3.635699957786079 3.6349122524261475 2.007065534591675 1.076827883720398 5.320749584417684 2.5559656620025635 1.6841604709625244
156 1.1547881364822388 3.635699957786079 3.6349122524261475 2.007065534591675 1.076827883720398 5.320749584417684 2.5559656620025635 1.6841604709625244
157 1.1546603441238403 3.638307031717446 3.632805347442627 2.0070858001708984 1.0766212940216064 5.323557490593715 2.5609867572784424 1.6840968132019043
158 1.1600472927093506 3.6345603123051626 3.633118152618408 1.9999855756759644 1.0832363367080688 5.324360598193802 2.5652389526367188 1.6730316877365112
159 1.1597355604171753 3.631266638414733 3.633671760559082 1.9995771646499634 1.0822196006774902 5.321466876856545 2.5688180923461914 1.6753084659576416
160 1.1531093120574951 3.6377783424009746 3.629164457321167 1.9923864603042603 1.0741978883743286 5.325679005399238 2.5612800121307373 1.6649612188339233
161 1.1531093120574951 3.6377783424009746 3.629164457321167 1.9923864603042603 1.0741978883743286 5.325679005399238 2.5612800121307373 1.6649612188339233
162 1.1531466245651245 3.641224923964148 3.629845142364502 1.9923665523529053 1.0742679834365845 5.325417084462822 2.566777229309082 1.6649389266967773
163 1.1638646125793457 3.64476099073122 3.634101390838623 2.0194544792175293 1.0806372165679932 5.36020417543416 2.5861289501190186 1.697586178779602
164 1.163668155670166 3.6379874161305037 3.6333980560302734 2.0155229568481445 1.0807009935379028 5.357610843539278 2.585190773010254 1.6971335411071777
165 1.1634318828582764 3.6366777726913693 3.633219003677368 2.0155694484710693 1.080499291419983 5.357069376911064 2.585427761077881 1.6969940662384033
166 1.1634318828582764 3.6366777726913693 3.633219003677368 2.0155694484710693 1.080499291419983 5.357069376911064 2.585427761077881 1.6969940662384033
167 1.1631096601486206 3.6383615701019973 3.6323049068450928 2.0153136253356934 1.079811453819275 5.356715939007019 2.5811610221862793 1.6962056159973145
168 1.1635751724243164 3.6372708772123676 3.634598970413208 2.0309789180755615 1.0820940732955933 5.362633380065617 2.5862674713134766 1.7007410526275635
169 1.163403034210205 3.631128764529872 3.6345126628875732 2.0333995819091797 1.0811384916305542 5.3543991393347525 2.5875039100646973 1.7036426067352295
170 1.16306734085083 3.634244718061697 3.636033058166504 2.03391695022583 1.0806622505187988 5.356044605483324 2.5901148319244385 1.7045716047286987
171 1.16306734085083 3.634244718061697 3.636033058166504 2.03391695022583 1.0806622505187988 5.356044605483324 2.5901148319244385 1.7045716047286987
172 1.1633119583129883 3.631171391959324 3.635300874710083 2.0322110652923584 1.081188678741455 5.35304091785657 2.5911221504211426 1.7111009359359741
173 1.1628841161727905 3.6281728174851073 3.638303518295288 2.0320465564727783 1.0808401107788086 5.35197934428351 2.5772030353546143 1.7107007503509521
174 1.1566623449325562 3.6234621326868925 3.634467601776123 2.0277719497680664 1.0761429071426392 5.348263642892587 2.570964813232422 1.7047648429870605
175 1.1596786975860596 3.624010319629169 3.6383581161499023 2.0311014652252197 1.0796419382095337 5.349271060548579 2.575775146484375 1.707788109779358
176 1.1596786975860596 3.624010319629169 3.6383581161499023 2.0311014652252197 1.0796419382095337 5.349271060548579 2.575775146484375 1.707788109779358
177 1.1473201513290405 3.6185061155794553 3.6287789344787598 2.0163509845733643 1.0662760734558105 5.351067219273301 2.5737829208374023 1.6892601251602173
178 1.1450607776641846 3.607876974223948 3.6271750926971436 2.016425609588623 1.0671966075897217 5.345839871594356 2.573582410812378 1.6861565113067627
179 1.1439380645751953 3.607902152867142 3.6272528171539307 2.0246217250823975 1.0696338415145874 5.343052832847204 2.5693280696868896 1.6939677000045776
180 1.139569878578186 3.595616936644802 3.621644973754883 2.019721508026123 1.0632436275482178 5.334888932693023 2.559979200363159 1.6871364116668701
181 1.139569878578186 3.595616936644802 3.621644973754883 2.019721508026123 1.0632436275482178 5.334888932693023 2.559979200363159 1.6871364116668701
182 1.1389570236206055 3.598011520093244 3.6209089756011963 2.01794695854187 1.0614900588989258 5.335710577106287 2.5583431720733643 1.68393075466156
183 1.1379284858703613 3.5972853734635035 3.6207473278045654 2.0188143253326416 1.0606088638305664 5.335702607250835 2.5574886798858643 1.6863758563995361
184 1.1379292011260986 3.594391536730074 3.62074875831604 2.018815040588379 1.0606087446212769 5.33529033072063 2.557407855987549 1.6863757371902466
185 1.1386282444000244 3.5930911437428077 3.6219401359558105 2.0191426277160645 1.0616652965545654 5.335699257495584 2.5569214820861816 1.686752438545227
186 1.1386282444000244 3.5930911437428077 3.6219401359558105 2.0191426277160645 1.0616652965545654 5.335699257495584 2.5569214820861816 1.686752438545227
187 1.1386432647705078 3.5937862951045405 3.62062406539917 1.9991744756698608 1.0616782903671265 5.335659049441994 2.5542850494384766 1.667995810508728
188 1.1483293771743774 3.5974079715931455 3.63425350189209 2.007054567337036 1.076718807220459 5.345657138052132 2.5827553272247314 1.6795411109924316
189 1.1569218635559082 3.606942551063491 3.6418561935424805 2.0181753635406494 1.0876039266586304 5.355446401716116 2.5920443534851074 1.6864219903945923
190 1.1566499471664429 3.608624924345812 3.6418533325195313 2.017213821411133 1.088010311126709 5.3571308840693135 2.5912675857543945 1.6853110790252686
191 1.1566499471664429 3.608624924345812 3.6418533325195313 2.017213821411133 1.088010311126709 5.3571308840693135 2.5912675857543945 1.6853110790252686
192 1.1600347757339478 3.605252822778393 3.643838405609131 2.0180118083953857 1.097055196762085 5.355355855049973 2.6039507389068604 1.6877604722976685
193 1.1561626195907593 3.606548047970224 3.6404147148132324 2.017178535461426 1.0920828580856323 5.3551446143097685 2.5913233757019043 1.6833642721176147
194 1.1571094989776611 3.6097851336677946 3.6409027576446533 2.0173795223236084 1.0927700996398926 5.353767335730938 2.592195510864258 1.6836459636688232
195 1.156822919845581 3.6077012378828863 3.6407907009124756 2.017267942428589 1.0926107168197632 5.353432960061832 2.5918424129486084 1.6835283041000366
196 1.156822919845581 3.6077012378828863 3.6407907009124756 2.017267942428589 1.0926107168197632 5.353432960061832 2.5918424129486084 1.6835283041000366
197 1.1699007749557495 3.6016329626338863 3.6521854400634766 2.0334832668304443 1.106779932975769 5.34579681318874 2.606727361679077 1.6983580589294434
198 1.169626235961914 3.5556590686850575 3.651144027709961 2.031932830810547 1.1067687273025513 5.3271104217956875 2.6079187393188477 1.7000305652618408
199 1.1644423007965088 3.571251213541162 3.650773763656616 2.035539388656616 1.1026257276535034 5.328866155882482 2.602670192718506 1.700767159461975
200 1.1498851776123047 3.579929284878794 3.642350912094116 2.0135579109191895 1.0817506313323975 5.330970097189297 2.5826809406280518 1.6571425199508667
201 1.1498851776123047 3.579929284878794 3.642350912094116 2.0135579109191895 1.0817506313323975 5.330970097189297 2.5826809406280518 1.6571425199508667
202 1.1601420640945435 3.6059173182775277 3.6454524993896484 2.020068407058716 1.0915298461914063 5.34769299545548 2.591050624847412 1.6674782037734985
203 1.1603721380233765 3.6060580808080176 3.6454062461853027 2.020113229751587 1.091452956199646 5.348269423977914 2.5911827087402344 1.6671696901321411
204 1.1603721380233765 3.6060580808080176 3.6437559127807617 2.0218923091888428 1.091452956199646 5.348269423977914 2.5928587913513184 1.6676011085510254
205 1.1603721380233765 3.6068414285178614 3.644094467163086 2.022840738296509 1.091452956199646 5.348192115037959 2.591566324234009 1.66248619556427
206 1.1603721380233765 3.6068414285178614 3.644094467163086 2.022840738296509 1.091452956199646 5.348192115037959 2.591566324234009 1.66248619556427
207 1.1693599224090576 3.6014041579225573 3.6495795249938965 2.0223286151885986 1.1016310453414917 5.355630397299587 2.600633144378662 1.6654905080795288
208 1.1816149950027466 3.6202221017650227 3.6490859985351563 2.026686668395996 1.110528588294983 5.353548356319133 2.6034443378448486 1.6800508499145508
209 1.1357935667037964 3.6601896504614673 3.629127025604248 2.0069727897644043 1.058902621269226 5.376975975558821 2.561018705368042 1.63914155960083
210 1.1737947463989258 3.663516504800148 3.6542584896087646 2.042292833328247 1.1013623476028442 5.372643780717447 2.598331928253174 1.69343101978302
211 1.1737947463989258 3.663516504800148 3.6542584896087646 2.042292833328247 1.1013623476028442 5.372643780717447 2.598331928253174 1.69343101978302
212 1.1720188856124878 3.6702485819473494 3.6436123847961426 2.0412354469299316 1.0909665822982788 5.378194686272363 2.578550338745117 1.6917927265167236
213 1.1719905138015747 3.6677293696161266 3.643552780151367 2.0412135124206543 1.0909429788589478 5.376648541990242 2.5781991481781006 1.6917632818222046
214 1.1595159769058228 3.651648779869328 3.6320815086364746 2.0414087772369385 1.0730420351028442 5.366789912103674 2.557133913040161 1.6814857721328735
215 1.1751619577407837 3.652587589212275 3.6438724994659424 2.035165548324585 1.0977604389190674 5.36730125272775 2.5840680599212646 1.699305772781372
216 1.1751619577407837 3.652587589212275 3.6438724994659424 2.035165548324585 1.0977604389190674 5.36730125272775 2.5840680599212646 1.699305772781372
217 1.1817086935043335 3.644726529486281 3.6497607231140137 2.0436229705810547 1.105932593345642 5.3706703940971385 2.5976645946502686 1.7028058767318726
218 1.1810237169265747 3.6420915380923207 3.6486523151397705 2.0662026405334473 1.1053587198257446 5.370289574901515 2.6018383502960205 1.720391035079956
219 1.1810237169265747 3.6339805751154257 3.6486523151397705 2.0662026405334473 1.1053587198257446 5.377484515556754 2.603238105773926 1.720391035079956
220 1.1790460348129272 3.6423108502440074 3.6466567516326904 2.065565824508667 1.1033562421798706 5.390131387644118 2.6047215461730957 1.7197282314300537
221 1.1790460348129272 3.6423108502440074 3.6466567516326904 2.065565824508667 1.1033562421798706 5.390131387644118 2.6047215461730957 1.7197282314300537
222 1.1960474252700806 3.6403996195199526 3.65514874458313 2.068204164505005 1.1248036623001099 5.384675814128479 2.622947931289673 1.729954719543457
223 1.195918083190918 3.636663551362101 3.6551902294158936 2.0682320594787598 1.1247731447219849 5.384402820464462 2.6227593421936035 1.7299869060516357
224 1.1846283674240112 3.6151739151951774 3.6453723907470703 2.0668888092041016 1.1099454164505005 5.358649761950155 2.5968120098114014 1.7199560403823853
225 1.2035893201828003 3.6279531780188226 3.658783435821533 2.0785088539123535 1.129441738128662 5.355742955551967 2.6192479133605957 1.7405120134353638
226 1.2035893201828003 3.6279531780188226 3.658783435821533 2.0785088539123535 1.129441738128662 5.355742955551967 2.6192479133605957 1.7405120134353638
227 1.2331093549728394 3.6617257437299897 3.6859445571899414 2.10553240776062 1.1656602621078491 5.413361368658982 2.673168420791626 1.7793279886245728
228 1.2140088081359863 3.642155346146775 3.6673965454101563 2.0689048767089844 1.1361212730407715 5.389418902962558 2.6394448280334473 1.7516279220581055
229 1.1930891275405884 3.645174410704289 3.631523370742798 2.0508928298950195 1.1105303764343262 5.394351322084025 2.5662739276885986 1.7243965864181519
230 1.1936073303222656 3.6440020428308935 3.632512331008911 2.0508346557617188 1.111314058303833 5.417092159147542 2.575230121612549 1.7243109941482544
231 1.1936073303222656 3.6440020428308935 3.632512331008911 2.0508346557617188 1.111314058303833 5.417092159147542 2.575230121612549 1.7243109941482544
232 1.1981360912322998 3.648200728518332 3.6373708248138428 2.0565009117126465 1.1228370666503906 5.421138781288451 2.585784912109375 1.7299493551254272
233 1.1955132484436035 3.6465565350312943 3.6371655464172363 2.052377700805664 1.1153388023376465 5.4219814074181585 2.5842630863189697 1.728682518005371
234 1.1950547695159912 3.6289227388831975 3.6384167671203613 2.152421474456787 1.121451497077942 5.405187345064824 2.592210054397583 1.783388376235962
235 1.2174063920974731 3.636759020972211 3.654101848602295 2.1735095977783203 1.1399450302124023 5.414452308094444 2.6156466007232666 1.8017891645431519
236 1.2268807888031006 3.6443302935768784 3.663996934890747 2.1818485260009766 1.152146339416504 5.440905194825793 2.6359403133392334 1.8141663074493408
237 1.235599398612976 3.6242088282710525 3.6799025535583496 2.270841598510742 1.169937014579773 5.426506964862417 2.671079635620117 1.9606207609176636
238 1.2376959323883057 3.630267326589725 3.68143367767334 2.2719457149505615 1.1718323230743408 5.425615693211137 2.6734752655029297 1.9620532989501953
239 1.2245193719863892 3.624246752738415 3.6718194484710693 2.2629051208496094 1.1602814197540283 5.419479788751209 2.6589765548706055 1.9495986700057983
240 1.2225083112716675 3.6194846735046204 3.665548324584961 2.191725492477417 1.1588102579116821 5.420617343848592 2.655162811279297 1.8895621299743652
241 1.2225083112716675 3.6194846735046204 3.665548324584961 2.191725492477417 1.1588102579116821 5.420617343848592 2.655162811279297 1.8895621299743652
242 1.2197229862213135 3.614523003281317 3.6623854637145996 2.192375421524048 1.1575708389282227 5.415752143212562 2.648043155670166 1.8883261680603027
243 1.2230530977249146 3.619599879653219 3.6655995845794678 2.195178270339966 1.1630629301071167 5.418991379814625 2.6550495624542236 1.8929671049118042
244 1.2472258806228638 3.639626204104179 3.6824827194213867 2.20851731300354 1.1843208074569702 5.443131655826908 2.6870226860046387 1.9146759510040283
245 1.2477259635925293 3.6427206676745585 3.6821792125701904 2.2088332176208496 1.1845128536224365 5.444529142392497 2.6825788021087646 1.9152400493621826
246 1.2477259635925293 3.6427206676745585 3.6821792125701904 2.2088332176208496 1.1845128536224365 5.444529142392497 2.6825788021087646 1.9152400493621826
247 1.2421555519104004 3.647244569006098 3.677091360092163 2.20279598236084 1.1774019002914429 5.446300013008767 2.6749155521392822 1.9072221517562866
248 1.2421555519104004 3.655616028412651 3.677091360092163 2.20279598236084 1.1774019002914429 5.441966950519251 2.674084186553955 1.9072221517562866
249 1.2429698705673218 3.6630851489949627 3.6777706146240234 2.202239751815796 1.1785800457000732 5.4503724839811545 2.678697347640991 1.9080373048782349
250 1.2504140138626099 3.6649231038522925 3.679027795791626 2.2081234455108643 1.184723973274231 5.447485052977897 2.6772396564483643 1.916046380996704
251 1.2504140138626099 3.6649231038522925 3.679027795791626 2.2081234455108643 1.184723973274231 5.447485052977897 2.6772396564483643 1.916046380996704
252 1.2514194250106812 3.616485151446709 3.6824862957000732 2.217724323272705 1.1913373470306396 5.4248566577967585 2.671553373336792 1.9219633340835571
253 1.251708984375 3.613248678478505 3.682861566543579 2.2183797359466553 1.1917635202407837 5.4257667993706855 2.682238817214966 1.9207218885421753
254 1.253906011581421 3.625339740584045 3.6841423511505127 2.215733766555786 1.1922305822372437 5.42670485957585 2.6844873428344727 1.9228848218917847
255 1.2573535442352295 3.629295169576804 3.7157585620880127 2.2176096439361572 1.1971544027328491 5.429826537533146 2.732097864151001 1.9258434772491455
256 1.2573535442352295 3.629295169576804 3.7157585620880127 2.2176096439361572 1.1971544027328491 5.429826537533146 2.732097864151001 1.9258434772491455
257 1.2577615976333618 3.6251627053589703 3.7170751094818115 2.2191503047943115 1.1970810890197754 5.429943678436404 2.734680414199829 1.9270570278167725
258 1.2675844430923462 3.6279354561181725 3.725710153579712 2.222020149230957 1.2065695524215698 5.434585484882202 2.746180772781372 1.9305351972579956
259 1.2665668725967407 3.628363921683002 3.7259883880615234 2.2222042083740234 1.2054836750030518 5.434748725659046 2.746642589569092 1.9307113885879517
260 1.267632246017456 3.632051293097882 3.7260265350341797 2.225407600402832 1.2060797214508057 5.43464149361961 2.750378370285034 1.929643988609314
261 1.267632246017456 3.632051293097882 3.7260265350341797 2.225407600402832 1.2060797214508057 5.43464149361961 2.750378370285034 1.929643988609314
262 1.2809215784072876 3.6332542258608576 3.7330739498138428 2.2319586277008057 1.2301056385040283 5.438267974262559 2.7710413932800293 1.9406044483184814
263 1.280975580215454 3.635325696431198 3.7330925464630127 2.231942653656006 1.229950189590454 5.43674776805467 2.7708098888397217 1.9405840635299683
264 1.2819881439208984 3.635598692076434 3.7362656593322754 2.2354373931884766 1.2360397577285767 5.445316459233132 2.7794301509857178 1.9465923309326172
265 1.2803421020507813 3.633749283502063 3.7315781116485596 2.1061596870422363 1.234079360961914 5.446017397753174 2.7680985927581787 1.778383493423462
266 1.2803421020507813 3.633749283502063 3.7315781116485596 2.1061596870422363 1.234079360961914 5.446017397753174 2.7680985927581787 1.778383493423462
267 1.2829606533050537 3.6499563693731916 3.7325077056884766 2.1064977645874023 1.23722505569458 5.427597017397055 2.770206928253174 1.7795138359069824
268 1.2518945932388306 3.7089818924598976 3.705887794494629 2.0963492393493652 1.1999530792236328 5.51993727357338 2.7420156002044678 1.7564438581466675
269 1.2519378662109375 3.708733258694883 3.7056355476379395 2.0965044498443604 1.2000645399093628 5.520326194244201 2.7417943477630615 1.756544589996338
270 1.2410577535629272 3.7232841338577 3.696418523788452 2.083493709564209 1.1846216917037964 5.52431721528985 2.7247567176818848 1.7356209754943848
271 1.2410577535629272 3.7232841338577 3.696418523788452 2.083493709564209 1.1846216917037964 5.52431721528985 2.7247567176818848 1.7356209754943848
272 1.237303614616394 3.7023360731906174 3.694359540939331 2.0811991691589355 1.1706677675247192 5.460339796414302 2.701616048812866 1.7322226762771606
273 1.2464581727981567 3.7031983590850377 3.703803539276123 2.08638334274292 1.1803101301193237 5.461030681788556 2.720890998840332 1.7369613647460938
274 1.24262535572052 3.7010214377026522 3.7032265663146973 2.084383249282837 1.1762884855270386 5.4541553620935685 2.7194652557373047 1.7333914041519165
275 1.2462955713272095 3.656874289391163 3.7058517932891846 2.0847811698913574 1.1793198585510254 5.429823683105579 2.724592924118042 1.7367212772369385
276 1.2462955713272095 3.656874289391163 3.7058517932891846 2.0847811698913574 1.1793198585510254 5.429823683105579 2.724592924118042 1.7367212772369385
277 1.2483360767364502 3.6557976149868203 3.70650577545166 2.0877187252044678 1.1805511713027954 5.430605644000789 2.7255921363830566 1.7402679920196533
278 1.2428019046783447 3.6501928855178667 3.7029590606689453 2.086437225341797 1.1693016290664673 5.421749085745778 2.7134339809417725 1.7320847511291504
279 1.255505084991455 3.6467727302898654 3.705350160598755 2.0943071842193604 1.1813255548477173 5.42248068238123 2.716294765472412 1.7396798133850098
280 1.2587907314300537 3.648104827568844 3.7087182998657227 2.0921764373779297 1.184940218925476 5.427372817312712 2.7227942943573 1.740671992301941
281 1.2587907314300537 3.648104827568844 3.7087182998657227 2.0921764373779297 1.184940218925476 5.427372817312712 2.7227942943573 1.740671992301941
282 1.2562617063522339 3.646042125889081 3.705828905105591 2.091045379638672 1.183678150177002 5.431503441792348 2.712549924850464 1.7369621992111206
283 1.256204605102539 3.6489247971060013 3.7060680389404297 2.137665033340454 1.1836071014404297 5.432025391836428 2.7141127586364746 1.7561047077178955
284 1.25620436668396 3.6544016285878183 3.706031084060669 2.1370394229888916 1.1836066246032715 5.433101563740516 2.715557098388672 1.7558826208114624
285 1.2556740045547485 3.6506086700294254 3.7057647705078125 2.1368820667266846 1.1821902990341187 5.432375432028388 2.7083654403686523 1.7554479837417603
286 1.2556573152542114 3.650789668372361 3.705785036087036 2.1369142532348633 1.1822428703308105 5.432476751432122 2.7085344791412354 1.7554926872253418
287 1.2565062046051025 3.650705572674779 3.706596612930298 2.136932134628296 1.1826263666152954 5.4326956261173125 2.7097835540771484 1.7555254697799683
288 1.2559031248092651 3.652022195811546 3.7059378623962402 2.1320390701293945 1.1824686527252197 5.433315468735833 2.709611177444458 1.749722957611084
289 1.253256916999817 3.6492179149309476 3.702777862548828 2.1284310817718506 1.1795686483383179 5.432156723170083 2.705986976623535 1.7471224069595337
290 1.2198445796966553 3.6482097030796714 3.6858177185058594 2.1187257766723633 1.1453874111175537 5.421964491412186 2.6679632663726807 1.7324553728103638
291 1.2198445796966553 3.6482097030796714 3.6858177185058594 2.1187257766723633 1.1453874111175537 5.421964491412186 2.6679632663726807 1.7324553728103638
292 1.229852318763733 3.6502671600276027 3.6962292194366455 2.120762348175049 1.156785488128662 5.4245942089354795 2.6928441524505615 1.738139033317566
293 1.2534451484680176 3.6618432084430896 3.7214207649230957 2.139256715774536 1.1851871013641357 5.441319113226944 2.738860845565796 1.761940598487854
294 1.2520371675491333 3.663744681358598 3.7212109565734863 2.1392009258270264 1.1833891868591309 5.441886228518805 2.737220525741577 1.761631727218628
295 1.2515590190887451 3.6600225668137876 3.7210118770599365 2.1391026973724365 1.182768702507019 5.441474730067327 2.736607551574707 1.7615070343017578
296 1.2515590190887451 3.6600225668137876 3.7210118770599365 2.1391026973724365 1.182768702507019 5.441474730067327 2.736607551574707 1.7615070343017578
297 1.2635819911956787 3.6536708433064122 3.725426435470581 2.144130229949951 1.193118691444397 5.438160215824294 2.738726854324341 1.767155408859253
298 1.2547245025634766 3.6514673381261344 3.7199203968048096 2.14239239692688 1.1840577125549316 5.4319942378510575 2.7269437313079834 1.7609467506408691
299 1.2513989210128784 3.6535455339301355 3.7165110111236572 2.1492743492126465 1.184666633605957 5.428718871182166 2.72407865524292 1.7754424810409546
300 1.2744324207305908 3.645327411344894 3.7317094802856445 2.1739542484283447 1.2113093137741089 5.421111181875826 2.7463202476501465 1.8114922046661377
301 1.2744324207305908 3.645327411344894 3.7317094802856445 2.1739542484283447 1.2113093137741089 5.421111181875826 2.7463202476501465 1.8114922046661377
302 1.2649338245391846 3.6580200833393373 3.7142252922058105 2.1628336906433105 1.1960101127624512 5.4272170216909705 2.712967872619629 1.8010504245758057
303 1.264662504196167 3.660256144052344 3.716059446334839 2.1148018836975098 1.1958101987838745 5.425992356651682 2.6979613304138184 1.759542465209961
304 1.2636504173278809 3.6647413921900815 3.714662551879883 2.1140384674072266 1.19342041015625 5.4284872369978014 2.701171398162842 1.759416937828064
305 1.2764519453048706 3.6667544107327683 3.7260749340057373 2.130030393600464 1.2038663625717163 5.430041145624306 2.7203454971313477 1.7759991884231567
306 1.2764519453048706 3.6667544107327683 3.7260749340057373 2.130030393600464 1.2038663625717163 5.430041145624306 2.7203454971313477 1.7759991884231567
307 1.2786418199539185 3.669094621877845 3.7377095222473145 2.1220016479492188 1.2085919380187988 5.429689889574769 2.741443157196045 1.7701342105865479
308 1.2786424160003662 3.667537324056084 3.737700939178467 2.122032642364502 1.2085574865341187 5.428826240320483 2.7412304878234863 1.7701033353805542
309 1.2756561040878296 3.6739494942902557 3.737574815750122 2.1214563846588135 1.2078282833099365 5.431679644610893 2.7442944049835205 1.7692968845367432
310 1.2693119049072266 3.6794873719150982 3.726262092590332 2.121202230453491 1.199796438217163 5.435386232261515 2.7253925800323486 1.7679417133331299
311 1.2693119049072266 3.6794873719150982 3.726262092590332 2.121202230453491 1.199796438217163 5.435386232261515 2.7253925800323486 1.7679417133331299
312 1.2539747953414917 3.6759740127776164 3.7267162799835205 2.116636037826538 1.1867446899414063 5.424252179158552 2.721162796020508 1.7501150369644165
313 1.271431565284729 3.653064798232301 3.7388126850128174 2.1200265884399414 1.2101060152053833 5.408339641364212 2.741223096847534 1.7617149353027344
314 1.2803198099136353 3.648423832917766 3.7457096576690674 2.122501850128174 1.2153346538543701 5.407457970788514 2.7536427974700928 1.7663847208023071
315 1.2801939249038696 3.6483323666228182 3.7372336387634277 2.122472047805786 1.2153918743133545 5.4071738761444825 2.744455099105835 1.766311764717102
316 1.2801939249038696 3.6483323666228182 3.7372336387634277 2.122472047805786 1.2153918743133545 5.4071738761444825 2.744455099105835 1.766311764717102
317 1.280713677406311 3.648631964872334 3.742838144302368 2.12277889251709 1.2166210412979126 5.408790664361256 2.746997594833374 1.7671738862991333
318 1.281449794769287 3.6497774248484083 3.7430808544158936 2.1265370845794678 1.2173577547073364 5.410191950947589 2.7428576946258545 1.7702168226242065
319 1.2984553575515747 3.707218179687847 3.7685048580169678 2.1373231410980225 1.2402676343917847 5.492110582437345 2.8094840049743652 1.7750030755996704
320 1.2984553575515747 3.703875428578978 3.768397092819214 2.1382200717926025 1.2402676343917847 5.490972036779663 2.810194969177246 1.7755846977233887
321 1.2984553575515747 3.703875428578978 3.768397092819214 2.1382200717926025 1.2402676343917847 5.490972036779663 2.810194969177246 1.7755846977233887
322 1.2977780103683472 3.6877249360176974 3.767548084259033 2.11539363861084 1.2392871379852295 5.446397526820879 2.80462646484375 1.7695605754852295
323 1.2576379776000977 3.662397462544446 3.7460427284240723 2.0941314697265625 1.197825312614441 5.445140269734262 2.756105899810791 1.730000615119934
324 1.279999852180481 3.663944244607508 3.763287305831909 2.109750509262085 1.2231183052062988 5.440916209113397 2.7806200981140137 1.7550517320632935
325 1.280553936958313 3.6651192781856676 3.762782573699951 2.1323328018188477 1.2236275672912598 5.441250182925318 2.7931511402130127 1.7784113883972168
326 1.280553936958313 3.6651192781856676 3.762782573699951 2.1323328018188477 1.2236275672912598 5.441250182925318 2.7931511402130127 1.7784113883972168
327 1.2732921838760376 3.684917254404078 3.754059076309204 2.1329989433288574 1.2124558687210083 5.45627433682287 2.7808618545532227 1.7783881425857544
328 1.2774697542190552 3.672368044226691 3.7571818828582764 2.140169858932495 1.2159900665283203 5.450543176111429 2.7834672927856445 1.7870700359344482
329 1.276718020439148 3.6522310003706457 3.7571299076080322 2.140148878097534 1.2158924341201782 5.442996899647017 2.7819836139678955 1.7869969606399536
330 1.2767468690872192 3.6523638487943066 3.7570290565490723 2.1417837142944336 1.215978980064392 5.442468277493775 2.782161235809326 1.7897913455963135
331 1.27651846408844 3.6524070082795244 3.756997585296631 2.1417744159698486 1.2159405946731567 5.442538006468199 2.782113790512085 1.7897661924362183
332 1.2885689735412598 3.6693807638819926 3.769569158554077 2.15328049659729 1.2312629222869873 5.480459857850112 2.8070855140686035 1.8072198629379272
333 1.2849962711334229 3.6691223619573847 3.768195390701294 2.152754068374634 1.2266803979873657 5.4802114260564245 2.801732063293457 1.8058433532714844
334 1.2880486249923706 3.669543326061793 3.7675888538360596 2.151850938796997 1.2305883169174194 5.481141147623804 2.802778959274292 1.8044109344482422
335 1.2797679901123047 3.684434939130422 3.7623586654663086 2.1462252140045166 1.2231446504592896 5.4835749303038375 2.7932004928588867 1.7939980030059814
336 1.2797679901123047 3.684434939130422 3.7623586654663086 2.1462252140045166 1.2231446504592896 5.4835749303038375 2.7932004928588867 1.7939980030059814
337 1.282408356666565 3.6798751538450873 3.763468027114868 2.1442813873291016 1.2246274948120117 5.487434085863278 2.7954177856445313 1.7901644706726074
338 1.282365322113037 3.678329959041781 3.7637016773223877 2.1436269283294678 1.2246109247207642 5.487304829336048 2.7960379123687744 1.793225646018982
339 1.3348063230514526 3.7003466238454705 3.7891035079956055 2.1780807971954346 1.279296636581421 5.494390918768958 2.842848300933838 1.8539469242095947
340 1.346405267715454 3.7074262755936607 3.7918806076049805 2.1850807666778564 1.2911909818649292 5.503023831157638 2.8469765186309814 1.8627114295959473
341 1.346405267715454 3.7074262755936607 3.7918806076049805 2.1850807666778564 1.2911909818649292 5.503023831157638 2.8469765186309814 1.8627114295959473
342 1.3483408689498901 3.711185066964256 3.794656753540039 2.174896240234375 1.2942883968353271 5.501981538434834 2.8513498306274414 1.8558950424194336
343 1.3530014753341675 3.721772200241549 3.7945356369018555 2.1756646633148193 1.2967666387557983 5.518552434328116 2.8528788089752197 1.8586004972457886
344 1.3602861166000366 3.6549285082094833 3.7877357006073 2.2189478874206543 1.3112133741378784 5.4830539574077 2.8531243801116943 1.8371574878692627
345 1.3548054695129395 3.650931453143391 3.783548593521118 2.2190446853637695 1.3046642541885376 5.477282735443663 2.8480608463287354 1.835385799407959
346 1.3548054695129395 3.650931453143391 3.783548593521118 2.2190446853637695 1.3046642541885376 5.477282735443663 2.8480608463287354 1.835385799407959
347 1.3606330156326294 3.655854871820033 3.786721706390381 2.2231690883636475 1.3112016916275024 5.478957485190159 2.856981039047241 1.8379353284835815
348 1.3699111938476563 3.6547880742509444 3.7862136363983154 2.22992205619812 1.321537733078003 5.4917054910921 2.8369131088256836 1.8481569290161133
349 1.3698168992996216 3.6543488132654143 3.7827847003936768 2.2288975715637207 1.320041298866272 5.492127841311398 2.831735134124756 1.847428798675537
350 1.3909080028533936 3.649388272694229 3.807363271713257 2.235713243484497 1.3434877395629883 5.476583114941491 2.8740105628967285 1.8546239137649536
351 1.3909080028533936 3.649388272694229 3.807363271713257 2.235713243484497 1.3434877395629883 5.476583114941491 2.8740105628967285 1.8546239137649536
352 1.3971672058105469 3.6568016351172314 3.8140769004821777 2.2419066429138184 1.3532803058624268 5.483147575569916 2.8888490200042725 1.8614176511764526
353 1.3486285209655762 3.6244531736244046 3.7748308181762695 2.205104351043701 1.2975620031356812 5.405899785577536 2.8094675540924072 1.8006556034088135
354 1.3462040424346924 3.628652747645031 3.773167371749878 2.204233169555664 1.2952803373336792 5.407123016328622 2.806493043899536 1.8002411127090454
355 1.347693920135498 3.6259344558990994 3.775507688522339 2.2083659172058105 1.296886682510376 5.41048089757433 2.8112235069274902 1.8041799068450928
356 1.347693920135498 3.6259344558990994 3.775507688522339 2.2083659172058105 1.296886682510376 5.41048089757433 2.8112235069274902 1.8041799068450928
357 1.3469362258911133 3.622584451603229 3.7749321460723877 2.207850217819214 1.2965326309204102 5.40811645076046 2.8054871559143066 1.8033175468444824
358 1.3480912446975708 3.617116511586968 3.7770726680755615 2.242039442062378 1.2971442937850952 5.408397533412153 2.8046529293060303 1.823551058769226
359 1.340032696723938 3.6162197966715017 3.771595001220703 2.238621234893799 1.2905575037002563 5.407309420764725 2.8005003929138184 1.8170313835144043
360 1.3409805297851563 3.6647158524798114 3.7702314853668213 2.2246079444885254 1.2917461395263672 5.468206412281393 2.8150806427001953 1.815816879272461
361 1.3409805297851563 3.6647158524798114 3.7702314853668213 2.2246079444885254 1.2917461395263672 5.468206412281393 2.8150806427001953 1.815816879272461
362 1.3392786979675293 3.6367261501862975 3.7656354904174805 2.2166378498077393 1.286537528038025 5.45645328854835 2.8021187782287598 1.8132787942886353
363 1.3491328954696655 3.652323285259242 3.7817366123199463 2.2186331748962402 1.293466329574585 5.471871488377314 2.8273253440856934 1.8213915824890137
364 1.3552757501602173 3.6390669430233977 3.7853479385375977 2.2219550609588623 1.299222707748413 5.462601848778277 2.832744598388672 1.8247194290161133
365 1.3561320304870605 3.63343152840799 3.787597894668579 2.2235114574432373 1.299276351928711 5.453195945379143 2.8335678577423096 1.8292497396469116
366 1.3561320304870605 3.63343152840799 3.787597894668579 2.2235114574432373 1.299276351928711 5.453195945379143 2.8335678577423096 1.8292497396469116
367 1.3671971559524536 3.6167605069070965 3.792368173599243 2.236952543258667 1.3151990175247192 5.432040041549012 2.840475082397461 1.8415017127990723
368 1.3644511699676514 3.6194196709650948 3.7836194038391113 2.2346200942993164 1.3119112253189087 5.43336444381452 2.830108642578125 1.8393782377243042
369 1.3570215702056885 3.6227441401319953 3.7802836894989014 2.230883836746216 1.2967402935028076 5.432160627870653 2.815969228744507 1.8352214097976685
370 1.3535038232803345 3.602938394287331 3.775178909301758 2.2303314208984375 1.292901635169983 5.416688409121414 2.8094897270202637 1.8281530141830444
371 1.3535038232803345 3.602938394287331 3.775178909301758 2.2303314208984375 1.292901635169983 5.416688409121414 2.8094897270202637 1.8281530141830444
372 1.353391408920288 3.5987866890609443 3.775022029876709 2.230315923690796 1.2927932739257813 5.420637708829785 2.8098254203796387 1.8280848264694214
373 1.3549861907958984 3.6035013090091152 3.776139974594116 2.2069363594055176 1.294022798538208 5.4230735304027045 2.814718008041382 1.8567510843276978
374 1.354045033454895 3.619811102963973 3.775961399078369 2.2123706340789795 1.2951966524124146 5.4354567346019 2.822390556335449 1.86386239528656
375 1.3683137893676758 3.6209589146777565 3.7809927463531494 2.2136926651000977 1.307054042816162 5.486484121688114 2.841489553451538 1.8653637170791626
376 1.3683137893676758 3.6209589146777565 3.7809927463531494 2.2136926651000977 1.307054042816162 5.486484121688114 2.841489553451538 1.8653637170791626
377 1.3683137893676758 3.6169001268826086 3.7829689979553223 2.2136926651000977 1.307054042816162 5.485753083061095 2.8392958641052246 1.8653637170791626
378 1.3683998584747314 3.6138430673730113 3.7833046913146973 2.2136263847351074 1.3068791627883911 5.486556045735196 2.8456695079803467 1.8653109073638916
379 1.365096092224121 3.614194738500836 3.7833244800567627 2.2148966789245605 1.3041492700576782 5.489299100812122 2.8452672958374023 1.8675159215927124
380 1.3562709093093872 3.6208366948937574 3.772963762283325 2.1994216442108154 1.2959887981414795 5.490436327119411 2.839076042175293 1.8557140827178955
381 1.3562709093093872 3.6208366948937574 3.772963762283325 2.1994216442108154 1.2959887981414795 5.490436327119411 2.839076042175293 1.8557140827178955
382 1.3627302646636963 3.6231631029564975 3.7722744941711426 2.201625108718872 1.302631139755249 5.4895000315138605 2.8485543727874756 1.8554528951644897
383 1.3615940809249878 3.6268458819367932 3.7719810009002686 2.205479621887207 1.3013023138046265 5.505052668861515 2.8408424854278564 1.8611395359039307
384 1.362491488456726 3.609655462629498 3.777179718017578 2.2082786560058594 1.3042503595352173 5.492982756904083 2.8465662002563477 1.8657910823822021
385 1.3684289455413818 3.6079361704378266 3.7875454425811768 2.2126576900482178 1.312354326248169 5.492510053893946 2.86384916305542 1.8683949708938599
386 1.3684289455413818 3.6079361704378266 3.7875454425811768 2.2126576900482178 1.312354326248169 5.492510053893946 2.86384916305542 1.8683949708938599
387 1.3686093091964722 3.6067166106587423 3.790743589401245 2.216259717941284 1.3125954866409302 5.496266085585039 2.8673434257507324 1.8722445964813232
388 1.3686497211456299 3.61104284668019 3.7907965183258057 2.21626353263855 1.3125966787338257 5.497529568817551 2.8676726818084717 1.8722668886184692
389 1.3635448217391968 3.615394171735982 3.786531686782837 2.2146494388580322 1.3075530529022217 5.4951445997439015 2.859891653060913 1.87003755569458
390 1.3646448850631714 3.617589077779708 3.7871429920196533 2.2149817943573 1.3074924945831299 5.4960053275462215 2.8602077960968018 1.870210886001587
391 1.3646448850631714 3.617589077779708 3.7871429920196533 2.2149817943573 1.3074924945831299 5.4960053275462215 2.8602077960968018 1.870210886001587
392 1.3544906377792358 3.6029892419200973 3.7783854007720947 2.2062036991119385 1.2956914901733398 5.45789277038449 2.8418800830841064 1.8558332920074463
393 1.338117003440857 3.627745131790583 3.7676777839660645 2.1963047981262207 1.273056149482727 5.45786452127675 2.821406841278076 1.8349546194076538
394 1.3381555080413818 3.631521281225726 3.7675836086273193 2.196274757385254 1.2730830907821655 5.458674686354865 2.8214948177337646 1.8349189758300781
395 1.3381555080413818 3.632198440487087 3.767672061920166 2.1961917877197266 1.2730830907821655 5.45826730265271 2.821565866470337 1.835121750831604
396 1.3381555080413818 3.632198440487087 3.767672061920166 2.1961917877197266 1.2730830907821655 5.45826730265271 2.821565866470337 1.835121750831604
397 1.3388985395431519 3.6311505253997813 3.767150640487671 2.1967766284942627 1.2740473747253418 5.458535818083127 2.8206255435943604 1.835877537727356
398 1.3370718955993652 3.6231272704390522 3.7690682411193848 2.202133893966675 1.274306297302246 5.454126397535763 2.8225903511047363 1.837357759475708
399 1.32975435256958 3.6227100800246204 3.759143590927124 2.1939942836761475 1.2689732313156128 5.452738635442192 2.8165345191955566 1.8267239332199097
400 1.330342173576355 3.6304962345966847 3.7611727714538574 2.1842479705810547 1.274750828742981 5.454519625902912 2.819458484649658 1.8138697147369385
401 1.330342173576355 3.6304962345966847 3.7611727714538574 2.1842479705810547 1.274750828742981 5.454519625902912 2.819458484649658 1.8138697147369385
402 1.3385578393936157 3.6246376408621095 3.7720255851745605 2.1604158878326416 1.2839003801345825 5.453921592530335 2.825526475906372 1.7946898937225342
403 1.3391506671905518 3.620239351849395 3.77148175239563 2.1603522300720215 1.2841628789901733 5.45111006465612 2.829179525375366 1.7947027683258057
404 1.3366339206695557 3.6329782220926017 3.7688331604003906 2.15973162651062 1.2788220643997192 5.448462949114293 2.820152997970581 1.7948508262634277
405 1.327927589416504 3.6326689307505156 3.765840530395508 2.1824235916137695 1.275743842124939 5.448346522355438 2.8241655826568604 1.8016958236694336
406 1.327927589416504 3.6326689307505156 3.765840530395508 2.1824235916137695 1.275743842124939 5.448346522355438 2.8241655826568604 1.8016958236694336
407 1.3212069272994995 3.6412905946373044 3.763643980026245 2.185349941253662 1.2779600620269775 5.4589300945731125 2.8270936012268066 1.8047019243240356
408 1.2695934772491455 3.616521644494194 3.734081983566284 2.1530778408050537 1.221019983291626 5.450300943300335 2.764953136444092 1.7477009296417236
409 1.2695934772491455 3.616947290771761 3.7339255809783936 2.1567094326019287 1.221019983291626 5.450355445037158 2.764989137649536 1.7509169578552246
410 1.2680937051773071 3.641980847895691 3.7330219745635986 2.1574645042419434 1.2199095487594604 5.472770954705025 2.7752676010131836 1.7502259016036987
411 1.267579436302185 3.64110241387709 3.732384204864502 2.1572518348693848 1.2191003561019897 5.472258017620024 2.774265766143799 1.7499749660491943
412 1.2574132680892944 3.613311494367138 3.717576026916504 2.14811110496521 1.204923152923584 5.456192038855226 2.746999979019165 1.739090919494629
413 1.2433441877365112 3.62333179479403 3.689408779144287 2.143322467803955 1.1850998401641846 5.465909455627538 2.7000672817230225 1.7344765663146973
414 1.2443567514419556 3.6290272098016816 3.6916699409484863 2.141636848449707 1.185880422592163 5.465715536111558 2.7034237384796143 1.7350971698760986
415 1.2450522184371948 3.621288565939536 3.6918652057647705 2.1417040824890137 1.1864153146743774 5.4633000060287795 2.7035670280456543 1.7357792854309082
416 1.2450522184371948 3.621288565939536 3.6918652057647705 2.1417040824890137 1.1864153146743774 5.4633000060287795 2.7035670280456543 1.7357792854309082
417 1.2381017208099365 3.5525249742153586 3.6812267303466797 2.137613534927368 1.1781337261199951 5.373562522019817 2.6679673194885254 1.7317720651626587
418 1.2284927368164063 3.564973913331605 3.674729824066162 2.1252777576446533 1.1632163524627686 5.382710119170055 2.659827470779419 1.7146741151809692
419 1.2207106351852417 3.5643322681327536 3.670189380645752 2.1178765296936035 1.1516066789627075 5.376837971561375 2.6531708240509033 1.7094573974609375
420 1.2083195447921753 3.5659414160518383 3.6650230884552 2.109860897064209 1.139717936515808 5.392446401303292 2.648474931716919 1.6921401023864746
421 1.2083195447921753 3.5659414160518383 3.6650230884552 2.109860897064209 1.139717936515808 5.392446401303292 2.648474931716919 1.6921401023864746
422 1.206275224685669 3.577364008637682 3.6643319129943848 2.1085219383239746 1.1351361274719238 5.401067843587792 2.644735097885132 1.6890029907226563
423 1.2054333686828613 3.5475803068811587 3.666450262069702 2.1079258918762207 1.1343412399291992 5.388318576689008 2.643270492553711 1.6899842023849487
424 1.2019894123077393 3.5547408058957473 3.6619067192077637 2.099872350692749 1.1312904357910156 5.3990031800318645 2.6505231857299805 1.6839709281921387
425 1.205554723739624 3.5645737250804093 3.6695785522460938 2.1140615940093994 1.1329047679901123 5.404919169724777 2.6580049991607666 1.6979641914367676
426 1.205554723739624 3.5645737250804093 3.6695785522460938 2.1140615940093994 1.1329047679901123 5.404919169724777 2.6580049991607666 1.6979641914367676
427 1.213787317276001 3.595782201239773 3.676612138748169 2.1154022216796875 1.142514705657959 5.4206751774160855 2.6752564907073975 1.7048695087432861
428 1.2159721851348877 3.5993122473863974 3.6795778274536133 2.1168551445007324 1.1432772874832153 5.423807308450267 2.6750519275665283 1.707348108291626
429 1.226311445236206 3.595410476367216 3.6859004497528076 2.1187918186187744 1.150687575340271 5.422509599614856 2.6856656074523926 1.7110291719436646
430 1.2257050275802612 3.595879961313524 3.6843461990356445 2.1188302040100098 1.1505751609802246 5.422235798689846 2.684948682785034 1.7110482454299927
431 1.2257050275802612 3.595879961313524 3.6843461990356445 2.1188302040100098 1.1505751609802246 5.422235798689846 2.684948682785034 1.7110482454299927
432 1.2341424226760864 3.5980090881295377 3.689138174057007 2.1184749603271484 1.1572121381759644 5.425551665480206 2.696033000946045 1.7105355262756348
433 1.2357761859893799 3.6071054823053013 3.689749240875244 2.120028018951416 1.1598479747772217 5.43356347732881 2.7036449909210205 1.7164480686187744
434 1.2249170541763306 3.6262379700559 3.6814417839050293 2.110163450241089 1.1497917175292969 5.439838117051938 2.6905765533447266 1.6968597173690796
435 1.2300347089767456 3.612225157329014 3.6802892684936523 2.1092238426208496 1.1514922380447388 5.407331475486912 2.674543857574463 1.6972594261169434
436 1.2300347089767456 3.612225157329014 3.680264711380005 2.1088359355926514 1.1514922380447388 5.407331475486912 2.6744985580444336 1.6965601444244385
437 1.2742326259613037 3.628844606366422 3.7291502952575684 2.138336420059204 1.2030185461044312 5.413270865802896 2.7717032432556152 1.7492730617523193
438 1.2668160200119019 3.6180704440955704 3.7342891693115234 2.1249282360076904 1.1997629404067993 5.400008188367009 2.773754119873047 1.7287670373916626
439 1.2802143096923828 3.606813723122212 3.741530656814575 2.1353135108947754 1.2102409601211548 5.393020160281796 2.7910425662994385 1.7512022256851196
440 1.2837316989898682 3.6191153635974715 3.7478976249694824 2.1433281898498535 1.2131110429763794 5.3858233002178775 2.792466163635254 1.76353919506073
441 1.2837316989898682 3.6191153635974715 3.7478976249694824 2.1433281898498535 1.2131110429763794 5.3858233002178775 2.792466163635254 1.76353919506073
442 1.2888450622558594 3.578817438342887 3.749191999435425 2.141754627227783 1.2130348682403564 5.335996003432369 2.7783942222595215 1.7622872591018677
443 1.2880557775497437 3.5919888460377107 3.749758720397949 2.1396074295043945 1.2118722200393677 5.341581116149244 2.7854983806610107 1.7585688829421997
444 1.2890210151672363 3.591555983527269 3.750417470932007 2.1398510932922363 1.2131438255310059 5.34227849650482 2.7865729331970215 1.7587848901748657
445 1.2596497535705566 3.6124020078482983 3.724320650100708 2.107428550720215 1.177988886833191 5.36093435046622 2.7546844482421875 1.7112443447113037
446 1.2596497535705566 3.6124020078482983 3.724320650100708 2.107428550720215 1.177988886833191 5.36093435046622 2.7546844482421875 1.7112443447113037
447 1.2608599662780762 3.6178450290002533 3.7238919734954834 2.108588218688965 1.1810532808303833 5.357855955657532 2.760529041290283 1.7109872102737427
448 1.2557227611541748 3.6252167579114096 3.717484474182129 2.0993144512176514 1.1772713661193848 5.361208031088555 2.755750894546509 1.7036693096160889
449 1.2552045583724976 3.62712799393097 3.7418365478515625 2.097865104675293 1.1773152351379395 5.361284654796374 2.800583839416504 1.705127477645874
450 1.2454032897949219 3.6205060573218546 3.743441581726074 2.092048406600952 1.167297124862671 5.349594093934583 2.803328037261963 1.6878608465194702
451 1.2454032897949219 3.6205060573218546 3.743441581726074 2.092048406600952 1.167297124862671 5.349594093934583 2.803328037261963 1.6878608465194702
452 1.2510982751846313 3.62326981771276 3.721897840499878 2.100116014480591 1.172324299812317 5.34767340429512 2.753950595855713 1.6996902227401733
453 1.2432197332382202 3.5829833004220717 3.717193126678467 2.1005859375 1.1631269454956055 5.3446878666138495 2.7441389560699463 1.6963788270950317
454 1.2199208736419678 3.577619698299034 3.7015514373779297 2.080354690551758 1.135844111442566 5.333654554278671 2.704911947250366 1.67929208278656
455 1.2188583612442017 3.5700223445929744 3.701953411102295 2.081718683242798 1.1358827352523804 5.325065477663972 2.698896884918213 1.6777294874191284
456 1.2188583612442017 3.5700223445929744 3.701953411102295 2.081718683242798 1.1358827352523804 5.325065477663972 2.698896884918213 1.6777294874191284
457 1.222625970840454 3.571814691047528 3.702869176864624 2.0821168422698975 1.13938307762146 5.326309150359536 2.70215106010437 1.6784963607788086
458 1.2214620113372803 3.5710812415213655 3.702204942703247 2.080559492111206 1.1387025117874146 5.32617593346846 2.7051150798797607 1.6768192052841187
459 1.211548924446106 3.571766508951712 3.694711446762085 2.0740461349487305 1.1254558563232422 5.327205957412228 2.67421817779541 1.6670783758163452
460 1.221872091293335 3.604648293188929 3.7057831287384033 2.0871505737304688 1.1396522521972656 5.342758350156006 2.693068027496338 1.6842353343963623
461 1.221872091293335 3.604648293188929 3.7057831287384033 2.0871505737304688 1.1396522521972656 5.342758350156006 2.693068027496338 1.6842353343963623
462 1.221872091293335 3.6014586846991508 3.6980690956115723 2.0871505737304688 1.1396522521972656 5.342790630900022 2.6886754035949707 1.6842353343963623
463 1.2151707410812378 3.6062465958385803 3.6935038566589355 2.088653802871704 1.1305230855941772 5.345108703988111 2.673614501953125 1.680511236190796
464 1.2110462188720703 3.6054906504276047 3.690789222717285 2.088989734649658 1.125340461730957 5.346483860424131 2.6683406829833984 1.6810957193374634
465 1.199446439743042 3.5903750958079965 3.678752899169922 2.0767126083374023 1.108838677406311 5.336424682048467 2.6478054523468018 1.6617738008499146
466 1.199446439743042 3.5903750958079965 3.678471803665161 2.0767126083374023 1.108838677406311 5.336424682048467 2.6503195762634277 1.6617738008499146
467 1.2013922929763794 3.5874377904260166 3.680414915084839 2.078839063644409 1.11103355884552 5.338701966208081 2.65446138381958 1.6646981239318848
468 1.205512285232544 3.5955681956225054 3.6834940910339355 2.0820860862731934 1.119005799293518 5.3511910028094505 2.665947437286377 1.6682347059249878
469 1.201671838760376 3.5839164079154253 3.679760217666626 2.0814859867095947 1.1136873960494995 5.343132766005099 2.6566879749298096 1.664024829864502
470 1.201452612876892 3.5959224624925192 3.6808509826660156 2.0831527709960938 1.1139787435531616 5.347187415381226 2.658033609390259 1.6659501791000366
471 1.201452612876892 3.5959224624925192 3.6808509826660156 2.0831527709960938 1.1139787435531616 5.347187415381226 2.658033609390259 1.6659501791000366
472 1.196116328239441 3.6086084161905942 3.680304527282715 2.0830681324005127 1.1112101078033447 5.361356848131525 2.6587297916412354 1.6674033403396606
473 1.1961742639541626 3.6138392061052818 3.6805336475372314 2.090479850769043 1.110945224761963 5.348761239948142 2.6555404663085938 1.6788538694381714
474 1.2363618612289429 3.6031824142820055 3.7094078063964844 2.1224446296691895 1.155504584312439 5.336856441106197 2.7023751735687256 1.7358505725860596
475 1.234222412109375 3.571048422529266 3.7085416316986084 2.120542526245117 1.1527179479599 5.349782173409751 2.700521230697632 1.7333232164382935
476 1.234222412109375 3.571048422529266 3.7085416316986084 2.120542526245117 1.1527179479599 5.349782173409751 2.700521230697632 1.7333232164382935
477 1.2335975170135498 3.571474617479241 3.709895610809326 2.120598554611206 1.152085304260254 5.34747703369885 2.7027060985565186 1.73328697681427
478 1.2333515882492065 3.5684494282171784 3.7062277793884277 2.108522415161133 1.14927339553833 5.346176985727994 2.694615125656128 1.7244848012924194
479 1.232390284538269 3.5680651806779884 3.7042622566223145 2.1060631275177 1.1500669717788696 5.351249155314783 2.6983542442321777 1.717120885848999
480 1.2209703922271729 3.5662940791435 3.698486804962158 2.1022253036499023 1.1380181312561035 5.352331101615809 2.6869451999664307 1.7054948806762695
481 1.2209703922271729 3.5662940791435 3.698486804962158 2.1022253036499023 1.1380181312561035 5.352331101615809 2.6869451999664307 1.7054948806762695
482 1.2273619174957275 3.579404572045449 3.70436954498291 2.1092638969421387 1.145150065422058 5.357836480365745 2.6953134536743164 1.7159364223480225
483 1.2273234128952026 3.582743380696009 3.7049832344055176 2.1093459129333496 1.145382046699524 5.365174029052283 2.698334217071533 1.7161369323730469
484 1.2362829446792603 3.6052721119411433 3.7104744911193848 2.1120729446411133 1.1492737531661987 5.368892869602473 2.704165458679199 1.718496561050415
485 1.2333626747131348 3.6088496700629005 3.7081165313720703 2.107231616973877 1.1468617916107178 5.37017235981651 2.7008678913116455 1.7104666233062744
486 1.2333626747131348 3.6088496700629005 3.7081165313720703 2.107231616973877 1.1468617916107178 5.37017235981651 2.7008678913116455 1.7104666233062744
487 1.2187137603759766 3.601523211842491 3.6958346366882324 2.094780683517456 1.131375789642334 5.359645680257724 2.680799722671509 1.6959141492843628
488 1.2027008533477783 3.594636271221211 3.6797235012054443 2.0864856243133545 1.1155508756637573 5.376266169063903 2.6598281860351563 1.6808149814605713
489 1.1615558862686157 3.5360218057890074 3.653259515762329 2.0562994480133057 1.0804917812347412 5.317723546068648 2.600386381149292 1.634739637374878
490 1.1582887172698975 3.5318617342501857 3.6505990028381348 2.0552518367767334 1.0784014463424683 5.317812148956993 2.5994412899017334 1.6368263959884644
491 1.1582887172698975 3.5318617342501857 3.6505990028381348 2.0552518367767334 1.0784014463424683 5.317812148956993 2.5994412899017334 1.6368263959884644
492 1.169600486755371 3.5079016902497506 3.6590163707733154 2.0707976818084717 1.0888831615447998 5.335616608799022 2.614053726196289 1.654003620147705
493 1.1392037868499756 3.473312960212256 3.6469976902008057 2.055983781814575 1.042286992073059 5.3239942648365055 2.588151693344116 1.6198848485946655
494 1.1336246728897095 3.4798438959324636 3.6379075050354004 2.0561084747314453 1.0344722270965576 5.326662462348949 2.5703821182250977 1.6185451745986938
495 1.1437870264053345 3.475960685517399 3.6479761600494385 2.060471296310425 1.049415946006775 5.307027798979492 2.5896005630493164 1.6272615194320679
496 1.1437870264053345 3.475960685517399 3.6479761600494385 2.060471296310425 1.049415946006775 5.307027798979492 2.5896005630493164 1.6272615194320679
497 1.1416923999786377 3.4733703775689526 3.645768642425537 2.056619644165039 1.0481364727020264 5.303631141960363 2.5864782333374023 1.624071478843689
498 1.1731585264205933 3.5236210976864073 3.6769421100616455 2.08539080619812 1.0907447338104248 5.351706462533179 2.64688777923584 1.6655205488204956
499 1.1784452199935913 3.5496934088276078 3.6799964904785156 2.085634708404541 1.0939784049987793 5.362332150044912 2.6536595821380615 1.6708098649978638
500 1.18782377243042 3.5659748033830385 3.684678792953491 2.075575113296509 1.0994642972946167 5.36751384918483 2.673259735107422 1.6546361446380615
