init 1.1856894493103027 7.349970565804532 3.310732126235962 1.784583568572998 0.0 0.0 0.0 0.0
1 1.1856894493103027 7.349872991084776 3.310732126235962 1.784583568572998 0.0 0.0005130432845604878 0.00015278444334398955 0.0
2 1.207627534866333 7.3861841702948094 3.3210949897766113 1.9908097982406616 0.10382796078920364 0.5357212804609153 0.5846179127693176 0.9289301633834839
3 1.3014034032821655 7.105539298419261 3.3398079872131348 1.985153079032898 0.42663127183914185 0.9040958954027474 0.8115817904472351 0.9962287545204163
4 1.3294250965118408 7.118192475606301 3.3388288021087646 1.9997893571853638 0.4986221194267273 0.8069652719902731 0.7910846471786499 1.064670205116272
5 1.3183951377868652 7.070495948495291 3.3578855991363525 2.044616222381592 0.4438782036304474 0.8430032693838034 0.837096095085144 1.1008728742599487
6 1.3183951377868652 7.070495948495291 3.3578855991363525 2.044616222381592 0.4438782036304474 0.8430032693838034 0.837096095085144 1.1008728742599487
7 1.3575034141540527 7.124396802995101 3.3812310695648193 2.059013605117798 0.47549834847450256 0.8329611579974637 0.8308503031730652 1.1256123781204224
8 1.3612003326416016 7.1364837486677795 3.390562057495117 2.2836251258850098 0.4932786524295807 0.8175865353485272 0.9142165184020996 1.7139724493026733
9 1.3627735376358032 7.070117730268371 3.380716323852539 2.3020424842834473 0.4930509328842163 0.8770458986726655 0.9785884618759155 1.7299455404281616
10 1.4572319984436035 7.0580800723857955 3.431532382965088 2.3892195224761963 0.6600363850593567 0.8918484291143968 1.076212763786316 1.8298319578170776
11 1.4828890562057495 6.9044723343792445 3.4489431381225586 2.5603091716766357 0.7011147737503052 1.0218657471383885 1.2769031524658203 1.962108850479126
12 1.4824272394180298 6.903657869166578 3.4319005012512207 2.662351608276367 0.701974093914032 1.0205309045223263 1.3218753337860107 2.133274555206299
13 1.5068864822387695 6.841006678948147 3.446594476699829 2.707075834274292 0.7150681614875793 1.3784396954672864 1.3530592918395996 2.177090644836426
14 1.5120642185211182 6.85283267422921 3.452974796295166 2.629546642303467 0.7306066155433655 1.3943040053158784 1.3268368244171143 1.8983545303344727
15 1.499084234237671 6.879114126184867 3.4437882900238037 2.60666561126709 0.7126482129096985 1.350514578010662 1.349649429321289 1.921818733215332
16 1.499084234237671 6.879114126184867 3.4437882900238037 2.60666561126709 0.7126482129096985 1.350514578010662 1.349649429321289 1.921818733215332
17 1.490932822227478 6.942125465880267 3.4591305255889893 2.605757713317871 0.723651111125946 1.3835809354675763 1.4384821653366089 1.974420189857483
18 1.4906941652297974 6.999411264029523 3.459017515182495 2.606386423110962 0.7256661653518677 1.283486110404117 1.4548237323760986 1.9743930101394653
19 1.4901834726333618 6.94154745076563 3.4686760902404785 2.6215813159942627 0.7519822716712952 1.320923511638917 1.4604202508926392 1.9777992963790894
20 1.4945582151412964 6.9465890675299935 3.4716150760650635 2.6168997287750244 0.7541347146034241 1.3326653147311902 1.372727632522583 1.9769742488861084
21 1.4945582151412964 6.9465890675299935 3.4716150760650635 2.6168997287750244 0.7541347146034241 1.3326653147311902 1.372727632522583 1.9769742488861084
22 1.4710999727249146 6.929769261834191 3.4572317600250244 2.604241371154785 0.7170820236206055 1.2946302757064057 1.3498833179473877 1.9592185020446777
23 1.4662972688674927 6.930440370360404 3.457820177078247 2.617008924484253 0.7125526070594788 1.2946386585812655 1.3533411026000977 1.9676313400268555
24 1.47331702709198 6.9884610860797 3.468094825744629 2.5645859241485596 0.705265462398529 1.0763011759254366 1.3189195394515991 1.8899983167648315
25 1.47331702709198 6.988863214372144 3.460198163986206 2.4063291549682617 0.705265462398529 1.0652105293502074 1.2572884559631348 1.6572145223617554
26 1.47331702709198 6.988863214372144 3.460198163986206 2.4063291549682617 0.705265462398529 1.0652105293502074 1.2572884559631348 1.6572145223617554
27 1.5006489753723145 6.957132948412178 3.474954843521118 2.4175236225128174 0.7508730292320251 1.1179173090405057 1.298302173614502 1.6845629215240479
28 1.5028730630874634 6.933544335838362 3.481299877166748 2.423859119415283 0.7780076861381531 1.1359999664669915 1.3209940195083618 1.6898216009140015
29 1.499166488647461 6.898348177885183 3.4729762077331543 2.4368627071380615 0.755057156085968 1.2323466325441443 1.3219051361083984 1.6511318683624268
30 1.5223478078842163 6.860449044763609 3.483379364013672 2.443225383758545 0.7919953465461731 1.4527292224737065 1.356605887413025 1.6624699831008911
31 1.5223478078842163 6.860449044763609 3.483379364013672 2.443225383758545 0.7919953465461731 1.4527292224737065 1.356605887413025 1.6624699831008911
32 1.5531904697418213 6.860437093831709 3.4935202598571777 2.460740804672241 0.8220852613449097 1.4696787138863074 1.374315619468689 1.6909019947052002
33 1.6978862285614014 6.81172776081928 3.5617313385009766 2.567800521850586 1.0015590190887451 1.325122749150813 1.584083080291748 1.8422186374664307
34 1.7494367361068726 6.280605882582128 3.590214967727661 2.613227128982544 1.0727510452270508 2.0430789960776123 1.6965276002883911 1.91261625289917
35 1.7471095323562622 6.286910963803978 3.5915064811706543 2.6112442016601563 1.0648164749145508 2.035814183303791 1.6914803981781006 1.9061945676803589
36 1.7471095323562622 6.286910963803978 3.5915064811706543 2.6112442016601563 1.0648164749145508 2.035814183303791 1.6914803981781006 1.9061945676803589
37 1.7464200258255005 6.283399480324632 3.609962224960327 2.8294925689697266 1.0651559829711914 2.0474758619310665 1.7525593042373657 2.296848773956299
38 1.7368032932281494 6.346549054775312 3.6090517044067383 2.83056378364563 1.0630024671554565 2.1567026355659453 1.7809497117996216 2.300926923751831
39 1.6534388065338135 6.382970037996794 3.5563342571258545 2.740715980529785 0.9489342570304871 2.1629206630266227 1.6920826435089111 2.1897661685943604
40 1.6740565299987793 6.35923385569292 3.5644876956939697 2.7503066062927246 0.9732575416564941 2.1657386888883368 1.7092270851135254 2.215367317199707
41 1.6740565299987793 6.35923385569292 3.5644876956939697 2.7503066062927246 0.9732575416564941 2.1657386888883368 1.7092270851135254 2.215367317199707
42 1.6803059577941895 6.293702432558564 3.590419292449951 2.827476739883423 1.024138331413269 2.265101045315373 1.8759894371032715 2.2876038551330566
43 1.685582160949707 6.283357283201304 3.5980260372161865 2.846045970916748 1.0305763483047485 2.264468332393855 1.8499144315719604 2.3168587684631348
44 1.6744672060012817 6.277843091165385 3.5863051414489746 2.831840753555298 1.0106405019760132 2.2478269239574113 1.8955556154251099 2.298311471939087
45 1.68169105052948 6.281944967981528 3.5899221897125244 2.8362038135528564 1.021052360534668 2.237782265600267 1.9012227058410645 2.303511142730713
46 1.68169105052948 6.281944967981528 3.5899221897125244 2.8362038135528564 1.021052360534668 2.237782265600267 1.9012227058410645 2.303511142730713
47 1.682021141052246 6.2833833344042755 3.593855381011963 2.8699018955230713 1.0219510793685913 2.241409203519285 1.8865127563476563 2.316566228866577
48 1.6852738857269287 6.282853303485304 3.5940775871276855 2.869208335876465 1.0244907140731812 2.2405032062476775 1.8865540027618408 2.3158810138702393
49 1.6759188175201416 6.394517950536436 3.5928544998168945 2.87652325630188 1.0058366060256958 1.8634798136806843 1.8104629516601563 2.312049388885498
50 1.6989741325378418 6.3829977962954105 3.6021511554718018 2.8864898681640625 1.020662546157837 1.865437293652404 1.8247909545898438 2.3202152252197266
51 1.6989741325378418 6.3829977962954105 3.6021511554718018 2.8864898681640625 1.020662546157837 1.865437293652404 1.8247909545898438 2.3202152252197266
52 1.716048002243042 6.3987661377475735 3.620685338973999 2.898601770401001 1.0510227680206299 2.1673952092277506 1.8824682235717773 2.3299925327301025
53 1.7357358932495117 6.356002109621711 3.640803098678589 2.9371731281280518 1.0788313150405884 2.1494495300301732 1.9151849746704102 2.3615550994873047
54 1.7168105840682983 6.362162978922206 3.630345106124878 2.9224014282226563 1.0552483797073364 2.062620362604138 1.9101136922836304 2.352541208267212
55 1.716769814491272 6.362266256361758 3.630504608154297 2.9228549003601074 1.0553600788116455 2.062526809854174 1.8943785429000854 2.353072166442871
56 1.716769814491272 6.362266256361758 3.630504608154297 2.9228549003601074 1.0553600788116455 2.062526809854174 1.8943785429000854 2.353072166442871
57 1.7349714040756226 6.3598149217684385 3.637272357940674 2.929215669631958 1.0725270509719849 2.0456729785517176 1.896154761314392 2.3578131198883057
58 1.7312818765640259 6.335917453490332 3.6280529499053955 2.9230682849884033 1.0590183734893799 2.0582679722717487 1.8977993726730347 2.3569118976593018
59 1.7064634561538696 6.366152725317355 3.631530284881592 2.8718175888061523 1.0256904363632202 2.0614201192924777 1.9016520977020264 2.370321273803711
60 1.7106784582138062 6.414168331867304 3.622614860534668 2.8597426414489746 1.0260752439498901 2.066201438397338 1.8874691724777222 2.3631532192230225
61 1.7106784582138062 6.414168331867304 3.622614860534668 2.8597426414489746 1.0260752439498901 2.066201438397338 1.8874691724777222 2.3631532192230225
62 1.7136263847351074 6.443650097657432 3.617152214050293 2.85695743560791 1.028077483177185 2.059918623941764 1.8758774995803833 2.3651835918426514
63 1.7630325555801392 6.411288717870241 3.6443960666656494 2.904775857925415 1.0934257507324219 2.0692735555423085 1.9199256896972656 2.4079809188842773
64 1.7629363536834717 6.4072473227117355 3.6357033252716064 2.803988218307495 1.093201756477356 2.0636355597163076 1.9004474878311157 2.226275682449341
65 1.7589561939239502 6.4033087898088406 3.635225296020508 2.806490182876587 1.0873372554779053 2.0792314350541523 1.9012398719787598 2.23229718208313
66 1.7589561939239502 6.4033087898088406 3.635225296020508 2.806490182876587 1.0873372554779053 2.0792314350541523 1.9012398719787598 2.23229718208313
67 1.7572221755981445 6.415160088818741 3.6336209774017334 2.804109573364258 1.0839779376983643 2.0860673966493843 1.9035508632659912 2.227593183517456
68 1.8204526901245117 6.382415535588701 3.6849608421325684 2.8651788234710693 1.1601349115371704 2.0965776085112573 1.9676899909973145 2.2883644104003906
69 1.8336100578308105 6.385879954483641 3.695713758468628 2.880570650100708 1.175711750984192 2.102434893160848 1.9841582775115967 2.3087430000305176
70 1.779500961303711 6.33690334797039 3.6639857292175293 2.843083143234253 1.1155169010162354 2.086373869788194 2.0014541149139404 2.3981361389160156
71 1.779500961303711 6.33690334797039 3.6639857292175293 2.843083143234253 1.1155169010162354 2.086373869788194 2.0014541149139404 2.3981361389160156
72 1.7753273248672485 6.359277066463245 3.665900468826294 2.834271192550659 1.1133158206939697 2.0533577599965693 2.00270414352417 2.377737283706665
73 1.7494105100631714 6.3275180330023355 3.646210193634033 2.814403533935547 1.079052448272705 1.9922257059664974 1.9730892181396484 2.3617234230041504
74 1.7461498975753784 6.328879587956429 3.6421303749084473 2.809673309326172 1.071058750152588 1.9988874989476215 1.9439263343811035 2.3607165813446045
75 1.7399322986602783 6.352501907468401 3.639251232147217 2.803252696990967 1.0607976913452148 1.9641853479853235 1.9335933923721313 2.3536665439605713
76 1.7399322986602783 6.352501907468401 3.639251232147217 2.803252696990967 1.0607976913452148 1.9641853479853235 1.9335933923721313 2.3536665439605713
77 1.7618539333343506 6.419046994970122 3.6524620056152344 2.8220434188842773 1.0850006341934204 2.0070929173492544 1.9728977680206299 2.374664306640625
78 1.761605143547058 6.420338793042714 3.651451826095581 2.8617727756500244 1.0847190618515015 2.006416211568267 1.9557385444641113 2.3824410438537598
79 1.7604658603668213 6.426217614809136 3.6527199745178223 2.8641178607940674 1.0931566953659058 2.004178561287449 1.977463960647583 2.3907930850982666
80 1.7188291549682617 6.426005563201556 3.6266965866088867 2.8258421421051025 1.047600507736206 2.0236358607632776 1.9434458017349243 2.344822645187378
81 1.7188291549682617 6.422857603424913 3.6266965866088867 2.8258421421051025 1.047600507736206 2.018405784879569 1.9430409669876099 2.344822645187378
82 1.7188283205032349 6.426591149591855 3.62337064743042 2.7319750785827637 1.048003911972046 2.024614659921271 1.8885964155197144 2.2822399139404297
83 1.7140694856643677 6.430751363014453 3.622166872024536 2.719882011413574 1.0410394668579102 2.0079234190272426 1.9170310497283936 2.27532958984375
84 1.7083518505096436 6.420734497525084 3.619191884994507 2.713026762008667 1.0351314544677734 2.0266667317373055 1.9151924848556519 2.265824794769287
85 1.7074402570724487 6.413465490389342 3.616969347000122 2.709667444229126 1.0352421998977661 2.0152826107654587 1.9123001098632813 2.2598061561584473
86 1.7074402570724487 6.413465490389342 3.616969347000122 2.709667444229126 1.0352421998977661 2.0152826107654587 1.9123001098632813 2.2598061561584473
87 1.7088502645492554 6.419805499674139 3.619882106781006 2.708007574081421 1.0342894792556763 2.0151186475264016 1.9146500825881958 2.255312204360962
88 1.71082603931427 6.415104883968911 3.6163880825042725 2.7368416786193848 1.0371720790863037 2.0209154033706294 1.936398983001709 2.2149033546447754
89 1.7158167362213135 6.4628052705109695 3.6137373447418213 2.788727045059204 1.0325011014938354 1.9986751700465606 1.9044610261917114 2.281473398208618
90 1.737842321395874 6.421456100928833 3.6214301586151123 2.777087926864624 1.0540461540222168 1.9453952708743754 1.9084107875823975 2.269529342651367
91 1.737842321395874 6.421456100928833 3.6214301586151123 2.777087926864624 1.0540461540222168 1.9453952708743754 1.9084107875823975 2.269529342651367
92 1.7365983724594116 6.432698318072343 3.6152946949005127 2.7686057090759277 1.0523124933242798 1.961554265470964 1.9055384397506714 2.2545361518859863
93 1.7236899137496948 6.434064381801547 3.6112563610076904 2.756361246109009 1.0367515087127686 1.9552717860506612 1.894839882850647 2.2382652759552
94 1.7225265502929688 6.433389037869783 3.616095542907715 2.871626853942871 1.0347956418991089 1.9434834898738718 1.9140456914901733 2.3028533458709717
95 1.7329400777816772 6.433108230767659 3.624042510986328 2.8835692405700684 1.045032024383545 1.950771075307528 1.9205394983291626 2.3147130012512207
96 1.7329400777816772 6.433108230767659 3.624042510986328 2.8835692405700684 1.045032024383545 1.950771075307528 1.9205394983291626 2.3147130012512207
97 1.7110505104064941 6.448795269454335 3.6054630279541016 2.8642282485961914 1.0157991647720337 1.9382439504767357 1.9001095294952393 2.298081874847412
98 1.7067886590957642 6.46632526064257 3.5991098880767822 2.8530821800231934 1.0066007375717163 1.913691099916222 1.8872489929199219 2.2843286991119385
99 1.6815122365951538 6.416032390169599 3.5825002193450928 2.8229758739471436 0.9789564609527588 1.901324322492249 1.8674134016036987 2.2460520267486572
100 1.6240395307540894 6.358913951059946 3.5469415187835693 2.7609100341796875 0.9196332097053528 1.884887076407414 1.8209500312805176 2.170525074005127
101 1.6240395307540894 6.358913951059946 3.5469415187835693 2.7609100341796875 0.9196332097053528 1.884887076407414 1.8209500312805176 2.170525074005127
102 1.619128942489624 6.327676514579381 3.545762300491333 2.760732650756836 0.9133460521697998 1.8975347337518274 1.8194252252578735 2.168058395385742
103 1.6175436973571777 6.335908768320519 3.547866106033325 2.757377862930298 0.911534309387207 1.8890851589896815 1.783756971359253 2.15914249420166
104 1.5655872821807861 6.329177825201208 3.5030617713928223 2.710740566253662 0.8397627472877502 1.9149612486951004 1.741560935974121 2.1180408000946045
105 1.568389654159546 6.3330608015185 3.5047826766967773 2.712508201599121 0.8447823524475098 1.9174526814772155 1.7452839612960815 2.118440628051758
106 1.568389654159546 6.3330608015185 3.5047826766967773 2.712508201599121 0.8447823524475098 1.9174526814772155 1.7452839612960815 2.118440628051758
107 1.5711212158203125 6.321587240195889 3.5128414630889893 2.737877130508423 0.850912868976593 1.9240183147535186 1.7502621412277222 2.122410535812378
108 1.5679274797439575 6.334987720999154 3.509384870529175 2.7345340251922607 0.8466832041740417 1.9195940886537488 1.7457880973815918 2.1183693408966064
109 1.570096731185913 6.357966067831874 3.5008444786071777 2.674025774002075 0.8427879810333252 1.9044634100538913 1.7317854166030884 2.066474199295044
110 1.605823040008545 6.33263857800675 3.5227644443511963 2.701038122177124 0.8816762566566467 1.9079429295015273 1.7574353218078613 2.1072161197662354
111 1.601869821548462 6.306560150926431 3.5068562030792236 2.6228036880493164 0.8472418189048767 2.0227049710030975 1.6515978574752808 2.032769203186035
112 1.589902639389038 6.298571148616009 3.498033285140991 2.6088881492614746 0.8294944167137146 1.986677143074788 1.6430302858352661 2.0119516849517822
113 1.5903377532958984 6.305605542017442 3.498751163482666 2.6089751720428467 0.8370649814605713 1.9969430756546336 1.6613694429397583 2.0130696296691895
114 1.5905135869979858 6.3007224972713995 3.4988791942596436 2.609166145324707 0.8372859358787537 1.991793446125248 1.6609456539154053 2.01326060295105
115 1.5937211513519287 6.2994898974764 3.4964799880981445 2.6180191040039063 0.8366103768348694 1.9955042316982488 1.6642098426818848 2.0181310176849365
116 1.5937211513519287 6.2994898974764 3.4964799880981445 2.6180191040039063 0.8366103768348694 1.9955042316982488 1.653368592262268 2.0181310176849365
117 1.5935968160629272 6.305223788625302 3.495201587677002 2.6172914505004883 0.8353286385536194 1.9894516350829325 1.648073673248291 2.0192253589630127
118 1.5935609340667725 6.323495505978492 3.494865894317627 2.6181535720825195 0.8352981209754944 1.9969867966663333 1.6495798826217651 2.019498825073242
119 1.5948176383972168 6.328357932102215 3.4963276386260986 2.618164539337158 0.8374122381210327 1.9903094073833927 1.6478164196014404 2.0178866386413574
120 1.5932996273040771 6.332328801833369 3.490525007247925 2.6088719367980957 0.8310642242431641 1.9862218600777934 1.6420910358428955 2.007319450378418
121 1.5932996273040771 6.332328801833369 3.490525007247925 2.6088719367980957 0.8310642242431641 1.9862218600777934 1.6420910358428955 2.007319450378418
122 1.5932996273040771 6.326144969375422 3.490525007247925 2.6088719367980957 0.8310642242431641 1.9862180154570328 1.6385289430618286 2.007319450378418
123 1.5926462411880493 6.3370515446182445 3.4861066341400146 2.600233316421509 0.8168030381202698 1.9764138721506723 1.6223816871643066 1.9966679811477661
124 1.6064348220825195 6.329788494291556 3.4936540126800537 2.6117005348205566 0.832491397857666 1.97908344885692 1.6287078857421875 2.0100767612457275
125 1.6085017919540405 6.328132795172671 3.4998128414154053 2.646012306213379 0.8372626900672913 1.9787448942817578 1.6301236152648926 2.028632640838623
126 1.6085017919540405 6.328132795172671 3.4998128414154053 2.646012306213379 0.8372626900672913 1.9787448942817578 1.6301236152648926 2.028632640838623
127 1.626204013824463 6.325978179536967 3.5089144706726074 2.6615793704986572 0.8561883568763733 1.9907131188831628 1.6475988626480103 2.049631357192993
128 1.6264288425445557 6.307861224027907 3.5061068534851074 2.6634528636932373 0.8606299757957458 1.972046695707748 1.6523797512054443 2.056307315826416
129 1.6263631582260132 6.317700244431303 3.5060527324676514 2.663318395614624 0.8606827855110168 1.9855013383179247 1.6565299034118652 2.0562493801116943
130 1.6301606893539429 6.305208503659841 3.5063416957855225 2.6624674797058105 0.8707373738288879 1.9819801661262852 1.6514832973480225 2.056077718734741
131 1.6301606893539429 6.305208503659841 3.5063416957855225 2.6624674797058105 0.8707373738288879 1.9819801661262852 1.650635838508606 2.056077718734741
132 1.6301606893539429 6.302389283051315 3.5063416957855225 2.6624674797058105 0.8707373738288879 1.977462465265859 1.6511157751083374 2.056077718734741
133 1.6314005851745605 6.2903619256102346 3.5101261138916016 2.6664576530456543 0.8770416378974915 1.9868214294471749 1.6592490673065186 2.0607433319091797
134 1.6391310691833496 6.281665573039981 3.5104525089263916 2.665173292160034 0.8908573985099792 1.9923187857494495 1.6712255477905273 2.0583643913269043
135 1.6407324075698853 6.3208384357141485 3.5123982429504395 2.668015241622925 0.8961717486381531 1.9511123481237471 1.6698955297470093 2.0613508224487305
136 1.6407324075698853 6.3208384357141485 3.5123982429504395 2.668015241622925 0.8961717486381531 1.9511123481237471 1.6698955297470093 2.0613508224487305
137 1.6278012990951538 6.290489150089947 3.500944137573242 2.6539533138275146 0.8760381937026978 1.9759318301341173 1.6645264625549316 2.0464560985565186
138 1.6278033256530762 6.263640745137612 3.5009210109710693 2.6539459228515625 0.8762572407722473 2.0576423287512555 1.6748942136764526 2.0464870929718018
139 1.6254799365997314 6.283093203259278 3.4983370304107666 2.6524081230163574 0.8729550242424011 2.033021680466184 1.6704375743865967 2.0452194213867188
140 1.6253933906555176 6.286182320311268 3.4941513538360596 2.632143974304199 0.8708460330963135 2.0239560095885984 1.6703006029129028 2.032966136932373
141 1.6253933906555176 6.286182320311268 3.4941513538360596 2.632143974304199 0.8708460330963135 2.0239560095885984 1.6703006029129028 2.032966136932373
142 1.6219462156295776 6.292892898991718 3.492621898651123 2.631948709487915 0.8685904741287231 2.021755422073726 1.6675848960876465 2.033148765563965
143 1.6216416358947754 6.275244743279717 3.492385149002075 2.631157398223877 0.8679901957511902 2.091429014718397 1.6741691827774048 2.0332298278808594
144 1.6243568658828735 6.262790874414101 3.4972641468048096 2.634425163269043 0.8720874786376953 2.085661385796218 1.6862287521362305 2.0371344089508057
145 1.6367765665054321 6.271594283135367 3.5022430419921875 2.6482045650482178 0.8847769498825073 2.0778109815009773 1.679011344909668 2.056292772293091
146 1.6167069673538208 6.265812120241352 3.4802255630493164 2.6268694400787354 0.8369545340538025 2.02247543159628 1.645591139793396 2.041112184524536
147 1.608618974685669 6.268700885955912 3.474822998046875 2.6201488971710205 0.8232795000076294 2.0183114271018137 1.6334614753723145 2.0345065593719482
148 1.6197623014450073 6.268213129530042 3.481856107711792 2.6320559978485107 0.8404027819633484 2.0422022269886835 1.6432172060012817 2.0481696128845215
149 1.6195448637008667 6.2708313902208275 3.4819488525390625 2.632413148880005 0.8404892086982727 2.045802683725569 1.6383064985275269 2.0486176013946533
150 1.6192114353179932 6.236331036369671 3.481130599975586 2.6333167552948 0.8360894918441772 2.0420488036032767 1.6327084302902222 2.0509634017944336
151 1.6192114353179932 6.236331036369671 3.481130599975586 2.6333167552948 0.8360894918441772 2.0420488036032767 1.6327084302902222 2.0509634017944336
152 1.619490623474121 6.238222995817293 3.481503963470459 2.63322114944458 0.8383553624153137 2.0428412237610747 1.64175283908844 2.050053834915161
153 1.6194766759872437 6.236015976892651 3.481247901916504 2.6231586933135986 0.838503897190094 2.0398359620489126 1.6536877155303955 2.035984754562378
154 1.62458074092865 6.240117602197751 3.4840104579925537 2.6264400482177734 0.8443140387535095 2.056674690389898 1.658507227897644 2.042715549468994
155 1.6225239038467407 6.24141961427982 3.4841859340667725 2.6262335777282715 0.8420149683952332 2.054730021237335 1.6585906744003296 2.0417211055755615
156 1.6225239038467407 6.24141961427982 3.4841859340667725 2.6262335777282715 0.8420149683952332 2.054730021237335 1.6585906744003296 2.0417211055755615
157 1.6241140365600586 6.221138196792675 3.490910053253174 2.622809410095215 0.8559285402297974 2.060703591281778 1.6729001998901367 2.0377755165100098
158 1.6425503492355347 6.244259327059991 3.4964494705200195 2.631603479385376 0.8754499554634094 2.0000809037393266 1.6734328269958496 2.048548936843872
159 1.642734408378601 6.227087079299237 3.496537208557129 2.6313605308532715 0.8757806420326233 2.0192972853159588 1.6924383640289307 2.046797513961792
160 1.6413885354995728 6.192841640372051 3.496479034423828 2.6319124698638916 0.8739755749702454 2.026814071353136 1.6908639669418335 2.0472002029418945
161 1.6413885354995728 6.192841640372051 3.496479034423828 2.6319124698638916 0.8739755749702454 2.026814071353136 1.6908639669418335 2.0472002029418945
162 1.6479544639587402 6.19986891898958 3.4980788230895996 2.634101629257202 0.880521297454834 2.0347323769020607 1.6928123235702515 2.0513393878936768
163 1.6408113241195679 6.19150499235021 3.4885382652282715 2.6250760555267334 0.8692479729652405 2.019723262729357 1.6998367309570313 2.0451302528381348
164 1.6295171976089478 6.191339149753007 3.48781418800354 2.5256810188293457 0.8527854084968567 2.030143600104412 1.6776361465454102 2.0676493644714355
165 1.6295171976089478 6.204108675988883 3.48781418800354 2.5256810188293457 0.8524393439292908 2.0103099131314597 1.6744571924209595 2.0676677227020264
166 1.6295171976089478 6.204108675988883 3.48781418800354 2.5256810188293457 0.8524393439292908 2.0103099131314597 1.6744571924209595 2.0676677227020264
167 1.6341259479522705 6.231620815399805 3.4885244369506836 2.5304203033447266 0.857101321220398 2.0100523814804365 1.6786220073699951 2.0719354152679443
168 1.6341259479522705 6.229303959460621 3.4885244369506836 2.5304203033447266 0.857101321220398 1.9986928675311486 1.6789816617965698 2.0719354152679443
169 1.6341259479522705 6.23084942259712 3.4885244369506836 2.5304203033447266 0.857101321220398 1.9952961795208408 1.6800708770751953 2.0719354152679443
170 1.629318118095398 6.230531152806786 3.4878158569335938 2.5307841300964355 0.8558201789855957 1.995167265508415 1.6799474954605103 2.0714142322540283
171 1.629318118095398 6.230531152806786 3.4878158569335938 2.5307841300964355 0.8558201789855957 1.995167265508415 1.6799474954605103 2.0714142322540283
172 1.6295300722122192 6.23239245346256 3.4903430938720703 2.5378308296203613 0.8579961657524109 1.9945265001368895 1.6772536039352417 2.082106828689575
173 1.6311664581298828 6.2306693510480615 3.489879608154297 2.5369973182678223 0.8593860864639282 1.9968506635353698 1.6786131858825684 2.081291913986206
174 1.631166696548462 6.225790162731698 3.4898793697357178 2.5369973182678223 0.8590151071548462 1.9888255750182282 1.676270604133606 2.0812151432037354
175 1.6316362619400024 6.170069837970722 3.488637685775757 2.531898021697998 0.8594204187393188 2.0689396991347064 1.6611833572387695 2.0761830806732178
176 1.6316362619400024 6.170069837970722 3.488637685775757 2.531898021697998 0.8594204187393188 2.0689396991347064 1.6611833572387695 2.0761830806732178
177 1.6272227764129639 6.16688468844404 3.4879913330078125 2.530839443206787 0.8540006875991821 2.06592621777765 1.6839598417282104 2.074897527694702
178 1.6275272369384766 6.1678375855073755 3.487987756729126 2.530759572982788 0.8541716933250427 2.0639804672683684 1.6831783056259155 2.074812650680542
179 1.6326712369918823 6.222574480318174 3.4880764484405518 2.534592390060425 0.8592054843902588 1.9689858497728405 1.6725422143936157 2.0750319957733154
180 1.641085147857666 6.228728798627837 3.49198055267334 2.535609245300293 0.8701489567756653 1.9861608681999012 1.6753566265106201 2.076875686645508
181 1.63711678981781 6.233988960543405 3.489189863204956 2.529341459274292 0.8638651371002197 1.9775435553170793 1.670544147491455 2.0681469440460205
182 1.6369752883911133 6.236895959245243 3.4900639057159424 2.5273935794830322 0.8565078973770142 1.971814665048295 1.681079626083374 2.0633060932159424
183 1.6301021575927734 6.2254914554018885 3.4859635829925537 2.5211849212646484 0.8472264409065247 1.976430903606449 1.6722513437271118 2.0560436248779297
184 1.6303019523620605 6.221146253939149 3.4874746799468994 2.52667498588562 0.8486286401748657 1.9815144179867212 1.6438138484954834 2.0449979305267334
185 1.6288988590240479 6.219175110271151 3.486229419708252 2.5251941680908203 0.8469430208206177 1.9764443550873942 1.6422982215881348 2.0439391136169434
186 1.6288988590240479 6.219175110271151 3.486229419708252 2.5251941680908203 0.8469430208206177 1.9764443550873942 1.6422982215881348 2.0439391136169434
187 1.609153151512146 6.260032572798087 3.4612369537353516 2.490043878555298 0.8173732757568359 1.9122538523142243 1.6129209995269775 2.012568712234497
188 1.6063164472579956 6.2767108818266255 3.461305856704712 2.491774797439575 0.8168554902076721 1.926611869201482 1.617853045463562 2.0149827003479004
189 1.6112196445465088 6.254457516035586 3.4747111797332764 2.566349983215332 0.8266944289207458 1.9498485895726139 1.6382372379302979 2.077420234680176
190 1.6101685762405396 6.2556513392756115 3.4776079654693604 2.5661511421203613 0.8246281743049622 1.949031748094946 1.6503276824951172 2.0767250061035156
191 1.6101685762405396 6.2556513392756115 3.4776079654693604 2.5661511421203613 0.8246281743049622 1.949031748094946 1.6503276824951172 2.0767250061035156
192 1.6038554906845093 6.253084813726436 3.4762864112854004 2.5650317668914795 0.8237256407737732 1.9566717530888704 1.651360273361206 2.0761969089508057
193 1.5969276428222656 6.2518446964021965 3.470823287963867 2.561258316040039 0.8185068964958191 1.9565787674380617 1.6301087141036987 2.0706534385681152
194 1.5923595428466797 6.250542759346838 3.4649994373321533 2.5518174171447754 0.812543511390686 1.9590975062239102 1.623991847038269 2.0560238361358643
195 1.5938711166381836 6.241905837544084 3.4661877155303955 2.5539252758026123 0.8113864064216614 1.9493926020053405 1.624718427658081 2.0550642013549805
196 1.5938711166381836 6.241905837544084 3.4661877155303955 2.5539252758026123 0.8113864064216614 1.9493926020053405 1.624718427658081 2.0550642013549805
197 1.5934605598449707 6.2424364025272485 3.467198371887207 2.4906952381134033 0.8107763528823853 1.9498542445406917 1.6159262657165527 1.9754571914672852
198 1.5915701389312744 6.183620403637962 3.464214324951172 2.4849588871002197 0.8090387582778931 2.0290237526279595 1.5830209255218506 1.9686797857284546
199 1.588462233543396 6.178429948386489 3.4647324085235596 2.482016086578369 0.8070740103721619 2.0064799976707315 1.578212857246399 1.9658228158950806
200 1.591370701789856 6.201666187405302 3.4644670486450195 2.4807486534118652 0.8054472804069519 1.9970901446739284 1.539480209350586 1.9629765748977661
201 1.591370701789856 6.201666187405302 3.4644670486450195 2.4807486534118652 0.8054472804069519 1.9970901446739284 1.539480209350586 1.9629765748977661
202 1.592787265777588 6.183244295812376 3.4647319316864014 2.4810550212860107 0.808445155620575 2.0143175739259696 1.5357362031936646 1.963110327720642
203 1.5860501527786255 6.191276070895194 3.46683931350708 2.4804325103759766 0.803370475769043 2.0105737781084994 1.537118911743164 1.962690830230713
204 1.594888687133789 6.209596587213351 3.4695627689361572 2.4866814613342285 0.8129934668540955 1.9985713749802054 1.5417190790176392 1.9709994792938232
205 1.5981308221817017 6.216796431993121 3.4700403213500977 2.4874515533447266 0.8148282170295715 2.0237933355922966 1.5337116718292236 1.9712915420532227
206 1.5981308221817017 6.216796431993121 3.4700403213500977 2.4874515533447266 0.8148282170295715 2.0237933355922966 1.5337116718292236 1.9712915420532227
207 1.5975476503372192 6.209339425583403 3.4684231281280518 2.484645366668701 0.8134391903877258 2.02031926233419 1.5317418575286865 1.9615254402160645
208 1.5982283353805542 6.207738817422525 3.4670679569244385 2.4824466705322266 0.81252121925354 2.0130441944133333 1.5213525295257568 1.9586693048477173
209 1.5946931838989258 6.205450106803658 3.4629886150360107 2.476255416870117 0.8093855381011963 2.0138758796400826 1.519036889076233 1.9523963928222656
210 1.5944925546646118 6.1970468062637325 3.4637959003448486 2.47107195854187 0.8073725700378418 2.017645465122158 1.5186487436294556 1.9390900135040283
211 1.5944925546646118 6.1970468062637325 3.4637959003448486 2.47107195854187 0.8073725700378418 2.017645465122158 1.5186487436294556 1.9390900135040283
212 1.601058840751648 6.173155785874421 3.4679951667785645 2.4752964973449707 0.8161259293556213 2.0333244868763343 1.527248740196228 1.9459737539291382
213 1.601988673210144 6.171447536624563 3.4692914485931396 2.479506015777588 0.8190857768058777 2.0373173156717868 1.5336781740188599 1.9553437232971191
214 1.597098469734192 6.161431463949289 3.4695963859558105 2.4789295196533203 0.814486563205719 2.046200112371695 1.5130417346954346 1.9540672302246094
215 1.5982067584991455 6.161286623083893 3.4607744216918945 2.408473014831543 0.8156347870826721 2.043377124134103 1.4911103248596191 1.8885118961334229
216 1.5982067584991455 6.161286623083893 3.4607744216918945 2.408473014831543 0.8156347870826721 2.043377124134103 1.4911103248596191 1.8885118961334229
217 1.5988903045654297 6.168599745044633 3.4620413780212402 2.414353370666504 0.8180473446846008 2.0736740594418688 1.52973473072052 1.8925033807754517
218 1.5788582563400269 6.19490628956036 3.4375691413879395 2.3767192363739014 0.7865381836891174 2.0528506302850293 1.5123844146728516 1.8731611967086792
219 1.580068826675415 6.201775986868456 3.435224771499634 2.3783681392669678 0.7818615436553955 2.057231215773904 1.4969509840011597 1.8722753524780273
220 1.5798077583312988 6.210800732340553 3.435215473175049 2.3784470558166504 0.7814351916313171 2.027300568390879 1.4931410551071167 1.8721985816955566
221 1.5798077583312988 6.210800732340553 3.435215473175049 2.3784470558166504 0.7814351916313171 2.027300568390879 1.4931410551071167 1.8721985816955566
222 1.5798077583312988 6.210800732340553 3.4362971782684326 2.3885977268218994 0.7814351916313171 2.027300568390879 1.4925113916397095 1.8743681907653809
223 1.580631971359253 6.2096563044628805 3.4357898235321045 2.387620687484741 0.7818767428398132 2.0246991635811202 1.492249608039856 1.8735300302505493
224 1.57005774974823 6.226663145828247 3.423830032348633 2.3714919090270996 0.7594005465507507 2.0219198444310624 1.5078548192977905 1.8577946424484253
225 1.5705667734146118 6.207388057121883 3.435424566268921 2.39154314994812 0.7717644572257996 2.0395112720461914 1.520990014076233 1.8750661611557007
226 1.5705667734146118 6.207388057121883 3.435424566268921 2.39154314994812 0.7717644572257996 2.0395112720461914 1.520990014076233 1.8750661611557007
227 1.5715826749801636 6.211907567753254 3.435955286026001 2.39192271232605 0.7734783887863159 2.0420915713265 1.569720983505249 1.875190019607544
228 1.5758049488067627 6.194078067554063 3.4396567344665527 2.3922336101531982 0.7794236540794373 2.0640033412634637 1.5791138410568237 1.8765578269958496
229 1.583328366279602 6.200334949959276 3.4356374740600586 2.407539129257202 0.7963135838508606 2.0637578357326944 1.5866941213607788 1.8037296533584595
230 1.5858346223831177 6.213927651315395 3.4349677562713623 2.4132277965545654 0.7977778315544128 2.036432795647691 1.5648447275161743 1.8130671977996826
231 1.5858346223831177 6.213927651315395 3.4349677562713623 2.4132277965545654 0.7977778315544128 2.036432795647691 1.5648447275161743 1.8130671977996826
232 1.591030240058899 6.237439478015917 3.4321718215942383 2.3934717178344727 0.8016382455825806 2.0378942378753773 1.580257773399353 1.780609369277954
233 1.6006207466125488 6.238152877563984 3.4390077590942383 2.398371696472168 0.8124145865440369 2.0275537011326104 1.6633601188659668 1.7867733240127563
234 1.6016933917999268 6.228107629402836 3.443713903427124 2.397111177444458 0.8186473250389099 2.03120045974559 1.671509861946106 1.7827849388122559
235 1.6044213771820068 6.2173156192199714 3.450988292694092 2.40645170211792 0.8228436708450317 2.037452549834697 1.6722471714019775 1.7870497703552246
236 1.6044213771820068 6.2173156192199714 3.450988292694092 2.40645170211792 0.8228436708450317 2.037452549834697 1.6722471714019775 1.7870497703552246
237 1.6070114374160767 6.2190519533339295 3.457679033279419 2.402254581451416 0.824882447719574 2.0293785477629678 1.686427116394043 1.7825829982757568
238 1.6022895574569702 6.243862088019341 3.452758312225342 2.3983211517333984 0.8169687390327454 2.0265382907954343 1.6778210401535034 1.7778124809265137
239 1.6086431741714478 6.257428993695789 3.4992947578430176 2.4071738719940186 0.8261281251907349 2.0361180436440414 1.7464544773101807 1.7906020879745483
240 1.6145586967468262 6.3088545833638285 3.502190351486206 2.404099464416504 0.8341571688652039 1.9761214924334263 1.7135775089263916 1.7872685194015503
241 1.6145586967468262 6.3088545833638285 3.502190351486206 2.404099464416504 0.8341571688652039 1.9761214924334263 1.7135775089263916 1.7872685194015503
242 1.612770676612854 6.303403746718908 3.5004665851593018 2.402144193649292 0.830838143825531 1.962622296802537 1.7511975765228271 1.7856719493865967
243 1.6136904954910278 6.2939894980266855 3.5091729164123535 2.4055027961730957 0.8344716429710388 1.95369167903323 1.7643204927444458 1.7890456914901733
244 1.612310528755188 6.305481452079974 3.50837779045105 2.404789447784424 0.8309093713760376 1.930079377664238 1.7610008716583252 1.7873430252075195
245 1.6067086458206177 6.336277727463215 3.5048506259918213 2.394991636276245 0.8243352770805359 1.8965953499349426 1.7552474737167358 1.7763787508010864
246 1.6067086458206177 6.336277727463215 3.5048506259918213 2.394991636276245 0.8243352770805359 1.8965953499349426 1.7552474737167358 1.7763787508010864
247 1.6117411851882935 6.320339375854319 3.5181305408477783 2.4155941009521484 0.8384044170379639 1.91245224852712 1.781392216682434 1.7937933206558228
248 1.6118388175964355 6.264771199133743 3.5193417072296143 2.4179792404174805 0.8354220986366272 1.957761906492498 1.7691460847854614 1.7938367128372192
249 1.6116904020309448 6.266548705119033 3.519303560256958 2.415536880493164 0.8340016603469849 1.9587052704953414 1.740951657295227 1.7890126705169678
250 1.5953515768051147 6.250805137841589 3.5134670734405518 2.402904510498047 0.8149537444114685 1.9815886342720082 1.72536039352417 1.7755974531173706
251 1.5955899953842163 6.250799971875483 3.5134384632110596 2.4028313159942627 0.8150277733802795 1.9816813032092173 1.7252856492996216 1.7755228281021118
252 1.5930981636047363 6.2434000132097704 3.516782283782959 2.401604413986206 0.8118547201156616 1.9881311645478248 1.726629614830017 1.772830605506897
253 1.5922635793685913 6.25798607247568 3.5175204277038574 2.4029576778411865 0.812193751335144 1.9689178638923313 1.7180895805358887 1.7741328477859497
254 1.5891335010528564 6.300149078834109 3.5059592723846436 2.391144037246704 0.7990717887878418 1.9291683279489982 1.701370358467102 1.7643123865127563
255 1.5885021686553955 6.300023930022582 3.5059685707092285 2.3910982608795166 0.7990226745605469 1.9211005780138184 1.7178901433944702 1.76387357711792
256 1.5885021686553955 6.300023930022582 3.5059685707092285 2.3910982608795166 0.7990226745605469 1.9211005780138184 1.7178901433944702 1.76387357711792
257 1.5892486572265625 6.30374517846328 3.521366596221924 2.392848253250122 0.7991045117378235 1.9169097904200902 1.7197279930114746 1.8449257612228394
258 1.5961084365844727 6.308259741294177 3.52282977104187 2.399563789367676 0.8043448328971863 1.911098289974362 1.7211065292358398 1.8493088483810425
259 1.5911632776260376 6.241207951865689 3.5214176177978516 2.394076108932495 0.7964336276054382 1.9614920544768804 1.6986368894577026 1.8414783477783203
260 1.5916626453399658 6.237935322170557 3.521548271179199 2.3980159759521484 0.7967961430549622 1.9597137667911142 1.707127571105957 1.8477702140808105
261 1.5916626453399658 6.237935322170557 3.52131724357605 2.3951354026794434 0.7967961430549622 1.9597137667911142 1.7067410945892334 1.8450320959091187
262 1.5930464267730713 6.2285760665969825 3.520993232727051 2.462489366531372 0.79868483543396 1.956774799607351 1.7354329824447632 1.9338340759277344
263 1.5953787565231323 6.24207693984823 3.517693281173706 2.461097002029419 0.8007819652557373 1.9461922876363624 1.7163561582565308 1.9348617792129517
264 1.591970443725586 6.23662143414614 3.5156455039978027 2.457960367202759 0.7962123155593872 1.9564044148789053 1.7287355661392212 1.9360657930374146
265 1.5999064445495605 6.271712158126832 3.522582530975342 2.468017101287842 0.8070597648620605 1.958309956659955 1.7250310182571411 1.9437910318374634
266 1.5999064445495605 6.271712158126832 3.522582530975342 2.468017101287842 0.8070597648620605 1.958309956659955 1.7250310182571411 1.9437910318374634
267 1.5843701362609863 6.22391201111555 3.5181400775909424 2.4659523963928223 0.7899140119552612 1.966458837083299 1.7365444898605347 1.9425048828125
268 1.579251766204834 6.263623020188504 3.514002799987793 2.4618079662323 0.7832388877868652 1.9455909298711538 1.7037354707717896 1.937267541885376
269 1.5840356349945068 6.261583678508614 3.51499342918396 2.463967800140381 0.7919542193412781 1.9470283115231457 1.7048426866531372 1.939109206199646
270 1.5931282043457031 6.219489243361258 3.5244457721710205 2.470440626144409 0.8024482131004333 1.9880477105693386 1.7166883945465088 1.9437350034713745
271 1.5931282043457031 6.219489243361258 3.5244457721710205 2.470440626144409 0.8024482131004333 1.9880477105693386 1.7166883945465088 1.9437350034713745
272 1.5898034572601318 6.246694309350536 3.5235917568206787 2.47017765045166 0.7994516491889954 1.9765840362077889 1.7145318984985352 1.9433562755584717
273 1.5933152437210083 6.248652857118697 3.5260202884674072 2.470787525177002 0.8013776540756226 1.9749906865007079 1.7166774272918701 1.9415693283081055
274 1.5935790538787842 6.306141912561881 3.531351327896118 2.470590353012085 0.8073644638061523 1.9242641972733292 1.7146211862564087 1.9485946893692017
275 1.601944088935852 6.2955327649763895 3.5314629077911377 2.4719817638397217 0.8171330094337463 1.9198169469336868 1.7134639024734497 1.9501798152923584
276 1.601944088935852 6.2955327649763895 3.5314629077911377 2.4719817638397217 0.8171330094337463 1.9198169469336868 1.7134639024734497 1.9501798152923584
277 1.5974613428115845 6.248135003977726 3.529654026031494 2.467897415161133 0.8119659423828125 2.0042734550187777 1.7126964330673218 1.9403319358825684
278 1.5953741073608398 6.24245995479345 3.5295841693878174 2.4691243171691895 0.8102121353149414 2.0059625008351283 1.7318830490112305 1.942886233329773
279 1.5759544372558594 6.287161164781361 3.5246691703796387 2.4656450748443604 0.786854088306427 1.9593277171413699 1.7273144721984863 1.9389102458953857
280 1.5746163129806519 6.302110676624534 3.5245378017425537 2.465442657470703 0.7854339480400085 1.9436267963665803 1.7247768640518188 1.9386924505233765
281 1.5746163129806519 6.302110676624534 3.5245378017425537 2.465442657470703 0.7854339480400085 1.9436267963665803 1.7247768640518188 1.9386924505233765
282 1.5746163129806519 6.301519666944445 3.5245378017425537 2.465442657470703 0.7854339480400085 1.9428297257635379 1.724697232246399 1.9386924505233765
283 1.5742874145507813 6.290639870307701 3.5243313312530518 2.4654030799865723 0.7851125597953796 1.9190773942245984 1.7226109504699707 1.93717360496521
284 1.5607434511184692 6.134061689326924 3.5103957653045654 2.445233106613159 0.7682996988296509 2.1030797328960142 1.7206279039382935 1.9218789339065552
285 1.5613166093826294 6.148101060481316 3.5154948234558105 2.4454216957092285 0.7691781520843506 2.0826477759220965 1.7265701293945313 1.9226547479629517
286 1.5613166093826294 6.148101060481316 3.5154948234558105 2.4454216957092285 0.7691781520843506 2.0826477759220965 1.7265701293945313 1.9226547479629517
287 1.558646559715271 6.191384392161481 3.5091631412506104 2.464857816696167 0.7644320726394653 2.062225888670692 1.7392232418060303 1.9518436193466187
288 1.5645862817764282 6.240845309805586 3.517927885055542 2.4762210845947266 0.7765071988105774 2.0668779604069725 1.7525808811187744 1.9666106700897217
289 1.5836641788482666 6.246064545305166 3.529165744781494 2.495706081390381 0.8006221055984497 2.053697352349107 1.7634538412094116 1.9907124042510986
290 1.599655032157898 6.249831107070782 3.5315091609954834 2.492795944213867 0.8167839646339417 2.045281877761708 1.8365356922149658 1.9817781448364258
291 1.599655032157898 6.249831107070782 3.5315091609954834 2.492795944213867 0.8167839646339417 2.045281877761708 1.8365356922149658 1.9817781448364258
292 1.5963035821914673 6.240256230396477 3.5310587882995605 2.492725372314453 0.8087249994277954 2.042573374549858 1.8370540142059326 1.9802522659301758
293 1.590552806854248 6.2360734361857 3.528810739517212 2.491145610809326 0.8021536469459534 2.0432102070091784 1.859434962272644 1.9779810905456543
294 1.584228277206421 6.25107293864316 3.522407054901123 2.4794468879699707 0.7932645678520203 1.9987339193445348 1.848643183708191 1.9620846509933472
295 1.5870565176010132 6.220254233192659 3.5228583812713623 2.480534315109253 0.7951643466949463 1.9940626267146158 1.8482226133346558 1.962039828300476
296 1.5870565176010132 6.220254233192659 3.5228583812713623 2.480534315109253 0.7951643466949463 1.9940626267146158 1.8482226133346558 1.962039828300476
297 1.604678988456726 6.2244143829409735 3.5301105976104736 2.488163471221924 0.8128209114074707 1.9931815760781468 1.8604390621185303 1.9671982526779175
298 1.6035653352737427 6.2858949948477365 3.530118703842163 2.488308906555176 0.8120853900909424 1.9490294523586567 1.8542464971542358 1.9671282768249512
299 1.6017948389053345 6.2914108416877035 3.5281858444213867 2.4869165420532227 0.8098723888397217 1.9543029732191752 1.8605185747146606 1.9650288820266724
300 1.601685881614685 6.292416966654437 3.526362657546997 2.482693910598755 0.8070093393325806 1.9570455794158041 1.8607221841812134 1.9654523134231567
301 1.601685881614685 6.292416966654437 3.526362657546997 2.482693910598755 0.8070093393325806 1.9570455794158041 1.8607221841812134 1.9654523134231567
302 1.6067862510681152 6.281468541054731 3.5352842807769775 2.502131462097168 0.8220245838165283 1.969353338442681 1.880831241607666 1.9800755977630615
303 1.6067512035369873 6.281642178289142 3.534175395965576 2.5039305686950684 0.8219963908195496 1.969222722242273 1.8803746700286865 1.9790235757827759
304 1.5988792181015015 6.28193622325534 3.528573751449585 2.498356580734253 0.810458242893219 1.9620606013401503 1.8737074136734009 1.9781428575515747
305 1.5988061428070068 6.283819278436148 3.527719020843506 2.497051239013672 0.8101261258125305 1.9601822702539702 1.8723679780960083 1.976780891418457
306 1.5988061428070068 6.283819278436148 3.527719020843506 2.497051239013672 0.8101261258125305 1.9601822702539702 1.8723679780960083 1.976780891418457
307 1.6325280666351318 6.27993904764818 3.5410141944885254 2.5135228633880615 0.8491827249526978 1.9733409189673277 1.8880113363265991 1.996030330657959
308 1.6315704584121704 6.227602369377187 3.5409631729125977 2.5137622356414795 0.849078893661499 2.013859664536286 1.8926990032196045 1.996307611465454
309 1.6174321174621582 6.302945822971112 3.535526990890503 2.507380962371826 0.8336707353591919 1.8832864930396118 1.8769422769546509 1.9912867546081543
310 1.6163828372955322 6.29949577825555 3.533552408218384 2.5049960613250732 0.8330921530723572 1.8826991927033891 1.8930506706237793 1.9877861738204956
311 1.6163828372955322 6.29949577825555 3.533552408218384 2.5049960613250732 0.8330921530723572 1.8826991927033891 1.8930506706237793 1.9877861738204956
312 1.6179766654968262 6.305705423101786 3.5337650775909424 2.506242036819458 0.8335565328598022 1.8862255745875305 1.9027037620544434 1.989743709564209
313 1.617963194847107 6.305847334470312 3.5337624549865723 2.5062592029571533 0.8335613012313843 1.887919058504431 1.9029432535171509 1.9897645711898804
314 1.6177479028701782 6.181140242109062 3.5337090492248535 2.50593900680542 0.8331930041313171 2.0342458715189142 1.916172981262207 1.989417314529419
315 1.617732286453247 6.178613103551611 3.5336740016937256 2.5058608055114746 0.8331748247146606 2.0321532647186804 1.9161267280578613 1.989358901977539
316 1.617732286453247 6.178613103551611 3.5336740016937256 2.5058608055114746 0.8331748247146606 2.0321532647186804 1.9161267280578613 1.989358901977539
317 1.5646649599075317 6.268156179974531 3.506976366043091 2.461893081665039 0.7728750109672546 1.9000868814660647 1.893113136291504 1.933141827583313
318 1.56771981716156 6.287419246033321 3.5126094818115234 2.4658474922180176 0.7764979004859924 1.944138140583649 1.8810741901397705 1.9385069608688354
319 1.5679869651794434 6.288723412329225 3.514119863510132 2.4669644832611084 0.7801018357276917 1.9447837571025977 1.8833649158477783 1.9387295246124268
320 1.569890022277832 6.279751869402646 3.5129737854003906 2.4672646522521973 0.7826184630393982 1.9430257075056658 1.8405776023864746 1.9383374452590942
321 1.569890022277832 6.279751869402646 3.5129737854003906 2.4672646522521973 0.7826184630393982 1.9430257075056658 1.8405776023864746 1.9383374452590942
322 1.5697985887527466 6.279579340133468 3.513192892074585 2.4675755500793457 0.7824193835258484 1.943137613763377 1.8418546915054321 1.9384074211120605
323 1.5722053050994873 6.328570561259527 3.513599157333374 2.470860004425049 0.7857511043548584 1.8619408744183872 1.8351552486419678 1.940375804901123
324 1.5740562677383423 6.307600568925738 3.516342878341675 2.475799322128296 0.7904609441757202 1.90089031257311 1.8420042991638184 1.9485063552856445
325 1.5623997449874878 6.277145796022607 3.5123746395111084 2.4755332469940186 0.7857935428619385 1.9248922147032872 1.8403288125991821 1.948102355003357
326 1.5623997449874878 6.277145796022607 3.5123746395111084 2.4755332469940186 0.7857935428619385 1.9248922147032872 1.8403288125991821 1.948102355003357
327 1.562758445739746 6.278337432256278 3.511605978012085 2.474245071411133 0.7864444255828857 1.9231535350793856 1.8383904695510864 1.9448318481445313
328 1.5652705430984497 6.302429949431607 3.5142767429351807 2.408982038497925 0.7900117635726929 1.9261814530189838 1.8323928117752075 1.858721375465393
329 1.5623483657836914 6.323809914670228 3.5062103271484375 2.3572566509246826 0.7746590971946716 1.9126689512236037 1.8249369859695435 1.907055139541626
330 1.5675641298294067 6.3176011618044665 3.5064070224761963 2.3578805923461914 0.782649040222168 1.9052611533320676 1.8242684602737427 1.9077845811843872
331 1.5675641298294067 6.3176011618044665 3.5064070224761963 2.3578805923461914 0.782649040222168 1.9052611533320676 1.8242684602737427 1.9077845811843872
332 1.5671133995056152 6.326751219853242 3.506495714187622 2.3579394817352295 0.781872034072876 1.9111154457988397 1.8248652219772339 1.9077199697494507
333 1.5653936862945557 6.332457007773264 3.5000534057617188 2.3802435398101807 0.7799246907234192 1.9218728522623838 1.8261487483978271 1.8692129850387573
334 1.5532102584838867 6.3426258604818475 3.4963769912719727 2.3745100498199463 0.7637300491333008 1.9132154161896198 1.814404845237732 1.8616281747817993
335 1.5484974384307861 6.291016747323395 3.492368221282959 2.3563308715820313 0.7664222121238708 1.9697439145584503 1.8170702457427979 1.8444255590438843
336 1.5484974384307861 6.291016747323395 3.492368221282959 2.3563308715820313 0.7664222121238708 1.9697439145584503 1.8170702457427979 1.8444255590438843
337 1.5390422344207764 6.298315195171004 3.489431619644165 2.3575119972229004 0.7541402578353882 1.984022046661655 1.813170313835144 1.8488712310791016
338 1.5498093366622925 6.311241664634751 3.5027058124542236 2.3675224781036377 0.7701660394668579 1.9903456255255094 1.8305985927581787 1.8606648445129395
339 1.548549771308899 6.3070578760068825 3.5034525394439697 2.368515968322754 0.7706035375595093 1.9862248122228228 1.8335856199264526 1.8619742393493652
340 1.549647569656372 6.309503273917719 3.5030903816223145 2.367995023727417 0.7706781625747681 1.9723911997885408 1.8281556367874146 1.8611763715744019
341 1.549647569656372 6.309503273917719 3.5030903816223145 2.367995023727417 0.7706781625747681 1.9723911997885408 1.8281556367874146 1.8611763715744019
342 1.5309501886367798 6.318211732450786 3.50162935256958 2.339648485183716 0.7414286732673645 1.9642903608753783 1.808384656906128 1.87203848361969
343 1.5109387636184692 6.300983174981131 3.4888381958007813 2.3195748329162598 0.7094249129295349 1.980491129242431 1.8010092973709106 1.8507307767868042
344 1.5053014755249023 6.301447322067776 3.4885811805725098 2.3217740058898926 0.7045063376426697 1.9812801425136815 1.801614761352539 1.8537850379943848
345 1.5046749114990234 6.304243642192277 3.493717908859253 2.3208272457122803 0.7030027508735657 1.9840996451327417 1.8098024129867554 1.8528857231140137
346 1.5046749114990234 6.304243642192277 3.493717908859253 2.3208272457122803 0.7030027508735657 1.9840996451327417 1.8098024129867554 1.8528857231140137
347 1.5082933902740479 6.363450525351028 3.494518280029297 2.318054676055908 0.7066677212715149 1.9776379417828238 1.8176325559616089 1.8528904914855957
348 1.4906569719314575 6.365468517151123 3.4814374446868896 2.3133175373077393 0.6865264773368835 1.9731382140834652 1.8054885864257813 1.8411273956298828
349 1.4815930128097534 6.343184477321281 3.472562551498413 2.308077335357666 0.6754307150840759 1.973338994095288 1.7829946279525757 1.8374452590942383
350 1.482703685760498 6.3437568227443215 3.4685094356536865 2.3388710021972656 0.677375853061676 1.9724045029211816 1.7763793468475342 1.789996862411499
351 1.482703685760498 6.3437568227443215 3.4685094356536865 2.3388710021972656 0.677375853061676 1.9724045029211816 1.7763793468475342 1.789996862411499
352 1.4888663291931152 6.347323354702963 3.474740982055664 2.343019723892212 0.6913955211639404 1.9828250614432663 1.787841558456421 1.7931615114212036
353 1.4888663291931152 6.347323354702963 3.475342035293579 2.351513147354126 0.6913955211639404 1.9828250614432663 1.7890628576278687 1.8046218156814575
354 1.4860303401947021 6.346286729182766 3.475458860397339 2.350548267364502 0.6916176080703735 1.9827849745729051 1.7903040647506714 1.8030544519424438
355 1.4874019622802734 6.3087068293448905 3.4766383171081543 2.3488316535949707 0.6934711933135986 1.979296119463134 1.790724515914917 1.805011510848999
356 1.4874019622802734 6.3087068293448905 3.4766383171081543 2.3488316535949707 0.6934711933135986 1.979296119463134 1.790724515914917 1.805011510848999
357 1.4978691339492798 6.305514520291949 3.482388973236084 2.358079433441162 0.7138692736625671 1.9916036845133747 1.8230007886886597 1.8156663179397583
358 1.5081052780151367 6.303077323714608 3.4837965965270996 2.3560292720794678 0.7216254472732544 1.9933769481985124 1.8074712753295898 1.8114643096923828
359 1.4945883750915527 6.31648101325587 3.4827888011932373 2.352379083633423 0.6981608867645264 1.9867832208623828 1.7923407554626465 1.808154821395874
360 1.4961769580841064 6.322268348614419 3.4817190170288086 2.288933753967285 0.6980115175247192 1.9792245418235568 1.7586498260498047 1.714599847793579
361 1.4961769580841064 6.322268348614419 3.4817190170288086 2.288933753967285 0.6980115175247192 1.9792245418235568 1.7586498260498047 1.714599847793579
362 1.496883749961853 6.31959419796113 3.4837913513183594 2.2184202671051025 0.6988378763198853 1.9707893581464406 1.7629010677337646 1.777178168296814
363 1.4950366020202637 6.321211985772102 3.479569911956787 2.212531089782715 0.7001955509185791 1.9675628649012036 1.7637063264846802 1.7753251791000366
364 1.4943337440490723 6.321207286078976 3.4810268878936768 2.218820333480835 0.703121542930603 1.9623663967979463 1.7668688297271729 1.7733010053634644
365 1.4904086589813232 6.283544785500443 3.477006196975708 2.2182979583740234 0.6957029700279236 1.954134934932959 1.764272689819336 1.7710952758789063
366 1.4904086589813232 6.283544785500443 3.477006196975708 2.2182979583740234 0.6957029700279236 1.954134934932959 1.764272689819336 1.7710952758789063
367 1.5038684606552124 6.297452356133596 3.4763028621673584 2.2223098278045654 0.6991084814071655 1.9219318221812505 1.7619907855987549 1.7695914506912231
368 1.5016696453094482 6.297624809082639 3.473740577697754 2.225257158279419 0.6939327716827393 1.9239937094609254 1.7567557096481323 1.7692292928695679
369 1.5033044815063477 6.296045774665437 3.4828593730926514 2.2415874004364014 0.7051480412483215 1.9408592908824935 1.7690341472625732 1.7884223461151123
370 1.4982409477233887 6.3063349966883 3.478487968444824 2.2325997352600098 0.6945712566375732 1.93335878805674 1.7627782821655273 1.7808917760849
371 1.4982409477233887 6.3063349966883 3.478487968444824 2.2325997352600098 0.6945712566375732 1.93335878805674 1.7627782821655273 1.7808917760849
372 1.4957902431488037 6.306051881064353 3.476057529449463 2.23013973236084 0.6914559006690979 1.9315805328846545 1.7940881252288818 1.7768546342849731
373 1.4950003623962402 6.309686555690138 3.479191780090332 2.227452278137207 0.6869392991065979 1.9342949720117193 1.7715972661972046 1.7724474668502808
374 1.5134094953536987 6.306385809903572 3.4887402057647705 2.247786283493042 0.7137170433998108 1.9660998266185088 1.7917747497558594 1.7904601097106934
375 1.5137778520584106 6.302262596277077 3.483999252319336 2.2445240020751953 0.7155702114105225 1.9706361499036573 1.7932325601577759 1.789124608039856
376 1.5137778520584106 6.302262596277077 3.483999252319336 2.2445240020751953 0.7155702114105225 1.9706361499036573 1.7932325601577759 1.789124608039856
377 1.5068657398223877 6.301237214928368 3.4816980361938477 2.241811513900757 0.7080601453781128 1.973306475562904 1.7936713695526123 1.7865991592407227
378 1.5037591457366943 6.308088705226823 3.477847099304199 2.235285758972168 0.704447865486145 1.988478205049397 1.7890585660934448 1.7825030088424683
379 1.5070137977600098 6.309817438319531 3.4810845851898193 2.236719846725464 0.7082308530807495 1.9891577402934746 1.7922377586364746 1.785202145576477
380 1.5094653367996216 6.301174578807423 3.481612205505371 2.241934061050415 0.7148882150650024 1.9771748532423599 1.7566165924072266 1.7894176244735718
381 1.5094653367996216 6.301174578807423 3.481612205505371 2.241934061050415 0.7148882150650024 1.9771748532423599 1.7566165924072266 1.7894176244735718
382 1.5046640634536743 6.296843388352684 3.4802420139312744 2.244091749191284 0.7076033353805542 1.9718488662489546 1.7533801794052124 1.7831379175186157
383 1.5025618076324463 6.301027998831896 3.4807746410369873 2.246000051498413 0.7071457505226135 1.9686833437386126 1.7531239986419678 1.7852708101272583
384 1.5030591487884521 6.2920001052200245 3.490217447280884 2.3246376514434814 0.7064006328582764 1.9508102263047469 1.7705271244049072 1.8547048568725586
385 1.5024610757827759 6.303821465393291 3.4877378940582275 2.319709539413452 0.7060348391532898 1.9454587894245068 1.773206114768982 1.850573182106018
386 1.5024610757827759 6.303821465393291 3.4877378940582275 2.319709539413452 0.7060348391532898 1.9454587894245068 1.773206114768982 1.850573182106018
387 1.5014668703079224 6.310762527578402 3.4875142574310303 2.3199141025543213 0.7034428715705872 1.945615826852844 1.7668733596801758 1.850933313369751
388 1.4992653131484985 6.319801305459176 3.4811854362487793 2.3129284381866455 0.6961992383003235 1.9430743366644165 1.7593262195587158 1.8462021350860596
389 1.498769760131836 6.320455851885145 3.481292963027954 2.312908411026001 0.6956512331962585 1.947451607652442 1.759540319442749 1.8457268476486206
390 1.4982752799987793 6.320132741073536 3.4811806678771973 2.300920248031616 0.6953665614128113 1.9475398059396531 1.7587369680404663 1.838663935661316
391 1.5022568702697754 6.319501216721659 3.4833710193634033 2.3045246601104736 0.6992170810699463 1.9478885327988906 1.7619060277938843 1.8428791761398315
392 1.5044113397598267 6.288201481655619 3.4842193126678467 2.3053627014160156 0.7003185153007507 1.9825997423288428 1.7647043466567993 1.8430593013763428
393 1.5041170120239258 6.288224121163989 3.4838931560516357 2.2989883422851563 0.7003114223480225 1.9825821872448552 1.7652437686920166 1.8391302824020386
394 1.4795609712600708 6.296618967892262 3.468383550643921 2.2678029537200928 0.6688400506973267 1.9766137513866697 1.7502973079681396 1.807377815246582
395 1.4748344421386719 6.2992439613050015 3.4651782512664795 2.2662224769592285 0.6573752164840698 1.9735630494893164 1.7388650178909302 1.8067041635513306
396 1.4748344421386719 6.2992439613050015 3.4651782512664795 2.2662224769592285 0.6573752164840698 1.9735630494893164 1.7388650178909302 1.8067041635513306
397 1.4753972291946411 6.290073637509893 3.465076208114624 2.2665398120880127 0.6581814885139465 2.003688170874977 1.7419840097427368 1.8070753812789917
398 1.482678771018982 6.272177131086909 3.469485282897949 2.2725043296813965 0.6677516102790833 2.002746321830532 1.747617244720459 1.8104219436645508
399 1.480301856994629 6.276694801248843 3.4686245918273926 2.2718355655670166 0.666706919670105 1.998181230567232 1.7388074398040771 1.810086965560913
400 1.4802981615066528 6.276699489367287 3.4686238765716553 2.271836757659912 0.6666926741600037 1.9981763723780746 1.7390565872192383 1.8100879192352295
401 1.4803898334503174 6.276576684505486 3.4687013626098633 2.2720298767089844 0.6667103171348572 1.9981446543139898 1.7391277551651 1.8102185726165771
402 1.4803518056869507 6.276544910813461 3.467957019805908 2.272017240524292 0.6667025089263916 1.998172692179493 1.7401007413864136 1.810211181640625
403 1.4944689273834229 6.29459439016772 3.473769426345825 2.280015468597412 0.6818755269050598 1.975052861330623 1.746001124382019 1.814815878868103
404 1.4941620826721191 6.288509904991693 3.4760468006134033 2.322610378265381 0.6815946698188782 1.9785603364193733 1.7574477195739746 1.8654370307922363
405 1.494113802909851 6.2854234934726865 3.4809322357177734 2.335012912750244 0.6853359341621399 1.9788248615749562 1.770322561264038 1.8774523735046387
406 1.494113802909851 6.2854234934726865 3.4809322357177734 2.335012912750244 0.6853359341621399 1.9788248615749562 1.770322561264038 1.8774523735046387
407 1.494113802909851 6.287289616762448 3.4809322357177734 2.335012912750244 0.6853359341621399 1.9743666974178227 1.787115454673767 1.8774523735046387
408 1.4845550060272217 6.331504889377193 3.472041606903076 2.3214569091796875 0.6678891181945801 1.9415196736376676 1.7720755338668823 1.8692036867141724
409 1.4845550060272217 6.327810739245717 3.472477912902832 2.319512367248535 0.6678891181945801 1.9364963471934151 1.769280195236206 1.8646180629730225
410 1.4858671426773071 6.304001309549766 3.4724202156066895 2.3195912837982178 0.6696206331253052 1.956801994560271 1.771044373512268 1.8648121356964111
411 1.4858671426773071 6.304001309549766 3.4724202156066895 2.3195912837982178 0.6696206331253052 1.956801994560271 1.771044373512268 1.8648121356964111
412 1.4859619140625 6.310000212206189 3.4724173545837402 2.3194687366485596 0.6695855855941772 1.9649802829456144 1.7716848850250244 1.864708662033081
413 1.4861822128295898 6.3097457360980425 3.472254753112793 2.3191184997558594 0.6701792478561401 1.9654418098712454 1.7716830968856812 1.8645625114440918
414 1.4896327257156372 6.309521115809837 3.474951982498169 2.3213469982147217 0.6731719374656677 1.964998089772417 1.77451491355896 1.8673439025878906
415 1.4814178943634033 6.313101545813774 3.4705893993377686 2.3188867568969727 0.6641719937324524 1.9610983444698422 1.771695613861084 1.8543667793273926
416 1.4814178943634033 6.313101545813774 3.4705893993377686 2.3188867568969727 0.6641719937324524 1.9610983444698422 1.771695613861084 1.8543667793273926
417 1.4818087816238403 6.3110433875951 3.470492362976074 2.318751573562622 0.6648021936416626 1.9571692035722796 1.7647541761398315 1.854349970817566
418 1.4802882671356201 6.319950977609421 3.4693217277526855 2.316138744354248 0.6633543968200684 1.9710794672485816 1.7584757804870605 1.8541690111160278
419 1.4795385599136353 6.313133271186613 3.4691410064697266 2.3157260417938232 0.6622446775436401 1.9604579374752142 1.757826566696167 1.8533536195755005
420 1.4743205308914185 6.31242525735266 3.46040415763855 2.3160924911499023 0.6547518372535706 1.9594513390438184 1.7495335340499878 1.851305365562439
421 1.4743205308914185 6.31242525735266 3.46040415763855 2.3160924911499023 0.6547518372535706 1.9594513390438184 1.7495335340499878 1.851305365562439
422 1.4752113819122314 6.285988509092837 3.4638092517852783 2.320882797241211 0.6591325402259827 1.9840116003161898 1.7588646411895752 1.8556885719299316
423 1.4746257066726685 6.288605108600236 3.4640443325042725 2.321563243865967 0.6586980223655701 1.9818721510542547 1.767393946647644 1.8557528257369995
424 1.4741472005844116 6.299608359009699 3.463106393814087 2.3214309215545654 0.6567373871803284 1.979754795201041 1.763433814048767 1.8561272621154785
425 1.4746147394180298 6.28317914109107 3.4630703926086426 2.3215763568878174 0.6572032570838928 1.9776730078769986 1.763877034187317 1.8564141988754272
426 1.4746147394180298 6.28317914109107 3.4630703926086426 2.3215763568878174 0.6572032570838928 1.9776730078769986 1.763877034187317 1.8564141988754272
427 1.4734715223312378 6.286874151842003 3.468494415283203 2.320403575897217 0.6536022424697876 1.9853465532657817 1.7673524618148804 1.8576316833496094
428 1.4734715223312378 6.286874151842003 3.468494415283203 2.320403575897217 0.6536022424697876 1.9853465532657817 1.7673524618148804 1.8576316833496094
429 1.473495364189148 6.286878203201078 3.4684906005859375 2.320408582687378 0.6536032557487488 1.9853400138389194 1.7673386335372925 1.857633352279663
430 1.475426197052002 6.278742840478123 3.4687538146972656 2.3216474056243896 0.6544984579086304 1.990515966093795 1.7650340795516968 1.863592505455017
431 1.475426197052002 6.278742840478123 3.4687538146972656 2.3216474056243896 0.6544984579086304 1.990515966093795 1.7650340795516968 1.863592505455017
432 1.4757609367370605 6.28459108250241 3.463975429534912 2.354224443435669 0.6548049449920654 1.9905579702541238 1.7459346055984497 1.8142107725143433
433 1.4764076471328735 6.281536354569329 3.463899850845337 2.3544704914093018 0.6565108895301819 1.992932703740694 1.7422658205032349 1.8150755167007446
434 1.4623297452926636 6.28560026625489 3.4540534019470215 2.341686725616455 0.6314933896064758 1.9896687277581206 1.7172874212265015 1.803242802619934
435 1.4617177248001099 6.277303322037395 3.456857919692993 2.347412109375 0.6318573951721191 1.9774737728102514 1.700769305229187 1.8048020601272583
436 1.4617177248001099 6.277303322037395 3.456857919692993 2.347412109375 0.6318573951721191 1.9774737728102514 1.700769305229187 1.8048020601272583
437 1.4629871845245361 6.261759087863959 3.455535411834717 2.343435049057007 0.6358232498168945 1.982170375781591 1.707357406616211 1.8019403219223022
438 1.4716699123382568 6.257298327812572 3.4648637771606445 2.352412462234497 0.6514030694961548 1.967964946344175 1.715866208076477 1.8068122863769531
439 1.47209894657135 6.2561748639771535 3.4652156829833984 2.3524885177612305 0.6541258096694946 1.9683997593436793 1.7446786165237427 1.8063079118728638
440 1.4686022996902466 6.247334063381237 3.463547945022583 2.3502249717712402 0.649268388748169 1.976424941674962 1.741017460823059 1.8023842573165894
441 1.4686022996902466 6.247334063381237 3.463547945022583 2.3502249717712402 0.649268388748169 1.976424941674962 1.741017460823059 1.8023842573165894
442 1.4680269956588745 6.246562327608483 3.4633450508117676 2.34918212890625 0.6520901322364807 1.9780067236136543 1.7633793354034424 1.8023549318313599
443 1.4635523557662964 6.180967773562925 3.460871934890747 2.3444414138793945 0.6486833095550537 2.0387273933803516 1.7697972059249878 1.7973017692565918
444 1.4631850719451904 6.223356249028369 3.4590234756469727 2.3416829109191895 0.6444562673568726 1.9928795628673588 1.7658530473709106 1.789097785949707
445 1.4623044729232788 6.221135495739003 3.4590420722961426 2.3417627811431885 0.6423699855804443 1.991009709442575 1.7584819793701172 1.7888705730438232
446 1.4623044729232788 6.221135495739003 3.4590420722961426 2.3417627811431885 0.6423699855804443 1.991009709442575 1.7584819793701172 1.7888705730438232
447 1.4692045450210571 6.217946039550901 3.4612016677856445 2.347569465637207 0.6491372585296631 1.990438462814107 1.7631970643997192 1.79593026638031
448 1.4684289693832397 6.341017632253295 3.462754964828491 2.346163272857666 0.6461859941482544 1.9866993877389256 1.7550932168960571 1.7916067838668823
449 1.4684302806854248 6.348935125446236 3.462775945663452 2.3461644649505615 0.6461893320083618 1.997406047502948 1.7622493505477905 1.7916083335876465
450 1.460306167602539 6.349618191757866 3.4621262550354004 2.3491382598876953 0.6380881667137146 1.9976968037812823 1.7690622806549072 1.7943241596221924
451 1.460306167602539 6.349618191757866 3.4621262550354004 2.3491382598876953 0.6380881667137146 1.9976968037812823 1.7690622806549072 1.7943241596221924
452 1.460517406463623 6.339983977230097 3.45308780670166 2.2819390296936035 0.6383413672447205 1.9966996226811908 1.7490938901901245 1.7337614297866821
453 1.459648847579956 6.280211530306536 3.4527766704559326 2.2814388275146484 0.6381236910820007 1.990579621006988 1.728082299232483 1.731425404548645
454 1.4807460308074951 6.285256084137556 3.4565842151641846 2.277256965637207 0.6619799137115479 1.9814062330892581 1.7335675954818726 1.7205510139465332
455 1.4797656536102295 6.267702993367743 3.4578981399536133 2.2794811725616455 0.6588732004165649 1.9925481267714347 1.729353427886963 1.7211781740188599
456 1.4797656536102295 6.266591346540165 3.4578981399536133 2.2794811725616455 0.6588732004165649 1.991169178475804 1.7480535507202148 1.7211781740188599
457 1.483784556388855 6.322164907076889 3.4598443508148193 2.2824840545654297 0.6635882258415222 1.989570890001808 1.751305341720581 1.7249056100845337
458 1.4956691265106201 6.337026849350445 3.4638941287994385 2.2870702743530273 0.6769659519195557 1.9912019589849308 1.758381962776184 1.7314801216125488
459 1.4956691265106201 6.337026849350445 3.4638941287994385 2.2870702743530273 0.6769659519195557 1.9912019589849308 1.758381962776184 1.7314801216125488
460 1.497116208076477 6.331487333205851 3.4638001918792725 2.2867069244384766 0.6798171401023865 1.9804803277335292 1.762583613395691 1.731082558631897
461 1.497116208076477 6.331487333205851 3.4638001918792725 2.2867069244384766 0.6798171401023865 1.9804803277335292 1.762583613395691 1.731082558631897
462 1.4867205619812012 6.332142599829117 3.460341453552246 2.2841267585754395 0.6705607771873474 1.9729865046229151 1.755411148071289 1.726638674736023
463 1.4878538846969604 6.327475314440472 3.4622292518615723 2.2871124744415283 0.668563723564148 1.9830767316144733 1.7608680725097656 1.7337509393692017
464 1.4896245002746582 6.3193437015352565 3.4624545574188232 2.2870192527770996 0.6684165596961975 1.9943200674735861 1.7560734748840332 1.732759714126587
465 1.4869760274887085 6.326844917140594 3.4721624851226807 2.3566434383392334 0.6672655940055847 1.994402663079747 1.772862434387207 1.7957408428192139
466 1.4869760274887085 6.326844917140594 3.4721624851226807 2.3566434383392334 0.6672655940055847 1.994402663079747 1.772862434387207 1.7957408428192139
467 1.4847242832183838 6.323255965611113 3.474428653717041 2.355327606201172 0.672454833984375 2.0032124575004246 1.7777174711227417 1.7950429916381836
468 1.484853744506836 6.3207559162966405 3.474363088607788 2.3558120727539063 0.6727884411811829 2.0012659280803007 1.7769110202789307 1.7957382202148438
469 1.4887152910232544 6.299345066087167 3.47757887840271 2.3613035678863525 0.6808173060417175 2.003686404148151 1.787981629371643 1.80226469039917
470 1.4895851612091064 6.315442947184779 3.4577722549438477 2.3404078483581543 0.6789695024490356 2.008510574726487 1.7836474180221558 1.779585361480713
471 1.4895851612091064 6.315442947184779 3.4577722549438477 2.3404078483581543 0.6789695024490356 2.008510574726487 1.7836474180221558 1.779585361480713
472 1.4963860511779785 6.260782070514722 3.4672794342041016 2.344360589981079 0.6928845047950745 2.0148794592816706 1.7998132705688477 1.7827378511428833
473 1.4873414039611816 6.28296550490949 3.4583661556243896 2.3259737491607666 0.6825746297836304 1.9790441144151756 1.77100670337677 1.765926718711853
474 1.4874436855316162 6.288031243758757 3.4591522216796875 2.327160120010376 0.6831165552139282 1.995495147224703 1.7747600078582764 1.76872718334198
475 1.4866164922714233 6.268633922616852 3.4583442211151123 2.325373888015747 0.6833729147911072 2.0226172942890126 1.7814263105392456 1.7704955339431763
476 1.4866164922714233 6.268633922616852 3.4583442211151123 2.325373888015747 0.6833729147911072 2.0226172942890126 1.7814263105392456 1.7704955339431763
477 1.483400583267212 6.267710566203821 3.4565935134887695 2.3219101428985596 0.6797360181808472 2.023765390118997 1.7888327836990356 1.7663031816482544
478 1.4819663763046265 6.27375081754505 3.455305337905884 2.3131675720214844 0.6777241230010986 2.0124125191889033 1.7503880262374878 1.7565035820007324
479 1.4819732904434204 6.273752025957768 3.4559996128082275 2.3131673336029053 0.6777275800704956 2.012413633047929 1.7512238025665283 1.7565031051635742
480 1.4796911478042603 6.283624864680563 3.444249153137207 2.2407453060150146 0.6762474179267883 2.006189359999944 1.7272485494613647 1.6965750455856323
481 1.4773913621902466 6.288501071043831 3.4510488510131836 2.2544283866882324 0.6711283922195435 2.010618694656267 1.726324200630188 1.7140058279037476
482 1.4795646667480469 6.292824307058842 3.450667142868042 2.2545764446258545 0.6679331660270691 2.0132818866802666 1.7151525020599365 1.7122379541397095
483 1.470683217048645 6.2906466956758855 3.4500718116760254 2.2503507137298584 0.6518423557281494 2.0161282325285628 1.7205277681350708 1.7032488584518433
484 1.4737019538879395 6.2926648650237444 3.4591925144195557 2.317815065383911 0.6544420123100281 2.000811511391431 1.7382264137268066 1.759619951248169
485 1.4788166284561157 6.2948549772257785 3.4586985111236572 2.3192360401153564 0.656331479549408 1.9953985134647878 1.7340474128723145 1.7650831937789917
486 1.4788166284561157 6.2948549772257785 3.4586985111236572 2.3192360401153564 0.656331479549408 1.9953985134647878 1.7340474128723145 1.7650831937789917
487 1.492477297782898 6.2982781057371415 3.4685652256011963 2.3364744186401367 0.6784782409667969 1.9809840823757883 1.7449604272842407 1.7869876623153687
488 1.4933594465255737 6.304165470040681 3.465667486190796 2.352517604827881 0.6778058409690857 1.994180018003998 1.744423747062683 1.810523509979248
489 1.5039870738983154 6.296659370779622 3.4718563556671143 2.3557348251342773 0.6936888098716736 1.9969386286285353 1.7577570676803589 1.8156111240386963
490 1.4960342645645142 6.287815324639153 3.4648587703704834 2.3441810607910156 0.6800877451896667 2.010608074645834 1.754672884941101 1.8043127059936523
491 1.4955854415893555 6.2956158852589805 3.4650423526763916 2.344071388244629 0.6808770895004272 2.0045975620271355 1.7565265893936157 1.8048887252807617
492 1.4957746267318726 6.288141613551312 3.46500301361084 2.344147205352783 0.6806395053863525 1.9953112672012767 1.7555841207504272 1.805038332939148
493 1.4954754114151 6.28225174792985 3.464857578277588 2.343998432159424 0.6794395446777344 1.9973725209020723 1.7609496116638184 1.8046795129776
494 1.495436191558838 6.2812876280796734 3.463791847229004 2.3475115299224854 0.6792793273925781 1.9980860888649348 1.76023268699646 1.810839295387268
495 1.495436191558838 6.278131841179461 3.463791847229004 2.3475115299224854 0.6792793273925781 1.9950596149739457 1.7599282264709473 1.810839295387268
496 1.495436191558838 6.278131841179461 3.463791847229004 2.3475115299224854 0.6792793273925781 1.9950596149739457 1.7599282264709473 1.810839295387268
497 1.4937012195587158 6.275223331023769 3.461394786834717 2.35099196434021 0.6799226403236389 2.004042925321253 1.7769218683242798 1.8117645978927612
498 1.4909740686416626 6.280155598632232 3.463242769241333 2.3519625663757324 0.6786755323410034 1.9999660330400257 1.7769067287445068 1.8115261793136597
499 1.491085410118103 6.280274885061454 3.4631447792053223 2.35198712348938 0.6776319742202759 1.9999923750366067 1.7766354084014893 1.811561107635498
500 1.4785736799240112 6.258880780408678 3.4630470275878906 2.3517627716064453 0.6704592704772949 1.9879722108659934 1.7717796564102173 1.8146941661834717
