init 1.724286437034607 7.126663808416741 5.112635135650635 4.895788669586182 0.0 0.0 0.0 0.0
1 1.724286437034607 7.126708170059612 5.112635135650635 4.895788669586182 0.0 0.0005156883740971659 0.0001486372057115659 0.0
2 1.6957329511642456 6.951582711839685 5.050289154052734 4.903695106506348 0.39069944620132446 0.8265457353521511 0.5195598602294922 0.42467501759529114
3 1.6851747035980225 6.926585490131735 5.063973426818848 4.860527038574219 0.3174843490123749 0.9124054520717513 0.38766294717788696 0.30432817339897156
4 1.7027935981750488 6.8859738515404745 5.045773506164551 4.899503707885742 0.42174193263053894 0.9678805458481146 0.5173487067222595 0.40819618105888367
5 1.768757700920105 6.780623808062772 5.055215835571289 4.896266937255859 0.5778294205665588 0.995976312702759 0.6859341859817505 0.5428839921951294
6 1.768757700920105 6.780623808062772 5.055215835571289 4.896266937255859 0.5778294205665588 0.995976312702759 0.6859341859817505 0.5428839921951294
7 1.818498134613037 6.8256241808217695 5.121343612670898 4.94021463394165 0.5809853076934814 0.9478578555281848 0.762336254119873 0.5581322312355042
8 1.8171608448028564 6.651975140626993 5.121673583984375 4.937956809997559 0.5889760851860046 1.2247927912683232 0.9533478617668152 0.583609938621521
9 1.8204896450042725 6.59247145244707 5.11711311340332 4.938305854797363 0.5827155709266663 1.4136687078786212 1.0177192687988281 0.6043916940689087
10 1.820483684539795 6.589747234222228 5.117057800292969 4.938300132751465 0.582715630531311 1.4158180776490321 1.0104858875274658 0.6043746471405029
11 1.820483684539795 6.589747234222228 5.117057800292969 4.938300132751465 0.582715630531311 1.4158180776490321 1.0104858875274658 0.6043746471405029
12 1.8204915523529053 6.579433870739595 5.116490840911865 4.938261985778809 0.5826674699783325 1.4705515171535957 1.0165966749191284 0.604293704032898
13 1.828109860420227 6.597284274668613 5.121142387390137 4.939656734466553 0.6234961152076721 1.4235943200037984 1.1719669103622437 0.594835102558136
14 1.8312609195709229 6.590594936782639 5.124364852905273 4.94317102432251 0.6311289072036743 1.4193885983795165 1.130218267440796 0.6043069958686829
15 1.8400309085845947 6.549262914020907 5.118976593017578 4.929222106933594 0.6657940149307251 1.5061971402427663 1.2186888456344604 0.6837600469589233
16 1.8400309085845947 6.549262914020907 5.118976593017578 4.929222106933594 0.6657940149307251 1.5061971402427663 1.2186888456344604 0.6837600469589233
17 1.8604687452316284 6.5722411806405505 5.147838115692139 4.99278450012207 0.7010800242424011 1.536938950344245 1.253430962562561 0.6654127240180969
18 1.8604687452316284 6.572619947530163 5.147853374481201 4.99278450012207 0.7010800242424011 1.5399015018812119 1.249993085861206 0.6654127240180969
19 1.8644096851348877 6.575076508731669 5.150977611541748 5.000776290893555 0.7155706882476807 1.5443739974465984 1.243390440940857 0.6687462329864502
20 1.866373896598816 6.576213661211947 5.156876564025879 5.002571105957031 0.7181851863861084 1.5423705336735756 1.25807785987854 0.6684409379959106
21 1.866373896598816 6.576213661211947 5.156876564025879 5.002571105957031 0.7181851863861084 1.5423705336735756 1.25807785987854 0.6684409379959106
22 1.868582010269165 6.593878949257648 5.167234897613525 5.00961971282959 0.7039651870727539 1.4763356884594543 1.2537761926651 0.6828657388687134
23 1.8679851293563843 6.591936178017843 5.165256500244141 5.008963108062744 0.706806480884552 1.4816447899781027 1.2554128170013428 0.682622492313385
24 1.8642688989639282 6.599654871896248 5.150674819946289 5.019576549530029 0.6950568556785583 1.436971010219805 1.2272770404815674 0.6923488974571228
25 1.864120602607727 6.619177106115462 5.1316399574279785 4.999361038208008 0.6874849200248718 1.3919861661188888 1.2221424579620361 0.6870571374893188
26 1.864120602607727 6.619177106115462 5.1316399574279785 4.999361038208008 0.6874849200248718 1.3919861661188888 1.2221424579620361 0.6870571374893188
27 1.864743947982788 6.601807980766724 5.144404888153076 5.008358955383301 0.6954554915428162 1.4347691495307218 1.2157528400421143 0.6902933716773987
28 1.8666081428527832 6.614514455078678 5.136406898498535 5.029504299163818 0.6959061026573181 1.3745636900186553 1.2261687517166138 0.6950043439865112
29 1.868064284324646 6.605293400262681 5.142158031463623 5.03250789642334 0.6958380937576294 1.3889332137496797 1.2279455661773682 0.6963597536087036
30 1.8637336492538452 6.599669205800921 5.136911869049072 5.011966705322266 0.6969130635261536 1.406121479843414 1.227834939956665 0.7020447254180908
31 1.8637336492538452 6.599669205800921 5.136911869049072 5.011966705322266 0.6969130635261536 1.406121479843414 1.227834939956665 0.7020447254180908
32 1.8620840311050415 6.599638951256906 5.134605884552002 5.009746551513672 0.6940069794654846 1.4022357565049597 1.2256823778152466 0.699759840965271
33 1.8820041418075562 6.595652851952867 5.13525390625 5.0314717292785645 0.6805318593978882 1.3575680641338734 1.2248573303222656 0.703750491142273
34 1.881731390953064 6.629357863516787 5.155074596405029 5.030519962310791 0.6772543787956238 1.3014332274654399 1.127437949180603 0.7037248611450195
35 1.8794527053833008 6.618659184450404 5.146852970123291 5.028357028961182 0.6840023398399353 1.3389553107803798 1.1511359214782715 0.7197275757789612
36 1.8794527053833008 6.618659184450404 5.1469621658325195 5.028357028961182 0.6840023398399353 1.3389553107803798 1.1517447233200073 0.7197275757789612
37 1.895460844039917 6.612927377252164 5.184284687042236 5.066290855407715 0.6572463512420654 1.3926202789051436 1.1988309621810913 0.6957748532295227
38 1.8818846940994263 6.594038484153045 5.156918048858643 5.028534412384033 0.6811175346374512 1.4311427590834955 1.2465626001358032 0.7314289808273315
39 1.87700355052948 6.5903795315362865 5.148639678955078 5.0254902839660645 0.7004415392875671 1.4340223714994578 1.2525923252105713 0.7280353903770447
40 1.8742276430130005 6.615675682351921 5.144552707672119 5.027466297149658 0.6862663626670837 1.4162886299177024 1.2492386102676392 0.7061446309089661
41 1.8742276430130005 6.615675682351921 5.144552707672119 5.027466297149658 0.6862663626670837 1.4162886299177024 1.2492386102676392 0.7061446309089661
42 1.8745386600494385 6.614937696267571 5.145046710968018 5.026890277862549 0.6856351494789124 1.4141952244129652 1.2494988441467285 0.7054581642150879
43 1.8645559549331665 6.622196776459855 5.134754657745361 5.031991004943848 0.6677889823913574 1.3915758239291094 1.2472543716430664 0.7116440534591675
44 1.867480754852295 6.6258181286632105 5.139255523681641 5.034059047698975 0.68436598777771 1.4030591588574293 1.2667860984802246 0.7111372947692871
45 1.849121332168579 6.623095908656935 5.136313438415527 5.04500675201416 0.6497730612754822 1.4040436364330044 1.2577848434448242 0.717862606048584
46 1.849121332168579 6.623095908656935 5.136313438415527 5.04500675201416 0.6497730612754822 1.4040436364330044 1.2577848434448242 0.717862606048584
47 1.8364479541778564 6.599575342331263 5.133752346038818 5.020362854003906 0.6205544471740723 1.443537016271653 1.2094190120697021 0.6774182319641113
48 1.840001106262207 6.601093472889143 5.137814044952393 5.027365207672119 0.6192285418510437 1.4491232443072184 1.2057071924209595 0.6753618121147156
49 1.8400369882583618 6.600292181937847 5.137845516204834 5.02738094329834 0.6191954612731934 1.448439731669509 1.2056138515472412 0.6753500699996948
50 1.8333954811096191 6.615023995695467 5.129955291748047 5.02046012878418 0.6041727066040039 1.4035776763769305 1.212378740310669 0.7120201587677002
51 1.8333954811096191 6.615023995695467 5.130023002624512 4.991886138916016 0.6041727066040039 1.4035776763769305 1.2245315313339233 0.8184938430786133
52 1.8317533731460571 6.599293334720249 5.1329827308654785 5.009944915771484 0.5974869132041931 1.4382459417429148 1.2309110164642334 0.819137692451477
53 1.8379403352737427 6.595712273133064 5.145543575286865 5.019384384155273 0.597457766532898 1.4718014566969553 1.225075364112854 0.8326721787452698
54 1.837719202041626 6.5965863382000745 5.144712924957275 5.018939018249512 0.5977352261543274 1.4678344321402501 1.225342869758606 0.8324201703071594
55 1.8374969959259033 6.598776053179518 5.143932819366455 5.029420852661133 0.5795012712478638 1.4434642372891966 1.2293119430541992 0.8251323103904724
56 1.8374969959259033 6.598776053179518 5.143932819366455 5.029420852661133 0.5795012712478638 1.4434642372891966 1.2293119430541992 0.8251323103904724
57 1.838307499885559 6.5958462877748865 5.144220352172852 5.030376434326172 0.5811357498168945 1.4531661616898897 1.2380090951919556 0.8252543210983276
58 1.8423123359680176 6.603491523423152 5.146083831787109 5.025348663330078 0.5753854513168335 1.4376835191256199 1.2337901592254639 0.8143931031227112
59 1.8425449132919312 6.602916874990984 5.1464009284973145 5.027271747589111 0.5768401622772217 1.4385160746707224 1.2359164953231812 0.821124255657196
60 1.8458733558654785 6.598858865369451 5.1482439041137695 5.0199480056762695 0.5833213329315186 1.4411482002645448 1.2567800283432007 0.8240534663200378
61 1.8458733558654785 6.598858865369451 5.1482439041137695 5.0199480056762695 0.5833213329315186 1.4411482002645448 1.2567800283432007 0.8240534663200378
62 1.8386821746826172 6.593244896397507 5.128966808319092 4.986981391906738 0.5850275754928589 1.4324430634186578 1.251219391822815 0.8264908194541931
63 1.8218047618865967 6.58883661547116 5.095097064971924 4.92702579498291 0.5896185040473938 1.4466470895141421 1.276897668838501 0.8358959555625916
64 1.8288224935531616 6.5878015439511 5.09556245803833 4.9391188621521 0.6060277223587036 1.4545681017682193 1.3076716661453247 0.8461664915084839
65 1.8283034563064575 6.584187407622007 5.094252109527588 4.937975883483887 0.605354368686676 1.4475877435055469 1.3228023052215576 0.8444646596908569
66 1.8283034563064575 6.584187407622007 5.094252109527588 4.937975883483887 0.605354368686676 1.4475877435055469 1.3228023052215576 0.8444646596908569
67 1.846004843711853 6.535986316026892 5.107180595397949 4.983377933502197 0.5292182564735413 1.5903094831732547 1.2892531156539917 0.6904717683792114
68 1.846004843711853 6.535856392256934 5.105666637420654 4.983377933502197 0.5292182564735413 1.5909243231432109 1.2897958755493164 0.6904717683792114
69 1.8507901430130005 6.515720404058094 5.105557441711426 4.980717658996582 0.5403264760971069 1.597474249119917 1.2835087776184082 0.6956741809844971
70 1.8505897521972656 6.508709896265337 5.104827404022217 4.978752136230469 0.5405051112174988 1.6163424575993586 1.2591171264648438 0.6954123377799988
71 1.8505897521972656 6.508709896265337 5.104827404022217 4.978752136230469 0.5405051112174988 1.6163424575993586 1.2591171264648438 0.6954123377799988
72 1.8371628522872925 6.518188117223856 5.113861083984375 4.977762699127197 0.5353829264640808 1.5982279695638772 1.2020455598831177 0.6941302418708801
73 1.8366972208023071 6.514789164652457 5.083000659942627 5.060917377471924 0.5344238877296448 1.613954428155022 1.286529541015625 0.9743646383285522
74 1.8375917673110962 6.512644421064828 5.085641860961914 5.077091217041016 0.5257434844970703 1.609729788907804 1.2771260738372803 0.9784945249557495
75 1.8401670455932617 6.523362054481352 5.086242198944092 5.073718070983887 0.5209601521492004 1.5845564436187538 1.2982292175292969 0.9708287715911865
76 1.8401670455932617 6.523362054481352 5.086242198944092 5.073718070983887 0.5209601521492004 1.5845564436187538 1.2982292175292969 0.9708287715911865
77 1.8409628868103027 6.524033829445801 5.0836052894592285 5.062088966369629 0.51850426197052 1.595428101546721 1.3043254613876343 0.9740791320800781
78 1.8387017250061035 6.5285953659085445 5.0845818519592285 5.061180591583252 0.5090056657791138 1.5804228560827038 1.3036158084869385 0.9740479588508606
79 1.8359066247940063 6.515235830812303 5.082161903381348 5.052464485168457 0.5026989579200745 1.605555717472515 1.3008410930633545 0.9653729200363159
80 1.839534044265747 6.480291703174241 5.082342147827148 5.051658630371094 0.5087205767631531 1.6742228948466311 1.3110175132751465 0.96692955493927
81 1.839534044265747 6.480291703174241 5.082342147827148 5.051658630371094 0.5087205767631531 1.6742228948466311 1.3110175132751465 0.96692955493927
82 1.83954656124115 6.480726221099987 5.082442760467529 5.051326274871826 0.5087187886238098 1.677487480660632 1.284301519393921 0.9667313098907471
83 1.83954656124115 6.480546107322411 5.082442760467529 5.051326274871826 0.5087187886238098 1.6772688541094671 1.2842777967453003 0.9667313098907471
84 1.85135817527771 6.456967796366386 5.099669933319092 5.051488399505615 0.4995901882648468 1.6916038599793548 1.2470227479934692 0.9582574367523193
85 1.8525739908218384 6.45647588877429 5.100781440734863 5.04805326461792 0.491047203540802 1.688208121835516 1.215064287185669 0.9571826457977295
86 1.8525739908218384 6.45647588877429 5.100781440734863 5.04805326461792 0.491047203540802 1.688208121835516 1.215064287185669 0.9571826457977295
87 1.851023554801941 6.4591210899762705 5.103071212768555 5.052192687988281 0.4902425706386566 1.6860475873140714 1.223913311958313 0.9577679634094238
88 1.851645827293396 6.459914594751515 5.102816104888916 5.055633544921875 0.4951275587081909 1.683291334100031 1.2248029708862305 0.9747175574302673
89 1.8542271852493286 6.457423596403595 5.100910186767578 5.056202411651611 0.5014175176620483 1.6785697768512953 1.2287193536758423 0.9789841771125793
90 1.83486008644104 6.454736199700592 5.074002265930176 5.033805847167969 0.49893367290496826 1.6973607778097455 1.2459237575531006 0.9807015657424927
91 1.83486008644104 6.454736199700592 5.074002265930176 5.033805847167969 0.49893367290496826 1.6973607778097455 1.2459237575531006 0.9807015657424927
92 1.834899663925171 6.456287841553158 5.074137210845947 5.033803939819336 0.49993300437927246 1.682736353055419 1.245599627494812 0.9896421432495117
93 1.83554208278656 6.453261585374251 5.074790000915527 5.032890319824219 0.5043489336967468 1.6807274884594363 1.2439213991165161 0.9887821078300476
94 1.8361361026763916 6.460230325705983 5.075473308563232 5.033854961395264 0.4986037015914917 1.6849874404269105 1.2419543266296387 0.9887627959251404
95 1.8343772888183594 6.461164808256616 5.07311487197876 5.033168792724609 0.49578529596328735 1.6784993375861077 1.2126961946487427 0.9873409271240234
96 1.8343772888183594 6.461164808256616 5.07311487197876 5.033168792724609 0.49578529596328735 1.6784993375861077 1.2126961946487427 0.9873409271240234
97 1.8210656642913818 6.457111944059954 5.054723262786865 5.031845569610596 0.48182958364486694 1.6842646040548752 1.196880578994751 0.9826785326004028
98 1.8246502876281738 6.456955199268152 5.0579376220703125 5.031104564666748 0.4808838963508606 1.6952679196071683 1.304519772529602 0.9841771721839905
99 1.833202838897705 6.4678533598947 5.069400787353516 5.038066864013672 0.4798858165740967 1.6570251584516753 1.2999556064605713 0.982881486415863
100 1.8342788219451904 6.468471079736103 5.07112979888916 5.067671775817871 0.47977495193481445 1.6518788404492655 1.2882843017578125 0.9189391732215881
101 1.8342788219451904 6.468471079736103 5.07112979888916 5.067671775817871 0.47977495193481445 1.6518788404492655 1.2882843017578125 0.9189391732215881
102 1.83456552028656 6.467854639551777 5.0718913078308105 5.067537784576416 0.4799298048019409 1.6524976344546989 1.2868174314498901 0.9183822274208069
103 1.8549665212631226 6.468383252721385 5.064481258392334 5.079649925231934 0.534606397151947 1.623975510592051 1.3150525093078613 0.9618480205535889
104 1.8548529148101807 6.469059767821198 5.064891338348389 5.0800933837890625 0.5342180728912354 1.6242835553064734 1.3147553205490112 0.9619333744049072
105 1.8551770448684692 6.4415686468367355 5.0641279220581055 5.077761173248291 0.5346085429191589 1.6953223921123914 1.325455904006958 0.9596859216690063
106 1.8551770448684692 6.4415686468367355 5.0641279220581055 5.077761173248291 0.5346085429191589 1.6953223921123914 1.325455904006958 0.9596859216690063
107 1.8585543632507324 6.449917685878712 5.067946910858154 5.077798843383789 0.5342305302619934 1.7011059448632544 1.3258388042449951 0.9604043364524841
108 1.8706458806991577 6.4545934585225355 5.067150592803955 5.087408542633057 0.5612812638282776 1.6638803603949939 1.3358625173568726 0.9833564162254333
109 1.8644073009490967 6.447559405881937 5.068622589111328 5.084134578704834 0.5529646277427673 1.6860712952140526 1.345526933670044 0.9732610583305359
110 1.8657699823379517 6.451964012817317 5.068314075469971 5.080143451690674 0.5497223138809204 1.6800406705318827 1.3716702461242676 0.9809591174125671
111 1.8657699823379517 6.451964012817317 5.068314075469971 5.080143451690674 0.5497223138809204 1.6800406705318827 1.3716702461242676 0.9809591174125671
112 1.8661240339279175 6.467645196401895 5.07088041305542 5.062292575836182 0.5493695139884949 1.6444249758926728 1.356237530708313 0.9386043548583984
113 1.865928292274475 6.472635468033635 5.0691609382629395 5.061227321624756 0.5489497780799866 1.6511666143869497 1.3612202405929565 0.9384300112724304
114 1.865086555480957 6.477256782365315 5.072149753570557 5.06154203414917 0.5475497245788574 1.62749561989258 1.3696485757827759 0.9364557266235352
115 1.8680548667907715 6.486267044126109 5.076605319976807 5.061357021331787 0.5526101589202881 1.6058358805971202 1.3686531782150269 0.937394380569458
116 1.8680548667907715 6.486267044126109 5.076605319976807 5.061357021331787 0.5526101589202881 1.6058358805971202 1.3686531782150269 0.937394380569458
117 1.8618444204330444 6.48995854621441 5.0817365646362305 5.062897682189941 0.5444164872169495 1.5995761203597005 1.3559168577194214 0.9340456128120422
118 1.8441336154937744 6.471036514769278 5.057743549346924 5.050163269042969 0.5491758584976196 1.628619624840335 1.4089783430099487 0.9418259263038635
119 1.8485183715820313 6.473620593230747 5.047684669494629 5.031519889831543 0.5741583704948425 1.6092896675125754 1.4110671281814575 0.9476962685585022
120 1.8485183715820313 6.471948814769951 5.050153732299805 5.031519889831543 0.5741583704948425 1.608602181565564 1.4037541151046753 0.9476962685585022
121 1.8485183715820313 6.471948814769951 5.050153732299805 5.031519889831543 0.5741583704948425 1.608602181565564 1.4037541151046753 0.9476962685585022
122 1.837869644165039 6.473154240020506 5.0363922119140625 5.024975299835205 0.5647451281547546 1.5952217574445364 1.4008538722991943 0.952109158039093
123 1.837180495262146 6.474963274471188 5.036357402801514 4.995198726654053 0.5643264651298523 1.5988701594865564 1.411075234413147 1.0136570930480957
124 1.8367819786071777 6.468375087408836 5.041380882263184 4.992612838745117 0.5596811771392822 1.6151535666373413 1.4201452732086182 1.136303186416626
125 1.8363054990768433 6.472376676850859 5.039442539215088 4.993197917938232 0.5591909885406494 1.6024108686071934 1.4216710329055786 1.1456228494644165
126 1.8363054990768433 6.472376676850859 5.039442539215088 4.993197917938232 0.5591909885406494 1.6024108686071934 1.4216710329055786 1.1456228494644165
127 1.8487733602523804 6.4770295775659354 5.043013572692871 4.989915370941162 0.5809531807899475 1.5937098178176732 1.4204431772232056 1.1509636640548706
128 1.8480165004730225 6.466026382775713 5.043118476867676 4.9901862144470215 0.5799216628074646 1.594800718799408 1.4203380346298218 1.1528668403625488
129 1.85338294506073 6.458782680808597 5.056077480316162 5.020226955413818 0.5740075707435608 1.6235387406927373 1.3908069133758545 1.1542398929595947
130 1.8539873361587524 6.456830858062704 5.062800407409668 5.026691436767578 0.5748758912086487 1.6296405612082605 1.3916616439819336 1.1549937725067139
131 1.8539873361587524 6.456830858062704 5.062800407409668 5.026691436767578 0.5748758912086487 1.6296405612082605 1.3916616439819336 1.1549937725067139
132 1.8540868759155273 6.458412524304155 5.062800407409668 5.0263190269470215 0.5752295851707458 1.6297605962725754 1.3917832374572754 1.155112385749817
133 1.8565610647201538 6.45128645707351 5.057861328125 5.016958236694336 0.5766242146492004 1.6356103177278942 1.3722072839736938 1.1587364673614502
134 1.8562031984329224 6.4503610093469215 5.057602405548096 5.018021583557129 0.5752251148223877 1.638420016701035 1.3900399208068848 1.1590803861618042
135 1.8582290410995483 6.44412652595871 5.057912349700928 5.018182277679443 0.5820257663726807 1.6614972323838462 1.3956024646759033 1.1618225574493408
136 1.8582290410995483 6.44412652595871 5.057912349700928 5.018182277679443 0.5820257663726807 1.6614972323838462 1.3956024646759033 1.1618225574493408
137 1.8384655714035034 6.444500548648245 5.0475029945373535 5.004374980926514 0.5570782423019409 1.6568523806755797 1.3929579257965088 1.155993938446045
138 1.8383572101593018 6.450683382115213 5.047308444976807 5.004492282867432 0.5570036172866821 1.6433864538552672 1.3916281461715698 1.1561452150344849
139 1.8379254341125488 6.4549240738780185 5.047357082366943 5.004823684692383 0.5554773211479187 1.6307322265412376 1.3902902603149414 1.1560475826263428
140 1.8571990728378296 6.457537109299736 5.117005825042725 5.226090431213379 0.5657957792282104 1.6135756023560626 1.4266096353530884 1.4757639169692993
141 1.8571990728378296 6.45570694066822 5.117005825042725 5.226090431213379 0.5657957792282104 1.6130946534973456 1.426564335823059 1.4757639169692993
142 1.859385371208191 6.4538434424563835 5.117108345031738 5.225562572479248 0.574188232421875 1.6195504337110134 1.4280390739440918 1.476473093032837
143 1.8585125207901 6.452222835124165 5.110166549682617 5.202060699462891 0.5764305591583252 1.624039044381933 1.4379191398620605 1.4642027616500854
144 1.8479607105255127 6.447214517886896 5.108560085296631 5.208045959472656 0.5492764711380005 1.6395025270364858 1.433552861213684 1.4564114809036255
145 1.8497172594070435 6.440729828185275 5.111661911010742 5.211124897003174 0.5518915057182312 1.6616151771351495 1.4380873441696167 1.4605300426483154
146 1.8497172594070435 6.440729828185275 5.111661911010742 5.211124897003174 0.5518915057182312 1.6616151771351495 1.4380873441696167 1.4605300426483154
147 1.8481154441833496 6.441500834084818 5.114163398742676 5.219667911529541 0.5400896668434143 1.6558497862783124 1.3664404153823853 1.4546239376068115
148 1.8464514017105103 6.434126056636878 5.11159610748291 5.216604232788086 0.5399875640869141 1.6737232502916697 1.367987871170044 1.4543992280960083
149 1.840131163597107 6.432204314342527 5.114584445953369 5.221717834472656 0.5277786254882813 1.7005263808504107 1.3670806884765625 1.4636640548706055
150 1.8448954820632935 6.439698099371343 5.118818759918213 5.2153754234313965 0.534161388874054 1.6792849460994121 1.3747193813323975 1.4716089963912964
151 1.8448954820632935 6.439698099371343 5.118818759918213 5.2153754234313965 0.534161388874054 1.6792849460994121 1.3747193813323975 1.4716089963912964
152 1.81955087184906 6.460723458125747 5.087281703948975 5.182481288909912 0.5212574601173401 1.5891261509161765 1.359747290611267 1.4659323692321777
153 1.816990852355957 6.476579719961797 5.090867519378662 5.1718645095825195 0.5138552784919739 1.5543987922012257 1.3876153230667114 1.464454174041748
154 1.816990852355957 6.475564815741543 5.090900421142578 5.1718645095825195 0.5136446356773376 1.5562201589547864 1.3900039196014404 1.4644758701324463
155 1.822558879852295 6.481629120081111 5.094958782196045 5.172379493713379 0.520127534866333 1.5453702668055433 1.3676520586013794 1.4639111757278442
156 1.822558879852295 6.481629120081111 5.094958782196045 5.172379493713379 0.520127534866333 1.5453702668055433 1.3676520586013794 1.4639111757278442
157 1.8134247064590454 6.474817701604943 5.094590187072754 5.166796684265137 0.5099607706069946 1.5901771523902688 1.3698983192443848 1.4764684438705444
158 1.8113723993301392 6.470173576468804 5.090006351470947 5.162561416625977 0.50987309217453 1.599910668822005 1.370680332183838 1.4767775535583496
159 1.814826488494873 6.471212979903643 5.093790531158447 5.160837650299072 0.5125329494476318 1.598445695156543 1.3744993209838867 1.4794645309448242
160 1.814789056777954 6.463916645041665 5.093742370605469 5.160826206207275 0.5130149722099304 1.6231554210315107 1.3508868217468262 1.479391098022461
161 1.8149230480194092 6.4641786378481125 5.0935282707214355 5.160193920135498 0.5135811567306519 1.6224142958002 1.3508038520812988 1.4794764518737793
162 1.8140419721603394 6.467880028522169 5.093848705291748 5.15976095199585 0.5125592350959778 1.609906145997783 1.3901296854019165 1.479114294052124
163 1.8158726692199707 6.469620416566045 5.097738742828369 5.190391540527344 0.5087903738021851 1.6091914406924877 1.3762238025665283 1.4244141578674316
164 1.8147552013397217 6.474146356289688 5.096808910369873 5.189824104309082 0.5098280906677246 1.5870483466829526 1.3728832006454468 1.4247876405715942
165 1.8179725408554077 6.464888601745717 5.087615013122559 5.177746295928955 0.5187031030654907 1.5926860095558513 1.3840868473052979 1.431606411933899
166 1.8179725408554077 6.464888601745717 5.087615013122559 5.177746295928955 0.5187031030654907 1.5926860095558513 1.3840868473052979 1.431606411933899
167 1.817899227142334 6.465187405211814 5.092369556427002 5.176150798797607 0.5186439156532288 1.5946442670932972 1.3650879859924316 1.4151873588562012
168 1.8397566080093384 6.451894079340749 5.110063552856445 5.219063758850098 0.5444338917732239 1.6504838257060306 1.3764621019363403 1.4732681512832642
169 1.8384699821472168 6.443083690236745 5.110246658325195 5.219714641571045 0.5414339900016785 1.6724207290958242 1.3773465156555176 1.4730325937271118
170 1.8266303539276123 6.447932156333128 5.105861186981201 5.214561939239502 0.5175325870513916 1.642416193001861 1.3609694242477417 1.4607181549072266
171 1.8266303539276123 6.447932156333128 5.105861186981201 5.214561939239502 0.5175325870513916 1.642416193001861 1.3609694242477417 1.4607181549072266
172 1.8387806415557861 6.450253051988244 5.102258682250977 5.182243347167969 0.5450822710990906 1.6371823246044703 1.3826396465301514 1.5155267715454102
173 1.8353394269943237 6.443421329390256 5.094110488891602 5.174739360809326 0.5510240197181702 1.6402851424480511 1.3327562808990479 1.5194954872131348
174 1.831466794013977 6.450654489872191 5.090900897979736 5.174816131591797 0.5510399341583252 1.6301293489383193 1.3285071849822998 1.5230495929718018
175 1.8234529495239258 6.432147306031635 5.096230506896973 5.174612998962402 0.535082221031189 1.672988016707669 1.3287498950958252 1.5300605297088623
176 1.8234529495239258 6.432147306031635 5.096230506896973 5.174612998962402 0.535082221031189 1.672988016707669 1.3287498950958252 1.5300605297088623
177 1.8231210708618164 6.430720284406134 5.098189353942871 5.1772966384887695 0.532637357711792 1.6893421055514541 1.3275610208511353 1.5293006896972656
178 1.8288954496383667 6.418775501229944 5.110082626342773 5.187361240386963 0.5406332015991211 1.7394879764188187 1.3425836563110352 1.5364636182785034
179 1.8263546228408813 6.423577202108835 5.108435153961182 5.189873695373535 0.5336068272590637 1.7165895823741883 1.3324618339538574 1.5260672569274902
180 1.820399522781372 6.427500873264196 5.0988850593566895 5.196384429931641 0.5291150808334351 1.7062582079481048 1.3295997381210327 1.6006288528442383
181 1.820399522781372 6.427500873264196 5.0988850593566895 5.196384429931641 0.5291150808334351 1.7062582079481048 1.3295997381210327 1.6006288528442383
182 1.7966331243515015 6.424239806748226 5.0778093338012695 5.1681809425354 0.5126169919967651 1.7239233815257562 1.334925651550293 1.60349702835083
183 1.7807793617248535 6.4129372644152784 5.0571818351745605 5.135243892669678 0.49899208545684814 1.7417961881291797 1.324540138244629 1.5748538970947266
184 1.782194972038269 6.40042385194314 5.0596513748168945 5.141415119171143 0.5011191368103027 1.782554159384754 1.3185590505599976 1.5756345987319946
185 1.797689437866211 6.4021245918767615 5.080366134643555 5.144623756408691 0.5086411237716675 1.7844267255768351 1.3354426622390747 1.5876280069351196
186 1.797689437866211 6.4021245918767615 5.080366134643555 5.144623756408691 0.5086411237716675 1.7844267255768351 1.3354426622390747 1.5876280069351196
187 1.8052648305892944 6.402308052817898 5.084341049194336 5.145232200622559 0.5192777514457703 1.7816446257571792 1.3353805541992188 1.590549349784851
188 1.8061096668243408 6.413801556838635 5.084648132324219 5.1573920249938965 0.5137698650360107 1.756654852387923 1.3149958848953247 1.3811382055282593
189 1.8091042041778564 6.404485641291822 5.094734191894531 5.171885967254639 0.5118924975395203 1.797350911067924 1.3062779903411865 1.3828953504562378
190 1.8091042041778564 6.406731641853777 5.094690322875977 5.171885967254639 0.5118924975395203 1.7895449822743716 1.3048815727233887 1.3828953504562378
191 1.8091042041778564 6.406731641853777 5.094690322875977 5.171885967254639 0.5118924975395203 1.7895449822743716 1.3048815727233887 1.3828953504562378
192 1.8019022941589355 6.404705650276942 5.124037265777588 5.177902698516846 0.4951956868171692 1.7873442537829396 1.274900197982788 1.370405673980713
193 1.80198335647583 6.404024960470226 5.124584674835205 5.1781511306762695 0.49518561363220215 1.7879339776984904 1.2661675214767456 1.3704159259796143
194 1.80198335647583 6.401321690379662 5.1253557205200195 5.176509380340576 0.49518561363220215 1.7993534352801857 1.2612175941467285 1.3833105564117432
195 1.8017064332962036 6.401693478554615 5.126676559448242 5.178293228149414 0.5011159777641296 1.8042640533038705 1.3746252059936523 1.3755099773406982
196 1.8017064332962036 6.401693478554615 5.126676559448242 5.178293228149414 0.5011159777641296 1.8042640533038705 1.3746252059936523 1.3755099773406982
197 1.8044041395187378 6.403449132690963 5.130285739898682 5.178178310394287 0.5006870627403259 1.8033769918610068 1.3751744031906128 1.376752257347107
198 1.8097196817398071 6.406673054874629 5.12969970703125 5.179160118103027 0.5083377361297607 1.7885856032550123 1.3854118585586548 1.3798606395721436
199 1.8117393255233765 6.400734653919882 5.132436275482178 5.18066930770874 0.5072019100189209 1.8044261185464723 1.386151909828186 1.3790063858032227
200 1.8100639581680298 6.408900952079434 5.131096839904785 5.172520160675049 0.5082499384880066 1.7832176789474605 1.3851070404052734 1.3821567296981812
201 1.8100639581680298 6.408900952079434 5.131096839904785 5.172520160675049 0.5082499384880066 1.7832176789474605 1.3851070404052734 1.3821567296981812
202 1.8097366094589233 6.400328773469855 5.131650924682617 5.172052383422852 0.5088717937469482 1.8287813107176438 1.4020233154296875 1.3827660083770752
203 1.8037819862365723 6.396213637163232 5.130798816680908 5.167450904846191 0.495512455701828 1.8344004497845983 1.3972134590148926 1.3733115196228027
204 1.7993000745773315 6.394990876992464 5.123195648193359 5.1649370193481445 0.4950595796108246 1.828749845167577 1.3939180374145508 1.3678481578826904
205 1.804723858833313 6.398472879353187 5.1292195320129395 5.172780990600586 0.4997049570083618 1.8263489054204003 1.396835446357727 1.358879566192627
206 1.804723858833313 6.398472879353187 5.1292195320129395 5.172780990600586 0.4997049570083618 1.8263489054204003 1.396835446357727 1.358879566192627
207 1.8054198026657104 6.396359074133439 5.172725677490234 5.237022399902344 0.5031330585479736 1.823087284745447 1.428008794784546 1.4111945629119873
208 1.8047281503677368 6.392280093662771 5.1696248054504395 5.237575531005859 0.5012058615684509 1.8348401569347286 1.4305566549301147 1.4111366271972656
209 1.8040705919265747 6.390668267792644 5.171027660369873 5.240180969238281 0.5005881786346436 1.8353297833900049 1.4085216522216797 1.4146145582199097
210 1.8000842332839966 6.393735391216084 5.1479926109313965 5.212319850921631 0.4866107106208801 1.821149259400504 1.359080195426941 1.3750888109207153
211 1.8000842332839966 6.393735391216084 5.1479926109313965 5.212319850921631 0.4866107106208801 1.821149259400504 1.359080195426941 1.3750888109207153
212 1.800819754600525 6.393974004374652 5.148043155670166 5.212078094482422 0.49052590131759644 1.8236768186551755 1.3186769485473633 1.3753527402877808
213 1.8096691370010376 6.398014638335752 5.156750202178955 5.211267471313477 0.5083748698234558 1.8329962484682008 1.343510627746582 1.3873192071914673
214 1.8216766119003296 6.410869276787877 5.159146308898926 5.219085216522217 0.5260510444641113 1.80261473608462 1.3364160060882568 1.3877578973770142
215 1.8054827451705933 6.409006927565344 5.149949073791504 5.22573184967041 0.49561142921447754 1.8060091385183354 1.331951379776001 1.3732810020446777
216 1.8054827451705933 6.409006927565344 5.149949073791504 5.22573184967041 0.49561142921447754 1.8060091385183354 1.331951379776001 1.3732810020446777
217 1.8039827346801758 6.408141420784764 5.147406578063965 5.2097368240356445 0.5029999017715454 1.8073216287052396 1.34516441822052 1.3954356908798218
218 1.801209568977356 6.402186550334753 5.138321399688721 5.190394401550293 0.49496904015541077 1.830406049283676 1.337597131729126 1.361380696296692
219 1.8013726472854614 6.401211215882859 5.1389055252075195 5.1904120445251465 0.49511516094207764 1.8315779487980968 1.358357310295105 1.361402988433838
220 1.8013726472854614 6.402459438749714 5.137942790985107 5.188131809234619 0.49511516094207764 1.8286129208210267 1.3694674968719482 1.5809661149978638
221 1.8013726472854614 6.402459438749714 5.137942790985107 5.188131809234619 0.49511516094207764 1.8286129208210267 1.3694674968719482 1.5809661149978638
222 1.8007375001907349 6.399713673068372 5.133849143981934 5.1864705085754395 0.49558207392692566 1.8220665024085811 1.367240071296692 1.5816179513931274
223 1.8030710220336914 6.418174017400592 5.143596649169922 5.1897478103637695 0.4915298819541931 1.7916148183789131 1.3540233373641968 1.5902745723724365
224 1.8010046482086182 6.415492775320736 5.141626358032227 5.189582824707031 0.4914727807044983 1.789861600671412 1.3540327548980713 1.5890744924545288
225 1.800225853919983 6.411407577066217 5.140158653259277 5.189509391784668 0.491880863904953 1.7949599930856146 1.3555399179458618 1.5887385606765747
226 1.800225853919983 6.411407577066217 5.140158653259277 5.189509391784668 0.491880863904953 1.7949599930856146 1.3555399179458618 1.5887385606765747
227 1.7997468709945679 6.419067844756477 5.136983871459961 5.1898651123046875 0.49462804198265076 1.7963961977116396 1.357975959777832 1.5927428007125854
228 1.8003495931625366 6.413586497963132 5.137928485870361 5.189789772033691 0.4935992658138275 1.8145493819512872 1.3588778972625732 1.5923641920089722
229 1.8016752004623413 6.413946441535848 5.141648769378662 5.193758010864258 0.4953158497810364 1.8148023871901917 1.3597791194915771 1.592167854309082
230 1.8045436143875122 6.422040671891999 5.124096870422363 5.177501201629639 0.5161910653114319 1.796564857110744 1.3676446676254272 1.586871862411499
231 1.8045436143875122 6.422040671891999 5.124096870422363 5.177501201629639 0.5161910653114319 1.796564857110744 1.3676446676254272 1.586871862411499
232 1.8029636144638062 6.424246987771122 5.124709129333496 5.173757553100586 0.515044093132019 1.7888891943524792 1.3676996231079102 1.5864386558532715
233 1.8206582069396973 6.424181774477068 5.123762607574463 5.176614761352539 0.5363755822181702 1.7837791597781458 1.347965955734253 1.5900399684906006
234 1.8211939334869385 6.410126086763034 5.128957748413086 5.180606365203857 0.5343965291976929 1.8125510491512025 1.349475383758545 1.5865657329559326
235 1.8178871870040894 6.406603265036739 5.1239542961120605 5.180100917816162 0.5355491042137146 1.7848608176122256 1.3692303895950317 1.5812796354293823
236 1.8178871870040894 6.406603265036739 5.1239542961120605 5.180100917816162 0.5355491042137146 1.7848608176122256 1.3692303895950317 1.5812796354293823
237 1.8161365985870361 6.41607569474293 5.1218366622924805 5.175564289093018 0.5318313241004944 1.7743399321906486 1.3649206161499023 1.5824168920516968
238 1.8135876655578613 6.4185766169646215 5.119621276855469 5.175786018371582 0.5293640494346619 1.7797879323811407 1.3819197416305542 1.5848157405853271
239 1.8136471509933472 6.426520774524861 5.119386672973633 5.17579984664917 0.5297472476959229 1.7748008655788525 1.3812737464904785 1.584482192993164
240 1.8194853067398071 6.424949283390599 5.124972820281982 5.1685991287231445 0.5425618290901184 1.7847732403076035 1.3940216302871704 1.6004090309143066
241 1.8194853067398071 6.424949283390599 5.124972820281982 5.1685991287231445 0.5425618290901184 1.7847732403076035 1.3940216302871704 1.6004090309143066
242 1.8187623023986816 6.410010481122156 5.123716354370117 5.175568580627441 0.5420296788215637 1.800135723697939 1.3983407020568848 1.6013779640197754
243 1.8273429870605469 6.408491356464736 5.123921871185303 5.177380084991455 0.5607509016990662 1.7935895531802901 1.4101295471191406 1.6106534004211426
244 1.827548861503601 6.405843548724454 5.124812602996826 5.178225517272949 0.5600863695144653 1.800332533879924 1.3793227672576904 1.6119014024734497
245 1.8298436403274536 6.403711756157652 5.12639856338501 5.178895950317383 0.5636252164840698 1.7943652128554606 1.3774691820144653 1.6103215217590332
246 1.8298436403274536 6.403711756157652 5.12639856338501 5.178895950317383 0.5636252164840698 1.7943652128554606 1.3774691820144653 1.6103215217590332
247 1.8206955194473267 6.4064665312974425 5.106551647186279 5.157687187194824 0.5794363617897034 1.7746738497049133 1.3907268047332764 1.6032410860061646
248 1.8200024366378784 6.402559837004827 5.106151103973389 5.157142639160156 0.5790994167327881 1.7699985565892624 1.3900879621505737 1.603257656097412
249 1.824655532836914 6.393383986827577 5.106968402862549 5.1610918045043945 0.5880981087684631 1.7898663413879594 1.394310712814331 1.6056523323059082
250 1.8225444555282593 6.418684907724757 5.105547904968262 5.160698413848877 0.585700273513794 1.7077605566060536 1.38533353805542 1.6055126190185547
251 1.8225444555282593 6.418684907724757 5.105547904968262 5.160698413848877 0.585700273513794 1.7077605566060536 1.38533353805542 1.6055126190185547
252 1.8226795196533203 6.422763261657842 5.1056671142578125 5.162798881530762 0.5852388143539429 1.6984061078770671 1.418914794921875 1.604605793952942
253 1.8228141069412231 6.426939852357872 5.106943607330322 5.163819313049316 0.5844364762306213 1.6883335517790976 1.4181796312332153 1.605375051498413
254 1.8278757333755493 6.424420271542338 5.107962608337402 5.1290974617004395 0.5804270505905151 1.7193832810532816 1.4037926197052002 1.5752133131027222
255 1.8298475742340088 6.43170140372817 5.09652853012085 5.11093282699585 0.5929087400436401 1.7018710826655048 1.401652216911316 1.567922830581665
256 1.8298475742340088 6.43170140372817 5.09652853012085 5.11093282699585 0.5929087400436401 1.7018710826655048 1.401652216911316 1.567922830581665
257 1.8293142318725586 6.442771012490963 5.093880653381348 5.110032081604004 0.5923750400543213 1.6813554630785077 1.3972678184509277 1.5581576824188232
258 1.8252722024917603 6.42880030007834 5.098054885864258 5.115675926208496 0.5814154148101807 1.7018566932276733 1.3955646753311157 1.5581085681915283
259 1.826826810836792 6.425162249420596 5.101598262786865 5.116026401519775 0.5748996734619141 1.7051960875622652 1.3827556371688843 1.527726650238037
260 1.8210983276367188 6.415498325633079 5.09822416305542 5.129194736480713 0.557530403137207 1.711542627917471 1.394984245300293 1.5743474960327148
261 1.8210983276367188 6.415498325633079 5.09822416305542 5.129194736480713 0.557530403137207 1.711542627917471 1.394984245300293 1.5743474960327148
262 1.8301291465759277 6.401877626358828 5.1114020347595215 5.149956226348877 0.5524172782897949 1.7485784972866474 1.3911842107772827 1.566551923751831
263 1.8410418033599854 6.403596658778019 5.120350360870361 5.1507110595703125 0.5780326128005981 1.7632600057934127 1.4020025730133057 1.573676586151123
264 1.8410876989364624 6.409604168623133 5.120401382446289 5.150795936584473 0.5780601501464844 1.7669860541102365 1.4023752212524414 1.5736658573150635
265 1.8212387561798096 6.402244763440402 5.1075119972229 5.13526725769043 0.5489790439605713 1.7556475127670865 1.385309100151062 1.5500155687332153
266 1.8212387561798096 6.402079167035003 5.1075119972229 5.13526725769043 0.5489790439605713 1.7548835005650678 1.3852286338806152 1.5500155687332153
267 1.8168749809265137 6.396295050710368 5.109144687652588 5.135136127471924 0.5427784323692322 1.7761182317553152 1.3861632347106934 1.5497277975082397
268 1.8140342235565186 6.404158280056391 5.101583480834961 5.132814407348633 0.5396316647529602 1.7732904567595484 1.3839832544326782 1.5352449417114258
269 1.8147563934326172 6.404041162216294 5.100261211395264 5.124299049377441 0.540381133556366 1.774262031938138 1.3700042963027954 1.3650938272476196
270 1.8149217367172241 6.407901775943253 5.102856159210205 5.124164581298828 0.5345811247825623 1.770348905764467 1.3670790195465088 1.3593413829803467
271 1.8149217367172241 6.407901775943253 5.102856159210205 5.124164581298828 0.5345811247825623 1.770348905764467 1.3670790195465088 1.3593413829803467
272 1.814296007156372 6.4069456702212415 5.102387428283691 5.1258769035339355 0.532713770866394 1.767835600440854 1.3653968572616577 1.357071876525879
273 1.8183132410049438 6.413952370078185 5.109769344329834 5.132382392883301 0.5359006524085999 1.7700136877701338 1.3588637113571167 1.355252981185913
274 1.819128394126892 6.448460417379175 5.111387252807617 5.133116245269775 0.5357202291488647 1.6890853409298519 1.3234304189682007 1.3551957607269287
275 1.821719765663147 6.440666433941967 5.114255905151367 5.134034633636475 0.539435088634491 1.6639131309334265 1.3199677467346191 1.3545581102371216
276 1.8104429244995117 6.441891406392515 5.108183860778809 5.113769054412842 0.5198445916175842 1.654327876036495 1.3184386491775513 1.3563164472579956
277 1.8185003995895386 6.441269389154664 5.125532627105713 5.1419453620910645 0.5195978283882141 1.6725645569609038 1.3267455101013184 1.3682196140289307
278 1.8232954740524292 6.447560022899004 5.132144451141357 5.154529094696045 0.5192114114761353 1.6552826618471084 1.3057914972305298 1.3675966262817383
279 1.8352729082107544 6.455310877955637 5.1331305503845215 5.157834053039551 0.5435519814491272 1.647873875529594 1.3007349967956543 1.3753615617752075
280 1.8352930545806885 6.455699417096077 5.133029937744141 5.157419204711914 0.5439482927322388 1.6497804380438037 1.3009188175201416 1.3739609718322754
281 1.8352930545806885 6.460953689510927 5.133029937744141 5.157419204711914 0.5439482927322388 1.6347801120005843 1.299460768699646 1.3739609718322754
282 1.8429954051971436 6.466931278192786 5.123499393463135 5.146492004394531 0.5651445984840393 1.5985653875964945 1.310028076171875 1.3908132314682007
283 1.8431155681610107 6.4677756417507055 5.123453617095947 5.14640474319458 0.5645069479942322 1.6002787451406522 1.3110342025756836 1.391448736190796
284 1.8407361507415771 6.468650432039937 5.1209540367126465 5.146674633026123 0.5568034052848816 1.6014110953861767 1.3032798767089844 1.3900363445281982
285 1.8438239097595215 6.470208873088212 5.1231818199157715 5.147366046905518 0.562243640422821 1.6119070033703433 1.3204326629638672 1.3982090950012207
286 1.8438239097595215 6.470208873088212 5.1231818199157715 5.147366046905518 0.562243640422821 1.6119070033703433 1.3204326629638672 1.3982090950012207
287 1.8549550771713257 6.464406381194928 5.132377624511719 5.152538299560547 0.5798389315605164 1.6175461616682425 1.318204402923584 1.4237499237060547
288 1.8549550771713257 6.464787434786955 5.1323161125183105 5.151520252227783 0.5798389315605164 1.618946088632359 1.3180714845657349 1.4218530654907227
289 1.8584487438201904 6.457437804380829 5.141098976135254 5.163806438446045 0.5817055106163025 1.6338640185364948 1.3231486082077026 1.4252833127975464
290 1.865607500076294 6.456791089163391 5.143370628356934 5.199427604675293 0.5909085869789124 1.636058706572639 1.314993143081665 1.3927929401397705
291 1.865607500076294 6.456791089163391 5.143370628356934 5.199427604675293 0.5909085869789124 1.636058706572639 1.314993143081665 1.3927929401397705
292 1.8743292093276978 6.451929083433817 5.147923946380615 5.209517002105713 0.6006108522415161 1.6512243022688977 1.3125156164169312 1.3960918188095093
293 1.8856165409088135 6.4400348534271 5.162693500518799 5.214302062988281 0.6091095209121704 1.6908051756002729 1.3145257234573364 1.4054629802703857
294 1.8561524152755737 6.405433999272395 5.144183158874512 5.206000804901123 0.5733850002288818 1.7710262510039847 1.324730396270752 1.3880317211151123
295 1.819765567779541 6.413067503461911 5.147014141082764 5.195278167724609 0.5266776084899902 1.7646925819850041 1.3135886192321777 1.3952959775924683
296 1.819765567779541 6.413067503461911 5.147014141082764 5.195278167724609 0.5266776084899902 1.7646925819850041 1.3135886192321777 1.3952959775924683
297 1.8215655088424683 6.4158155796385525 5.144586086273193 5.1935648918151855 0.5262782573699951 1.7458282140603756 1.3186569213867188 1.3946990966796875
298 1.8246437311172485 6.418834436092259 5.145846366882324 5.194429874420166 0.5283389091491699 1.7306368787755109 1.3161970376968384 1.3937255144119263
299 1.8257255554199219 6.420406700627884 5.14529275894165 5.194911003112793 0.5306648015975952 1.7196391953923436 1.3149676322937012 1.3939270973205566
300 1.8278132677078247 6.423073705699841 5.143694877624512 5.19346284866333 0.5343452095985413 1.715647560977522 1.3212549686431885 1.392238736152649
301 1.8278132677078247 6.423073705699841 5.143694877624512 5.19346284866333 0.5343452095985413 1.715647560977522 1.3212549686431885 1.392238736152649
302 1.827843427658081 6.42425831269632 5.142721176147461 5.194356441497803 0.5334145426750183 1.7205236320968944 1.3552179336547852 1.3945426940917969
303 1.82843816280365 6.42077780361303 5.139772891998291 5.195428371429443 0.5396081805229187 1.730855888352206 1.3611230850219727 1.400232195854187
304 1.8341048955917358 6.43580119597871 5.136794090270996 5.172946929931641 0.5600284934043884 1.6882163879284795 1.3601006269454956 1.403381109237671
305 1.8403232097625732 6.443860343897564 5.1362175941467285 5.172539710998535 0.5731328725814819 1.6943300776000985 1.3641602993011475 1.4101125001907349
306 1.8403232097625732 6.443860343897564 5.1362175941467285 5.172539710998535 0.5731328725814819 1.6943300776000985 1.3641602993011475 1.4101125001907349
307 1.840462565422058 6.446505319253606 5.13433313369751 5.170504570007324 0.5768052339553833 1.6846111645297386 1.3637086153030396 1.410668969154358
308 1.8359125852584839 6.455039822602215 5.130432605743408 5.176990032196045 0.566149890422821 1.66875869608199 1.358001947402954 1.4077033996582031
309 1.8327823877334595 6.430694988178287 5.1293559074401855 5.17580509185791 0.5622873306274414 1.726613045879802 1.3679490089416504 1.4187302589416504
310 1.8272076845169067 6.424745788781203 5.134738922119141 5.1497883796691895 0.5475364327430725 1.7250097831994293 1.367390751838684 1.3982471227645874
311 1.8272076845169067 6.424745788781203 5.134738922119141 5.1497883796691895 0.5475364327430725 1.7250097831994293 1.367390751838684 1.3982471227645874
312 1.8269423246383667 6.425330376798368 5.133627414703369 5.15282678604126 0.5478093028068542 1.71810211109374 1.3658462762832642 1.4054807424545288
313 1.824355959892273 6.43783816323057 5.13003396987915 5.1667046546936035 0.5445019602775574 1.6806237073407637 1.3585166931152344 1.4048264026641846
314 1.8237653970718384 6.439217537667018 5.1316680908203125 5.164975166320801 0.5471388101577759 1.6808815727746214 1.3688039779663086 1.4172499179840088
315 1.820595145225525 6.442444571923747 5.132460594177246 5.165256500244141 0.5443024635314941 1.679430897337057 1.3617485761642456 1.4212517738342285
316 1.820595145225525 6.4424809764140605 5.132460594177246 5.165256500244141 0.5443024635314941 1.67961410581264 1.361767292022705 1.4212517738342285
317 1.8254590034484863 6.44179615318296 5.131740093231201 5.167041778564453 0.553957998752594 1.6761026379577764 1.3390623331069946 1.4255168437957764
318 1.8220455646514893 6.43399706232634 5.127040863037109 5.172485828399658 0.5531067848205566 1.6860570898542713 1.342075228691101 1.4288843870162964
319 1.8220455646514893 6.4337663249724795 5.127040863037109 5.172485828399658 0.5531067848205566 1.6880326513353179 1.3310562372207642 1.4288843870162964
320 1.817554235458374 6.4340451189072585 5.120626449584961 5.17174768447876 0.5490981936454773 1.6848018153289817 1.3270598649978638 1.4215580224990845
321 1.817554235458374 6.4340451189072585 5.120626449584961 5.17174768447876 0.5490981936454773 1.6848018153289817 1.3270598649978638 1.4215580224990845
322 1.8171308040618896 6.437747331045659 5.118221759796143 5.171411037445068 0.5483291745185852 1.661355624964212 1.3205024003982544 1.4201476573944092
323 1.8168975114822388 6.442252068250169 5.118570327758789 5.171600341796875 0.5488153100013733 1.6591507679538047 1.3544378280639648 1.4208673238754272
324 1.8179659843444824 6.440537402765819 5.111698150634766 5.170773983001709 0.5516908764839172 1.6570353705885228 1.3620257377624512 1.4223005771636963
325 1.8175112009048462 6.4445542211014155 5.109691619873047 5.1650919914245605 0.5525531768798828 1.6508064042316049 1.3622530698776245 1.4221458435058594
326 1.8175112009048462 6.4445542211014155 5.109691619873047 5.1650919914245605 0.5525531768798828 1.6508064042316049 1.3622530698776245 1.4221458435058594
327 1.8194125890731812 6.438235616094708 5.115553379058838 5.171915531158447 0.5550783276557922 1.669594654679234 1.3767582178115845 1.4184421300888062
328 1.8079193830490112 6.431987635737227 5.113783359527588 5.1792073249816895 0.528838574886322 1.685997243333518 1.3762911558151245 1.4132564067840576
329 1.8109357357025146 6.430943622848472 5.128166675567627 5.183013916015625 0.5334766507148743 1.6912927974468213 1.415310025215149 1.4164705276489258
330 1.8111745119094849 6.432671252736873 5.121785640716553 5.183093547821045 0.5395897030830383 1.6836828387930574 1.3740545511245728 1.4226478338241577
331 1.8111745119094849 6.432671252736873 5.121785640716553 5.183093547821045 0.5395897030830383 1.6836828387930574 1.3740545511245728 1.4226478338241577
332 1.8102778196334839 6.423357690272706 5.114310264587402 5.0632500648498535 0.5440298318862915 1.7128479611090082 1.355491280555725 1.181135892868042
333 1.7998968362808228 6.41763190159695 5.109805583953857 5.063007354736328 0.5357654690742493 1.7304649162899564 1.3445965051651 1.2012364864349365
334 1.7928248643875122 6.411991988288608 5.10061502456665 5.047605037689209 0.5336856842041016 1.7519916424127875 1.3542759418487549 1.210524559020996
335 1.8052184581756592 6.406066133560655 5.1651201248168945 5.113434314727783 0.5448036193847656 1.7661514212077032 1.3548967838287354 1.2316241264343262
336 1.8052184581756592 6.406066133560655 5.1651201248168945 5.113434314727783 0.5448036193847656 1.7661514212077032 1.3548967838287354 1.2316241264343262
337 1.8046737909317017 6.401166721305237 5.1675872802734375 5.116793632507324 0.5460976958274841 1.7868991238008525 1.2612775564193726 1.2251681089401245
338 1.8053127527236938 6.405581544486356 5.171792984008789 5.118534088134766 0.5468200445175171 1.803675803251488 1.2738921642303467 1.2263562679290771
339 1.8020142316818237 6.418268751862818 5.170052528381348 5.116598606109619 0.5426084399223328 1.7701548727083263 1.268094539642334 1.2198009490966797
340 1.8020957708358765 6.414437733422543 5.170790672302246 5.118013858795166 0.5410036444664001 1.7746757153599497 1.2675861120224 1.2191511392593384
341 1.8020957708358765 6.414437733422543 5.170790672302246 5.118013858795166 0.5410036444664001 1.7746757153599497 1.2675861120224 1.2191511392593384
342 1.8040928840637207 6.417705662924634 5.166164875030518 5.120568752288818 0.5529729127883911 1.7657178422365236 1.2740967273712158 1.2308349609375
343 1.8040218353271484 6.418612127986401 5.153406620025635 5.09843111038208 0.5664370656013489 1.7798932722167957 1.2824180126190186 1.1685620546340942
344 1.7956016063690186 6.421184514526166 5.141116619110107 5.088939189910889 0.5575971603393555 1.7589288770146976 1.2527457475662231 1.155857801437378
345 1.7963509559631348 6.421522213367046 5.144274711608887 5.093733787536621 0.5536702275276184 1.752129515888107 1.2548573017120361 1.162297248840332
346 1.7963509559631348 6.421522213367046 5.144274711608887 5.093733787536621 0.5536702275276184 1.752129515888107 1.2548573017120361 1.162297248840332
347 1.7991818189620972 6.4221576169862145 5.1491475105285645 5.1012773513793945 0.5616250038146973 1.753723614502471 1.2633278369903564 1.1667791604995728
348 1.8002756834030151 6.422184969914674 5.150375843048096 5.103854179382324 0.5610429644584656 1.7520923691082646 1.2895532846450806 1.1662771701812744
349 1.8065598011016846 6.420512091805996 5.149406909942627 5.111057281494141 0.5720769762992859 1.7678410008010463 1.2973915338516235 1.180630087852478
350 1.8053470849990845 6.409006793506847 5.1486616134643555 5.109281063079834 0.5704753994941711 1.8216617986701986 1.3011112213134766 1.175149917602539
351 1.8053470849990845 6.409006793506847 5.1486616134643555 5.109281063079834 0.5704753994941711 1.8216617986701986 1.3011112213134766 1.175149917602539
352 1.8053102493286133 6.405944747699333 5.146227836608887 5.109245777130127 0.5705106854438782 1.8402741046642284 1.2802380323410034 1.175258994102478
353 1.7981077432632446 6.3950735737074575 5.1393141746521 5.1071858406066895 0.5667648911476135 1.8726816503351942 1.2845433950424194 1.175059199333191
354 1.7990578413009644 6.395170822427286 5.139813423156738 5.106968402862549 0.5695436000823975 1.873793112554728 1.2845969200134277 1.1726080179214478
355 1.8186078071594238 6.388607261103271 5.167928695678711 5.132340908050537 0.5684225559234619 1.8601804807806979 1.2642313241958618 1.19610595703125
356 1.8219358921051025 6.389288635790955 5.1767497062683105 5.1336164474487305 0.5681281089782715 1.8656422923504412 1.271432638168335 1.1907527446746826
357 1.8292765617370605 6.387957558700356 5.193169593811035 5.168828010559082 0.5751194953918457 1.876447325820324 1.2788727283477783 1.423640489578247
358 1.8299120664596558 6.395159760944541 5.1923441886901855 5.167068004608154 0.574519157409668 1.849027429227679 1.2800599336624146 1.422911524772644
359 1.8490238189697266 6.402950376201518 5.207655906677246 5.169581413269043 0.5921010971069336 1.8302511833829307 1.2974166870117188 1.4360260963439941
360 1.8495628833770752 6.40209591912018 5.210746765136719 5.17449426651001 0.5930240154266357 1.8338066891499252 1.3002687692642212 1.4383295774459839
361 1.8495628833770752 6.40209591912018 5.210746765136719 5.17449426651001 0.5930240154266357 1.8338066891499252 1.3002687692642212 1.4383295774459839
362 1.8435229063034058 6.407563592795284 5.204294204711914 5.168237209320068 0.5833906531333923 1.7987075232210818 1.3126146793365479 1.4299527406692505
363 1.841865062713623 6.401237729746006 5.185619831085205 5.070305824279785 0.577088475227356 1.8159884305059502 1.3664013147354126 1.1921666860580444
364 1.8420213460922241 6.400685787518979 5.185601711273193 5.070517539978027 0.5776636004447937 1.8175792396993373 1.366795301437378 1.1941533088684082
365 1.8490967750549316 6.409370290763289 5.188604354858398 5.073519706726074 0.5901381969451904 1.7957114829051968 1.3698046207427979 1.2013379335403442
366 1.8490967750549316 6.409370290763289 5.188604354858398 5.073519706726074 0.5901381969451904 1.7957114829051968 1.3698046207427979 1.2013379335403442
367 1.8468915224075317 6.408434823430332 5.185152530670166 5.069896697998047 0.5899335145950317 1.7996208944784606 1.3710793256759644 1.203881859779358
368 1.8445972204208374 6.433455601516017 5.16556978225708 5.051336288452148 0.6044816970825195 1.7208981456192913 1.3697326183319092 1.232561469078064
369 1.8435640335083008 6.444803349632319 5.16395902633667 5.051482677459717 0.600655734539032 1.6831404895478543 1.3603301048278809 1.2348949909210205
370 1.8351835012435913 6.4355799056782015 5.158733367919922 5.044727325439453 0.5858099460601807 1.7073416770773533 1.3602734804153442 1.2248553037643433
371 1.8351835012435913 6.4355799056782015 5.158733367919922 5.044727325439453 0.5858099460601807 1.7073416770773533 1.3602734804153442 1.2248553037643433
372 1.8325592279434204 6.354050932271371 5.153608798980713 5.0244646072387695 0.5858526825904846 1.9024157242261848 1.3843456506729126 1.2212764024734497
373 1.8302981853485107 6.353145932843139 5.157423973083496 5.029573917388916 0.5785903334617615 1.9198277826257804 1.3870012760162354 1.2229470014572144
374 1.8308473825454712 6.349374633528369 5.175670146942139 5.0219011306762695 0.5777405500411987 1.935814938850745 1.3607873916625977 1.2203294038772583
375 1.830974817276001 6.350438145946522 5.168510913848877 5.0161004066467285 0.5814544558525085 1.9249824432525164 1.3543566465377808 1.2216920852661133
376 1.830974817276001 6.350438145946522 5.168510913848877 5.0161004066467285 0.5814544558525085 1.9249824432525164 1.3543566465377808 1.2216920852661133
377 1.8531653881072998 6.353117839916774 5.168768405914307 4.981980323791504 0.6036720275878906 1.9027194131692466 1.3536443710327148 1.2218433618545532
378 1.8531653881072998 6.353210917031625 5.168768405914307 4.981980323791504 0.6035778522491455 1.9030310379718274 1.3562805652618408 1.2219288349151611
379 1.8509857654571533 6.357190116976817 5.1696085929870605 4.973726749420166 0.5963374376296997 1.8910483295448663 1.3560775518417358 1.20890474319458
380 1.8505922555923462 6.355286741758789 5.172309398651123 4.977416515350342 0.5955098867416382 1.8976214546136523 1.3585338592529297 1.2108625173568726
381 1.8505922555923462 6.355286741758789 5.172309398651123 4.977416515350342 0.5955098867416382 1.8976214546136523 1.3585338592529297 1.2108625173568726
382 1.8502204418182373 6.356850275509271 5.159296989440918 4.981801509857178 0.5904861092567444 1.9051815062005915 1.3606828451156616 1.205933690071106
383 1.849510669708252 6.359800907398939 5.155710220336914 4.976465225219727 0.592051088809967 1.8881543664276828 1.3693878650665283 1.2064728736877441
384 1.8490121364593506 6.356224540777305 5.154666900634766 4.97663688659668 0.5908546447753906 1.8972539896302576 1.3797917366027832 1.2064136266708374
385 1.84075129032135 6.349798866856728 5.1593217849731445 4.977326393127441 0.5696493983268738 1.936683652986237 1.368153691291809 1.1782912015914917
386 1.84075129032135 6.349798866856728 5.1593217849731445 4.977326393127441 0.5696493983268738 1.936683652986237 1.368153691291809 1.1782912015914917
387 1.8445401191711426 6.34339973993861 5.164993762969971 4.98299503326416 0.5710142254829407 1.9288140509262304 1.4520082473754883 1.1806375980377197
388 1.858597993850708 6.3300206539038 5.179369926452637 4.997030258178711 0.5738795399665833 1.9748202656136933 1.4553481340408325 1.1343914270401
389 1.8537462949752808 6.332927949013431 5.175656795501709 4.995049953460693 0.5631899833679199 1.965049884524554 1.421055555343628 1.1296087503433228
390 1.853676438331604 6.332158126210663 5.175106525421143 4.994948863983154 0.5640917420387268 1.9570948189205386 1.4455626010894775 1.1300214529037476
391 1.853676438331604 6.332158126210663 5.175106525421143 4.994948863983154 0.5640917420387268 1.9570948189205386 1.4455626010894775 1.1300214529037476
392 1.853676438331604 6.332692638963782 5.177342414855957 4.994948863983154 0.5640917420387268 1.9600330674870334 1.413861632347107 1.1300214529037476
393 1.853676438331604 6.337343841780827 5.177558898925781 4.99437952041626 0.5640917420387268 1.9684035631314998 1.4146881103515625 1.124969244003296
394 1.8539762496948242 6.340265728692301 5.177654266357422 4.997932434082031 0.5604522824287415 1.9526299512027327 1.3908716440200806 1.1251670122146606
395 1.8528013229370117 6.334222825281669 5.1761651039123535 4.996261119842529 0.5617791414260864 1.9760711724231805 1.3948380947113037 1.1265193223953247
396 1.8528013229370117 6.334222825281669 5.1761651039123535 4.996261119842529 0.5617791414260864 1.9760711724231805 1.3948380947113037 1.1265193223953247
397 1.851237177848816 6.348866878842996 5.175009250640869 4.995889663696289 0.5608353614807129 1.927752769767283 1.3904204368591309 1.12272310256958
398 1.853765606880188 6.349245092058264 5.170499801635742 4.993311405181885 0.560945451259613 1.9174779195090403 1.38685142993927 1.1266535520553589
399 1.852038860321045 6.348973489697229 5.152912139892578 4.97335958480835 0.587338387966156 1.9064720504723622 1.392163872718811 1.1184875965118408
400 1.8402056694030762 6.351139919731385 5.1554365158081055 4.979691505432129 0.5535233020782471 1.892828515746515 1.3824220895767212 1.109601378440857
401 1.8402056694030762 6.350601384297963 5.1554365158081055 4.979691505432129 0.5535233020782471 1.8901675304914078 1.3821195363998413 1.109601378440857
402 1.8409205675125122 6.333755780260575 5.156544208526611 4.977118015289307 0.5573541522026062 1.9257664328090967 1.3891799449920654 1.1108086109161377
403 1.8423970937728882 6.33221214591894 5.158246040344238 4.980387210845947 0.560456395149231 1.9324776886729653 1.3926215171813965 1.1139098405838013
404 1.8424521684646606 6.33879471603924 5.158288478851318 4.979936122894287 0.5605318546295166 1.917205943055431 1.3906440734863281 1.1114522218704224
405 1.8428202867507935 6.340263512685871 5.158436298370361 4.976766586303711 0.5611401200294495 1.9111851318053341 1.37821626663208 1.1086301803588867
406 1.8428202867507935 6.340263512685871 5.158436298370361 4.976766586303711 0.5611401200294495 1.9111851318053341 1.37821626663208 1.1086301803588867
407 1.8426088094711304 6.340210624176493 5.157971382141113 4.976139545440674 0.5614169836044312 1.9093035404080996 1.3780542612075806 1.1084792613983154
408 1.8426251411437988 6.3326574776661 5.157956123352051 4.976122856140137 0.5614158511161804 1.904055872438188 1.377469539642334 1.1084506511688232
409 1.8423529863357544 6.329915653865394 5.156196594238281 4.974020481109619 0.5599863529205322 1.9383549350729663 1.3784345388412476 1.1066936254501343
410 1.8363827466964722 6.333739005222732 5.146844387054443 4.977189540863037 0.5578721165657043 1.9385690397625939 1.3744621276855469 1.1106300354003906
411 1.8363827466964722 6.333739005222732 5.146844387054443 4.977189540863037 0.5578721165657043 1.9385690397625939 1.3744621276855469 1.1106300354003906
412 1.8364073038101196 6.335006394323138 5.146503448486328 4.977172374725342 0.5578398108482361 1.9400032735613637 1.3747906684875488 1.1106172800064087
413 1.840166449546814 6.336163436759176 5.158663272857666 4.984523296356201 0.5492360591888428 1.9514733514055396 1.3767277002334595 1.1030426025390625
414 1.8419525623321533 6.343682085782066 5.156154155731201 4.974517345428467 0.5562269687652588 1.9361586670279234 1.3814492225646973 1.1042306423187256
415 1.8419525623321533 6.343546891959654 5.156154155731201 4.974517345428467 0.5562269687652588 1.9355292026290176 1.3813759088516235 1.1042306423187256
416 1.8419525623321533 6.343546891959654 5.156154155731201 4.974517345428467 0.5562269687652588 1.9355292026290176 1.3813759088516235 1.1042306423187256
417 1.8428993225097656 6.363561638488404 5.15653133392334 4.974504470825195 0.5573990941047668 1.8581660799444029 1.371835708618164 1.104394555091858
418 1.8425644636154175 6.360603672369967 5.160228252410889 4.973999500274658 0.5568352341651917 1.8596520581548237 1.3730460405349731 1.1035093069076538
419 1.856261968612671 6.347456148951025 5.185003280639648 5.006677150726318 0.5481778383255005 1.9101606117784415 1.379884958267212 1.115807294845581
420 1.8629744052886963 6.359139480867116 5.181712627410889 5.005917072296143 0.560703456401825 1.8712508708803344 1.3674871921539307 1.1165659427642822
421 1.8629744052886963 6.359139480867116 5.181712627410889 5.005917072296143 0.560703456401825 1.8712508708803344 1.3674871921539307 1.1165659427642822
422 1.8646445274353027 6.35927965053707 5.184406757354736 5.008042335510254 0.5611416101455688 1.8743409122674293 1.3776240348815918 1.119511365890503
423 1.8580971956253052 6.3653384203223835 5.180574893951416 5.008035182952881 0.5546022653579712 1.8376575692632562 1.402527928352356 1.114537239074707
424 1.8653403520584106 6.367023706301006 5.179953575134277 5.0080461502075195 0.5633741617202759 1.829703283892418 1.4275071620941162 1.101801872253418
425 1.868820309638977 6.364603026106974 5.167590141296387 4.995987415313721 0.5774140954017639 1.8362738071821443 1.420145869255066 1.1042298078536987
426 1.868820309638977 6.364603026106974 5.167590141296387 4.995987415313721 0.5774140954017639 1.8362738071821443 1.420145869255066 1.1042298078536987
427 1.875902533531189 6.369608020196106 5.171538829803467 4.991201400756836 0.5915807485580444 1.8201155314498645 1.4260865449905396 1.1122983694076538
428 1.869721531867981 6.369399569166925 5.173455238342285 5.017546653747559 0.5821845531463623 1.8149839326876038 1.429065465927124 1.1176029443740845
429 1.87019944190979 6.3677228806752115 5.171731948852539 4.993611812591553 0.5827399492263794 1.8113499281929544 1.422791600227356 1.1027814149856567
430 1.857911229133606 6.36119449706317 5.163045883178711 4.977336406707764 0.5774869918823242 1.8401304845211686 1.4247713088989258 1.0974568128585815
431 1.857911229133606 6.36119449706317 5.163045883178711 4.977336406707764 0.5774869918823242 1.8401304845211686 1.4247713088989258 1.0974568128585815
432 1.8524820804595947 6.354369430056771 5.156778335571289 4.978330612182617 0.5777707695960999 1.8687927891246963 1.4153200387954712 1.111905574798584
433 1.8524820804595947 6.357809873918516 5.156778335571289 4.978330612182617 0.5777707695960999 1.8621785717035566 1.4390395879745483 1.111905574798584
434 1.8531690835952759 6.356089218192317 5.160750389099121 4.980243682861328 0.5778161287307739 1.8698392827053707 1.4154447317123413 1.1139252185821533
435 1.8531690835952759 6.3682989337014435 5.160750389099121 4.980243682861328 0.5778161287307739 1.8539418373618768 1.3888561725616455 1.1139252185821533
436 1.8531690835952759 6.3682989337014435 5.160750389099121 4.980243682861328 0.5778161287307739 1.8539418373618768 1.3888561725616455 1.1139252185821533
437 1.8531690835952759 6.368329844665845 5.160750389099121 4.980243682861328 0.5778161287307739 1.8533280295957546 1.388788104057312 1.1139252185821533
438 1.838844895362854 6.363533117877245 5.1623759269714355 4.980893611907959 0.5545758008956909 1.8710370231369773 1.383291244506836 1.0974408388137817
439 1.838239073753357 6.34467819055874 5.162522792816162 4.9814019203186035 0.5534030199050903 1.9521112903557734 1.3921098709106445 1.0959327220916748
440 1.843577265739441 6.343950454409684 5.173958778381348 4.987780570983887 0.5473794341087341 1.9645980290949558 1.399139165878296 1.0997610092163086
441 1.843577265739441 6.343950454409684 5.173958778381348 4.987780570983887 0.5473794341087341 1.9645980290949558 1.399139165878296 1.0997610092163086
442 1.8437219858169556 6.346045222417385 5.174267768859863 4.988958835601807 0.5448974370956421 1.9624345036861979 1.4070994853973389 1.0999610424041748
443 1.8422833681106567 6.343204339463668 5.172613143920898 4.990542888641357 0.545376181602478 1.9691692134029826 1.4074710607528687 1.1023062467575073
444 1.835777997970581 6.330685430923534 5.165128231048584 4.985650062561035 0.5374829173088074 1.9795985142472334 1.451533317565918 1.0982948541641235
445 1.8357771635055542 6.3877886703479865 5.166409492492676 4.985647678375244 0.537257194519043 1.870558089492816 1.4374587535858154 1.0983048677444458
446 1.8357771635055542 6.3877886703479865 5.166409492492676 4.985647678375244 0.537257194519043 1.870558089492816 1.4374587535858154 1.0983048677444458
447 1.845786690711975 6.376770660880668 5.184850692749023 4.991225719451904 0.5352665185928345 1.8592629676827717 1.4412370920181274 1.0857561826705933
448 1.8454896211624146 6.369475827092866 5.185310363769531 4.989109039306641 0.5331761837005615 1.8718627730837913 1.4420135021209717 1.0827988386154175
449 1.846108317375183 6.370713576649533 5.187887191772461 4.989409446716309 0.5338550806045532 1.8757600231676526 1.408054232597351 1.0832973718643188
450 1.842331051826477 6.379663980218778 5.185895919799805 4.992837905883789 0.5261626839637756 1.8752725405156185 1.4023100137710571 1.0804060697555542
451 1.842331051826477 6.379663980218778 5.185895919799805 4.992837905883789 0.5261626839637756 1.8752725405156185 1.4023100137710571 1.0804060697555542
452 1.8402074575424194 6.375097083839051 5.183549880981445 4.996976852416992 0.5199676752090454 1.8879330196708026 1.399922251701355 1.0791083574295044
453 1.8431341648101807 6.375424788491257 5.188207626342773 4.996517658233643 0.5207176208496094 1.8865444719836635 1.399962067604065 1.0807536840438843
454 1.8441808223724365 6.380195564532191 5.185603141784668 5.003289699554443 0.5297650694847107 1.886320521225842 1.407060146331787 1.0956611633300781
455 1.8495566844940186 6.382007993662606 5.18580436706543 4.998061180114746 0.5380638837814331 1.8821615644474845 1.4223639965057373 1.1001663208007813
456 1.8495566844940186 6.382007993662606 5.18580436706543 4.998061180114746 0.5380638837814331 1.8821615644474845 1.4223639965057373 1.1001663208007813
457 1.8493953943252563 6.3853561969205055 5.187595367431641 5.006010055541992 0.5353615880012512 1.8681981787626865 1.4179116487503052 1.100100040435791
458 1.8461709022521973 6.388564577412067 5.178569793701172 4.988844871520996 0.5454950928688049 1.8573673639359658 1.4345204830169678 1.1068425178527832
459 1.8462737798690796 6.384523452557545 5.17860221862793 4.990682601928711 0.5431100130081177 1.867777603518255 1.434219479560852 1.107017159461975
460 1.8678734302520752 6.396549391233364 5.197925567626953 5.01773738861084 0.5540106296539307 1.7848279533813238 1.410956621170044 1.088848352432251
461 1.8678734302520752 6.396549391233364 5.197925567626953 5.01773738861084 0.5540106296539307 1.7848279533813238 1.410956621170044 1.088848352432251
462 1.868791937828064 6.394438410412455 5.198727130889893 5.016656398773193 0.5555970072746277 1.7881888374336385 1.3311445713043213 1.0752333402633667
463 1.868791937828064 6.402929725280323 5.198727130889893 5.016656398773193 0.5555970072746277 1.767502397528156 1.3288474082946777 1.0752333402633667
464 1.8687108755111694 6.397976229723373 5.199851989746094 5.018030643463135 0.5568122267723083 1.7775876092570275 1.3294709920883179 1.0745460987091064
465 1.8659199476242065 6.39433390888271 5.1977009773254395 5.01148796081543 0.5569660663604736 1.781767688445186 1.317080020904541 1.0699665546417236
466 1.8659199476242065 6.39433390888271 5.1977009773254395 5.01148796081543 0.5569660663604736 1.781767688445186 1.317080020904541 1.0699665546417236
467 1.8654232025146484 6.401877921232118 5.194208145141602 4.997283935546875 0.5615678429603577 1.7480851882755473 1.320970892906189 1.070107340812683
468 1.8714185953140259 6.412474783193277 5.1964192390441895 4.995970726013184 0.5716971755027771 1.731099164611029 1.3217531442642212 1.0714621543884277
469 1.8917593955993652 6.403529342845199 5.19541072845459 4.995669364929199 0.5967358350753784 1.7444766719074793 1.3287855386734009 1.0382481813430786
470 1.8921737670898438 6.4117924378217435 5.193233013153076 4.992259502410889 0.6002781391143799 1.725448099938411 1.3538484573364258 1.0375447273254395
471 1.8921737670898438 6.4117924378217435 5.193233013153076 4.992259502410889 0.6002781391143799 1.725448099938411 1.3538484573364258 1.0375447273254395
472 1.897985816001892 6.416162012052872 5.19612455368042 4.996574878692627 0.6105481386184692 1.7428527844476067 1.376381278038025 1.045131802558899
473 1.8953039646148682 6.400670844870002 5.187297821044922 4.996689796447754 0.6150763034820557 1.7735516378431964 1.3709547519683838 1.0447916984558105
474 1.892200231552124 6.388995650335521 5.189614772796631 5.002647399902344 0.609312117099762 1.7988501977490605 1.377589225769043 1.0417225360870361
475 1.8992959260940552 6.385308348400407 5.2061357498168945 5.103031635284424 0.6091233491897583 1.8153419249013292 1.4088609218597412 1.326627492904663
476 1.8992959260940552 6.385308348400407 5.2061357498168945 5.103031635284424 0.6091233491897583 1.8153419249013292 1.4088609218597412 1.326627492904663
477 1.8993581533432007 6.398831372613537 5.206170558929443 5.103043556213379 0.609150230884552 1.7884597546750698 1.4061497449874878 1.3266539573669434
478 1.8880456686019897 6.394105243727135 5.198854923248291 5.10221529006958 0.5969882011413574 1.7950812072238391 1.4052505493164063 1.3236074447631836
479 1.8838704824447632 6.384465452752631 5.202383995056152 5.100889205932617 0.5841860175132751 1.8099492832915385 1.406690001487732 1.3189383745193481
480 1.8849717378616333 6.38231949045514 5.202824592590332 5.101218223571777 0.5866178870201111 1.8037023340421288 1.4081794023513794 1.3206455707550049
481 1.8849717378616333 6.38231949045514 5.202824592590332 5.101218223571777 0.5866178870201111 1.8037023340421288 1.4081794023513794 1.3206455707550049
482 1.8839530944824219 6.382707446224315 5.203741550445557 5.100549697875977 0.5817413330078125 1.8173134752277966 1.3858345746994019 1.320250391960144
483 1.885230541229248 6.381626312893966 5.206955432891846 5.100987911224365 0.5828939080238342 1.815634802716813 1.387251377105713 1.3209744691848755
484 1.8828787803649902 6.392007736268259 5.204039573669434 5.095202922821045 0.5818679928779602 1.7952180010344116 1.3872759342193604 1.3330801725387573
485 1.8693219423294067 6.404080798895451 5.184202671051025 5.061882495880127 0.5783901810646057 1.7737302584041754 1.3683453798294067 1.3250985145568848
486 1.8693219423294067 6.404080798895451 5.184202671051025 5.061882495880127 0.5783901810646057 1.7737302584041754 1.3683453798294067 1.3250985145568848
487 1.8704675436019897 6.4052866458859485 5.182587146759033 5.064080238342285 0.5776817798614502 1.7769169617843708 1.3489422798156738 1.324252963066101
488 1.8696937561035156 6.407814082648787 5.184515953063965 5.065825462341309 0.5731156468391418 1.771113558098378 1.344171404838562 1.3206993341445923
489 1.8726989030838013 6.402326291529897 5.189499378204346 5.085807800292969 0.5690313577651978 1.824851137446 1.341963291168213 1.320883870124817
490 1.872654914855957 6.394728164978717 5.189670562744141 5.085790634155273 0.5688542723655701 1.8297852735202682 1.3421847820281982 1.3208409547805786
491 1.872654914855957 6.394728164978717 5.189670562744141 5.085790634155273 0.5688542723655701 1.8297852735202682 1.3421847820281982 1.3208409547805786
492 1.871269702911377 6.3976070426953 5.187811851501465 5.084634304046631 0.5681537985801697 1.8178512662621207 1.3552699089050293 1.3213465213775635
493 1.8772190809249878 6.397133512584356 5.198284149169922 5.101441383361816 0.574491024017334 1.8438744064775967 1.375135898590088 1.366355538368225
494 1.8741390705108643 6.401537694231632 5.2000322341918945 5.104152202606201 0.5733827352523804 1.84330593451869 1.3692086935043335 1.3704946041107178
495 1.873464822769165 6.394697524897358 5.195872783660889 5.034108638763428 0.5730947256088257 1.872784304843479 1.362238883972168 1.1042191982269287
496 1.873464822769165 6.394697524897358 5.195872783660889 5.034108638763428 0.5730947256088257 1.872784304843479 1.362238883972168 1.1042191982269287
497 1.8721821308135986 6.391767197344131 5.195651054382324 5.06823205947876 0.5700260996818542 1.8602208676713614 1.3435416221618652 1.0620944499969482
498 1.8733090162277222 6.4105377238628 5.190901279449463 5.069600582122803 0.567726194858551 1.7970719035952172 1.3384801149368286 1.081470251083374
499 1.873348593711853 6.411271411719707 5.169512748718262 5.069334506988525 0.5680654644966125 1.7944331516545875 1.39117431640625 1.0816092491149902
500 1.8742858171463013 6.417199089030497 5.156638145446777 5.062054634094238 0.5719138979911804 1.789275357937963 1.3888336420059204 1.0784858465194702
