init 0.0 3.5993349736801723 0.6478386521339417 0.0 0.0 0.0 0.0 0.0
1 0.0 3.5992150840688386 0.6478386521339417 0.0 0.0 0.0005180265484783887 0.00012991325638722628 0.0
2 0.4413716793060303 3.5864319542000342 0.7500174641609192 0.24182167649269104 0.44137150049209595 0.276755884140581 0.37167295813560486 0.24182190001010895
3 0.6204906105995178 3.1375350149552825 1.0156809091567993 0.4453900456428528 0.6204907298088074 0.9022365632023739 0.7891168594360352 0.44538983702659607
4 0.6461937427520752 2.823278808929371 0.9644935131072998 0.4368959665298462 0.6461936235427856 2.238890316591326 0.8912853598594666 0.43689581751823425
5 0.5960260033607483 2.799328479728541 0.8758445382118225 0.44372764229774475 0.5960259437561035 2.0200260465273843 0.7636466026306152 0.44372785091400146
6 0.5960260033607483 2.799328479728541 0.8758445382118225 0.44372764229774475 0.5960259437561035 2.0200260465273843 0.7636466026306152 0.44372785091400146
7 0.6255811452865601 2.7871120110022822 0.9982511401176453 0.48807471990585327 0.6255810260772705 2.0837446740322645 0.9022825956344604 0.48807457089424133
8 0.5647395253181458 2.7569476585698287 0.9776380658149719 0.4728909432888031 0.5647395849227905 2.1778418784570412 0.8951388001441956 0.47289106249809265
9 0.5486012101173401 2.780531873641146 0.9931237697601318 0.4778617024421692 0.5486012101173401 2.4943958208057913 0.9608484506607056 0.4778617024421692
10 0.5483735799789429 2.780988564097032 0.9951751828193665 0.4781707525253296 0.5483734607696533 2.4921955663732014 0.9894767999649048 0.4781702160835266
11 0.5483735799789429 2.780988564097032 0.9951751828193665 0.4781707525253296 0.5483734607696533 2.4921955663732014 0.9894767999649048 0.4781702160835266
12 0.5486624240875244 2.7809537061143983 0.9951230883598328 0.4782913625240326 0.5486624240875244 2.4926439512514333 0.9894999861717224 0.478290855884552
13 0.552472710609436 2.7790932788366027 1.0145713090896606 0.4786447584629059 0.5524727702140808 2.491987154272622 1.0077177286148071 0.47864457964897156
14 0.5513849258422852 2.7511473580213592 1.0258307456970215 0.6066061854362488 0.5513848066329956 2.3662395418042976 0.9992741346359253 0.6066058874130249
15 0.5614270567893982 2.7510575022088046 1.029963493347168 0.6093061566352844 0.5614270567893982 2.3628671010520965 1.0231624841690063 0.6093061566352844
16 0.5614270567893982 2.7510575022088046 1.029963493347168 0.6093061566352844 0.5614270567893982 2.3628671010520965 1.0231624841690063 0.6093061566352844
17 0.5484676361083984 2.7494817228734205 1.0363682508468628 0.6506228446960449 0.548467755317688 2.3508428997544994 1.027566909790039 0.6506246328353882
18 0.5056703090667725 2.720194389190301 0.9987114667892456 0.5960221886634827 0.5056702494621277 2.1886886269115475 0.9682307839393616 0.596021831035614
19 0.48873355984687805 2.7329623348913366 1.039658546447754 0.6116220355033875 0.48873355984687805 2.271371252117303 1.019853115081787 0.6116225123405457
20 0.4501986503601074 2.7297209841444245 1.053527593612671 0.664162278175354 0.45019862055778503 2.2469845446602057 1.030133605003357 0.664162278175354
21 0.4501986503601074 2.7297209841444245 1.053527593612671 0.664162278175354 0.45019862055778503 2.2469845446602057 1.030133605003357 0.664162278175354
22 0.43178269267082214 2.729718940769789 1.0380678176879883 0.6426571607589722 0.43178266286849976 2.22842657173211 1.0127900838851929 0.6426560282707214
23 0.4359251856803894 2.7284304314036554 1.0402405261993408 0.6481670141220093 0.4359251856803894 2.239094862751012 1.0162994861602783 0.6481670141220093
24 0.43400558829307556 2.7279380321285855 1.0932939052581787 0.6473017930984497 0.4340055286884308 2.3258687078573903 1.0788342952728271 0.6473012566566467
25 0.4335848093032837 2.735471915764029 1.0902676582336426 0.6462672352790833 0.4335847496986389 2.3169982878210096 1.0747532844543457 0.6462687849998474
26 0.4335848093032837 2.735471915764029 1.0902676582336426 0.6462672352790833 0.4335847496986389 2.3169982878210096 1.0747532844543457 0.6462687849998474
27 0.43372786045074463 2.735399827325928 1.0921998023986816 0.6467172503471375 0.4337279498577118 2.316602811410864 1.0765186548233032 0.6467174887657166
28 0.43641984462738037 2.734234317267242 1.0946447849273682 0.6530112028121948 0.4364197850227356 2.3110072288001127 1.0781372785568237 0.6530110239982605
29 0.4386568069458008 2.7335677589558642 1.1032160520553589 0.6995300054550171 0.43865686655044556 2.2969233991815634 1.0843958854675293 0.6995302438735962
30 0.43958017230033875 2.7334346216667864 1.1330143213272095 0.7003363966941833 0.43958017230033875 2.2928818613280137 1.1122466325759888 0.7003346681594849
31 0.43958017230033875 2.7334346216667864 1.1330143213272095 0.7003363966941833 0.43958017230033875 2.2928818613280137 1.1122466325759888 0.7003346681594849
32 0.41254061460494995 2.7305292640938665 1.119143009185791 0.6810967922210693 0.412540465593338 2.2903899269849988 1.0985939502716064 0.6810970306396484
33 0.3520037829875946 2.725357718978599 1.1005159616470337 0.6620069742202759 0.35200369358062744 2.406473651364971 1.0965474843978882 0.6620068550109863
34 0.3513767421245575 2.7184057059289675 1.1019132137298584 0.6694965362548828 0.3513767719268799 2.322331365758155 1.0863516330718994 0.6694962978363037
35 0.3519498407840729 2.716869012172335 1.1138898134231567 0.8463190793991089 0.35194987058639526 2.3740981978101128 1.1046922206878662 0.8463190197944641
36 0.3519498407840729 2.716869012172335 1.1138898134231567 0.8463190793991089 0.35194987058639526 2.3740981978101128 1.1046922206878662 0.8463190197944641
37 0.3542095422744751 2.716428347065767 1.1143622398376465 0.8443489670753479 0.3542094826698303 2.372945082648266 1.1049940586090088 0.8443505167961121
38 0.3169194757938385 2.712522185254641 1.1055654287338257 0.8307608366012573 0.31691956520080566 2.3202014273694944 1.0894157886505127 0.8307608366012573
39 0.31893718242645264 2.713953283579599 1.114396333694458 0.8375735282897949 0.3189373016357422 2.315598736696465 1.0972789525985718 0.8375739455223083
40 0.3245254456996918 2.7138329914909542 1.1342811584472656 0.8442902565002441 0.32452529668807983 2.315614406417849 1.1162577867507935 0.8442899584770203
41 0.3245254456996918 2.7138329914909542 1.1342811584472656 0.8442902565002441 0.32452529668807983 2.315614406417849 1.1162577867507935 0.8442899584770203
42 0.32422614097595215 2.7138692382368403 1.1343028545379639 0.8441023826599121 0.3242259919643402 2.315224081509556 1.1162282228469849 0.8441007137298584
43 0.2891339063644409 2.7134461937132675 1.0736099481582642 0.8527604341506958 0.28913411498069763 2.4830480426304153 1.0818349123001099 0.8527606129646301
44 0.3075011968612671 2.691879303329599 1.0855731964111328 0.8775309920310974 0.3075012266635895 2.455606165386961 1.0890069007873535 0.8775290846824646
45 0.31570667028427124 2.692555002702402 0.9993655681610107 0.876608669757843 0.31570670008659363 2.4750809767549833 1.0117213726043701 0.876608669757843
46 0.31570667028427124 2.692555002702402 0.9993655681610107 0.876608669757843 0.31570670008659363 2.4750809767549833 1.0117213726043701 0.876608669757843
47 0.30939188599586487 2.6931253323636146 0.995853066444397 0.8775691986083984 0.3093917965888977 2.471037877669019 1.0078173875808716 0.8775688409805298
48 0.2964255213737488 2.6659790722978283 0.9921765923500061 0.8755976557731628 0.2964254915714264 2.531855925311596 1.013935923576355 0.8755975365638733
49 0.2785198390483856 2.6509479166459524 0.9639878869056702 0.8289185166358948 0.278519868850708 2.357926200711949 0.9606510996818542 0.8289202451705933
50 0.3025876581668854 2.648824870367138 0.9780890941619873 0.8347594141960144 0.3025876581668854 2.3737147667646554 0.9764248132705688 0.8347609043121338
51 0.3025876581668854 2.648824870367138 0.9780890941619873 0.8347594141960144 0.3025876581668854 2.3737147667646554 0.9764248132705688 0.8347609043121338
52 0.3090307116508484 2.652576703371584 0.9921272993087769 0.8421381711959839 0.30903053283691406 2.3700087853144245 0.9888851642608643 0.842138409614563
53 0.30802592635154724 2.6551498336743546 0.9936031699180603 0.8524907827377319 0.30802595615386963 2.399982787789093 0.9947706460952759 0.8524926900863647
54 0.30379894375801086 2.653801656421828 1.002210259437561 0.8523494601249695 0.3037988245487213 2.393722771294941 1.0018744468688965 0.8523492813110352
55 0.28491729497909546 2.657496596405788 0.9872757792472839 0.8252285122871399 0.28491729497909546 2.3755181481057495 0.9848012328147888 0.8252303600311279
56 0.28491729497909546 2.657496596405788 0.9872757792472839 0.8252285122871399 0.28491729497909546 2.3755181481057495 0.9848012328147888 0.8252303600311279
57 0.30656561255455017 2.655985544293551 0.9910351634025574 0.8322027325630188 0.30656543374061584 2.3849354714778803 0.989983320236206 0.8322026133537292
58 0.30899578332901 2.6580710272032726 1.0050560235977173 0.8552770018577576 0.3089955449104309 2.391124427072954 1.0041385889053345 0.8552749752998352
59 0.3088494837284088 2.6581118378382773 0.9930500984191895 0.8552922010421753 0.30884963274002075 2.389782222778838 0.9926812052726746 0.855292022228241
60 0.33043646812438965 2.655942122465547 0.987809419631958 0.8589208722114563 0.3304365277290344 2.332486009227345 0.9790856242179871 0.8589210510253906
61 0.3258768916130066 2.6577361840723475 0.9915076494216919 0.8610666990280151 0.3258766531944275 2.3538127466836922 0.9858260750770569 0.8610689043998718
62 0.3258768916130066 2.6577361840723475 0.992438554763794 0.8610666990280151 0.3258766531944275 2.3538127466836922 0.9867034554481506 0.8610689043998718
63 0.34027689695358276 2.6576320826475426 0.9777464270591736 0.6333431005477905 0.3402770459651947 2.3577720434157072 0.9734524488449097 0.6333402395248413
64 0.3428821861743927 2.6581843046319813 0.9779195189476013 0.6325837969779968 0.3428821861743927 2.35691582521225 0.9735024571418762 0.6325865387916565
65 0.32334715127944946 2.6582668804953964 0.9718264937400818 0.6299729347229004 0.32334694266319275 2.3684188042808496 0.9695257544517517 0.6299700736999512
66 0.3233465254306793 2.6582661712793696 0.9718261957168579 0.6299735903739929 0.32334667444229126 2.3684229314566845 0.9695260524749756 0.6299706101417542
67 0.3275471031665802 2.658027457901761 0.9786010980606079 0.6281284689903259 0.3275468945503235 2.328912424466562 0.9698619842529297 0.6281262040138245
68 0.3240283727645874 2.6578303123100397 0.9771354794502258 0.6269429326057434 0.3240283131599426 2.3338151205060456 0.9692274928092957 0.6269404888153076
69 0.3268604874610901 2.657951044563321 0.981997549533844 0.6330735683441162 0.3268604576587677 2.335513380040475 0.9740584492683411 0.6330735683441162
70 0.32501086592674255 2.6578273146327644 0.9874210357666016 0.6436107158660889 0.32501083612442017 2.3351802195336973 0.9796651601791382 0.6436106562614441
71 0.32501086592674255 2.6578273146327644 0.9874210357666016 0.6436107158660889 0.32501083612442017 2.3351802195336973 0.9796651601791382 0.6436106562614441
72 0.33432507514953613 2.658891980871139 0.99546217918396 0.6719959378242493 0.3343251347541809 2.3445237866793764 0.9887436628341675 0.6719933152198792
73 0.33494141697883606 2.6597932012952 0.9957506060600281 0.6688508987426758 0.334941565990448 2.344485885131415 0.9889076352119446 0.6688534021377563
74 0.33518677949905396 2.660018987400208 0.9959046244621277 0.6699298024177551 0.33518677949905396 2.3450541842179757 0.9891522526741028 0.6699296236038208
75 0.32991018891334534 2.6779466669900005 0.9951203465461731 0.6590606570243835 0.32991018891334534 2.478588221694551 1.0087180137634277 0.6590603590011597
76 0.3332633972167969 2.681624250899858 0.9986225366592407 0.8284671306610107 0.33326321840286255 2.511347243054613 1.016956090927124 0.8284671306610107
77 0.3252808451652527 2.684158542501339 0.9937722682952881 0.8268964290618896 0.3252807557582855 2.5214167520541713 1.014058232307434 0.8268976211547852
78 0.3258698582649231 2.684524444906761 0.9935339093208313 0.8266193270683289 0.3258698582649231 2.5217988522735215 1.0138986110687256 0.8266193270683289
79 0.32984668016433716 2.684289839507079 1.007021188735962 0.8329245448112488 0.3298465609550476 2.521295855797727 1.0262278318405151 0.8329256176948547
80 0.3315322995185852 2.6846231592315335 1.006481409072876 0.8319788575172424 0.3315323293209076 2.5241948948915627 1.0261801481246948 0.831978976726532
81 0.3315322995185852 2.6846231592315335 1.006481409072876 0.8319788575172424 0.3315323293209076 2.5241948948915627 1.0261801481246948 0.831978976726532
82 0.33421069383621216 2.7143524305138222 1.0022246837615967 0.8321875333786011 0.33421069383621216 2.5768702467060427 1.0304611921310425 0.8321875333786011
83 0.34564492106437683 2.709451987880763 1.012559175491333 0.8452304601669312 0.3456447124481201 2.5776028816664467 1.0399894714355469 0.8452302813529968
84 0.3453030586242676 2.7095961213173405 1.012485384941101 0.8452129364013672 0.3453030586242676 2.577607651457435 1.0399110317230225 0.8452129364013672
85 0.34388840198516846 2.7090198836821506 1.030293583869934 0.8622077107429504 0.34388846158981323 2.5761666810015456 1.0560412406921387 0.862209141254425
86 0.34388840198516846 2.7090198836821506 1.030293583869934 0.8622077107429504 0.34388846158981323 2.5761666810015456 1.0560412406921387 0.862209141254425
87 0.3547202944755554 2.711537945015697 1.1088416576385498 0.865419328212738 0.35472020506858826 2.575640324923524 1.1280758380889893 0.8654188513755798
88 0.3505863845348358 2.7128037542154 1.091249704360962 0.8463416695594788 0.3505867123603821 2.575084511102783 1.111545443534851 0.846342146396637
89 0.33702972531318665 2.714702761489433 1.0787851810455322 0.8376355171203613 0.33702966570854187 2.581119884739061 1.1009535789489746 0.8376352190971375
90 0.3387136161327362 2.7150312767969518 1.0789884328842163 0.838348925113678 0.3387135863304138 2.58289255784216 1.1013981103897095 0.8383486270904541
91 0.3387136161327362 2.7150312767969518 1.0789884328842163 0.838348925113678 0.3387135863304138 2.58289255784216 1.1013981103897095 0.8383486270904541
92 0.3400983214378357 2.7152049463206955 1.0799312591552734 0.8497780561447144 0.3400983214378357 2.5943089215067094 1.1038997173309326 0.8497780561447144
93 0.3411566913127899 2.716045839073105 1.101637840270996 0.8457221984863281 0.34115684032440186 2.595870045792132 1.1240921020507813 0.8457229733467102
94 0.32616573572158813 2.7069367935518893 1.0572999715805054 0.8484449982643127 0.32616594433784485 2.502950506218872 1.0693172216415405 0.8484449982643127
95 0.319323867559433 2.702464603987277 1.0627802610397339 0.8480567336082458 0.319323867559433 2.479911281856836 1.071038007736206 0.8480556011199951
96 0.319323867559433 2.702464603987277 1.0627802610397339 0.8480567336082458 0.319323867559433 2.479911281856836 1.071038007736206 0.8480556011199951
97 0.3459693491458893 2.6972206841240114 1.0909303426742554 0.878189206123352 0.34596917033195496 2.4915269258811756 1.0989246368408203 0.8781881332397461
98 0.3503004014492035 2.6970327776424017 1.0991365909576416 0.8823733925819397 0.3503004014492035 2.4829613946660594 1.1053297519683838 0.8823736906051636
99 0.3499094545841217 2.7006184794463213 1.099660873413086 0.8837745785713196 0.3499094247817993 2.4845884990008225 1.105963945388794 0.8837742209434509
100 0.3402767479419708 2.6967750015955434 1.131513237953186 0.8846282958984375 0.340276837348938 2.4699422512031277 1.1336565017700195 0.8846291303634644
101 0.3402767479419708 2.6967750015955434 1.131513237953186 0.8846282958984375 0.340276837348938 2.4699422512031277 1.1336565017700195 0.8846291303634644
102 0.3412918746471405 2.698792177322547 1.1339393854141235 0.8862900733947754 0.34129178524017334 2.4682114127884707 1.1357473134994507 0.8862910866737366
103 0.3371255099773407 2.698576011974165 1.1335532665252686 0.888015866279602 0.3371254503726959 2.46330546935258 1.1347098350524902 0.8880148530006409
104 0.32608675956726074 2.695416668464781 1.1303825378417969 0.8787783980369568 0.32608678936958313 2.4627989786522138 1.1317003965377808 0.8787783980369568
105 0.3350641429424286 2.700711048768471 1.1308404207229614 0.8806605935096741 0.3350644111633301 2.4703725666782077 1.1331651210784912 0.8806615471839905
106 0.3350641429424286 2.700711048768471 1.1308404207229614 0.8806605935096741 0.3350644111633301 2.4703725666782077 1.1331651210784912 0.8806615471839905
107 0.33503925800323486 2.700729850133644 1.1309068202972412 0.8807732462882996 0.33503928780555725 2.4704018150041946 1.1332300901412964 0.880773663520813
108 0.3342052102088928 2.699728473251078 1.1315587759017944 0.8832356333732605 0.33420529961586 2.4678793650401096 1.1334718465805054 0.8832350969314575
109 0.33569878339767456 2.699804884879394 1.1321877241134644 0.8839365243911743 0.33569878339767456 2.466919892114194 1.1339277029037476 0.8839364647865295
110 0.3266937732696533 2.7028374901566132 1.1308493614196777 0.8762856721878052 0.32669371366500854 2.501509742534006 1.1375631093978882 0.8762864470481873
111 0.3266937732696533 2.7028374901566132 1.1308493614196777 0.8762856721878052 0.32669371366500854 2.501509742534006 1.1375631093978882 0.8762864470481873
112 0.33000630140304565 2.697293294974631 1.1266907453536987 0.8801278471946716 0.33000630140304565 2.494157127479219 1.1326768398284912 0.8801276087760925
113 0.3224451541900635 2.683684338822541 1.1205706596374512 0.8734017014503479 0.32244542241096497 2.550222252005024 1.1348249912261963 0.8734028339385986
114 0.3219527304172516 2.6836407109825946 1.118557095527649 0.8732765913009644 0.3219527304172516 2.549247121516663 1.132886528968811 0.8732755780220032
115 0.3056916892528534 2.6861516770622695 1.1115070581436157 0.8537255525588989 0.3056916892528534 2.639910235766652 1.1393688917160034 0.8537255525588989
116 0.3056916892528534 2.6861516770622695 1.1115070581436157 0.8537255525588989 0.3056916892528534 2.639910235766652 1.1393688917160034 0.8537255525588989
117 0.32255664467811584 2.6840416874325204 1.1102365255355835 0.8700705766677856 0.32255667448043823 2.610698593790246 1.1339659690856934 0.8700705766677856
118 0.32255664467811584 2.6840416874325204 1.110346794128418 0.8700705766677856 0.32255667448043823 2.610698593790246 1.1340705156326294 0.8700705766677856
119 0.3125530481338501 2.683892003355494 1.103226661682129 0.8594966530799866 0.31255313754081726 2.6030044733217355 1.1264278888702393 0.8594966530799866
120 0.31078746914863586 2.682993583107902 1.1022971868515015 0.8596651554107666 0.3107872009277344 2.6003605030804957 1.1251699924468994 0.85966557264328
121 0.31078746914863586 2.682993583107902 1.1022971868515015 0.8596651554107666 0.3107872009277344 2.6003605030804957 1.1251699924468994 0.85966557264328
122 0.3062707185745239 2.687485940123351 1.0961804389953613 0.8364681005477905 0.3062707185745239 2.620750364127839 1.122583270072937 0.8364681005477905
123 0.30339810252189636 2.6830643184365077 1.0977262258529663 0.8409698009490967 0.3033981919288635 2.6103149264278414 1.122415542602539 0.8409685492515564
124 0.30339810252189636 2.6830643184365077 1.0977262258529663 0.8409698009490967 0.3033981919288635 2.6103149264278414 1.122415542602539 0.8409685492515564
125 0.3059968948364258 2.684067557034707 1.0988224744796753 0.8424898982048035 0.30599674582481384 2.6137139240621816 1.1239418983459473 0.8424898386001587
126 0.3059968948364258 2.684067557034707 1.0988224744796753 0.8424898982048035 0.30599674582481384 2.6137139240621816 1.1239418983459473 0.8424898386001587
127 0.29676464200019836 2.684268305930827 1.0965969562530518 0.8363202810287476 0.29676467180252075 2.6067983158127177 1.120884895324707 0.8363208770751953
128 0.29658451676368713 2.6958955918582004 1.096777319908142 0.8352958559989929 0.29658445715904236 2.586170263677945 1.1180574893951416 0.8352972269058228
129 0.3010929524898529 2.6960219776114625 1.1010158061981201 0.820078432559967 0.30109310150146484 2.590212700884994 1.1227195262908936 0.820078432559967
130 0.3010745644569397 2.696383894519389 1.1006438732147217 0.8205799460411072 0.3010746240615845 2.592257368917992 1.122678279876709 0.8205800652503967
131 0.3010745644569397 2.696383894519389 1.1006438732147217 0.8205799460411072 0.3010746240615845 2.592257368917992 1.122678279876709 0.8205800652503967
132 0.30178940296173096 2.6967909593680988 1.1012153625488281 0.8207833766937256 0.3017895221710205 2.5913892056443255 1.123085379600525 0.8207836151123047
133 0.31587663292884827 2.695798172864142 1.111106514930725 0.8170450925827026 0.31587672233581543 2.591472661718847 1.1319249868392944 0.8170461058616638
134 0.3287280201911926 2.6816366109871264 1.106640100479126 0.8233490586280823 0.32872796058654785 2.528212126571131 1.1188526153564453 0.8233492970466614
135 0.31708210706710815 2.67835798937597 1.097993016242981 0.8209169507026672 0.31708213686943054 2.5358918587848494 1.112223505973816 0.8209161162376404
136 0.31708210706710815 2.67835798937597 1.097993016242981 0.8209169507026672 0.31708213686943054 2.5358918587848494 1.112223505973816 0.8209161162376404
137 0.3131829500198364 2.678425302217043 1.0982648134231567 0.8204717040061951 0.3131833076477051 2.5357376678274535 1.112431526184082 0.8204728364944458
138 0.3123035430908203 2.6783048860272913 1.098960518836975 0.8168272376060486 0.3123035132884979 2.526401041395901 1.11183762550354 0.8168272376060486
139 0.31037941575050354 2.671977396036962 1.0971436500549316 0.8183608055114746 0.310379296541214 2.5005125357682365 1.1063721179962158 0.8183597922325134
140 0.3085917532444 2.676541644453584 1.1174343824386597 0.8299901485443115 0.3085918426513672 2.493601232569094 1.1242042779922485 0.8299885988235474
141 0.3085917532444 2.676541644453584 1.1174343824386597 0.8299901485443115 0.3085918426513672 2.493601232569094 1.1242042779922485 0.8299885988235474
142 0.3198833465576172 2.677911365435077 1.120111107826233 0.8366297483444214 0.3198833763599396 2.4895530419746943 1.1261415481567383 0.8366297483444214
143 0.3188088536262512 2.6622548920015254 1.1206015348434448 0.8356201648712158 0.3188088536262512 2.4979815194991755 1.1278588771820068 0.8356201648712158
144 0.3188749849796295 2.6622274008015845 1.1166812181472778 0.8356258273124695 0.3188753128051758 2.4978837903839475 1.1241958141326904 0.8356276154518127
145 0.31958314776420593 2.6629379241535536 1.1106799840927124 0.8337422013282776 0.31958335638046265 2.50978320355296 1.1202937364578247 0.833741307258606
146 0.31958314776420593 2.6629379241535536 1.1106799840927124 0.8337422013282776 0.31958335638046265 2.50978320355296 1.1202937364578247 0.833741307258606
147 0.3185517489910126 2.6645825529162153 1.1121236085891724 0.8358268737792969 0.31855177879333496 2.5058294856520735 1.121101975440979 0.8358269333839417
148 0.3205101788043976 2.6646557024187842 1.1120985746383667 0.829967200756073 0.3205101191997528 2.5042318341133005 1.1208401918411255 0.8299681544303894
149 0.3225090503692627 2.663935781612357 1.109806776046753 0.832550048828125 0.3225089907646179 2.525459167550847 1.1216521263122559 0.8325493335723877
150 0.3215709626674652 2.663928216794479 1.1102296113967896 0.8330508470535278 0.32157111167907715 2.52550389458959 1.1220791339874268 0.833052396774292
151 0.3215709626674652 2.663928216794479 1.1102296113967896 0.8330508470535278 0.32157111167907715 2.52550389458959 1.1220791339874268 0.833052396774292
152 0.3263815939426422 2.6622857884793807 1.117279291152954 0.8384615182876587 0.3263814151287079 2.5167976254734756 1.127414584159851 0.8384612202644348
153 0.3384134769439697 2.6558072448237278 1.1207913160324097 0.8787086009979248 0.3384134769439697 2.500337728760208 1.1284056901931763 0.8787084221839905
154 0.3365095555782318 2.6593129131455244 1.121373176574707 0.8782079815864563 0.3365095555782318 2.5213329688282466 1.131882905960083 0.8782080411911011
155 0.3323434591293335 2.659139327095671 1.1218856573104858 0.8774712085723877 0.3323434591293335 2.516763446332375 1.131719946861267 0.8774722218513489
156 0.3323434591293335 2.659139327095671 1.1218856573104858 0.8774712085723877 0.3323434591293335 2.516763446332375 1.131719946861267 0.8774722218513489
157 0.3323434591293335 2.659139327095671 1.1247550249099731 0.8774712085723877 0.3323434591293335 2.516763446332375 1.1343859434127808 0.8774722218513489
158 0.3263787031173706 2.6654097829846117 1.109617829322815 0.8798602819442749 0.32637885212898254 2.494449495382835 1.1170368194580078 0.8798600435256958
159 0.32864946126937866 2.6721031399877373 1.1202179193496704 0.8813904523849487 0.32864946126937866 2.474554456772048 1.1240177154541016 0.8813896179199219
160 0.3286372423171997 2.6731020019707006 1.1164495944976807 0.8733366131782532 0.3286370635032654 2.4897451722783974 1.1225225925445557 0.8733381032943726
161 0.3286372423171997 2.6731020019707006 1.1164495944976807 0.8733366131782532 0.3286370635032654 2.4897451722783974 1.1225225925445557 0.8733381032943726
162 0.328641802072525 2.6751926521274902 1.1164501905441284 0.8738980889320374 0.32864195108413696 2.4860996426255038 1.121971845626831 0.8738978505134583
163 0.3298978805541992 2.674151937639408 1.11654794216156 0.9840347766876221 0.32989805936813354 2.486226664056948 1.1220585107803345 0.984036386013031
164 0.33269479870796204 2.6730203560245775 1.1176791191101074 1.007092833518982 0.3326948583126068 2.491556640876167 1.1238744258880615 1.007094144821167
165 0.3333057165145874 2.673398069353938 1.1118931770324707 1.0078800916671753 0.3333059549331665 2.4951065072525846 1.1187472343444824 1.007879614830017
166 0.3333057165145874 2.673398069353938 1.1118931770324707 1.0078800916671753 0.3333059549331665 2.4951065072525846 1.1187472343444824 1.007879614830017
167 0.3356035649776459 2.672544519644986 1.1231557130813599 1.0143650770187378 0.3356036841869354 2.466911970160949 1.1253339052200317 1.0143665075302124
168 0.3405536711215973 2.6730635247061962 1.1288138628005981 1.0194659233093262 0.3405536711215973 2.4778409757251643 1.1321451663970947 1.0194662809371948
169 0.338081955909729 2.6711176090608717 1.127939224243164 1.017464518547058 0.3380816578865051 2.470292986908217 1.1302789449691772 1.0174658298492432
170 0.33626115322113037 2.669777766842254 1.1293671131134033 1.0183824300765991 0.3362613022327423 2.470717008494998 1.1316896677017212 1.0183839797973633
171 0.33626115322113037 2.669777766842254 1.1293671131134033 1.0183824300765991 0.3362613022327423 2.470717008494998 1.1316896677017212 1.0183839797973633
172 0.33657944202423096 2.6697747692809775 1.1300721168518066 1.0186418294906616 0.33657965064048767 2.470690455213024 1.1323449611663818 1.018640160560608
173 0.33804938197135925 2.6638766331301795 1.125070333480835 1.0644218921661377 0.33804938197135925 2.5350438982683494 1.1365145444869995 1.0644218921661377
174 0.3429197371006012 2.661834338388537 1.1266790628433228 1.062021255493164 0.34291988611221313 2.521029597682774 1.1362444162368774 1.062021255493164
175 0.343758761882782 2.666786980342305 1.1270724534988403 1.0756568908691406 0.34375855326652527 2.536453667228754 1.1388843059539795 1.0756570100784302
176 0.343758761882782 2.666786980342305 1.1270724534988403 1.0756568908691406 0.34375855326652527 2.536453667228754 1.1388843059539795 1.0756570100784302
177 0.343392550945282 2.6566375298506992 1.1288634538650513 1.0765796899795532 0.343392550945282 2.503036225786284 1.1359003782272339 1.0765807628631592
178 0.34264320135116577 2.6563370648370297 1.1165717840194702 1.0764771699905396 0.34264323115348816 2.504068862828949 1.1246060132980347 1.0764771699905396
179 0.3478364050388336 2.6546055883751425 1.1195156574249268 1.08204984664917 0.3478361666202545 2.496023997221077 1.1262309551239014 1.0820499658584595
180 0.3480621874332428 2.654592432362782 1.119140625 1.0820496082305908 0.34806227684020996 2.4958613144851314 1.1258598566055298 1.0820509195327759
181 0.3480621874332428 2.654592432362782 1.119140625 1.0820496082305908 0.34806227684020996 2.4958613144851314 1.1258598566055298 1.0820509195327759
182 0.33751022815704346 2.6530239581260844 1.1209789514541626 1.1161848306655884 0.33751025795936584 2.504856827905436 1.1288340091705322 1.1161832809448242
183 0.3372165560722351 2.6533537574761503 1.1200839281082153 1.115250825881958 0.3372165560722351 2.5059237751262122 1.1281498670578003 1.115250825881958
184 0.3376055359840393 2.6534006474270955 1.1201444864273071 1.1153051853179932 0.33760562539100647 2.5059604489791836 1.1282111406326294 1.1153053045272827
185 0.3102598488330841 2.654142029619237 1.101868987083435 1.0976998805999756 0.31026002764701843 2.560392369303591 1.1192601919174194 1.09769868850708
186 0.3102598488330841 2.654142029619237 1.101868987083435 1.0976998805999756 0.31026002764701843 2.560392369303591 1.1192601919174194 1.09769868850708
187 0.3073388338088989 2.6547588844724954 1.0989489555358887 1.0965309143066406 0.3073388934135437 2.563508596102376 1.117096185684204 1.0965310335159302
188 0.32060450315475464 2.6536886754383326 1.1023502349853516 1.0983880758285522 0.32060444355010986 2.5642176101851057 1.1203197240829468 1.0983880758285522
189 0.33205705881118774 2.6510994441633984 1.1193976402282715 1.1129519939422607 0.3320571482181549 2.5632419149085255 1.1359782218933105 1.1129518747329712
190 0.334786981344223 2.652596834205105 1.1062679290771484 1.1093722581863403 0.3347868323326111 2.5693243062936046 1.1245486736297607 1.1093723773956299
191 0.334786981344223 2.652596834205105 1.1062679290771484 1.1093722581863403 0.3347868323326111 2.5693243062936046 1.1245486736297607 1.1093723773956299
192 0.32051998376846313 2.6524753060324597 1.1017067432403564 1.1041196584701538 0.3205201029777527 2.5659642275036343 1.1198530197143555 1.1041181087493896
193 0.3152114152908325 2.6528665209940705 1.1120879650115967 1.09986412525177 0.3152114152908325 2.564942608528957 1.1292815208435059 1.099865436553955
194 0.3129979074001312 2.643897932947614 1.1133513450622559 1.090893030166626 0.3129979968070984 2.5139965761516265 1.123289942741394 1.0908931493759155
195 0.3136274218559265 2.6439265317472396 1.1144402027130127 1.09112548828125 0.31362736225128174 2.507503460572747 1.1234484910964966 1.0911239385604858
196 0.30351826548576355 2.658689091440473 1.0916171073913574 0.9091197848320007 0.30351826548576355 2.554385627210004 1.1090068817138672 0.909118115901947
197 0.2958963215351105 2.6539537342796775 1.0964220762252808 0.9072039723396301 0.29589608311653137 2.5457515748469968 1.1123236417770386 0.9072037935256958
198 0.2995109558105469 2.6623123784756952 1.0976957082748413 0.9191742539405823 0.2995110750198364 2.5719276025774405 1.1172876358032227 0.9191758632659912
199 0.3029709458351135 2.662665502762485 1.1006535291671753 0.923592209815979 0.30297085642814636 2.5786964061820337 1.1210076808929443 0.9235920310020447
200 0.30160093307495117 2.662165680203466 1.1008884906768799 0.9226486682891846 0.3016011118888855 2.575171225214649 1.1207455396652222 0.9226503372192383
201 0.30160093307495117 2.662165680203466 1.1008884906768799 0.9226486682891846 0.3016011118888855 2.575171225214649 1.1207455396652222 0.9226503372192383
202 0.30145853757858276 2.6547540349809657 1.102488398551941 0.9221434593200684 0.30145859718322754 2.610774467702192 1.1273390054702759 0.922143280506134
203 0.29863524436950684 2.654754688834458 1.1010857820510864 0.9211758971214294 0.29863521456718445 2.6093000446677523 1.125842809677124 0.9211760759353638
204 0.3154612183570862 2.653654988342466 1.0897600650787354 0.9240220785140991 0.3154613971710205 2.609561396461506 1.1154893636703491 0.9240220785140991
205 0.315219521522522 2.652685932410485 1.0920056104660034 0.9247049689292908 0.3152194023132324 2.6057280051882454 1.1169699430465698 0.9247047305107117
206 0.3118383586406708 2.67010308163013 1.0733842849731445 0.898505687713623 0.3118382394313812 2.609286283823333 1.1002343893051147 0.8985037803649902
207 0.312105655670166 2.665297130271037 1.0734056234359741 0.8986110091209412 0.3121055066585541 2.6166119871777562 1.1013352870941162 0.8986112475395203
208 0.31647950410842896 2.666276316674927 1.0735912322998047 0.9004831910133362 0.3164793848991394 2.621786462342907 1.1022531986236572 0.9004830718040466
209 0.3173127770423889 2.668549639012392 1.074584722518921 0.9030569791793823 0.3173128068447113 2.759844156332977 1.1241387128829956 0.9030571579933167
210 0.3129691481590271 2.670571804105812 1.0716147422790527 0.9030903577804565 0.3129691183567047 2.7648822459058655 1.1222362518310547 0.9030886292457581
211 0.3129691481590271 2.670571804105812 1.0716147422790527 0.9030903577804565 0.3129691183567047 2.7648822459058655 1.1222362518310547 0.9030886292457581
212 0.31232377886772156 2.6689242796598394 1.0706205368041992 0.9047484993934631 0.3123238682746887 2.7029907682345673 1.1117841005325317 0.9047480225563049
213 0.31230396032333374 2.6689330785827807 1.0710772275924683 0.904787003993988 0.31230396032333374 2.7029966773818104 1.1121987104415894 0.9047887325286865
214 0.3118731677532196 2.65662615443873 1.0709182024002075 0.9024742245674133 0.31187334656715393 2.6043867182103178 1.0971193313598633 0.9024739861488342
215 0.3156002163887024 2.651060493358835 1.0794144868850708 0.8998889923095703 0.3156002163887024 2.575760331157389 1.1005977392196655 0.8998892903327942
216 0.3156002163887024 2.651060493358835 1.0794144868850708 0.8998889923095703 0.3156002163887024 2.575760331157389 1.1005977392196655 0.8998892903327942
217 0.31515273451805115 0.7647361516482443 1.0805046558380127 0.9086207151412964 0.3151526153087616 3.6745486243772834 1.284039855003357 0.9086207747459412
218 0.3237830400466919 0.7033747538204028 1.08091139793396 0.9099443554878235 0.3237830698490143 3.489982102951716 1.2515619993209839 0.9099443554878235
219 0.3237830400466919 0.8848469731208853 1.0808833837509155 0.9099443554878235 0.3237830698490143 3.8048689781591194 1.3079310655593872 0.9099443554878235
220 0.3237830400466919 0.7404039941270671 1.0663307905197144 0.9043230414390564 0.3237830698490143 3.5883955703951673 1.2564473152160645 0.9043230414390564
221 0.3237830400466919 0.7404039941270671 1.0663307905197144 0.9043230414390564 0.3237830698490143 3.5883955703951673 1.2564473152160645 0.9043230414390564
222 0.32572516798973083 0.8699629742869998 1.0672789812088013 0.9072469472885132 0.325725257396698 3.719848071654601 1.2810107469558716 0.9072471857070923
223 0.32529541850090027 0.928448858375276 1.0625019073486328 0.9053369164466858 0.325295627117157 3.7583792443744697 1.2843585014343262 0.9053372144699097
224 0.3288508653640747 0.9342907614393314 1.0648900270462036 0.9363865852355957 0.328850656747818 3.7612494725597756 1.2867465019226074 0.9363868236541748
225 0.3321729004383087 0.9256450360838875 1.0807254314422607 0.9420291781425476 0.33217287063598633 3.7617589045688993 1.2992192506790161 0.942030668258667
226 0.3321729004383087 0.9256450360838875 1.0807254314422607 0.9420291781425476 0.33217287063598633 3.7617589045688993 1.2992192506790161 0.942030668258667
227 0.3339895009994507 0.9172042422523604 1.0805697441101074 0.9439253807067871 0.33398953080177307 3.7296686409908273 1.2932628393173218 0.9439252018928528
228 0.33959266543388367 0.9297145844731071 1.1056134700775146 1.1028445959091187 0.33959251642227173 3.731315098469817 1.313309669494629 1.1028430461883545
229 0.340388685464859 0.9296327198852734 1.1057920455932617 1.102990746498108 0.34038880467414856 3.731525379443206 1.3134852647781372 1.1029905080795288
230 0.32489991188049316 0.9235304213746698 1.1031036376953125 1.1008737087249756 0.32489991188049316 3.73007596561394 1.311112642288208 1.1008737087249756
231 0.32489991188049316 0.9235304213746698 1.1031036376953125 1.1008737087249756 0.32489991188049316 3.73007596561394 1.311112642288208 1.1008737087249756
232 0.3246397376060486 0.9236628928473557 1.0919008255004883 1.1005640029907227 0.3246397376060486 3.7292101220667964 1.302139163017273 1.100563883781433
233 0.32463961839675903 0.9236689574658581 1.0903187990188599 1.0790977478027344 0.32463961839675903 3.729211644986475 1.3008956909179688 1.0790964365005493
234 0.3240143656730652 0.9235153752822848 1.0902915000915527 1.0790765285491943 0.3240145444869995 3.7291227037945904 1.300859808921814 1.0790766477584839
235 0.3240143656730652 0.9252153731701022 1.0908873081207275 1.0790765285491943 0.3240145444869995 3.774970902910736 1.3096153736114502 1.0790766477584839
236 0.3240143656730652 0.9252153731701022 1.0908873081207275 1.0790765285491943 0.3240145444869995 3.774970902910736 1.3096153736114502 1.0790766477584839
237 0.3227185010910034 0.9263729872641367 1.092391848564148 1.083808183670044 0.3227185904979706 3.782631072800484 1.3122509717941284 1.083809494972229
238 0.32521870732307434 0.8862142120222547 1.1060277223587036 1.0837974548339844 0.3252187669277191 3.754343144872067 1.3178706169128418 1.0837962627410889
239 0.32744255661964417 0.8838047967411988 1.114055871963501 1.088300108909607 0.32744258642196655 3.7523593372912316 1.323801875114441 1.088299036026001
240 0.3224658668041229 0.892804577821625 1.1019675731658936 1.0768648386001587 0.3224656879901886 3.748230888129261 1.3135766983032227 1.0768648386001587
241 0.32156163454055786 0.8983363767454361 1.1012660264968872 1.079511284828186 0.3215617537498474 3.754763723134256 1.3141355514526367 1.079512596130371
242 0.31360432505607605 0.9026451510361716 1.1001594066619873 1.0815953016281128 0.3136045038700104 3.7614528557348095 1.314488172531128 1.081597089767456
243 0.3246704041957855 0.8861815701332896 1.1076966524124146 1.0867774486541748 0.3246704638004303 3.7524395797581183 1.323860764503479 1.0867764949798584
244 0.3007555305957794 0.8763624989240872 1.1003535985946655 1.0817723274230957 0.30075564980506897 3.755164331280758 1.3185855150222778 1.0817724466323853
245 0.3034552335739136 0.8751582120845365 1.104803442955017 1.1252028942108154 0.303455114364624 3.7552771074018154 1.3238955736160278 1.1252025365829468
246 0.30344802141189575 0.8751484809666361 1.1048012971878052 1.125199556350708 0.30344799160957336 3.7552727961111483 1.3238939046859741 1.125200629234314
247 0.3024718761444092 0.883580195972267 1.1240710020065308 1.1079695224761963 0.302471786737442 3.7677053142774994 1.354958176612854 1.1079695224761963
248 0.3033808171749115 0.8926773027947894 1.1202409267425537 1.1099804639816284 0.3033810257911682 3.7763798225057603 1.3533676862716675 1.1099820137023926
249 0.30487892031669617 0.8974592174244755 1.12540602684021 1.1098052263259888 0.3048788905143738 3.770766309250185 1.3564457893371582 1.1098051071166992
250 0.3040314018726349 0.9568404228017696 1.121142864227295 1.108367681503296 0.30403149127960205 3.7585814133976916 1.3509647846221924 1.108368992805481
251 0.3040314018726349 0.9568404228017696 1.121142864227295 1.108367681503296 0.30403149127960205 3.7585814133976916 1.3509647846221924 1.108368992805481
252 0.3086993098258972 0.9623896635581011 1.1246994733810425 1.1091175079345703 0.3086993992328644 3.7536678766849416 1.3528952598571777 1.1091190576553345
253 0.30961355566978455 0.9593737261427159 1.1256381273269653 1.1075955629348755 0.3096136450767517 3.751796046537517 1.3532651662826538 1.1075959205627441
254 0.30887681245803833 0.9964380899846558 1.1295000314712524 1.1069401502609253 0.3088768720626831 3.861911962943853 1.3755793571472168 1.106941819190979
255 0.3096683621406555 0.9968705433108365 1.1435492038726807 1.1070334911346436 0.3096682131290436 3.861911410169058 1.3864109516143799 1.107033371925354
256 0.3175700604915619 1.0019977935497568 1.145210862159729 1.1086726188659668 0.3175699710845947 3.862778569404825 1.3878449201583862 1.1086724996566772
257 0.3154502511024475 1.0025856560640976 1.1457639932632446 1.1062294244766235 0.3154503405094147 3.862492289692728 1.3882358074188232 1.106229543685913
258 0.319137841463089 1.000563141056224 1.1457430124282837 1.105339527130127 0.3191378712654114 3.861204665655748 1.3879976272583008 1.1053394079208374
259 0.3206787705421448 1.1030372757178077 1.1481430530548096 1.1032662391662598 0.3206788897514343 3.9115639883155104 1.3986645936965942 1.1032648086547852
260 0.32073935866355896 1.1030217522026258 1.1481444835662842 1.1032615900039673 0.32073935866355896 3.9115495463445753 1.3986637592315674 1.1032617092132568
261 0.32073935866355896 1.1030217522026258 1.1481444835662842 1.1032615900039673 0.32073935866355896 3.9115495463445753 1.3986637592315674 1.1032617092132568
262 0.3203609883785248 1.1030011943843314 1.145203948020935 1.1033520698547363 0.3203608989715576 3.9129212260760817 1.3966323137283325 1.1033507585525513
263 0.32046234607696533 1.1033748085952388 1.1448408365249634 1.1010065078735352 0.32046228647232056 3.9131389903889007 1.3963927030563354 1.1010080575942993
264 0.3252769708633423 1.1020108606535557 1.145499348640442 1.1036192178726196 0.3252769708633423 3.9138599338624322 1.3975846767425537 1.1036176681518555
265 0.32525527477264404 0.7530023458694117 1.1375701427459717 1.098266363143921 0.32525527477264404 3.7638782208957653 1.3652316331863403 1.0982662439346313
266 0.32525527477264404 0.7530023458694117 1.1375701427459717 1.098266363143921 0.32525527477264404 3.7638782208957653 1.3652316331863403 1.0982662439346313
267 0.3258809447288513 0.7456511886828985 1.1332076787948608 1.0979129076004028 0.32588088512420654 3.690933289987999 1.3492095470428467 1.097914457321167
268 0.32464566826820374 0.7202370985742829 1.1329246759414673 1.0991421937942505 0.3246458172798157 3.7160940360129286 1.353314995765686 1.0991408824920654
269 0.3175639510154724 0.5786043007525062 1.1314706802368164 1.102798342704773 0.31756389141082764 3.626273038001334 1.3367500305175781 1.1027991771697998
270 0.3175639510154724 0.6362399788581302 1.1424362659454346 1.102798342704773 0.31756389141082764 3.6582573779358327 1.3508961200714111 1.1027991771697998
271 0.3175639510154724 0.6362399788581302 1.1424362659454346 1.102798342704773 0.31756389141082764 3.6582573779358327 1.3508961200714111 1.1027991771697998
272 0.32928434014320374 0.6458799628956016 1.1398365497589111 1.1037802696228027 0.3292843699455261 3.696942273372343 1.3554446697235107 1.1037806272506714
273 0.33194369077682495 0.6431372333853442 1.1369472742080688 1.1007866859436035 0.3319436311721802 3.699888574853452 1.3532049655914307 1.100785255432129
274 0.33840513229370117 1.0972377709374386 1.1374379396438599 1.0987473726272583 0.3384053409099579 3.894044667058496 1.3874061107635498 1.098746418952942
275 0.33723387122154236 1.0965519303588827 1.1371326446533203 1.098434567451477 0.33723387122154236 3.8939634552655575 1.387160062789917 1.0984348058700562
276 0.33735543489456177 1.0965800649931363 1.1371266841888428 1.0984209775924683 0.33735552430152893 3.893932425063246 1.3871498107910156 1.0984212160110474
277 0.33754828572273254 1.0961955647415658 1.1334052085876465 1.0983407497406006 0.33754828572273254 3.8936066434197834 1.3842344284057617 1.098340630531311
278 0.33584386110305786 1.1007761925947817 1.134856104850769 1.0968904495239258 0.335843950510025 3.9006164577593707 1.38655686378479 1.096890926361084
279 0.3321684002876282 1.1022304811819228 1.1344184875488281 1.0961498022079468 0.33216819167137146 3.8848252220489354 1.3834469318389893 1.0961495637893677
280 0.3305142819881439 0.9308002441058666 1.1319254636764526 1.0942621231079102 0.3305143415927887 3.7973118829797814 1.3661532402038574 1.0942606925964355
281 0.3305142819881439 0.9308002441058666 1.1319254636764526 1.0942621231079102 0.3305143415927887 3.7973118829797814 1.3661532402038574 1.0942606925964355
282 0.33080169558525085 0.9451645613297565 1.1294293403625488 1.0941747426986694 0.3308016061782837 3.737233925430253 1.3537406921386719 1.094174861907959
283 0.3308495879173279 0.9449813927368024 1.1317152976989746 1.0941009521484375 0.3308495283126831 3.7370883089430027 1.3555030822753906 1.094100832939148
284 0.3308495879173279 0.9449813927368024 1.1304285526275635 1.0941009521484375 0.3308495283126831 3.7370883089430027 1.354339838027954 1.094100832939148
285 0.3305867314338684 0.9451192334826367 1.1304317712783813 1.0941435098648071 0.3305867910385132 3.73729192490197 1.3543790578842163 1.0941449403762817
286 0.3305867314338684 0.9451192334826367 1.1304317712783813 1.0941435098648071 0.3305867910385132 3.73729192490197 1.3543790578842163 1.0941449403762817
287 0.3313244879245758 0.9441412566890293 1.130875587463379 1.0983402729034424 0.33132466673851013 3.735924830317492 1.3544890880584717 1.098341703414917
288 0.3311280906200409 0.9392668797709699 1.1316204071044922 1.098378300666809 0.33112794160842896 3.737671397325657 1.35535728931427 1.098376989364624
289 0.3304268419742584 0.9392586768075529 1.1427489519119263 1.0983495712280273 0.33042672276496887 3.737378405163257 1.3640278577804565 1.0983492136001587
290 0.3304268419742584 0.9392586768075529 1.1427489519119263 1.0983495712280273 0.33042672276496887 3.737378405163257 1.3640278577804565 1.0983492136001587
291 0.3304268419742584 0.9392586768075529 1.1427489519119263 1.0983495712280273 0.33042672276496887 3.737378405163257 1.3640278577804565 1.0983492136001587
292 0.328086256980896 0.9432037561121334 1.16937255859375 1.098297357559204 0.32808640599250793 3.732876612269832 1.3840867280960083 1.0982974767684937
293 0.33161357045173645 0.9454003961012758 1.1682705879211426 1.0886715650558472 0.33161357045173645 3.7358339016632676 1.3837114572525024 1.088670253753662
294 0.33041125535964966 0.9458929182553837 1.1686780452728271 1.088667869567871 0.33041128516197205 3.734343207144257 1.3837823867797852 1.0886683464050293
295 0.3295236825942993 0.9311432247381313 1.1693522930145264 1.1046974658966064 0.32952365279197693 3.7205823235077573 1.3819518089294434 1.104697346687317
296 0.3295236825942993 0.9311432247381313 1.1693522930145264 1.1046974658966064 0.32952365279197693 3.7205823235077573 1.3819518089294434 1.104697346687317
297 0.32789215445518494 0.9310824089194831 1.147248387336731 1.1048705577850342 0.32789215445518494 3.720537595968109 1.3644709587097168 1.104870319366455
298 0.33064454793930054 0.9075543284214029 1.164764404296875 1.1051232814788818 0.3306446075439453 3.679730141731885 1.3713639974594116 1.105124592781067
299 0.33293360471725464 0.709779764060529 1.1686216592788696 1.103825569152832 0.33293360471725464 3.5312756530303386 1.3497248888015747 1.103825569152832
300 0.33317822217941284 0.7097911915230437 1.168576955795288 1.1035901308059692 0.33317822217941284 3.5311109717571076 1.349660873413086 1.1035901308059692
301 0.33317822217941284 0.7097911915230437 1.168576955795288 1.1035901308059692 0.33317822217941284 3.5311109717571076 1.349660873413086 1.1035901308059692
302 0.33377936482429504 0.7707136391593685 1.1689759492874146 1.1037895679473877 0.3337792754173279 3.6590149197975155 1.3712396621704102 1.1037898063659668
303 0.3368861675262451 0.823063465390709 1.1688605546951294 1.1076496839523315 0.33688604831695557 3.669452757116618 1.3728930950164795 1.107650876045227
304 0.3551662862300873 0.8810933486605962 1.1713030338287354 1.1116316318511963 0.3551662862300873 3.802949377483217 1.397446632385254 1.1116286516189575
305 0.3552258014678955 0.7156484541726289 1.1714690923690796 1.1106878519058228 0.3552258312702179 3.6903049152545293 1.3784641027450562 1.1106878519058228
306 0.3552258014678955 0.7156484541726289 1.1714690923690796 1.1106878519058228 0.3552258312702179 3.6903049152545293 1.3784641027450562 1.1106878519058228
307 0.35528892278671265 0.7149754581406682 1.1799229383468628 1.1118043661117554 0.3552887737751007 3.6899832930589698 1.4046897888183594 1.1118043661117554
308 0.35189375281333923 0.7172335932204845 1.1774908304214478 1.1078516244888306 0.3518938422203064 3.6903992802443275 1.4028383493423462 1.1078517436981201
309 0.3567065894603729 0.6982930772369096 1.1757984161376953 1.099955439567566 0.3567065894603729 3.514695721543225 1.3725039958953857 1.099955439567566
310 0.3573140799999237 0.6902839895276421 1.174535870552063 1.1005198955535889 0.3573140799999237 3.5724793853460213 1.3808956146240234 1.1005198955535889
311 0.3573140799999237 0.6902839895276421 1.174535870552063 1.1005198955535889 0.3573140799999237 3.5724793853460213 1.3808956146240234 1.1005198955535889
312 0.36298078298568726 0.6947521783418585 1.1742684841156006 1.1018049716949463 0.3629806637763977 3.5734588461195815 1.3808094263076782 1.1018049716949463
313 0.35872653126716614 0.6866437434730777 1.1777704954147339 1.108178973197937 0.3587266504764557 3.5743441338866915 1.3837963342666626 1.1081790924072266
314 0.3537299335002899 0.6864278988663405 1.1738260984420776 1.0737231969833374 0.3537299931049347 3.576560871700772 1.3810139894485474 1.0737248659133911
315 0.3609575033187866 0.6852034423051447 1.1733156442642212 1.074079155921936 0.3609575629234314 3.5786538524596994 1.3809562921524048 1.0740792751312256
316 0.3609575033187866 0.6852034423051447 1.1733156442642212 1.074079155921936 0.3609575629234314 3.5786538524596994 1.3809562921524048 1.0740792751312256
317 0.3495321273803711 0.6914324479407925 1.1556878089904785 1.0558769702911377 0.34953197836875916 3.587086741583099 1.3684433698654175 1.0558767318725586
318 0.34907791018486023 0.6912728475815965 1.1575186252593994 1.0687965154647827 0.34907785058021545 3.5645694854859524 1.366715908050537 1.0687962770462036
319 0.3514670133590698 0.691003153739973 1.158846139907837 1.071825623512268 0.3514670133590698 3.5726152190766505 1.3691108226776123 1.0718269348144531
320 0.3547927737236023 0.6943672494016754 1.1588070392608643 1.0699201822280884 0.3547927737236023 3.5693759973108836 1.3685728311538696 1.0699219703674316
321 0.3547927737236023 0.6943672494016754 1.1588070392608643 1.0699201822280884 0.3547927737236023 3.5693759973108836 1.3685728311538696 1.0699219703674316
322 0.34502193331718445 0.7057111542292668 1.1573455333709717 1.0813930034637451 0.3450221121311188 3.5851421285394554 1.3697315454483032 1.0813928842544556
323 0.34457293152809143 0.7064258761958927 1.156915307044983 1.0835847854614258 0.34457308053970337 3.587400892666594 1.3698642253875732 1.0835851430892944
324 0.34586378931999207 0.7069438560052833 1.1574387550354004 1.0837122201919556 0.3458637595176697 3.586128814121045 1.3700673580169678 1.0837122201919556
325 0.3459050953388214 0.7066205076996999 1.1569552421569824 1.0814881324768066 0.345905065536499 3.585645502533512 1.3696045875549316 1.081488013267517
326 0.3459050953388214 0.7066205076996999 1.1569552421569824 1.0814881324768066 0.345905065536499 3.585645502533512 1.3696045875549316 1.081488013267517
327 0.34920164942741394 0.7072833314786942 1.1562707424163818 1.0815085172653198 0.3492017090320587 3.585764566596411 1.3690921068191528 1.0815085172653198
328 0.3457060754299164 0.7067898466638871 1.1564692258834839 1.0813475847244263 0.34570595622062683 3.5853624064595557 1.3691844940185547 1.0813474655151367
329 0.3433104157447815 0.6988253541345345 1.1564887762069702 1.1090196371078491 0.343310683965683 3.583759526055995 1.368971347808838 1.1090213060379028
330 0.3388109803199768 0.7092753850326001 1.1532974243164063 1.121067762374878 0.3388108015060425 3.553517609684984 1.3612117767333984 1.1210662126541138
331 0.3388109803199768 0.7092753850326001 1.1532974243164063 1.121067762374878 0.3388108015060425 3.553517609684984 1.3612117767333984 1.1210662126541138
332 0.3413589298725128 0.709905016482802 1.1531051397323608 1.1238689422607422 0.34135887026786804 3.5540738417054687 1.361160159111023 1.1238691806793213
333 0.346506804227829 0.7103445820195896 1.1176857948303223 1.1229592561721802 0.3465072512626648 3.555779701384437 1.3334825038909912 1.1229609251022339
334 0.34443774819374084 0.7120192373977683 1.117091417312622 1.120037317276001 0.3444375693798065 3.570965907812699 1.335646390914917 1.12003755569458
335 0.33920708298683167 0.671004234384764 1.1147663593292236 1.1171544790267944 0.3392068147659302 3.624813551747117 1.3428359031677246 1.117155909538269
336 0.3357389271259308 0.6996385646992456 1.1797411441802979 1.1147109270095825 0.3357388973236084 3.666841941767011 1.400795817375183 1.1147109270095825
337 0.3345557749271393 0.6800776208766621 1.1530109643936157 1.124845027923584 0.3345557749271393 3.577552837818321 1.351435661315918 1.1248446702957153
338 0.33707305788993835 0.6821859113372051 1.1535838842391968 1.1253814697265625 0.33707305788993835 3.5244764842485083 1.3430901765823364 1.1253799200057983
339 0.3364989161491394 0.6780692021386417 1.153148889541626 1.1313259601593018 0.336498886346817 3.5322388865507026 1.3440368175506592 1.1313273906707764
340 0.3502434492111206 0.6776758811782425 1.1616294384002686 1.1483712196350098 0.35024353861808777 3.527812999771258 1.3513537645339966 1.1483722925186157
341 0.3502434492111206 0.6776758811782425 1.1616294384002686 1.1483712196350098 0.35024353861808777 3.527812999771258 1.3513537645339966 1.1483722925186157
342 0.35245856642723083 0.6805649284067775 1.1574325561523438 1.148988127708435 0.3524585962295532 3.5312526584777038 1.3485592603683472 1.1489880084991455
343 0.35298410058021545 0.6782762978485711 1.155775547027588 1.148498773574829 0.35298413038253784 3.539984556492072 1.3486664295196533 1.1484977006912231
344 0.35485324263572693 0.7210744045209079 1.1528708934783936 1.1480809450149536 0.3548533022403717 3.6360542487389758 1.3623148202896118 1.1480796337127686
345 0.35483869910240173 0.719932967829038 1.1521103382110596 1.1479862928390503 0.35483866930007935 3.6157650712605025 1.3583115339279175 1.1479849815368652
346 0.35483869910240173 0.719932967829038 1.1521103382110596 1.1479862928390503 0.35483866930007935 3.6157650712605025 1.3583115339279175 1.1479849815368652
347 0.35483869910240173 0.719932967829038 1.1521103382110596 1.1479862928390503 0.35483866930007935 3.6157650712605025 1.3583115339279175 1.1479849815368652
348 0.3703075647354126 0.7240033864073773 1.151286005973816 1.048171043395996 0.37030747532844543 3.6171829586000483 1.3578828573226929 1.048171043395996
349 0.37185317277908325 0.7610047541769952 1.150807499885559 1.0552880764007568 0.3718531131744385 3.6473454362301334 1.362593173980713 1.0552880764007568
350 0.3695499300956726 0.8407330665330263 1.1502563953399658 1.0309185981750488 0.3695499300956726 3.584883162723354 1.3514364957809448 1.0309185981750488
351 0.3695499300956726 0.8407330665330263 1.1502563953399658 1.0309185981750488 0.3695499300956726 3.584883162723354 1.3514364957809448 1.0309185981750488
352 0.37183594703674316 0.8493705039532682 1.1481493711471558 1.0315860509872437 0.37183594703674316 3.5768796669836203 1.3483682870864868 1.031587839126587
353 0.36603856086730957 0.8448013752682415 1.1463841199874878 1.030937671661377 0.3660385012626648 3.5761524549089967 1.3468661308288574 1.0309360027313232
354 0.36366695165634155 0.8442158511734106 1.152620792388916 1.0308313369750977 0.36366695165634155 3.5760565920308025 1.3518314361572266 1.0308313369750977
355 0.36405256390571594 0.8449646734109034 1.1524224281311035 1.030829668045044 0.3640526533126831 3.5773522426677307 1.3518903255462646 1.030829668045044
356 0.36405256390571594 0.8449646734109034 1.1524224281311035 1.030829668045044 0.3640526533126831 3.5773522426677307 1.3518903255462646 1.030829668045044
357 0.3574832081794739 0.8450963591218118 1.1503117084503174 1.0197948217391968 0.3574831187725067 3.5801010672621087 1.3505607843399048 1.0197947025299072
358 0.3526585102081299 0.8425951041228392 1.1365830898284912 1.0187708139419556 0.3526584506034851 3.5764809682597534 1.3390145301818848 1.018770694732666
359 0.3585206866264343 0.7719085797741909 1.1336772441864014 1.060914158821106 0.35852083563804626 3.5503066555846954 1.3323670625686646 1.0609124898910522
360 0.3577836751937866 0.7727298178001428 1.1376783847808838 1.0754024982452393 0.3577837347984314 3.549412794050488 1.3355523347854614 1.0754023790359497
361 0.36174118518829346 0.7775983891190874 1.1398974657058716 1.0774134397506714 0.3617411255836487 3.5500598905176495 1.3374066352844238 1.0774134397506714
362 0.36117836833000183 0.7759499001275216 1.1412181854248047 1.079773187637329 0.361178457736969 3.5469866607557816 1.337946891784668 1.0797713994979858
363 0.36872678995132446 0.7767553789133822 1.1418451070785522 1.082174301147461 0.3687267005443573 3.558615049071719 1.340413212776184 1.0821740627288818
364 0.37088653445243835 0.777510005531453 1.1424086093902588 1.0822510719299316 0.3708863854408264 3.5551995198007655 1.3402884006500244 1.0822508335113525
365 0.3475816547870636 0.7677709607091018 1.1116929054260254 0.8494089841842651 0.3475816547870636 3.5547131196880133 1.3157119750976563 0.8494114279747009
366 0.3475462794303894 0.7677537301607531 1.1116763353347778 0.8493911623954773 0.3475462794303894 3.5547144626604052 1.3156987428665161 0.8493934869766235
367 0.347404420375824 0.767760734015804 1.1116795539855957 0.8494660258293152 0.3474043011665344 3.5548941777694245 1.3157312870025635 0.8494662046432495
368 0.35027435421943665 0.7658349733036253 1.1100600957870483 0.8482691049575806 0.3502744436264038 3.55888817494995 1.3151355981826782 0.8482667803764343
369 0.3468632102012634 0.7642136437466371 1.0642180442810059 0.8472235202789307 0.3468632400035858 3.5562482526660917 1.2786840200424194 0.8472235202789307
370 0.34423476457595825 0.7652488713284482 1.064393162727356 0.8509584069252014 0.3442349135875702 3.557807463544385 1.2791743278503418 0.8509584665298462
371 0.3453318774700165 0.7639469070022307 1.064925193786621 0.8510993719100952 0.3453318476676941 3.5591250223993076 1.2798212766647339 0.8510993123054504
372 0.3481936752796173 0.7699547124866142 1.0645588636398315 0.851549506187439 0.34819382429122925 3.5614187499806502 1.27997887134552 0.851549506187439
373 0.35743147134780884 0.7674183843234189 1.065098524093628 0.8450350165367126 0.35743167996406555 3.548284912251586 1.2782264947891235 0.8450351357460022
374 0.3344183564186096 0.7623484138615428 1.0575250387191772 0.8355950117111206 0.33441832661628723 3.5248611291830514 1.2682490348815918 0.8355947136878967
375 0.32531362771987915 0.7584484959620641 1.0595729351043701 0.8466522097587585 0.3253137469291687 3.532621876371627 1.2710704803466797 0.8466522693634033
376 0.32531362771987915 0.7584484959620641 1.0595729351043701 0.8466522097587585 0.3253137469291687 3.532621876371627 1.2710704803466797 0.8466522693634033
377 0.32531362771987915 0.7584484959620641 1.0595729351043701 0.8466522097587585 0.3253137469291687 3.532621876371627 1.2710704803466797 0.8466522693634033
378 0.32531362771987915 0.7584484959620641 1.0595729351043701 0.8466522097587585 0.3253137469291687 3.532621876371627 1.2710704803466797 0.8466522693634033
379 0.322568416595459 0.7595214687378513 1.0648289918899536 1.0051130056381226 0.32256844639778137 3.532083466376669 1.2751542329788208 1.0051127672195435
380 0.3260214328765869 0.7753269226655635 1.0653003454208374 1.006225824356079 0.3260214030742645 3.5820583516366438 1.2842566967010498 1.0062276124954224
381 0.3260214328765869 0.7753269226655635 1.0653003454208374 1.006225824356079 0.3260214030742645 3.5820583516366438 1.2842566967010498 1.0062276124954224
382 0.3260238766670227 0.7753295030293196 1.068886399269104 1.0062296390533447 0.32602405548095703 3.582057956517967 1.2870454788208008 1.0062295198440552
383 0.3235038220882416 0.7715209862171243 1.0685291290283203 1.0046192407608032 0.32350394129753113 3.5787621203167994 1.2861928939819336 1.0046193599700928
384 0.33461105823516846 0.790747667403331 1.062464952468872 0.8534433841705322 0.3346111476421356 3.5799368642184417 1.28156578540802 0.8534432053565979
385 0.3285893499851227 0.7820778317804692 1.0533475875854492 0.8554608225822449 0.32858917117118835 3.5824697910272945 1.2749221324920654 0.8554584980010986
386 0.3285893499851227 0.7820778317804692 1.0533475875854492 0.8554608225822449 0.32858917117118835 3.5824697910272945 1.2749221324920654 0.8554584980010986
387 0.3269405961036682 0.7824163796067738 1.0522335767745972 0.842713475227356 0.32694053649902344 3.5814576388079398 1.273879885673523 0.8427134156227112
388 0.3318917751312256 0.7764765322237068 1.0544555187225342 0.8469464778900146 0.33189162611961365 3.580299506814463 1.2753667831420898 0.8469464182853699
389 0.33166250586509705 0.7724809251526624 1.0535058975219727 0.8456190824508667 0.3316623568534851 3.5798340524018224 1.274563193321228 0.8456211090087891
390 0.330404132604599 0.7769396823662825 1.052258849143982 0.8504405617713928 0.3304041028022766 3.5737406096619724 1.2719001770019531 0.8504383563995361
391 0.330404132604599 0.7769396823662825 1.052258849143982 0.8504405617713928 0.3304041028022766 3.5737406096619724 1.2719001770019531 0.8504383563995361
392 0.3224655091762543 0.7741336655009241 1.053824543952942 0.8404719829559326 0.3224654793739319 3.578703566565496 1.2739306688308716 0.8404719829559326
393 0.3213023245334625 0.7737484874664508 1.053724765777588 0.8399125337600708 0.32130226492881775 3.578177211551873 1.273762583732605 0.8399103879928589
394 0.3211885988712311 0.7737153185026805 1.0521918535232544 0.8398948311805725 0.3211885094642639 3.578150488652128 1.2725720405578613 0.8398969173431396
395 0.3126091957092285 0.7667503596066538 1.0512607097625732 0.8365386724472046 0.3126092851161957 3.57223102688366 1.27079439163208 0.836539089679718
396 0.3126091957092285 0.7667503596066538 1.0512607097625732 0.8365386724472046 0.3126092851161957 3.57223102688366 1.27079439163208 0.836539089679718
397 0.3113406002521515 0.7607351204052734 1.0366448163986206 0.8361656665802002 0.3113406002521515 3.5710857841700774 1.259285807609558 0.8361635804176331
398 0.3116339445114136 0.7590437619059117 1.0339258909225464 0.8318275213241577 0.3116339147090912 3.5749871775348585 1.2579082250595093 0.8318275213241577
399 0.3099331855773926 0.7603908807704954 1.032410979270935 0.8060041666030884 0.30993327498435974 3.575644057808816 1.2568610906600952 0.806003987789154
400 0.31105688214302063 0.7592735529217531 1.0320767164230347 0.8064101338386536 0.31105688214302063 3.5779251704547645 1.2569807767868042 0.8064122796058655
401 0.31105688214302063 0.7592735529217531 1.0320767164230347 0.8064101338386536 0.31105688214302063 3.5779251704547645 1.2569807767868042 0.8064122796058655
402 0.31105688214302063 0.7592735529217531 1.0497015714645386 1.022944688796997 0.31105688214302063 3.5779251704547645 1.270583987236023 1.0229461193084717
403 0.31456518173217773 0.7599857980970567 1.0534372329711914 1.0227535963058472 0.31456536054611206 3.5790962150590544 1.2737507820129395 1.0227537155151367
404 0.31000494956970215 0.7586829585865571 1.047810673713684 1.0166561603546143 0.31000497937202454 3.5776506987761927 1.269089937210083 1.016657829284668
405 0.318177729845047 0.7613543501298157 1.0494163036346436 0.99109947681427 0.3181777596473694 3.5801596647238396 1.270742654800415 0.9911009073257446
406 0.31277182698249817 0.7582541286345349 1.0484105348587036 0.9860133528709412 0.3127717077732086 3.5776614171892214 1.2694728374481201 0.9860132932662964
407 0.30205780267715454 0.7630110240849609 1.044312596321106 0.9765594601631165 0.30205780267715454 3.527564085889424 1.2574082612991333 0.9765594601631165
408 0.30211687088012695 0.7558729082645426 1.0438450574874878 0.96944659948349 0.30211687088012695 3.533469485295405 1.2580842971801758 0.9694463610649109
409 0.2842126488685608 0.7439751313444477 1.041110634803772 0.9674381613731384 0.2842128276824951 3.5302235116253216 1.255497932434082 0.9674368500709534
410 0.28570249676704407 0.7553677125666447 1.0409801006317139 0.9669675827026367 0.28570252656936646 3.5574822659915943 1.2602218389511108 0.9669674038887024
411 0.28570249676704407 0.7553677125666447 1.0409801006317139 0.9669675827026367 0.28570252656936646 3.5574822659915943 1.2602218389511108 0.9669674038887024
412 0.289050817489624 0.7532724466245364 1.0429185628890991 0.970855712890625 0.289050817489624 3.5575855884793097 1.2617419958114624 0.970855712890625
413 0.2867772579193115 0.752037021222968 1.0570456981658936 0.974364161491394 0.28677716851234436 3.5579783488004058 1.2727605104446411 0.9743626713752747
414 0.2897194027900696 0.758012822715675 1.0611552000045776 0.9778675436973572 0.2897194027900696 3.5554291634449986 1.2755017280578613 0.9778677821159363
415 0.29843869805336 0.7568449847871265 1.061048150062561 0.9775413274765015 0.29843869805336 3.5539805716560444 1.27512526512146 0.9775429368019104
416 0.29843869805336 0.7568449847871265 1.061048150062561 0.9775413274765015 0.29843869805336 3.5539805716560444 1.27512526512146 0.9775429368019104
417 0.3021616041660309 0.7589896322367384 1.0620317459106445 0.9776832461357117 0.3021615445613861 3.5784527963624844 1.280202865600586 0.9776832461357117
418 0.30123358964920044 0.711670943060269 1.062546730041504 0.9778040647506714 0.30123370885849 3.6423716035485967 1.2915139198303223 0.9778041243553162
419 0.30059581995010376 0.7109149858754489 1.0599334239959717 0.9826840758323669 0.30059581995010376 3.6446963443727145 1.2899303436279297 0.9826837778091431
420 0.3102262616157532 0.7089612794989777 1.0679908990859985 0.9912722706794739 0.31022635102272034 3.6451471904855537 1.2962294816970825 0.9912723302841187
421 0.3102262616157532 0.7089612794989777 1.0679908990859985 0.9912722706794739 0.31022635102272034 3.6451471904855537 1.2962294816970825 0.9912723302841187
422 0.3098728656768799 0.7090916337300034 1.0620856285095215 0.991305947303772 0.3098730444908142 3.6447920874982485 1.2706749439239502 0.9913061857223511
423 0.2969231605529785 0.7012479985494744 1.0497866868972778 0.9634418487548828 0.2969231605529785 3.628828951866531 1.2579400539398193 0.9634433388710022
424 0.29807570576667786 0.7022214345884753 1.0494216680526733 0.9639251828193665 0.298075795173645 3.629154650538024 1.2577096223831177 0.9639252424240112
425 0.2979007959365845 0.7021116041544336 1.0471657514572144 0.9646890759468079 0.2979007959365845 3.629077314324326 1.2559316158294678 0.9646890163421631
426 0.2979007959365845 0.7021116041544336 1.0471657514572144 0.9646890759468079 0.2979007959365845 3.629077314324326 1.2559316158294678 0.9646890163421631
427 0.32472655177116394 0.8319204125118074 1.0745456218719482 0.9796481132507324 0.32472658157348633 3.6661244701773836 1.2840254306793213 0.9796496629714966
428 0.3398738503456116 0.8473977137146866 1.0856105089187622 0.9832515120506287 0.3398738205432892 3.6460537753484856 1.2891744375228882 0.98325115442276
429 0.3444766402244568 0.8568483606443602 1.1380418539047241 0.9911130666732788 0.3444766402244568 3.652744090507762 1.332026481628418 0.9911130666732788
430 0.3378864824771881 0.787316157426271 1.127388596534729 0.9839248657226563 0.33788636326789856 3.6678126666710553 1.326130986213684 0.9839246273040771
431 0.3378864824771881 0.787316157426271 1.127388596534729 0.9839248657226563 0.33788636326789856 3.6678126666710553 1.326130986213684 0.9839246273040771
432 0.33104297518730164 0.7898081250113523 1.1260216236114502 0.9845527410507202 0.3310430347919464 3.6759539008035627 1.326500654220581 0.9845513105392456
433 0.33138349652290344 0.7962203908305318 1.1260370016098022 0.9845941066741943 0.3313835561275482 3.6412306943640202 1.3204762935638428 0.9845941066741943
434 0.33341509103775024 0.7978265216060278 1.1394202709197998 0.9813610911369324 0.3334149718284607 3.6408189567515414 1.331113576889038 0.9813610911369324
435 0.33414018154144287 0.7977998331704352 1.1397851705551147 0.9821135997772217 0.3341401219367981 3.6413407447336015 1.3315051794052124 0.9821137189865112
436 0.33414018154144287 0.7977998331704352 1.1397851705551147 0.9821135997772217 0.3341401219367981 3.6413407447336015 1.3315051794052124 0.9821137189865112
437 0.3350200653076172 0.7874693430113298 1.1385315656661987 0.9851390719413757 0.33501991629600525 3.6491596628255785 1.3318510055541992 0.9851388335227966
438 0.330131858587265 0.7748675091728796 1.131571888923645 0.9807785153388977 0.33013179898262024 3.6462823310624466 1.325837254524231 0.9807770252227783
439 0.32460567355155945 0.7737182969341476 1.1228325366973877 0.9756023287773132 0.3246055841445923 3.6464567772745213 1.3186867237091064 0.9756007194519043
440 0.29465383291244507 0.7807223595096027 1.100324273109436 0.9702545404434204 0.29465392231941223 3.6204861514390654 1.2962530851364136 0.9702545404434204
441 0.29465383291244507 0.7807223595096027 1.100324273109436 0.9702545404434204 0.29465392231941223 3.6204861514390654 1.2962530851364136 0.9702545404434204
442 0.34367045760154724 0.7382054709443142 1.136474370956421 1.0043514966964722 0.34367042779922485 3.536449156801286 1.3106307983398438 1.0043498277664185
443 0.31945428252220154 0.728306517203108 1.1193487644195557 0.989231288433075 0.3194541335105896 3.525111178075591 1.2948044538497925 0.9892295598983765
444 0.319885790348053 0.7276700718772638 1.1184074878692627 0.9902671575546265 0.319885790348053 3.5238131532367114 1.2938629388809204 0.9902671575546265
445 0.31946828961372375 0.72720840333565 1.118312954902649 0.990006685256958 0.31946834921836853 3.523723807756619 1.2937736511230469 0.990006685256958
446 0.31946828961372375 0.72720840333565 1.118312954902649 0.990006685256958 0.31946834921836853 3.523723807756619 1.2937736511230469 0.990006685256958
447 0.3195887804031372 0.729609823325953 1.11887526512146 0.990170955657959 0.31958866119384766 3.5282503282180118 1.2949976921081543 0.9901710152626038
448 0.3185519576072693 0.7318575915908522 1.1188288927078247 0.9883369207382202 0.3185518980026245 3.530757376658795 1.2954111099243164 0.9883356094360352
449 0.3340480327606201 0.733615277374408 1.130866527557373 1.00357985496521 0.33404818177223206 3.5135382863381666 1.3022472858428955 1.00357985496521
450 0.3464462161064148 0.7416713475009932 1.1355013847351074 1.0112783908843994 0.34644636511802673 3.510107265898668 1.3052748441696167 1.0112782716751099
451 0.3464462161064148 0.7416713475009932 1.1355013847351074 1.0112783908843994 0.34644636511802673 3.510107265898668 1.3052748441696167 1.0112782716751099
452 0.346502423286438 0.7700036091097253 1.135621190071106 1.0125576257705688 0.34650230407714844 3.4928574077340593 1.3024595975875854 1.0125571489334106
453 0.34274011850357056 0.7506627894183067 1.1452107429504395 1.0056920051574707 0.34274017810821533 3.535565455248637 1.3174653053283691 1.0056935548782349
454 0.3365822434425354 0.7539440160283949 1.1417053937911987 1.0008935928344727 0.33658233284950256 3.619344540252936 1.3289121389389038 1.0008935928344727
455 0.33658918738365173 0.7537881648779626 1.1411243677139282 1.001104474067688 0.3365892469882965 3.6190595680280833 1.3283950090408325 1.0011030435562134
456 0.33658918738365173 0.7537881648779626 1.1411243677139282 1.001104474067688 0.3365892469882965 3.6190595680280833 1.3283950090408325 1.0011030435562134
457 0.30336061120033264 0.7650469141423814 1.1235772371292114 0.9665540456771851 0.30336064100265503 3.6005415305854065 1.311049222946167 0.966555655002594
458 0.3022180497646332 0.7643192176465037 1.1240878105163574 0.964877724647522 0.30221813917160034 3.6075379896983937 1.312627911567688 0.9648775458335876
459 0.303851842880249 0.7651902332118153 1.1205925941467285 0.9735857844352722 0.30385181307792664 3.617683373237358 1.31161367893219 0.9735857248306274
460 0.3098624646663666 0.8025261790155673 1.126801609992981 0.799071729183197 0.30986258387565613 3.5723621852702854 1.3087873458862305 0.799071729183197
461 0.3098624646663666 0.8025261790155673 1.126801609992981 0.799071729183197 0.30986258387565613 3.5723621852702854 1.3087873458862305 0.799071729183197
462 0.317287802696228 0.7971326099185393 1.1386370658874512 0.7986378073692322 0.3172876536846161 3.5619193885111233 1.3165528774261475 0.7986376285552979
463 0.31496062874794006 0.7924954140683992 1.1386282444000244 0.7975679039955139 0.3149605989456177 3.5462398547086558 1.3138601779937744 0.7975660562515259
464 0.3133661150932312 0.787596582573605 1.1402897834777832 0.8038273453712463 0.31336620450019836 3.545676625837935 1.3151601552963257 0.8038274049758911
465 0.3279544413089752 0.7407294171493285 1.1434475183486938 0.8083943724632263 0.3279544413089752 3.511703912338163 1.3120031356811523 0.8083930015563965
466 0.3279544413089752 0.7407294171493285 1.1434475183486938 0.8083943724632263 0.3279544413089752 3.511703912338163 1.3120031356811523 0.8083930015563965
467 0.32702213525772095 0.7394822267140858 1.1453959941864014 0.9270177483558655 0.32702216506004333 3.5105222629862083 1.330036997795105 0.927016019821167
468 0.32157549262046814 0.7401764201505614 1.1372078657150269 0.9278217554092407 0.3215755224227905 3.508090854685807 1.3230639696121216 0.927821695804596
469 0.32744333148002625 0.7435869743278001 1.1398218870162964 0.9284854531288147 0.3274432420730591 3.504807259217439 1.3245564699172974 0.9284857511520386
470 0.3232644200325012 0.7352734110388418 1.1321967840194702 0.931253969669342 0.3232644498348236 3.5173255825887524 1.320705771446228 0.9312538504600525
471 0.3232644200325012 0.7352734110388418 1.1321967840194702 0.931253969669342 0.3232644498348236 3.5173255825887524 1.320705771446228 0.9312538504600525
472 0.33976322412490845 0.7484887031221799 1.152637243270874 0.9430323243141174 0.33976322412490845 3.4739279301877395 1.3300061225891113 0.9430339336395264
473 0.3401147723197937 0.7494387536048139 1.1473314762115479 0.9487870931625366 0.34011489152908325 3.47435225449476 1.3259341716766357 0.948787271976471
474 0.33999377489089966 0.7758509574107102 1.1475348472595215 0.9487846493721008 0.33999377489089966 3.455009375076263 1.3229172229766846 0.9487846493721008
475 0.33999377489089966 0.9692684012954084 1.1475348472595215 0.9487846493721008 0.33999377489089966 3.6516276490988 1.3557250499725342 0.9487846493721008
476 0.33999377489089966 0.9692684012954084 1.1475348472595215 0.9487846493721008 0.33999377489089966 3.6516276490988 1.3557250499725342 0.9487846493721008
477 0.3235478401184082 0.9559587337508375 1.1418710947036743 0.9200400114059448 0.3235478699207306 3.6420263214669584 1.3494654893875122 0.9200416207313538
478 0.3391653299331665 0.9679473054263089 1.1289223432540894 0.9213194251060486 0.33916527032852173 3.63940043500853 1.3387320041656494 0.9213194251060486
479 0.36906546354293823 0.9152519253551832 1.1653060913085938 0.9796658754348755 0.369065523147583 3.615330060045083 1.3636627197265625 0.9796655178070068
480 0.36757922172546387 0.8593631432047096 1.155617117881775 0.9815030097961426 0.3675791025161743 3.539723929428118 1.3434392213821411 0.9815033674240112
481 0.36757922172546387 0.8593631432047096 1.155617117881775 0.9815030097961426 0.3675791025161743 3.539723929428118 1.3434392213821411 0.9815033674240112
482 0.35940447449684143 0.8570883636177727 1.1470286846160889 0.9796229600906372 0.35940462350845337 3.551603459050507 1.3384608030319214 0.97962486743927
483 0.35840940475463867 0.8322511823971068 1.1497535705566406 0.9692395329475403 0.35840946435928345 3.546138487755387 1.339695930480957 0.9692394733428955
484 0.35043615102767944 0.8336101693984409 1.1495354175567627 0.9699398875236511 0.35043609142303467 3.547226292234179 1.3397167921066284 0.9699416756629944
485 0.34668654203414917 0.833617432086985 1.1459989547729492 0.9657055139541626 0.34668639302253723 3.5440794819962935 1.3363442420959473 0.9657049775123596
486 0.34668654203414917 0.833617432086985 1.1459989547729492 0.9657055139541626 0.34668639302253723 3.5440794819962935 1.3363442420959473 0.9657049775123596
487 0.3498649597167969 0.872244533408939 1.141815185546875 0.9619264006614685 0.3498648405075073 3.6152990658581037 1.3450249433517456 0.9619262218475342
488 0.34552228450775146 0.946167268532892 1.1444813013076782 0.9644171595573425 0.34552231431007385 3.524477103847266 1.33193039894104 0.9644172191619873
489 0.35388824343681335 0.935212045026732 1.1419769525527954 0.9660803079605103 0.3538881838321686 3.5418376385295205 1.3326560258865356 0.9660784602165222
490 0.35465651750564575 0.9345461850701662 1.1419904232025146 0.9660531878471375 0.35465651750564575 3.542077035152949 1.3327014446258545 0.966053307056427
491 0.35465651750564575 0.9345461850701662 1.1419904232025146 0.9660531878471375 0.35465651750564575 3.542077035152949 1.3327014446258545 0.966053307056427
492 0.3529166877269745 0.8231852369479546 1.1355961561203003 0.9651245474815369 0.35291677713394165 3.6164275497416933 1.3401169776916504 0.9651243090629578
493 0.3500514626502991 0.8174529303317797 1.1360787153244019 0.9628147482872009 0.3500514328479767 3.6130049675297826 1.3398274183273315 0.96281498670578
494 0.3470520079135895 0.8160187241833021 1.1356837749481201 0.9642438888549805 0.34705206751823425 3.6131341440493756 1.3395518064498901 0.9642443060874939
495 0.35082441568374634 0.8433895078613142 1.1371119022369385 0.9610992670059204 0.3508244454860687 3.597714359751865 1.3380494117736816 0.96109938621521
496 0.35082441568374634 0.8433895078613142 1.1371119022369385 0.9610992670059204 0.3508244454860687 3.597714359751865 1.3380494117736816 0.96109938621521
497 0.35221558809280396 0.8413464068636929 1.1415706872940063 0.9611576199531555 0.35221561789512634 3.5964199683305984 1.3413722515106201 0.961158037185669
498 0.3530271053314209 0.8391245906546901 1.1427102088928223 0.9608145356178284 0.35302701592445374 3.594305545709432 1.3419103622436523 0.9608142375946045
499 0.35679909586906433 0.8408880220776664 1.1429917812347412 0.962155818939209 0.3567991554737091 3.5958882950032756 1.3423993587493896 0.9621562957763672
500 0.3523343503475189 0.8492603224119953 1.1419239044189453 0.9558981657028198 0.35233432054519653 3.5985340221349142 1.3419911861419678 0.9558981657028198
