init 0.6689795851707458 9.116836889241668 3.229255437850952 2.224421262741089 0.0 0.0 0.0 0.0
1 0.6689795851707458 9.573294646709943 3.229255437850952 2.224421262741089 0.0 2.9909304636768086 0.9599351286888123 0.0
2 0.6689795851707458 9.573294646709943 3.229255437850952 2.224421262741089 0.0 2.9909304636768086 0.9599351286888123 0.0
3 0.6689795851707458 9.574006674379346 3.229255437850952 2.224421262741089 0.0 2.9962298307112225 0.994398832321167 0.0
4 0.6689795851707458 9.43022593345564 3.229255437850952 2.224421262741089 0.0 2.3289029717343084 0.7777729034423828 0.0
5 0.6689795851707458 9.43022593345564 3.229255437850952 2.224421262741089 0.0 2.3289029717343084 0.7777729034423828 0.0
6 0.6689795851707458 9.431315267845312 3.229255437850952 2.224421262741089 0.0 2.320356793825032 0.77522212266922 0.0
7 0.6689795851707458 9.430809731081387 3.229255437850952 2.224421262741089 0.0 2.3193875906579136 0.7323459982872009 0.0
8 0.6689795851707458 9.430809731081387 3.229255437850952 2.224421262741089 0.0 2.3193875906579136 0.7323459982872009 0.0
9 0.6689795851707458 9.430809731081387 3.229255437850952 2.224421262741089 0.0 2.3193875906579136 0.7323459982872009 0.0
10 0.6689795851707458 9.643127189565822 3.229255437850952 2.224421262741089 0.0 2.7275162549726115 0.861212432384491 0.0
11 0.6689795851707458 9.642688748112455 3.229255437850952 2.224421262741089 0.0 2.707887582889831 0.8550146818161011 0.0
12 0.6689795851707458 9.643419280871859 3.229255437850952 2.224421262741089 0.0 2.7121738667530475 0.8908296823501587 0.0
13 0.6689795851707458 9.643419280871859 3.229255437850952 2.224421262741089 0.0 2.7121738667530475 0.8908296823501587 0.0
14 0.6689795851707458 9.643419280871859 3.229255437850952 2.224421262741089 0.0 2.7121738667530475 0.8908296823501587 0.0
15 0.6689795851707458 9.643419280871859 3.229255437850952 2.224421262741089 0.0 2.7121738667530475 0.8908296823501587 0.0
16 0.6689795851707458 9.643285694312377 3.229255437850952 2.224421262741089 0.0 2.710366190715455 0.8914089202880859 0.0
17 0.6689795851707458 9.643285694312377 3.229255437850952 2.224421262741089 0.0 2.710366190715455 0.8914089202880859 0.0
18 0.6689795851707458 10.482995762039154 3.229255437850952 2.224421262741089 0.0 3.432254564348068 1.1257421970367432 0.0
19 0.6689795851707458 10.482995762039154 3.229255437850952 2.224421262741089 0.0 3.432254564348068 1.1257421970367432 0.0
20 0.6689795851707458 11.030773724329352 3.229255437850952 2.224421262741089 0.0 3.9720430989546425 1.2866439819335938 0.0
21 0.6689795851707458 11.16004139098653 3.229255437850952 2.224421262741089 0.0 4.160131695810189 1.3273290395736694 0.0
22 0.6689795851707458 11.138250576436276 3.229255437850952 2.224421262741089 0.0 4.15773319849431 1.3228439092636108 0.0
23 0.6689795851707458 11.126237488077676 3.229255437850952 2.224421262741089 0.0 4.147985356280505 1.319988489151001 0.0
24 0.6689795851707458 11.126237488077676 3.229255437850952 2.224421262741089 0.0 4.147985356280505 1.319988489151001 0.0
25 0.6689795851707458 11.126237488077676 3.229255437850952 2.224421262741089 0.0 4.147985356280505 1.319988489151001 0.0
26 0.6689795851707458 11.125901540235303 3.229255437850952 2.224421262741089 0.0 4.148053251179352 1.3199489116668701 0.0
27 0.6689795851707458 11.125901540235303 3.229255437850952 2.224421262741089 0.0 4.148053251179352 1.3199489116668701 0.0
28 0.6689795851707458 11.125901540235303 3.229255437850952 2.224421262741089 0.0 4.148053251179352 1.3199489116668701 0.0
29 0.6689795851707458 11.125914996286355 3.229255437850952 2.224421262741089 0.0 4.14809118374852 1.3199607133865356 0.0
30 0.6689795851707458 11.125914996286355 3.229255437850952 2.224421262741089 0.0 4.14809118374852 1.3199607133865356 0.0
31 0.6689795851707458 11.125914996286355 3.229255437850952 2.224421262741089 0.0 4.14809118374852 1.3199607133865356 0.0
32 0.6689795851707458 11.172581160348217 3.229255437850952 2.224421262741089 0.0 4.2121959232239545 1.3399200439453125 0.0
33 0.6689795851707458 11.172997824734141 3.229255437850952 2.224421262741089 0.0 4.2212774771124435 1.3465195894241333 0.0
34 0.6689795851707458 11.162737028867614 3.229255437850952 2.224421262741089 0.0 4.214609231836795 1.3445507287979126 0.0
35 0.6689795851707458 11.179242980954752 3.229255437850952 2.224421262741089 0.0 4.211627866772952 1.3474326133728027 0.0
36 0.6689795851707458 11.179242980954752 3.229255437850952 2.224421262741089 0.0 4.211627866772952 1.3474326133728027 0.0
37 0.6689795851707458 11.179242980954752 3.229255437850952 2.224421262741089 0.0 4.211627866772952 1.3474326133728027 0.0
38 0.6689795851707458 11.179242980954752 3.229255437850952 2.224421262741089 0.0 4.211627866772952 1.3474326133728027 0.0
39 0.6689795851707458 11.192488175109386 3.229255437850952 2.224421262741089 0.0 4.214920699028302 1.349690556526184 0.0
40 0.6689795851707458 11.192488175109386 3.229255437850952 2.224421262741089 0.0 4.214920699028302 1.349690556526184 0.0
41 0.6689795851707458 11.191335823970732 3.229255437850952 2.224421262741089 0.0 4.21440013760997 1.3495234251022339 0.0
42 0.6689795851707458 11.19447395170519 3.229255437850952 2.224421262741089 0.0 4.215930751339373 1.349966049194336 0.0
43 0.6689795851707458 11.18186313621235 3.229255437850952 2.224421262741089 0.0 4.213046054776516 1.3477674722671509 0.0
44 0.6689795851707458 11.184582893882718 3.229255437850952 2.224421262741089 0.0 4.2146234813793555 1.3480876684188843 0.0
45 0.6689795851707458 11.186363600517538 3.229255437850952 2.224421262741089 0.0 4.215859050421871 1.348483681678772 0.0
46 0.6689795851707458 11.186363600517538 3.229255437850952 2.224421262741089 0.0 4.215859050421871 1.348483681678772 0.0
47 0.6689795851707458 11.180930973966918 3.229255437850952 2.224421262741089 0.0 4.215105142506585 1.3475255966186523 0.0
48 0.6689795851707458 11.175197143789543 3.229255437850952 2.224421262741089 0.0 4.198240863937125 1.3580883741378784 0.0
49 0.6689795851707458 11.176064007547174 3.229255437850952 2.224421262741089 0.0 4.199669720261995 1.3585255146026611 0.0
50 0.6689795851707458 11.17489400663244 3.229255437850952 2.224421262741089 0.0 4.198816718014298 1.358079433441162 0.0
51 0.6689795851707458 11.176025233730051 3.229255437850952 2.224421262741089 0.0 4.1995906009168555 1.3583184480667114 0.0
52 0.6689795851707458 11.176025233730051 3.229255437850952 2.224421262741089 0.0 4.1995906009168555 1.3583184480667114 0.0
53 0.6689795851707458 11.18241547195238 3.229255437850952 2.224421262741089 0.0 4.193670010347999 1.3589911460876465 0.0
54 0.6689795851707458 11.174177905258 3.229255437850952 2.224421262741089 0.0 4.189122758686746 1.3573673963546753 0.0
55 0.6689795851707458 11.174177905258 3.229255437850952 2.224421262741089 0.0 4.189122758686746 1.3573673963546753 0.0
56 0.6689795851707458 11.160793990672518 3.229255437850952 2.224421262741089 0.0 4.18546354730184 1.3554613590240479 0.0
57 0.6689795851707458 11.179626636792236 3.229255437850952 2.224421262741089 0.0 4.217756320218116 1.365337610244751 0.0
58 0.6689795851707458 11.181765592289214 3.229255437850952 2.224421262741089 0.0 4.225496881910167 1.3479633331298828 0.0
59 0.6689795851707458 11.181765592289214 3.229255437850952 2.224421262741089 0.0 4.225496881910167 1.3479633331298828 0.0
60 0.6689795851707458 11.188855915438456 3.229255437850952 2.224421262741089 0.0 4.242369028948749 1.353236436843872 0.0
61 0.6689795851707458 11.188855915438456 3.229255437850952 2.224421262741089 0.0 4.242369028948749 1.353236436843872 0.0
62 0.6689795851707458 11.188855915438456 3.229255437850952 2.224421262741089 0.0 4.242369028948749 1.353236436843872 0.0
63 0.6689795851707458 11.188855915438456 3.229255437850952 2.224421262741089 0.0 4.242369028948749 1.353236436843872 0.0
64 0.6689795851707458 11.183381115845982 3.229255437850952 2.224421262741089 0.0 4.232764997929576 1.350234866142273 0.0
65 0.6689795851707458 11.176784494090347 3.229255437850952 2.224421262741089 0.0 4.2178038285074235 1.3455591201782227 0.0
66 0.6689795851707458 11.174991480532055 3.229255437850952 2.224421262741089 0.0 4.210768706716317 1.3433605432510376 0.0
67 0.6689795851707458 11.174991480532055 3.229255437850952 2.224421262741089 0.0 4.210768706716317 1.3433605432510376 0.0
68 0.6689795851707458 11.17612112150079 3.229255437850952 2.224421262741089 0.0 4.212451379092286 1.3439918756484985 0.0
69 0.6689795851707458 11.170462055810415 3.229255437850952 2.224421262741089 0.0 4.210792020057457 1.3429820537567139 0.0
70 0.6689795851707458 11.181777059702798 3.229255437850952 2.224421262741089 0.0 4.211521668894132 1.3441946506500244 0.0
71 0.6689795851707458 11.181777059702798 3.229255437850952 2.224421262741089 0.0 4.211521668894132 1.3441946506500244 0.0
72 0.6689795851707458 11.181777059702798 3.229255437850952 2.224421262741089 0.0 4.211521668894132 1.3441946506500244 0.0
73 0.6689795851707458 11.181777059702798 3.229255437850952 2.224421262741089 0.0 4.211521668894132 1.3441946506500244 0.0
74 0.6689795851707458 11.181777059702798 3.229255437850952 2.224421262741089 0.0 4.211521668894132 1.3441946506500244 0.0
75 0.6689795851707458 11.181777059702798 3.229255437850952 2.224421262741089 0.0 4.211521668894132 1.3441946506500244 0.0
76 0.6689795851707458 11.181777059702798 3.229255437850952 2.224421262741089 0.0 4.211521668894132 1.3441946506500244 0.0
77 0.6689795851707458 11.181820974996194 3.229255437850952 2.224421262741089 0.0 4.211515120174101 1.3441935777664185 0.0
78 0.6689795851707458 11.181820974996194 3.229255437850952 2.224421262741089 0.0 4.211515120174101 1.3441935777664185 0.0
79 0.6689795851707458 11.181820974996194 3.229255437850952 2.224421262741089 0.0 4.211515120174101 1.3441935777664185 0.0
80 0.6689795851707458 11.16740873069288 3.229255437850952 2.224421262741089 0.0 4.210092823081274 1.3424675464630127 0.0
81 0.6689795851707458 11.16740873069288 3.229255437850952 2.224421262741089 0.0 4.210092823081274 1.3424675464630127 0.0
82 0.6689795851707458 11.16876124142352 3.229255437850952 2.224421262741089 0.0 4.215669405464881 1.3442111015319824 0.0
83 0.6689795851707458 11.172515109139553 3.229255437850952 2.224421262741089 0.0 4.214989770379283 1.3435959815979004 0.0
84 0.6689795851707458 11.172515109139553 3.229255437850952 2.224421262741089 0.0 4.214989770379283 1.3435959815979004 0.0
85 0.6689795851707458 11.172515109139553 3.229255437850952 2.224421262741089 0.0 4.214989770379283 1.3435959815979004 0.0
86 0.6689795851707458 11.172515109139553 3.229255437850952 2.224421262741089 0.0 4.214989770379283 1.3435959815979004 0.0
87 0.6689795851707458 11.18297516172208 3.229255437850952 2.224421262741089 0.0 4.219702950709037 1.3451591730117798 0.0
88 0.6689795851707458 11.18297516172208 3.229255437850952 2.224421262741089 0.0 4.219702950709037 1.3451591730117798 0.0
89 0.6689795851707458 11.18444615526921 3.229255437850952 2.224421262741089 0.0 4.215617916351152 1.3442233800888062 0.0
90 0.6689795851707458 11.210750840169815 3.229255437850952 2.224421262741089 0.0 4.1814615959404255 1.3335447311401367 0.0
91 0.6689795851707458 11.211258140984416 3.229255437850952 2.224421262741089 0.0 4.183512777133765 1.33418607711792 0.0
92 0.6689795851707458 11.210470580303213 3.229255437850952 2.224421262741089 0.0 4.183111559148739 1.350391149520874 0.0
93 0.6689795851707458 11.20989845801243 3.229255437850952 2.224421262741089 0.0 4.179791244794077 1.3514962196350098 0.0
94 0.6689795851707458 11.21518178466995 3.229255437850952 2.224421262741089 0.0 4.2028511870406255 1.3439422845840454 0.0
95 0.6689795851707458 11.210196776371568 3.229255437850952 2.224421262741089 0.0 4.179110620107742 1.3328098058700562 0.0
96 0.6689795851707458 11.210196776371568 3.229255437850952 2.224421262741089 0.0 4.179110620107742 1.3328098058700562 0.0
97 0.6689795851707458 11.210196776371568 3.229255437850952 2.224421262741089 0.0 4.179110620107742 1.3328098058700562 0.0
98 0.6689795851707458 11.210196776371568 3.229255437850952 2.224421262741089 0.0 4.179110620107742 1.3328098058700562 0.0
99 0.6689795851707458 11.210196776371568 3.229255437850952 2.224421262741089 0.0 4.179110620107742 1.3328098058700562 0.0
100 0.6689795851707458 11.210196776371568 3.229255437850952 2.224421262741089 0.0 4.179110620107742 1.3328098058700562 0.0
101 0.6689795851707458 11.210196776371568 3.229255437850952 2.224421262741089 0.0 4.179110620107742 1.3328098058700562 0.0
102 0.6689795851707458 11.2111436688085 3.229255437850952 2.224421262741089 0.0 4.1865154331107295 1.3492668867111206 0.0
103 0.6689795851707458 11.2111436688085 3.229255437850952 2.224421262741089 0.0 4.1865154331107295 1.3492668867111206 0.0
104 0.6689795851707458 11.210274479203216 3.229255437850952 2.224421262741089 0.0 4.179449237367547 1.3329157829284668 0.0
105 0.6689795851707458 11.2040743317055 3.229255437850952 2.224421262741089 0.0 4.179141287176864 1.3319414854049683 0.0
106 0.6689795851707458 11.203632538144262 3.229255437850952 2.224421262741089 0.0 4.1771701155376535 1.3313249349594116 0.0
107 0.6689795851707458 11.203632538144262 3.229255437850952 2.224421262741089 0.0 4.1771701155376535 1.3313249349594116 0.0
108 0.6689795851707458 11.203632538144262 3.229255437850952 2.224421262741089 0.0 4.1771701155376535 1.3313249349594116 0.0
109 0.6689795851707458 11.203632538144262 3.229255437850952 2.224421262741089 0.0 4.1771701155376535 1.3313249349594116 0.0
110 0.6689795851707458 11.212166760501129 3.229255437850952 2.224421262741089 0.0 4.203425078763749 1.3395382165908813 0.0
111 0.6689795851707458 11.212859585359904 3.229255437850952 2.224421262741089 0.0 4.206178230746225 1.3427656888961792 0.0
112 0.6689795851707458 11.210514032655409 3.229255437850952 2.224421262741089 0.0 4.2031651035329265 1.3394519090652466 0.0
113 0.6689795851707458 11.210514032655409 3.229255437850952 2.224421262741089 0.0 4.2031651035329265 1.3394519090652466 0.0
114 0.6689795851707458 11.217963284034624 3.229255437850952 2.224421262741089 0.0 4.206601530358716 1.3405333757400513 0.0
115 0.6689795851707458 11.218100977093368 3.229255437850952 2.224421262741089 0.0 4.206607348664774 1.340556263923645 0.0
116 0.6689795851707458 11.224411718347028 3.229255437850952 2.224421262741089 0.0 4.207176168128222 1.3416589498519897 0.0
117 0.6689795851707458 11.224411718347028 3.229255437850952 2.224421262741089 0.0 4.207176168128222 1.3416589498519897 0.0
118 0.6689795851707458 11.210312086602771 3.229255437850952 2.224421262741089 0.0 4.206719895221806 1.3393391370773315 0.0
119 0.6689795851707458 11.20271715958295 3.229255437850952 2.224421262741089 0.0 4.186731515093306 1.3487880229949951 0.0
120 0.6689795851707458 11.210560459235978 3.229255437850952 2.224421262741089 0.0 4.186620569200635 1.35000479221344 0.0
121 0.6689795851707458 11.210560459235978 3.229255437850952 2.224421262741089 0.0 4.186620569200635 1.35000479221344 0.0
122 0.6689795851707458 11.210560459235978 3.229255437850952 2.224421262741089 0.0 4.186620569200635 1.35000479221344 0.0
123 0.6689795851707458 11.208489010334105 3.229255437850952 2.224421262741089 0.0 4.18556175265838 1.349679946899414 0.0
124 0.6689795851707458 11.207643552977022 3.229255437850952 2.224421262741089 0.0 4.18070089328901 1.3512980937957764 0.0
125 0.6689795851707458 11.207643552977022 3.229255437850952 2.224421262741089 0.0 4.18070089328901 1.3512980937957764 0.0
126 0.6689795851707458 11.207643552977022 3.229255437850952 2.224421262741089 0.0 4.18070089328901 1.3512980937957764 0.0
127 0.6689795851707458 11.207643552977022 3.229255437850952 2.224421262741089 0.0 4.18070089328901 1.3512980937957764 0.0
128 0.6689795851707458 11.207643552977022 3.229255437850952 2.224421262741089 0.0 4.18070089328901 1.3512980937957764 0.0
129 0.6689795851707458 11.210113056602516 3.229255437850952 2.224421262741089 0.0 4.192188126211757 1.3483127355575562 0.0
130 0.6689795851707458 11.20981057282672 3.229255437850952 2.224421262741089 0.0 4.1870935485803 1.3345884084701538 0.0
131 0.6689795851707458 11.209023736208541 3.229255437850952 2.224421262741089 0.0 4.183943261268425 1.333603024482727 0.0
132 0.6689795851707458 11.229416399977044 3.229255437850952 2.224421262741089 0.0 4.187930741919235 1.3379225730895996 0.0
133 0.6689795851707458 11.214132945452933 3.229255437850952 2.224421262741089 0.0 4.184106783624814 1.3354337215423584 0.0
134 0.6689795851707458 11.214311795467134 3.229255437850952 2.224421262741089 0.0 4.180220946762057 1.3338924646377563 0.0
135 0.6689795851707458 11.201991436027562 3.229255437850952 2.224421262741089 0.0 4.180254344659681 1.333866000175476 0.0
136 0.6689795851707458 11.201131167026086 3.229255437850952 2.224421262741089 0.0 4.178788857938751 1.3334081172943115 0.0
137 0.6689795851707458 11.217873669491551 3.229255437850952 2.224421262741089 0.0 4.201701350202363 1.344661831855774 0.0
138 0.6689795851707458 11.215025891296714 3.229255437850952 2.224421262741089 0.0 4.201925210006457 1.344606876373291 0.0
139 0.6689795851707458 11.203427079251904 3.229255437850952 2.224421262741089 0.0 4.177694347597865 1.350941777229309 0.0
140 0.6689795851707458 11.2059585761033 3.229255437850952 2.224421262741089 0.0 4.177924310944488 1.351187825202942 0.0
141 0.6689795851707458 11.2059585761033 3.229255437850952 2.224421262741089 0.0 4.177924310944488 1.351187825202942 0.0
142 0.6689795851707458 11.204686216584092 3.229255437850952 2.224421262741089 0.0 4.175762591496584 1.350526213645935 0.0
143 0.6689795851707458 11.204686216584092 3.229255437850952 2.224421262741089 0.0 4.175762591496584 1.350526213645935 0.0
144 0.6689795851707458 11.207594057682428 3.229255437850952 2.224421262741089 0.0 4.176605756924177 1.3509188890457153 0.0
145 0.6689795851707458 11.207594057682428 3.229255437850952 2.224421262741089 0.0 4.176605756924177 1.3509188890457153 0.0
146 0.6689795851707458 11.207594057682428 3.229255437850952 2.224421262741089 0.0 4.176605756924177 1.3509188890457153 0.0
147 0.6689795851707458 11.207594057682428 3.229255437850952 2.224421262741089 0.0 4.176605756924177 1.3509188890457153 0.0
148 0.6689795851707458 11.207594057682428 3.229255437850952 2.224421262741089 0.0 4.176605756924177 1.3509188890457153 0.0
149 0.6689795851707458 11.211700353186783 3.229255437850952 2.224421262741089 0.0 4.177415339474278 1.3514068126678467 0.0
150 0.6689795851707458 11.211700353186783 3.229255437850952 2.224421262741089 0.0 4.177415339474278 1.3514068126678467 0.0
151 0.6689795851707458 11.210075003669454 3.229255437850952 2.224421262741089 0.0 4.176910446686282 1.3511602878570557 0.0
152 0.6689795851707458 11.200679886388585 3.229255437850952 2.224421262741089 0.0 4.175872057345838 1.350286841392517 0.0
153 0.6689795851707458 11.200679886388585 3.229255437850952 2.224421262741089 0.0 4.175872057345838 1.350286841392517 0.0
154 0.6689795851707458 11.206109754997966 3.229255437850952 2.224421262741089 0.0 4.175758773721477 1.350243330001831 0.0
155 0.6689795851707458 11.206109754997966 3.229255437850952 2.224421262741089 0.0 4.175758773721477 1.350243330001831 0.0
156 0.6689795851707458 11.205257172176344 3.229255437850952 2.224421262741089 0.0 4.174500197246127 1.3497653007507324 0.0
157 0.6689795851707458 11.205257172176344 3.229255437850952 2.224421262741089 0.0 4.174500197246127 1.3497653007507324 0.0
158 0.6689795851707458 11.205257172176344 3.229255437850952 2.224421262741089 0.0 4.174500197246127 1.3497653007507324 0.0
159 0.6689795851707458 11.22150692835826 3.229255437850952 2.224421262741089 0.0 4.176214515030695 1.352632999420166 0.0
160 0.6689795851707458 11.22150692835826 3.229255437850952 2.224421262741089 0.0 4.176214515030695 1.352632999420166 0.0
161 0.6689795851707458 11.222821268988287 3.229255437850952 2.224421262741089 0.0 4.176935323214257 1.352904200553894 0.0
162 0.6689795851707458 11.223773068852966 3.229255437850952 2.224421262741089 0.0 4.179040323402805 1.3350416421890259 0.0
163 0.6689795851707458 11.223773068852966 3.229255437850952 2.224421262741089 0.0 4.179040323402805 1.3350416421890259 0.0
164 0.6689795851707458 11.211512273735991 3.229255437850952 2.224421262741089 0.0 4.176204390985242 1.3331313133239746 0.0
165 0.6689795851707458 11.209795088832102 3.229255437850952 2.224421262741089 0.0 4.176869812832328 1.3500049114227295 0.0
166 0.6689795851707458 11.209057730487277 3.229255437850952 2.224421262741089 0.0 4.172385360972 1.3514999151229858 0.0
167 0.6689795851707458 11.209057730487277 3.229255437850952 2.224421262741089 0.0 4.172385360972 1.3514999151229858 0.0
168 0.6689795851707458 11.202081992392031 3.229255437850952 2.224421262741089 0.0 4.17175640867444 1.3506460189819336 0.0
169 0.6689795851707458 11.202081992392031 3.229255437850952 2.224421262741089 0.0 4.17175640867444 1.3506460189819336 0.0
170 0.6689795851707458 11.203060543071619 3.229255437850952 2.224421262741089 0.0 4.174546562746831 1.3319791555404663 0.0
171 0.6689795851707458 11.203060543071619 3.229255437850952 2.224421262741089 0.0 4.174546562746831 1.3319791555404663 0.0
172 0.6689795851707458 11.203060543071619 3.229255437850952 2.224421262741089 0.0 4.174546562746831 1.3319791555404663 0.0
173 0.6689795851707458 11.202496886769431 3.229255437850952 2.224421262741089 0.0 4.174416244362239 1.3497564792633057 0.0
174 0.6689795851707458 11.208372293604993 3.229255437850952 2.224421262741089 0.0 4.175597364612859 1.349457859992981 0.0
175 0.6689795851707458 11.22003549078497 3.229255437850952 2.224421262741089 0.0 4.198750576450545 1.3432466983795166 0.0
176 0.6689795851707458 11.218902419587115 3.229255437850952 2.224421262741089 0.0 4.202011055073013 1.3422071933746338 0.0
177 0.6689795851707458 11.217820667015214 3.229255437850952 2.224421262741089 0.0 4.205176679640964 1.341192364692688 0.0
178 0.6689795851707458 11.214204727753199 3.229255437850952 2.224421262741089 0.0 4.202607113303596 1.3406141996383667 0.0
179 0.6689795851707458 11.21872073359298 3.229255437850952 2.224421262741089 0.0 4.204805069122128 1.3401713371276855 0.0
180 0.6689795851707458 11.218711906749864 3.229255437850952 2.224421262741089 0.0 4.204748949555771 1.3401460647583008 0.0
181 0.6689795851707458 11.214759508681004 3.229255437850952 2.224421262741089 0.0 4.198073293649169 1.3391915559768677 0.0
182 0.6689795851707458 11.22983427678523 3.229255437850952 2.224421262741089 0.0 4.200737174218493 1.341558814048767 0.0
183 0.6689795851707458 11.22983427678523 3.229255437850952 2.224421262741089 0.0 4.200737174218493 1.341558814048767 0.0
184 0.6689795851707458 11.230742330143006 3.229255437850952 2.224421262741089 0.0 4.197847709598718 1.3406568765640259 0.0
185 0.6689795851707458 11.230232750677182 3.229255437850952 2.224421262741089 0.0 4.199458127992119 1.341159462928772 0.0
186 0.6689795851707458 11.221703952922475 3.229255437850952 2.224421262741089 0.0 4.179400233834745 1.3517764806747437 0.0
187 0.6689795851707458 11.221703952922475 3.229255437850952 2.224421262741089 0.0 4.179400233834745 1.3517764806747437 0.0
188 0.6689795851707458 11.221703952922475 3.229255437850952 2.224421262741089 0.0 4.179400233834745 1.3517764806747437 0.0
189 0.6689795851707458 11.221703952922475 3.229255437850952 2.224421262741089 0.0 4.179400233834745 1.3517764806747437 0.0
190 0.6689795851707458 11.221703952922475 3.229255437850952 2.224421262741089 0.0 4.179400233834745 1.3517764806747437 0.0
191 0.6689795851707458 11.221703952922475 3.229255437850952 2.224421262741089 0.0 4.179400233834745 1.3517764806747437 0.0
192 0.6689795851707458 11.22048604899306 3.229255437850952 2.224421262741089 0.0 4.178973805975539 1.3516547679901123 0.0
193 0.6689795851707458 11.22946104972985 3.229255437850952 2.224421262741089 0.0 4.207459758465984 1.3436672687530518 0.0
194 0.6689795851707458 11.22946104972985 3.229255437850952 2.224421262741089 0.0 4.207459758465984 1.3436672687530518 0.0
195 0.6689795851707458 11.223286905705002 3.229255437850952 2.224421262741089 0.0 4.182752141643279 1.335942029953003 0.0
196 0.6689795851707458 11.2288032546351 3.229255437850952 2.224421262741089 0.0 4.2045561653957595 1.3427484035491943 0.0
197 0.6689795851707458 11.228331843803716 3.229255437850952 2.224421262741089 0.0 4.205678199395539 1.343249797821045 0.0
198 0.6689795851707458 11.223504456306925 3.229255437850952 2.224421262741089 0.0 4.183578411451292 1.3361997604370117 0.0
199 0.6689795851707458 11.223504456306925 3.229255437850952 2.224421262741089 0.0 4.183578411451292 1.3361997604370117 0.0
200 0.6689795851707458 11.231563815575111 3.229255437850952 2.224421262741089 0.0 4.205959030566578 1.3445316553115845 0.0
201 0.6689795851707458 11.231563815575111 3.229255437850952 2.224421262741089 0.0 4.205959030566578 1.3445316553115845 0.0
202 0.6689795851707458 11.229999377972312 3.229255437850952 2.224421262741089 0.0 4.200607118340261 1.3415156602859497 0.0
203 0.6689795851707458 11.221880904420445 3.229255437850952 2.224421262741089 0.0 4.179803567922429 1.351667881011963 0.0
204 0.6689795851707458 11.221880904420445 3.229255437850952 2.224421262741089 0.0 4.179803567922429 1.351667881011963 0.0
205 0.6689795851707458 11.231100329720906 3.229255437850952 2.224421262741089 0.0 4.197121802111429 1.3404275178909302 0.0
206 0.6689795851707458 11.231100329720906 3.229255437850952 2.224421262741089 0.0 4.197121802111429 1.3404275178909302 0.0
207 0.6689795851707458 11.231100329720906 3.229255437850952 2.224421262741089 0.0 4.197121802111429 1.3404275178909302 0.0
208 0.6689795851707458 11.230725684599994 3.229255437850952 2.224421262741089 0.0 4.198292746028024 1.3407930135726929 0.0
209 0.6689795851707458 11.230725684599994 3.229255437850952 2.224421262741089 0.0 4.198292746028024 1.3407930135726929 0.0
210 0.6689795851707458 11.210478303242994 3.229255437850952 2.224421262741089 0.0 4.195402235933795 1.3377057313919067 0.0
211 0.6689795851707458 11.228591928968628 3.229255437850952 2.224421262741089 0.0 4.197716973616839 1.340423345565796 0.0
212 0.6689795851707458 11.227059911048176 3.229255437850952 2.224421262741089 0.0 4.1968804278818626 1.3401211500167847 0.0
213 0.6689795851707458 11.218203051468501 3.229255437850952 2.224421262741089 0.0 4.178335072696994 1.3510178327560425 0.0
214 0.6689795851707458 11.218203051468501 3.229255437850952 2.224421262741089 0.0 4.178335072696994 1.3510178327560425 0.0
215 0.6689795851707458 11.218203051468501 3.229255437850952 2.224421262741089 0.0 4.178335072696994 1.3510178327560425 0.0
216 0.6689795851707458 11.223139453525556 3.229255437850952 2.224421262741089 0.0 4.180827296573881 1.3512201309204102 0.0
217 0.6689795851707458 11.223139453525556 3.229255437850952 2.224421262741089 0.0 4.180827296573881 1.3512201309204102 0.0
218 0.6689795851707458 11.210963826942793 3.229255437850952 2.224421262741089 0.0 4.177291108759394 1.3503975868225098 0.0
219 0.6689795851707458 11.210963826942793 3.229255437850952 2.224421262741089 0.0 4.177291108759394 1.3503975868225098 0.0
220 0.6689795851707458 11.22592835510913 3.229255437850952 2.224421262741089 0.0 4.183839178372757 1.3531359434127808 0.0
221 0.6689795851707458 11.233461267078859 3.229255437850952 2.224421262741089 0.0 4.206602987029215 1.3435806035995483 0.0
222 0.6689795851707458 11.226926350198339 3.229255437850952 2.224421262741089 0.0 4.185224206822733 1.3369078636169434 0.0
223 0.6689795851707458 11.226926350198339 3.229255437850952 2.224421262741089 0.0 4.185224206822733 1.3369078636169434 0.0
224 0.6689795851707458 11.226926350198339 3.229255437850952 2.224421262741089 0.0 4.185224206822733 1.3369078636169434 0.0
225 0.6689795851707458 11.225699699020774 3.229255437850952 2.224421262741089 0.0 4.184701271799159 1.3367176055908203 0.0
226 0.6689795851707458 11.216755358481674 3.229255437850952 2.224421262741089 0.0 4.177416835719585 1.3340797424316406 0.0
227 0.6689795851707458 11.216755358481674 3.229255437850952 2.224421262741089 0.0 4.177416835719585 1.3340797424316406 0.0
228 0.6689795851707458 11.216755358481674 3.229255437850952 2.224421262741089 0.0 4.177416835719585 1.3340797424316406 0.0
229 0.6689795851707458 11.229928452539522 3.229255437850952 2.224421262741089 0.0 4.1843714092746085 1.3366050720214844 0.0
230 0.6689795851707458 11.22319506289028 3.229255437850952 2.224421262741089 0.0 4.179797076657979 1.335008978843689 0.0
231 0.6689795851707458 11.22319506289028 3.229255437850952 2.224421262741089 0.0 4.179797076657979 1.335008978843689 0.0
232 0.6689795851707458 11.22319506289028 3.229255437850952 2.224421262741089 0.0 4.179797076657979 1.335008978843689 0.0
233 0.6689795851707458 11.229090110808626 3.229255437850952 2.224421262741089 0.0 4.206269428297683 1.3440589904785156 0.0
234 0.6689795851707458 11.23304224062083 3.229255437850952 2.224421262741089 0.0 4.207543718922662 1.345112681388855 0.0
235 0.6689795851707458 11.23304224062083 3.229255437850952 2.224421262741089 0.0 4.207543718922662 1.345112681388855 0.0
236 0.6689795851707458 11.234711562444328 3.229255437850952 2.224421262741089 0.0 4.205726916937947 1.3460544347763062 0.0
237 0.6689795851707458 11.228997058154453 3.229255437850952 2.224421262741089 0.0 4.202392438645062 1.3457634449005127 0.0
238 0.6689795851707458 11.232193846481293 3.229255437850952 2.224421262741089 0.0 4.203178716613942 1.3423218727111816 0.0
239 0.6689795851707458 11.234453458435214 3.229255437850952 2.224421262741089 0.0 4.203870100863774 1.3427330255508423 0.0
240 0.6689795851707458 11.234453458435214 3.229255437850952 2.224421262741089 0.0 4.203870100863774 1.3427330255508423 0.0
241 0.6689795851707458 11.234453458435214 3.229255437850952 2.224421262741089 0.0 4.203870100863774 1.3427330255508423 0.0
242 0.6689795851707458 11.225812753886132 3.229255437850952 2.224421262741089 0.0 4.179162490277196 1.3540009260177612 0.0
243 0.6689795851707458 11.225812753886132 3.229255437850952 2.224421262741089 0.0 4.179162490277196 1.3540009260177612 0.0
244 0.6689795851707458 11.225812753886132 3.229255437850952 2.224421262741089 0.0 4.179162490277196 1.3540009260177612 0.0
245 0.6689795851707458 11.225812753886132 3.229255437850952 2.224421262741089 0.0 4.179162490277196 1.3540009260177612 0.0
246 0.6689795851707458 11.225812753886132 3.229255437850952 2.224421262741089 0.0 4.179162490277196 1.3540009260177612 0.0
247 0.6689795851707458 11.225812753886132 3.229255437850952 2.224421262741089 0.0 4.179162490277196 1.3540009260177612 0.0
248 0.6689795851707458 11.225812753886132 3.229255437850952 2.224421262741089 0.0 4.179162490277196 1.3540009260177612 0.0
249 0.6689795851707458 11.225812753886132 3.229255437850952 2.224421262741089 0.0 4.179162490277196 1.3540009260177612 0.0
250 0.6689795851707458 11.231131469389451 3.229255437850952 2.224421262741089 0.0 4.181125608705006 1.3550137281417847 0.0
251 0.6689795851707458 11.231560153352758 3.229255437850952 2.224421262741089 0.0 4.181291632978843 1.336100459098816 0.0
252 0.6689795851707458 11.231560153352758 3.229255437850952 2.224421262741089 0.0 4.181291632978843 1.336100459098816 0.0
253 0.6689795851707458 11.233421341036118 3.229255437850952 2.224421262741089 0.0 4.195094073939785 1.3557394742965698 0.0
254 0.6689795851707458 11.233421341036118 3.229255437850952 2.224421262741089 0.0 4.195094073939785 1.3557394742965698 0.0
255 0.6689795851707458 11.233047150928753 3.229255437850952 2.224421262741089 0.0 4.190441269368932 1.339019775390625 0.0
256 0.6689795851707458 11.198645533501102 3.229255437850952 2.224421262741089 0.0 4.181631676010482 1.3337515592575073 0.0
257 0.6689795851707458 11.198645533501102 3.229255437850952 2.224421262741089 0.0 4.181631676010482 1.3337515592575073 0.0
258 0.6689795851707458 11.196958788654344 3.229255437850952 2.224421262741089 0.0 4.1811782945328995 1.3335669040679932 0.0
259 0.6689795851707458 11.205518405646679 3.229255437850952 2.224421262741089 0.0 4.203153951612294 1.340436577796936 0.0
260 0.6689795851707458 11.205518405646679 3.229255437850952 2.224421262741089 0.0 4.203153951612294 1.340436577796936 0.0
261 0.6689795851707458 11.2009718250484 3.229255437850952 2.224421262741089 0.0 4.184486681407019 1.3504947423934937 0.0
262 0.6689795851707458 11.193055429741907 3.229255437850952 2.224421262741089 0.0 4.18442002171886 1.351136326789856 0.0
263 0.6689795851707458 11.20787450594227 3.229255437850952 2.224421262741089 0.0 4.185520336618424 1.3524192571640015 0.0
264 0.6689795851707458 11.233847685378572 3.229255437850952 2.224421262741089 0.0 4.216998433167241 1.3486350774765015 0.0
265 0.6689795851707458 11.234606629979552 3.229255437850952 2.224421262741089 0.0 4.217368582960881 1.3487647771835327 0.0
266 0.6689795851707458 11.23454329548126 3.229255437850952 2.224421262741089 0.0 4.2172674033104265 1.3487290143966675 0.0
267 0.6689795851707458 11.236750314422588 3.229255437850952 2.224421262741089 0.0 4.218586891661271 1.3502368927001953 0.0
268 0.6689795851707458 11.239288872980172 3.229255437850952 2.224421262741089 0.0 4.220176290292427 1.3507124185562134 0.0
269 0.6689795851707458 11.239288872980172 3.229255437850952 2.224421262741089 0.0 4.220176290292427 1.3507124185562134 0.0
270 0.6689795851707458 11.239288872980172 3.229255437850952 2.224421262741089 0.0 4.220176290292427 1.3507124185562134 0.0
271 0.6689795851707458 11.239907486261584 3.229255437850952 2.224421262741089 0.0 4.220624707981518 1.3508249521255493 0.0
272 0.6689795851707458 11.239907486261584 3.229255437850952 2.224421262741089 0.0 4.220624707981518 1.3508249521255493 0.0
273 0.6689795851707458 11.2377644654735 3.229255437850952 2.224421262741089 0.0 4.219177964812613 1.3504292964935303 0.0
274 0.6689795851707458 11.2377644654735 3.229255437850952 2.224421262741089 0.0 4.219177964812613 1.3504292964935303 0.0
275 0.6689795851707458 11.22717689039616 3.229255437850952 2.224421262741089 0.0 4.195648623570879 1.3567326068878174 0.0
276 0.6689795851707458 11.237394104993786 3.229255437850952 2.224421262741089 0.0 4.22024750834489 1.3500882387161255 0.0
277 0.6689795851707458 11.241249145371206 3.229255437850952 2.224421262741089 0.0 4.223029503659261 1.3510807752609253 0.0
278 0.6689795851707458 11.241249145371206 3.229255437850952 2.224421262741089 0.0 4.223029503659261 1.3510807752609253 0.0
279 0.6689795851707458 11.24281616213295 3.229255437850952 2.224421262741089 0.0 4.2242352359118645 1.3514044284820557 0.0
280 0.6689795851707458 11.24281616213295 3.229255437850952 2.224421262741089 0.0 4.2242352359118645 1.3514044284820557 0.0
281 0.6689795851707458 11.24281616213295 3.229255437850952 2.224421262741089 0.0 4.2242352359118645 1.3514044284820557 0.0
282 0.6689795851707458 11.24281616213295 3.229255437850952 2.224421262741089 0.0 4.2242352359118645 1.3514044284820557 0.0
283 0.6689795851707458 11.225446450355935 3.229255437850952 2.224421262741089 0.0 4.2052306627483915 1.3498501777648926 0.0
284 0.6689795851707458 11.216016182287381 3.229255437850952 2.224421262741089 0.0 4.194406088130738 1.352964162826538 0.0
285 0.6689795851707458 11.217060863022228 3.229255437850952 2.224421262741089 0.0 4.194943860768922 1.3391656875610352 0.0
286 0.6689795851707458 11.22631079616651 3.229255437850952 2.224421262741089 0.0 4.212263444381369 1.348514199256897 0.0
287 0.6689795851707458 11.22631079616651 3.229255437850952 2.224421262741089 0.0 4.212263444381369 1.348514199256897 0.0
288 0.6689795851707458 11.22631079616651 3.229255437850952 2.224421262741089 0.0 4.212263444381369 1.348514199256897 0.0
289 0.6689795851707458 11.22631079616651 3.229255437850952 2.224421262741089 0.0 4.212263444381369 1.348514199256897 0.0
290 0.6689795851707458 11.22631079616651 3.229255437850952 2.224421262741089 0.0 4.212263444381369 1.348514199256897 0.0
291 0.6689795851707458 11.235334435329948 3.229255437850952 2.224421262741089 0.0 4.217445199668986 1.3503690958023071 0.0
292 0.6689795851707458 11.237685256620596 3.229255437850952 2.224421262741089 0.0 4.21795036372478 1.350831151008606 0.0
293 0.6689795851707458 11.24600700382631 3.229255437850952 2.224421262741089 0.0 4.221221578727076 1.3524725437164307 0.0
294 0.6689795851707458 11.246252738965563 3.229255437850952 2.224421262741089 0.0 4.220520915860884 1.3526949882507324 0.0
295 0.6689795851707458 11.22945309986396 3.229255437850952 2.224421262741089 0.0 4.215012119272169 1.349553108215332 0.0
296 0.6689795851707458 11.22945309986396 3.229255437850952 2.224421262741089 0.0 4.215012119272169 1.349553108215332 0.0
297 0.6689795851707458 11.22115855095384 3.229255437850952 2.224421262741089 0.0 4.187985938610382 1.3580820560455322 0.0
298 0.6689795851707458 11.22115855095384 3.229255437850952 2.224421262741089 0.0 4.187985938610382 1.3580820560455322 0.0
299 0.6689795851707458 11.221383608444874 3.229255437850952 2.224421262741089 0.0 4.198716229791915 1.3540793657302856 0.0
300 0.6689795851707458 11.23325570180924 3.229255437850952 2.224421262741089 0.0 4.223935319104986 1.348851203918457 0.0
