init 0.5740702152252197 6.335745707570802 3.422760248184204 2.0726211071014404 0.0 0.0 0.0 0.0
1 0.5740702152252197 6.35105655706603 3.422760248184204 2.0726211071014404 0.0 0.39344720329810057 0.09867062419652939 0.0
2 0.5740702152252197 6.35105655706603 3.422760248184204 2.0726211071014404 0.0 0.39344720329810057 0.09867062419652939 0.0
3 0.5740702152252197 6.201904097622549 3.422760248184204 2.0726211071014404 0.0 0.6321178308679107 0.15852563083171844 0.0
4 0.5740702152252197 6.202260601671541 3.422760248184204 2.0726211071014404 0.0 0.6670577989596315 0.16728805005550385 0.0
5 0.5740702152252197 6.205302797100743 3.422760248184204 2.0726211071014404 0.0 0.6688942770541595 0.16774863004684448 0.0
6 0.5740702152252197 6.205302797100743 3.422760248184204 2.0726211071014404 0.0 0.6688942770541595 0.16774863004684448 0.0
7 0.5740702152252197 6.205302797100743 3.422760248184204 2.0726211071014404 0.0 0.6688942770541595 0.16774863004684448 0.0
8 0.5740702152252197 6.205302797100743 3.422760248184204 2.0726211071014404 0.0 0.6688942770541595 0.16774863004684448 0.0
9 0.5740702152252197 6.205302797100743 3.422760248184204 2.0726211071014404 0.0 0.6688942770541595 0.16774863004684448 0.0
10 0.5740702152252197 6.205302797100743 3.422760248184204 2.0726211071014404 0.0 0.6688942770541595 0.16774863004684448 0.0
11 0.5740702152252197 6.205302797100743 3.422760248184204 2.0726211071014404 0.0 0.6688942770541595 0.16774863004684448 0.0
12 0.5740702152252197 6.204076986729082 3.422760248184204 2.0726211071014404 0.0 0.66773043118045 0.1674567312002182 0.0
13 0.5740702152252197 6.204076986729082 3.422760248184204 2.0726211071014404 0.0 0.66773043118045 0.1674567312002182 0.0
14 0.5740702152252197 6.204076986729082 3.422760248184204 2.0726211071014404 0.0 0.66773043118045 0.1674567312002182 0.0
15 0.5740702152252197 6.204076986729082 3.422760248184204 2.0726211071014404 0.0 0.66773043118045 0.1674567312002182 0.0
16 0.5740702152252197 6.204076986729082 3.422760248184204 2.0726211071014404 0.0 0.66773043118045 0.1674567312002182 0.0
17 0.5740702152252197 6.204076986729082 3.422760248184204 2.0726211071014404 0.0 0.66773043118045 0.1674567312002182 0.0
18 0.5740702152252197 6.204076986729082 3.422760248184204 2.0726211071014404 0.0 0.66773043118045 0.1674567312002182 0.0
19 0.5740702152252197 6.204076986729082 3.422760248184204 2.0726211071014404 0.0 0.66773043118045 0.1674567312002182 0.0
20 0.5740702152252197 6.204076986729082 3.422760248184204 2.0726211071014404 0.0 0.66773043118045 0.1674567312002182 0.0
21 0.5740702152252197 6.204076986729082 3.422760248184204 2.0726211071014404 0.0 0.66773043118045 0.1674567312002182 0.0
22 0.5740702152252197 6.204076986729082 3.422760248184204 2.0726211071014404 0.0 0.66773043118045 0.1674567312002182 0.0
23 0.5740702152252197 6.204005164773933 3.422760248184204 2.0726211071014404 0.0 0.6742104566227998 0.16908182203769684 0.0
24 0.5740702152252197 6.204005164773933 3.422760248184204 2.0726211071014404 0.0 0.6742104566227998 0.16908182203769684 0.0
25 0.5740702152252197 6.204005164773933 3.422760248184204 2.0726211071014404 0.0 0.6742104566227998 0.16908182203769684 0.0
26 0.5740702152252197 6.204005164773933 3.422760248184204 2.0726211071014404 0.0 0.6742104566227998 0.16908182203769684 0.0
27 0.5740702152252197 6.204005164773933 3.422760248184204 2.0726211071014404 0.0 0.6742104566227998 0.16908182203769684 0.0
28 0.5740702152252197 6.204005164773933 3.422760248184204 2.0726211071014404 0.0 0.6742104566227998 0.16908182203769684 0.0
29 0.5740702152252197 6.204005164773933 3.422760248184204 2.0726211071014404 0.0 0.6742104566227998 0.16908182203769684 0.0
30 0.5740702152252197 6.204005164773933 3.422760248184204 2.0726211071014404 0.0 0.6742104566227998 0.16908182203769684 0.0
31 0.5740702152252197 6.204005164773933 3.422760248184204 2.0726211071014404 0.0 0.6742104566227998 0.16908182203769684 0.0
32 0.5740702152252197 6.204005164773933 3.422760248184204 2.0726211071014404 0.0 0.6742104566227998 0.16908182203769684 0.0
33 0.5740702152252197 6.204005164773933 3.422760248184204 2.0726211071014404 0.0 0.6742104566227998 0.16908182203769684 0.0
34 0.5740702152252197 6.204005164773933 3.422760248184204 2.0726211071014404 0.0 0.6742104566227998 0.16908182203769684 0.0
35 0.5740702152252197 6.204005164773933 3.422760248184204 2.0726211071014404 0.0 0.6742104566227998 0.16908182203769684 0.0
36 0.5740702152252197 6.204005164773933 3.422760248184204 2.0726211071014404 0.0 0.6742104566227998 0.16908182203769684 0.0
37 0.5740702152252197 6.204005164773933 3.422760248184204 2.0726211071014404 0.0 0.6742104566227998 0.16908182203769684 0.0
38 0.5740702152252197 6.204005164773933 3.422760248184204 2.0726211071014404 0.0 0.6742104566227998 0.16908182203769684 0.0
39 0.5740702152252197 6.204005164773933 3.422760248184204 2.0726211071014404 0.0 0.6742104566227998 0.16908182203769684 0.0
40 0.5740702152252197 6.204005164773933 3.422760248184204 2.0726211071014404 0.0 0.6742104566227998 0.16908182203769684 0.0
41 0.5740702152252197 6.204005164773933 3.422760248184204 2.0726211071014404 0.0 0.6742104566227998 0.16908182203769684 0.0
42 0.5740702152252197 6.204005164773933 3.422760248184204 2.0726211071014404 0.0 0.6742104566227998 0.16908182203769684 0.0
43 0.5740702152252197 6.204005164773933 3.422760248184204 2.0726211071014404 0.0 0.6742104566227998 0.16908182203769684 0.0
44 0.5740702152252197 6.204005164773933 3.422760248184204 2.0726211071014404 0.0 0.6742104566227998 0.16908182203769684 0.0
45 0.5740702152252197 6.204005164773933 3.422760248184204 2.0726211071014404 0.0 0.6742104566227998 0.16908182203769684 0.0
46 0.5740702152252197 6.204005164773933 3.422760248184204 2.0726211071014404 0.0 0.6742104566227998 0.16908182203769684 0.0
47 0.5740702152252197 6.204005164773933 3.422760248184204 2.0726211071014404 0.0 0.6742104566227998 0.16908182203769684 0.0
48 0.5740702152252197 6.204005164773933 3.422760248184204 2.0726211071014404 0.0 0.6742104566227998 0.16908182203769684 0.0
49 0.5740702152252197 6.204021494004845 3.422760248184204 2.0726211071014404 0.0 0.673051415855699 0.16879114508628845 0.0
50 0.5740702152252197 6.204021494004845 3.422760248184204 2.0726211071014404 0.0 0.673051415855699 0.16879114508628845 0.0
51 0.5740702152252197 6.204021494004845 3.422760248184204 2.0726211071014404 0.0 0.673051415855699 0.16879114508628845 0.0
52 0.5740702152252197 6.204021494004845 3.422760248184204 2.0726211071014404 0.0 0.673051415855699 0.16879114508628845 0.0
53 0.5740702152252197 6.204021494004845 3.422760248184204 2.0726211071014404 0.0 0.673051415855699 0.16879114508628845 0.0
54 0.5740702152252197 6.203984213556016 3.422760248184204 2.0726211071014404 0.0 0.6755365473053354 0.16941437125205994 0.0
55 0.5740702152252197 6.204035194975329 3.422760248184204 2.0726211071014404 0.0 0.6719767851347735 0.16852164268493652 0.0
56 0.5740702152252197 6.204035194975329 3.422760248184204 2.0726211071014404 0.0 0.6719767851347735 0.16852164268493652 0.0
57 0.5740702152252197 6.204035194975329 3.422760248184204 2.0726211071014404 0.0 0.6719767851347735 0.16852164268493652 0.0
58 0.5740702152252197 6.204035194975329 3.422760248184204 2.0726211071014404 0.0 0.6719767851347735 0.16852164268493652 0.0
59 0.5740702152252197 6.204035194975329 3.422760248184204 2.0726211071014404 0.0 0.6719767851347735 0.16852164268493652 0.0
60 0.5740702152252197 6.204035194975329 3.422760248184204 2.0726211071014404 0.0 0.6719767851347735 0.16852164268493652 0.0
61 0.5740702152252197 6.204035194975329 3.422760248184204 2.0726211071014404 0.0 0.6719767851347735 0.16852164268493652 0.0
62 0.5740702152252197 6.204035194975329 3.422760248184204 2.0726211071014404 0.0 0.6719767851347735 0.16852164268493652 0.0
63 0.5740702152252197 6.204035194975329 3.422760248184204 2.0726211071014404 0.0 0.6719767851347735 0.16852164268493652 0.0
64 0.5740702152252197 6.204035194975329 3.422760248184204 2.0726211071014404 0.0 0.6719767851347735 0.16852164268493652 0.0
65 0.5740702152252197 6.204035194975329 3.422760248184204 2.0726211071014404 0.0 0.6719767851347735 0.16852164268493652 0.0
66 0.5740702152252197 6.204035194975329 3.422760248184204 2.0726211071014404 0.0 0.6719767851347735 0.16852164268493652 0.0
67 0.5740702152252197 6.204035194975329 3.422760248184204 2.0726211071014404 0.0 0.6719767851347735 0.16852164268493652 0.0
68 0.5740702152252197 6.204035194975329 3.422760248184204 2.0726211071014404 0.0 0.6719767851347735 0.16852164268493652 0.0
69 0.5740702152252197 6.204035194975329 3.422760248184204 2.0726211071014404 0.0 0.6719767851347735 0.16852164268493652 0.0
70 0.5740702152252197 6.204035194975329 3.422760248184204 2.0726211071014404 0.0 0.6719767851347735 0.16852164268493652 0.0
71 0.5740702152252197 6.204035194975329 3.422760248184204 2.0726211071014404 0.0 0.6719767851347735 0.16852164268493652 0.0
72 0.5740702152252197 6.204035194975329 3.422760248184204 2.0726211071014404 0.0 0.6719767851347735 0.16852164268493652 0.0
73 0.5740702152252197 6.204035194975329 3.422760248184204 2.0726211071014404 0.0 0.6719767851347735 0.16852164268493652 0.0
74 0.5740702152252197 6.204035194975329 3.422760248184204 2.0726211071014404 0.0 0.6719767851347735 0.16852164268493652 0.0
75 0.5740702152252197 6.204035194975329 3.422760248184204 2.0726211071014404 0.0 0.6719767851347735 0.16852164268493652 0.0
76 0.5740702152252197 6.204035194975329 3.422760248184204 2.0726211071014404 0.0 0.6719767851347735 0.16852164268493652 0.0
77 0.5740702152252197 6.204035194975329 3.422760248184204 2.0726211071014404 0.0 0.6719767851347735 0.16852164268493652 0.0
78 0.5740702152252197 6.203982700229434 3.422760248184204 2.0726211071014404 0.0 0.6756610890443514 0.16944561898708344 0.0
79 0.5740702152252197 6.203982700229434 3.422760248184204 2.0726211071014404 0.0 0.6756610890443514 0.16944561898708344 0.0
80 0.5740702152252197 6.203982700229434 3.422760248184204 2.0726211071014404 0.0 0.6756610890443514 0.16944561898708344 0.0
81 0.5740702152252197 6.203982700229434 3.422760248184204 2.0726211071014404 0.0 0.6756610890443514 0.16944561898708344 0.0
82 0.5740702152252197 6.203982700229434 3.422760248184204 2.0726211071014404 0.0 0.6756610890443514 0.16944561898708344 0.0
83 0.5740702152252197 6.203982700229434 3.422760248184204 2.0726211071014404 0.0 0.6756610890443514 0.16944561898708344 0.0
84 0.5740702152252197 6.230835504506745 3.422760248184204 2.0726211071014404 0.0 0.8707645833426284 0.21837463974952698 0.0
85 0.5740702152252197 6.230835504506745 3.422760248184204 2.0726211071014404 0.0 0.8707645833426284 0.21837463974952698 0.0
86 0.5740702152252197 6.230835504506745 3.422760248184204 2.0726211071014404 0.0 0.8707645833426284 0.21837463974952698 0.0
87 0.5740702152252197 6.230835504506745 3.422760248184204 2.0726211071014404 0.0 0.8707645833426284 0.21837463974952698 0.0
88 0.5740702152252197 6.210457182692899 3.422760248184204 2.0726211071014404 0.0 1.0006593631569443 0.3235012888908386 0.0
89 0.5740702152252197 6.210457182692899 3.422760248184204 2.0726211071014404 0.0 1.0006593631569443 0.3235012888908386 0.0
90 0.5740702152252197 6.210457182692899 3.422760248184204 2.0726211071014404 0.0 1.0006593631569443 0.3235012888908386 0.0
91 0.5740702152252197 6.210457182692899 3.422760248184204 2.0726211071014404 0.0 1.0006593631569443 0.3235012888908386 0.0
92 0.5740702152252197 6.210457182692899 3.422760248184204 2.0726211071014404 0.0 1.0006593631569443 0.3235012888908386 0.0
93 0.5740702152252197 6.210457182692899 3.422760248184204 2.0726211071014404 0.0 1.0006593631569443 0.3235012888908386 0.0
94 0.5740702152252197 6.2104286692945125 3.422760248184204 2.0726211071014404 0.0 1.0056672477260344 0.3244765102863312 0.0
95 0.5740702152252197 6.2104286692945125 3.422760248184204 2.0726211071014404 0.0 1.0056672477260344 0.3244765102863312 0.0
96 0.5740702152252197 6.2104490925644225 3.422760248184204 2.0726211071014404 0.0 1.0030468783426791 0.32396596670150757 0.0
97 0.5740702152252197 6.2104490925644225 3.422760248184204 2.0726211071014404 0.0 1.0030468783426791 0.32396596670150757 0.0
98 0.5740702152252197 6.2104490925644225 3.422760248184204 2.0726211071014404 0.0 1.0030468783426791 0.32396596670150757 0.0
99 0.5740702152252197 6.2104490925644225 3.422760248184204 2.0726211071014404 0.0 1.0030468783426791 0.32396596670150757 0.0
100 0.5740702152252197 6.2104490925644225 3.422760248184204 2.0726211071014404 0.0 1.0030468783426791 0.32396596670150757 0.0
101 0.5740702152252197 6.2104490925644225 3.422760248184204 2.0726211071014404 0.0 1.0030468783426791 0.32396596670150757 0.0
102 0.5740702152252197 6.2104490925644225 3.422760248184204 2.0726211071014404 0.0 1.0030468783426791 0.32396596670150757 0.0
103 0.5740702152252197 6.2104490925644225 3.422760248184204 2.0726211071014404 0.0 1.0030468783426791 0.32396596670150757 0.0
104 0.5740702152252197 6.2104490925644225 3.422760248184204 2.0726211071014404 0.0 1.0030468783426791 0.32396596670150757 0.0
105 0.5740702152252197 6.104505352044866 3.422760248184204 2.0726211071014404 0.0 0.9947351226342622 0.32235005497932434 0.0
106 0.5740702152252197 6.104505352044866 3.422760248184204 2.0726211071014404 0.0 0.9947351226342622 0.32235005497932434 0.0
107 0.5740702152252197 6.104505352044866 3.422760248184204 2.0726211071014404 0.0 0.9947351226342622 0.32235005497932434 0.0
108 0.5740702152252197 6.104505352044866 3.422760248184204 2.0726211071014404 0.0 0.9947351226342622 0.32235005497932434 0.0
109 0.5740702152252197 6.104887818600207 3.422760248184204 2.0726211071014404 0.0 0.9924691567119476 0.24889631569385529 0.0
110 0.5740702152252197 6.066183442918557 3.422760248184204 2.0726211071014404 0.0 1.112051780406513 0.2788858413696289 0.0
111 0.5740702152252197 6.06531331425422 3.422760248184204 2.0726211071014404 0.0 1.1288707340120427 0.2831037938594818 0.0
112 0.5740702152252197 6.06531331425422 3.422760248184204 2.0726211071014404 0.0 1.1288707340120427 0.2831037938594818 0.0
113 0.5740702152252197 6.044767071676136 3.422760248184204 2.0726211071014404 0.0 1.2061829633514107 0.30249249935150146 0.0
114 0.5740702152252197 6.044974538391892 3.422760248184204 2.0726211071014404 0.0 1.2042037135381274 0.3019961416721344 0.0
115 0.5740702152252197 6.044974538391892 3.422760248184204 2.0726211071014404 0.0 1.2042037135381274 0.3019961416721344 0.0
116 0.5740702152252197 6.044974538391892 3.422760248184204 2.0726211071014404 0.0 1.2042037135381274 0.3019961416721344 0.0
117 0.5740702152252197 6.044974538391892 3.422760248184204 2.0726211071014404 0.0 1.2042037135381274 0.3019961416721344 0.0
118 0.5740702152252197 6.044974538391892 3.422760248184204 2.0726211071014404 0.0 1.2042037135381274 0.3019961416721344 0.0
119 0.5740702152252197 6.044974538391892 3.422760248184204 2.0726211071014404 0.0 1.2042037135381274 0.3019961416721344 0.0
120 0.5740702152252197 6.044974538391892 3.422760248184204 2.0726211071014404 0.0 1.2042037135381274 0.3019961416721344 0.0
121 0.5740702152252197 6.044974538391892 3.422760248184204 2.0726211071014404 0.0 1.2042037135381274 0.3019961416721344 0.0
122 0.5740702152252197 6.045000757050603 3.422760248184204 2.0726211071014404 0.0 1.203930626615056 0.3019276261329651 0.0
123 0.5740702152252197 6.045000757050603 3.422760248184204 2.0726211071014404 0.0 1.203930626615056 0.3019276261329651 0.0
124 0.5740702152252197 6.045000757050603 3.422760248184204 2.0726211071014404 0.0 1.203930626615056 0.3019276261329651 0.0
125 0.5740702152252197 6.045000757050603 3.422760248184204 2.0726211071014404 0.0 1.203930626615056 0.3019276261329651 0.0
126 0.5740702152252197 6.045000757050603 3.422760248184204 2.0726211071014404 0.0 1.203930626615056 0.3019276261329651 0.0
127 0.5740702152252197 6.044263763777057 3.422760248184204 2.0726211071014404 0.0 1.215315087839671 0.3710973560810089 0.0
128 0.5740702152252197 6.044263763777057 3.422760248184204 2.0726211071014404 0.0 1.215315087839671 0.3710973560810089 0.0
129 0.5740702152252197 6.070290365032143 3.422760248184204 2.0726211071014404 0.0 1.2307717873596757 0.37428727746009827 0.0
130 0.5740702152252197 6.070290365032143 3.422760248184204 2.0726211071014404 0.0 1.2307717873596757 0.37428727746009827 0.0
131 0.5740702152252197 6.070213883413465 3.422760248184204 2.0726211071014404 0.0 1.2337178864653588 0.37367716431617737 0.0
132 0.5740702152252197 6.070213883413465 3.422760248184204 2.0726211071014404 0.0 1.2337178864653588 0.37367716431617737 0.0
133 0.5740702152252197 6.070213883413465 3.422760248184204 2.0726211071014404 0.0 1.2337178864653588 0.37367716431617737 0.0
134 0.5740702152252197 6.070213883413465 3.422760248184204 2.0726211071014404 0.0 1.2337178864653588 0.37367716431617737 0.0
135 0.5740702152252197 6.070213883413465 3.422760248184204 2.0726211071014404 0.0 1.2337178864653588 0.37367716431617737 0.0
136 0.5740702152252197 6.070213883413465 3.422760248184204 2.0726211071014404 0.0 1.2337178864653588 0.37367716431617737 0.0
137 0.5740702152252197 6.070213883413465 3.422760248184204 2.0726211071014404 0.0 1.2337178864653588 0.37367716431617737 0.0
138 0.5740702152252197 6.070213883413465 3.422760248184204 2.0726211071014404 0.0 1.2337178864653588 0.37367716431617737 0.0
139 0.5740702152252197 6.0701895418454495 3.422760248184204 2.0726211071014404 0.0 1.2340632394958218 0.37374886870384216 0.0
140 0.5740702152252197 6.0701895418454495 3.422760248184204 2.0726211071014404 0.0 1.2340632394958218 0.37374886870384216 0.0
141 0.5740702152252197 6.0701895418454495 3.422760248184204 2.0726211071014404 0.0 1.2340632394958218 0.37374886870384216 0.0
142 0.5740702152252197 6.070200426506395 3.422760248184204 2.0726211071014404 0.0 1.2336239560155418 0.373839795589447 0.0
143 0.5740702152252197 6.070200426506395 3.422760248184204 2.0726211071014404 0.0 1.2336239560155418 0.373839795589447 0.0
144 0.5740702152252197 6.070200426506395 3.422760248184204 2.0726211071014404 0.0 1.2336239560155418 0.373839795589447 0.0
145 0.5740702152252197 6.070200426506395 3.422760248184204 2.0726211071014404 0.0 1.2336239560155418 0.373839795589447 0.0
146 0.5740702152252197 6.070200426506395 3.422760248184204 2.0726211071014404 0.0 1.2336239560155418 0.373839795589447 0.0
147 0.5740702152252197 6.070200426506395 3.422760248184204 2.0726211071014404 0.0 1.2336239560155418 0.373839795589447 0.0
148 0.5740702152252197 6.070200426506395 3.422760248184204 2.0726211071014404 0.0 1.2336239560155418 0.373839795589447 0.0
149 0.5740702152252197 6.070200426506395 3.422760248184204 2.0726211071014404 0.0 1.2336239560155418 0.373839795589447 0.0
150 0.5740702152252197 6.070200426506395 3.422760248184204 2.0726211071014404 0.0 1.2336239560155418 0.373839795589447 0.0
151 0.5740702152252197 6.070200426506395 3.422760248184204 2.0726211071014404 0.0 1.2336239560155418 0.373839795589447 0.0
152 0.5740702152252197 6.070200426506395 3.422760248184204 2.0726211071014404 0.0 1.2336239560155418 0.373839795589447 0.0
153 0.5740702152252197 6.070200426506395 3.422760248184204 2.0726211071014404 0.0 1.2336239560155418 0.373839795589447 0.0
154 0.5740702152252197 6.070200426506395 3.422760248184204 2.0726211071014404 0.0 1.2336239560155418 0.373839795589447 0.0
155 0.5740702152252197 6.070267606257947 3.422760248184204 2.0726211071014404 0.0 1.2326726272334545 0.3736423850059509 0.0
156 0.5740702152252197 6.070267606257947 3.422760248184204 2.0726211071014404 0.0 1.2326726272334545 0.3736423850059509 0.0
157 0.5740702152252197 6.070267606257947 3.422760248184204 2.0726211071014404 0.0 1.2326726272334545 0.3736423850059509 0.0
158 0.5740702152252197 6.070007370914751 3.422760248184204 2.0726211071014404 0.0 1.2359691783623117 0.3743266761302948 0.0
159 0.5740702152252197 6.070007370914751 3.422760248184204 2.0726211071014404 0.0 1.2359691783623117 0.3743266761302948 0.0
160 0.5740702152252197 6.070101556087203 3.422760248184204 2.0726211071014404 0.0 1.2348833853281693 0.3741012513637543 0.0
161 0.5740702152252197 6.070101556087203 3.422760248184204 2.0726211071014404 0.0 1.2348833853281693 0.3741012513637543 0.0
162 0.5740702152252197 6.070101556087203 3.422760248184204 2.0726211071014404 0.0 1.2348833853281693 0.3741012513637543 0.0
163 0.5740702152252197 6.070101556087203 3.422760248184204 2.0726211071014404 0.0 1.2348833853281693 0.3741012513637543 0.0
164 0.5740702152252197 6.070001932127112 3.422760248184204 2.0726211071014404 0.0 1.2393814470024596 0.373165488243103 0.0
165 0.5740702152252197 6.070001932127112 3.422760248184204 2.0726211071014404 0.0 1.2393814470024596 0.373165488243103 0.0
166 0.5740702152252197 6.070001932127112 3.422760248184204 2.0726211071014404 0.0 1.2393814470024596 0.373165488243103 0.0
167 0.5740702152252197 6.070001932127112 3.422760248184204 2.0726211071014404 0.0 1.2393814470024596 0.373165488243103 0.0
168 0.5740702152252197 6.070001932127112 3.422760248184204 2.0726211071014404 0.0 1.2393814470024596 0.373165488243103 0.0
169 0.5740702152252197 6.070001932127112 3.422760248184204 2.0726211071014404 0.0 1.2393814470024596 0.373165488243103 0.0
170 0.5740702152252197 6.070001932127112 3.422760248184204 2.0726211071014404 0.0 1.2393814470024596 0.373165488243103 0.0
171 0.5740702152252197 6.070001932127112 3.422760248184204 2.0726211071014404 0.0 1.2393814470024596 0.373165488243103 0.0
172 0.5740702152252197 6.070001932127112 3.422760248184204 2.0726211071014404 0.0 1.2393814470024596 0.373165488243103 0.0
173 0.5740702152252197 6.070001932127112 3.422760248184204 2.0726211071014404 0.0 1.2393814470024596 0.373165488243103 0.0
174 0.5740702152252197 6.070001932127112 3.422760248184204 2.0726211071014404 0.0 1.2393814470024596 0.373165488243103 0.0
175 0.5740702152252197 6.070001932127112 3.422760248184204 2.0726211071014404 0.0 1.2393814470024596 0.373165488243103 0.0
176 0.5740702152252197 6.070001932127112 3.422760248184204 2.0726211071014404 0.0 1.2393814470024596 0.373165488243103 0.0
177 0.5740702152252197 6.070001932127112 3.422760248184204 2.0726211071014404 0.0 1.2393814470024596 0.373165488243103 0.0
178 0.5740702152252197 6.070001932127112 3.422760248184204 2.0726211071014404 0.0 1.2393814470024596 0.373165488243103 0.0
179 0.5740702152252197 6.070001932127112 3.422760248184204 2.0726211071014404 0.0 1.2393814470024596 0.373165488243103 0.0
180 0.5740702152252197 6.070040293010323 3.422760248184204 2.0726211071014404 0.0 1.2375240484763212 0.37355250120162964 0.0
181 0.5740702152252197 6.070040293010323 3.422760248184204 2.0726211071014404 0.0 1.2375240484763212 0.37355250120162964 0.0
182 0.5740702152252197 6.070040293010323 3.422760248184204 2.0726211071014404 0.0 1.2375240484763212 0.37355250120162964 0.0
183 0.5740702152252197 6.070040293010323 3.422760248184204 2.0726211071014404 0.0 1.2375240484763212 0.37355250120162964 0.0
184 0.5740702152252197 6.070040293010323 3.422760248184204 2.0726211071014404 0.0 1.2375240484763212 0.37355250120162964 0.0
185 0.5740702152252197 6.070076746581584 3.422760248184204 2.0726211071014404 0.0 1.2359576763365205 0.3738780617713928 0.0
186 0.5740702152252197 6.070076746581584 3.422760248184204 2.0726211071014404 0.0 1.2359576763365205 0.3738780617713928 0.0
187 0.5740702152252197 6.070076746581584 3.422760248184204 2.0726211071014404 0.0 1.2359576763365205 0.3738780617713928 0.0
188 0.5740702152252197 6.070076746581584 3.422760248184204 2.0726211071014404 0.0 1.2359576763365205 0.3738780617713928 0.0
189 0.5740702152252197 6.070076746581584 3.422760248184204 2.0726211071014404 0.0 1.2359576763365205 0.3738780617713928 0.0
190 0.5740702152252197 6.070076746581584 3.422760248184204 2.0726211071014404 0.0 1.2359576763365205 0.3738780617713928 0.0
191 0.5740702152252197 6.070076746581584 3.422760248184204 2.0726211071014404 0.0 1.2359576763365205 0.3738780617713928 0.0
192 0.5740702152252197 6.070076746581584 3.422760248184204 2.0726211071014404 0.0 1.2359576763365205 0.3738780617713928 0.0
193 0.5740702152252197 6.070076746581584 3.422760248184204 2.0726211071014404 0.0 1.2359576763365205 0.3738780617713928 0.0
194 0.5740702152252197 6.070076746581584 3.422760248184204 2.0726211071014404 0.0 1.2359576763365205 0.3738780617713928 0.0
195 0.5740702152252197 6.070076746581584 3.422760248184204 2.0726211071014404 0.0 1.2359576763365205 0.3738780617713928 0.0
196 0.5740702152252197 6.070076746581584 3.422760248184204 2.0726211071014404 0.0 1.2359576763365205 0.3738780617713928 0.0
197 0.5740702152252197 6.070076746581584 3.422760248184204 2.0726211071014404 0.0 1.2359576763365205 0.3738780617713928 0.0
198 0.5740702152252197 6.069978082624249 3.422760248184204 2.0726211071014404 0.0 1.2406391557427137 0.37290289998054504 0.0
199 0.5740702152252197 6.069978082624249 3.422760248184204 2.0726211071014404 0.0 1.2406391557427137 0.37290289998054504 0.0
200 0.5740702152252197 6.069978082624249 3.422760248184204 2.0726211071014404 0.0 1.2406391557427137 0.37290289998054504 0.0
201 0.5740702152252197 6.069824468827583 3.422760248184204 2.0726211071014404 0.0 1.2423618344335634 0.3732634484767914 0.0
202 0.5740702152252197 6.07002960652087 3.422760248184204 2.0726211071014404 0.0 1.2335416170006 0.3750971555709839 0.0
203 0.5740702152252197 6.07002960652087 3.422760248184204 2.0726211071014404 0.0 1.2335416170006 0.3750971555709839 0.0
204 0.5740702152252197 6.07002960652087 3.422760248184204 2.0726211071014404 0.0 1.2335416170006 0.3750971555709839 0.0
205 0.5740702152252197 6.07002960652087 3.422760248184204 2.0726211071014404 0.0 1.2335416170006 0.3750971555709839 0.0
206 0.5740702152252197 6.07002960652087 3.422760248184204 2.0726211071014404 0.0 1.2335416170006 0.3750971555709839 0.0
207 0.5740702152252197 6.07002960652087 3.422760248184204 2.0726211071014404 0.0 1.2335416170006 0.3750971555709839 0.0
208 0.5740702152252197 6.07002960652087 3.422760248184204 2.0726211071014404 0.0 1.2335416170006 0.3750971555709839 0.0
209 0.5740702152252197 6.07002960652087 3.422760248184204 2.0726211071014404 0.0 1.2335416170006 0.3750971555709839 0.0
210 0.5740702152252197 6.07002960652087 3.422760248184204 2.0726211071014404 0.0 1.2335416170006 0.3750971555709839 0.0
211 0.5740702152252197 6.07002960652087 3.422760248184204 2.0726211071014404 0.0 1.2335416170006 0.3750971555709839 0.0
212 0.5740702152252197 6.07002960652087 3.422760248184204 2.0726211071014404 0.0 1.2335416170006 0.3750971555709839 0.0
213 0.5740702152252197 6.07002960652087 3.422760248184204 2.0726211071014404 0.0 1.2335416170006 0.3750971555709839 0.0
214 0.5740702152252197 6.07002960652087 3.422760248184204 2.0726211071014404 0.0 1.2335416170006 0.3750971555709839 0.0
215 0.5740702152252197 6.07002960652087 3.422760248184204 2.0726211071014404 0.0 1.2335416170006 0.3750971555709839 0.0
216 0.5740702152252197 6.07006009949679 3.422760248184204 2.0726211071014404 0.0 1.233213227637837 0.37502923607826233 0.0
217 0.5740702152252197 6.07006009949679 3.422760248184204 2.0726211071014404 0.0 1.233213227637837 0.37502923607826233 0.0
218 0.5740702152252197 6.07006009949679 3.422760248184204 2.0726211071014404 0.0 1.233213227637837 0.37502923607826233 0.0
219 0.5740702152252197 6.07006009949679 3.422760248184204 2.0726211071014404 0.0 1.233213227637837 0.37502923607826233 0.0
220 0.5740702152252197 6.07006009949679 3.422760248184204 2.0726211071014404 0.0 1.233213227637837 0.37502923607826233 0.0
221 0.5740702152252197 6.0699470688216 3.422760248184204 2.0726211071014404 0.0 1.2376020985517042 0.37411949038505554 0.0
222 0.5740702152252197 6.0699470688216 3.422760248184204 2.0726211071014404 0.0 1.2376020985517042 0.37411949038505554 0.0
223 0.5740702152252197 6.0699470688216 3.422760248184204 2.0726211071014404 0.0 1.2376020985517042 0.37411949038505554 0.0
224 0.5740702152252197 6.0699470688216 3.422760248184204 2.0726211071014404 0.0 1.2376020985517042 0.37411949038505554 0.0
225 0.5740702152252197 6.0699470688216 3.422760248184204 2.0726211071014404 0.0 1.2376020985517042 0.37411949038505554 0.0
226 0.5740702152252197 6.0699470688216 3.422760248184204 2.0726211071014404 0.0 1.2376020985517042 0.37411949038505554 0.0
227 0.5740702152252197 6.0699470688216 3.422760248184204 2.0726211071014404 0.0 1.2376020985517042 0.37411949038505554 0.0
228 0.5740702152252197 6.0699470688216 3.422760248184204 2.0726211071014404 0.0 1.2376020985517042 0.37411949038505554 0.0
229 0.5740702152252197 6.0699470688216 3.422760248184204 2.0726211071014404 0.0 1.2376020985517042 0.37411949038505554 0.0
230 0.5740702152252197 6.0699470688216 3.422760248184204 2.0726211071014404 0.0 1.2376020985517042 0.37411949038505554 0.0
231 0.5740702152252197 6.0699470688216 3.422760248184204 2.0726211071014404 0.0 1.2376020985517042 0.37411949038505554 0.0
232 0.5740702152252197 6.0699470688216 3.422760248184204 2.0726211071014404 0.0 1.2376020985517042 0.37411949038505554 0.0
233 0.5740702152252197 6.0699470688216 3.422760248184204 2.0726211071014404 0.0 1.2376020985517042 0.37411949038505554 0.0
234 0.5740702152252197 6.0699470688216 3.422760248184204 2.0726211071014404 0.0 1.2376020985517042 0.37411949038505554 0.0
235 0.5740702152252197 6.0699470688216 3.422760248184204 2.0726211071014404 0.0 1.2376020985517042 0.37411949038505554 0.0
236 0.5740702152252197 6.0699470688216 3.422760248184204 2.0726211071014404 0.0 1.2376020985517042 0.37411949038505554 0.0
237 0.5740702152252197 6.0699470688216 3.422760248184204 2.0726211071014404 0.0 1.2376020985517042 0.37411949038505554 0.0
238 0.5740702152252197 6.0699470688216 3.422760248184204 2.0726211071014404 0.0 1.2376020985517042 0.37411949038505554 0.0
239 0.5740702152252197 6.0699470688216 3.422760248184204 2.0726211071014404 0.0 1.2376020985517042 0.37411949038505554 0.0
240 0.5740702152252197 6.0699470688216 3.422760248184204 2.0726211071014404 0.0 1.2376020985517042 0.37411949038505554 0.0
241 0.5740702152252197 6.0699470688216 3.422760248184204 2.0726211071014404 0.0 1.2376020985517042 0.37411949038505554 0.0
242 0.5740702152252197 6.0699470688216 3.422760248184204 2.0726211071014404 0.0 1.2376020985517042 0.37411949038505554 0.0
243 0.5740702152252197 6.0699470688216 3.422760248184204 2.0726211071014404 0.0 1.2376020985517042 0.37411949038505554 0.0
244 0.5740702152252197 6.0699425020951905 3.422760248184204 2.0726211071014404 0.0 1.2376470211947124 0.3741288185119629 0.0
245 0.5740702152252197 6.0699425020951905 3.422760248184204 2.0726211071014404 0.0 1.2376470211947124 0.3741288185119629 0.0
246 0.5740702152252197 6.0699425020951905 3.422760248184204 2.0726211071014404 0.0 1.2376470211947124 0.3741288185119629 0.0
247 0.5740702152252197 6.0699425020951905 3.422760248184204 2.0726211071014404 0.0 1.2376470211947124 0.3741288185119629 0.0
248 0.5740702152252197 6.070050396310016 3.422760248184204 2.0726211071014404 0.0 1.2364308419478132 0.37387582659721375 0.0
249 0.5740702152252197 6.070050396310016 3.422760248184204 2.0726211071014404 0.0 1.2364308419478132 0.37387582659721375 0.0
250 0.5740702152252197 6.070044713934412 3.422760248184204 2.0726211071014404 0.0 1.2364973625217914 0.373889684677124 0.0
251 0.5740702152252197 6.070044713934412 3.422760248184204 2.0726211071014404 0.0 1.2364973625217914 0.373889684677124 0.0
252 0.5740702152252197 6.07017206309145 3.422760248184204 2.0726211071014404 0.0 1.231599382994237 0.37490415573120117 0.0
253 0.5740702152252197 6.070105186568984 3.422760248184204 2.0726211071014404 0.0 1.2340419318244515 0.3743990361690521 0.0
254 0.5740702152252197 6.070105186568984 3.422760248184204 2.0726211071014404 0.0 1.2340419318244515 0.3743990361690521 0.0
255 0.5740702152252197 6.070105186568984 3.422760248184204 2.0726211071014404 0.0 1.2340419318244515 0.3743990361690521 0.0
256 0.5740702152252197 6.070105186568984 3.422760248184204 2.0726211071014404 0.0 1.2340419318244515 0.3743990361690521 0.0
257 0.5740702152252197 6.070105186568984 3.422760248184204 2.0726211071014404 0.0 1.2340419318244515 0.3743990361690521 0.0
258 0.5740702152252197 6.070105186568984 3.422760248184204 2.0726211071014404 0.0 1.2340419318244515 0.3743990361690521 0.0
259 0.5740702152252197 6.070105186568984 3.422760248184204 2.0726211071014404 0.0 1.2340419318244515 0.3743990361690521 0.0
260 0.5740702152252197 6.070105186568984 3.422760248184204 2.0726211071014404 0.0 1.2340419318244515 0.3743990361690521 0.0
261 0.5740702152252197 6.070105186568984 3.422760248184204 2.0726211071014404 0.0 1.2340419318244515 0.3743990361690521 0.0
262 0.5740702152252197 6.070105186568984 3.422760248184204 2.0726211071014404 0.0 1.2340419318244515 0.3743990361690521 0.0
263 0.5740702152252197 6.070105186568984 3.422760248184204 2.0726211071014404 0.0 1.2340419318244515 0.3743990361690521 0.0
264 0.5740702152252197 6.070105186568984 3.422760248184204 2.0726211071014404 0.0 1.2340419318244515 0.3743990361690521 0.0
265 0.5740702152252197 6.070105186568984 3.422760248184204 2.0726211071014404 0.0 1.2340419318244515 0.3743990361690521 0.0
266 0.5740702152252197 6.070105186568984 3.422760248184204 2.0726211071014404 0.0 1.2340419318244515 0.3743990361690521 0.0
267 0.5740702152252197 6.070105186568984 3.422760248184204 2.0726211071014404 0.0 1.2340419318244515 0.3743990361690521 0.0
268 0.5740702152252197 6.070105186568984 3.422760248184204 2.0726211071014404 0.0 1.2340419318244515 0.3743990361690521 0.0
269 0.5740702152252197 6.070105186568984 3.422760248184204 2.0726211071014404 0.0 1.2340419318244515 0.3743990361690521 0.0
270 0.5740702152252197 6.070106371353406 3.422760248184204 2.0726211071014404 0.0 1.2340253526214802 0.37440225481987 0.0
271 0.5740702152252197 6.070106371353406 3.422760248184204 2.0726211071014404 0.0 1.2340253526214802 0.37440225481987 0.0
272 0.5740702152252197 6.070106371353406 3.422760248184204 2.0726211071014404 0.0 1.2340253526214802 0.37440225481987 0.0
273 0.5740702152252197 6.070106371353406 3.422760248184204 2.0726211071014404 0.0 1.2340253526214802 0.37440225481987 0.0
274 0.5740702152252197 6.070106371353406 3.422760248184204 2.0726211071014404 0.0 1.2340253526214802 0.37440225481987 0.0
275 0.5740702152252197 6.070106371353406 3.422760248184204 2.0726211071014404 0.0 1.2340253526214802 0.37440225481987 0.0
276 0.5740702152252197 6.070106371353406 3.422760248184204 2.0726211071014404 0.0 1.2340253526214802 0.37440225481987 0.0
277 0.5740702152252197 6.070106371353406 3.422760248184204 2.0726211071014404 0.0 1.2340253526214802 0.37440225481987 0.0
278 0.5740702152252197 6.070106371353406 3.422760248184204 2.0726211071014404 0.0 1.2340253526214802 0.37440225481987 0.0
279 0.5740702152252197 6.070106371353406 3.422760248184204 2.0726211071014404 0.0 1.2340253526214802 0.37440225481987 0.0
280 0.5740702152252197 6.070106371353406 3.422760248184204 2.0726211071014404 0.0 1.2340253526214802 0.37440225481987 0.0
281 0.5740702152252197 6.070106371353406 3.422760248184204 2.0726211071014404 0.0 1.2340253526214802 0.37440225481987 0.0
282 0.5740702152252197 6.069990422307878 3.422760248184204 2.0726211071014404 0.0 1.2390326208384188 0.3733616769313812 0.0
283 0.5740702152252197 6.069990422307878 3.422760248184204 2.0726211071014404 0.0 1.2390326208384188 0.3733616769313812 0.0
284 0.5740702152252197 6.069990422307878 3.422760248184204 2.0726211071014404 0.0 1.2390326208384188 0.3733616769313812 0.0
285 0.5740702152252197 6.069990422307878 3.422760248184204 2.0726211071014404 0.0 1.2390326208384188 0.3733616769313812 0.0
286 0.5740702152252197 6.069990422307878 3.422760248184204 2.0726211071014404 0.0 1.2390326208384188 0.3733616769313812 0.0
287 0.5740702152252197 6.069990422307878 3.422760248184204 2.0726211071014404 0.0 1.2390326208384188 0.3733616769313812 0.0
288 0.5740702152252197 6.069990422307878 3.422760248184204 2.0726211071014404 0.0 1.2390326208384188 0.3733616769313812 0.0
289 0.5740702152252197 6.069990422307878 3.422760248184204 2.0726211071014404 0.0 1.2390326208384188 0.3733616769313812 0.0
290 0.5740702152252197 6.069990422307878 3.422760248184204 2.0726211071014404 0.0 1.2390326208384188 0.3733616769313812 0.0
291 0.5740702152252197 6.069990422307878 3.422760248184204 2.0726211071014404 0.0 1.2390326208384188 0.3733616769313812 0.0
292 0.5740702152252197 6.069990422307878 3.422760248184204 2.0726211071014404 0.0 1.2390326208384188 0.3733616769313812 0.0
293 0.5740702152252197 6.069990422307878 3.422760248184204 2.0726211071014404 0.0 1.2390326208384188 0.3733616769313812 0.0
294 0.5740702152252197 6.069990422307878 3.422760248184204 2.0726211071014404 0.0 1.2390326208384188 0.3733616769313812 0.0
295 0.5740702152252197 6.0700212833504015 3.422760248184204 2.0726211071014404 0.0 1.2386661816409514 0.3732852041721344 0.0
296 0.5740702152252197 6.0700212833504015 3.422760248184204 2.0726211071014404 0.0 1.2386661816409514 0.3732852041721344 0.0
297 0.5740702152252197 6.0700212833504015 3.422760248184204 2.0726211071014404 0.0 1.2386661816409514 0.3732852041721344 0.0
298 0.5740702152252197 6.0700212833504015 3.422760248184204 2.0726211071014404 0.0 1.2386661816409514 0.3732852041721344 0.0
299 0.5740702152252197 6.0700212833504015 3.422760248184204 2.0726211071014404 0.0 1.2386661816409514 0.3732852041721344 0.0
300 0.5740702152252197 6.0700212833504015 3.422760248184204 2.0726211071014404 0.0 1.2386661816409514 0.3732852041721344 0.0
