init 0.576325535774231 2.7870228466045894 3.1523547172546387 1.3680521249771118 0.0 0.0 0.0 0.0
1 0.576325535774231 2.7870717576265958 3.1523547172546387 1.3680521249771118 0.0 0.0004895464520013906 0.00015027156041469425 0.0
2 0.7698862552642822 3.1496200414316555 3.194056272506714 1.5069550275802612 0.47746607661247253 0.9929026906399964 0.5838973522186279 0.579759418964386
3 0.796912670135498 2.690842864506705 3.196831226348877 1.5233923196792603 0.5130151510238647 0.7710911593610189 0.5640495419502258 0.6154643893241882
4 0.8451825380325317 2.632026970430892 3.2089264392852783 1.5650876760482788 0.5855645537376404 0.8337942045846828 0.6899175047874451 0.7025634050369263
5 0.8380373120307922 2.9964701700453995 3.186293363571167 1.5788944959640503 0.5758058428764343 1.3273006532638756 0.7997063398361206 0.7084923982620239
6 0.8380373120307922 2.9964701700453995 3.186293363571167 1.5788944959640503 0.5758058428764343 1.3273006532638756 0.7997063398361206 0.7084923982620239
7 0.8301106691360474 2.888419603175206 3.1890993118286133 1.568367838859558 0.5710375905036926 1.3690953557573506 0.8203023672103882 0.6940698027610779
8 0.8642387986183167 3.368603377544876 3.1920957565307617 1.585992693901062 0.6139820218086243 1.3676709387138821 0.8228190541267395 0.7217309474945068
9 0.8618127107620239 3.4286470501034834 3.209207773208618 1.6090610027313232 0.5898178815841675 1.3520538647631204 0.9450433254241943 0.7406176924705505
10 0.8610363006591797 3.0344044646406947 3.2105934619903564 1.5969027280807495 0.590855062007904 1.361809921426934 0.9463154673576355 0.7168385982513428
11 0.8610363006591797 3.0344044646406947 3.2105934619903564 1.5969027280807495 0.590855062007904 1.361809921426934 0.9463154673576355 0.7168385982513428
12 0.8610141277313232 3.1863939308661307 3.21738862991333 1.5294348001480103 0.591017484664917 1.4170002077244106 1.0074433088302612 0.8268641233444214
13 0.8609449863433838 2.395256129814245 3.222898483276367 1.514384150505066 0.5906205773353577 1.1625144912901024 1.0321786403656006 0.8123423457145691
14 0.866098165512085 2.198870398251631 3.2117316722869873 1.5127739906311035 0.5969626903533936 1.211950510326764 1.1328164339065552 0.8159943222999573
15 0.8934558033943176 2.1670714092407337 3.2284796237945557 1.5814225673675537 0.6391368508338928 1.2098409640397791 1.1890006065368652 0.9027491807937622
16 0.8934558033943176 2.1670714092407337 3.2284796237945557 1.5814225673675537 0.6391368508338928 1.2098409640397791 1.1890006065368652 0.9027491807937622
17 0.8599259257316589 2.1917128471889264 3.229156732559204 1.5483614206314087 0.603101909160614 1.1959860527767463 1.1763691902160645 0.873154878616333
18 0.8758289813995361 2.090822908668963 3.235618829727173 1.5542832612991333 0.6209110021591187 1.3838936718549089 1.1935207843780518 0.8944297432899475
19 0.8867830634117126 2.297580850932871 3.2393980026245117 1.5723904371261597 0.6317471265792847 1.324858927652274 1.1831237077713013 0.9191581010818481
20 0.8867830634117126 2.4433239998550906 3.24855899810791 1.669740080833435 0.6317471265792847 1.3229552474160264 1.2307713031768799 1.0230796337127686
21 0.8867830634117126 2.4433239998550906 3.24855899810791 1.669740080833435 0.6317471265792847 1.3229552474160264 1.2307713031768799 1.0230796337127686
22 0.8815171122550964 2.4418043372378646 3.2454569339752197 1.672959327697754 0.6249053478240967 1.3438220194855164 1.2251768112182617 1.0229436159133911
23 0.8813151717185974 2.3296892899637807 3.2417917251586914 1.6731445789337158 0.6238551139831543 1.3759386951239894 1.2163976430892944 1.0240168571472168
24 0.863511323928833 2.149959923315216 3.2401256561279297 1.665580153465271 0.6024571657180786 1.4376326118558638 1.2211122512817383 1.0176661014556885
25 0.8509988784790039 2.1170352697514634 3.2435123920440674 1.6387279033660889 0.5789566040039063 1.308220263244425 1.198401689529419 0.9784701466560364
26 0.8509988784790039 2.1170352697514634 3.2435123920440674 1.6387279033660889 0.5789566040039063 1.308220263244425 1.198401689529419 0.9784701466560364
27 0.8506906628608704 2.1174687408983885 3.2438251972198486 1.6387933492660522 0.5793843865394592 1.3072337299073666 1.200750708580017 0.9781855344772339
28 0.8485738039016724 2.137562859236288 3.2477142810821533 1.6183844804763794 0.585092306137085 1.1220914367757915 1.197171688079834 0.9514007568359375
29 0.8468478918075562 2.1007613494825796 3.2431800365448 1.611777424812317 0.5646721124649048 1.175240102322735 1.1766955852508545 0.9411455988883972
30 0.8408637642860413 2.076438318002225 3.249018669128418 1.6018152236938477 0.5520879030227661 1.2667934210155787 1.190956950187683 0.928244948387146
31 0.8408637642860413 2.076438318002225 3.249018669128418 1.6018152236938477 0.5520879030227661 1.2667934210155787 1.190956950187683 0.928244948387146
32 0.8545695543289185 2.0115147831976254 3.24647855758667 1.5888341665267944 0.5692653656005859 1.2656755847963523 1.191529393196106 0.907417356967926
33 0.8627471923828125 1.9112186847140207 3.2557225227355957 1.6256133317947388 0.5813112854957581 1.2962835802692148 1.2232085466384888 1.0727595090866089
34 0.85636305809021 1.992473485131266 3.257551908493042 1.6280543804168701 0.5746213793754578 1.2511412038362368 1.2204684019088745 1.0747085809707642
35 0.8529268503189087 2.0149877288700835 3.2561845779418945 1.6241031885147095 0.5733605027198792 1.3459347226617295 1.2340197563171387 1.0757687091827393
36 0.8529268503189087 2.0149877288700835 3.2561845779418945 1.6241031885147095 0.5733605027198792 1.3459347226617295 1.2340197563171387 1.0757687091827393
37 0.8387379050254822 2.100725652617929 3.249216079711914 1.616037130355835 0.5568938255310059 1.3127460613231001 1.2406251430511475 1.065533995628357
38 0.845520555973053 2.0522852653653585 3.256527900695801 1.6040170192718506 0.5710079669952393 1.1926359019509338 1.2510427236557007 1.057703971862793
39 0.8504606485366821 2.1247822019273443 3.24527907371521 1.6290085315704346 0.5753075480461121 1.2979626166406923 1.2395063638687134 1.080061912536621
40 0.8505667448043823 1.975600713566085 3.245398759841919 1.6290621757507324 0.575356125831604 1.2753438926160956 1.2384041547775269 1.080110788345337
41 0.8505667448043823 1.975600713566085 3.245398759841919 1.6290621757507324 0.575356125831604 1.2753438926160956 1.2384041547775269 1.080110788345337
42 0.8507119417190552 1.9753898848415035 3.2622528076171875 1.6291216611862183 0.5751133561134338 1.2749168422161261 1.2804585695266724 1.080331563949585
43 0.8513137102127075 1.9771125894850434 3.2637951374053955 1.6293896436691284 0.5760272145271301 1.273787631743179 1.284704566001892 1.080486536026001
44 0.8499723076820374 2.044279121928219 3.24318528175354 1.6290600299835205 0.5750206708908081 1.2569928916824007 1.2260078191757202 1.077844500541687
45 0.8499568104743958 2.0444010895817715 3.2372360229492188 1.5348188877105713 0.5750420093536377 1.2570248238103992 1.1969038248062134 0.988440990447998
46 0.8499568104743958 2.0444010895817715 3.2372360229492188 1.5348188877105713 0.5750420093536377 1.2570248238103992 1.1969038248062134 0.988440990447998
47 0.8458768725395203 2.0137503948828073 3.2398571968078613 1.5403506755828857 0.5714268088340759 1.2796723612248242 1.2057541608810425 0.9894126653671265
48 0.858457088470459 2.0833980980211635 3.2398624420166016 1.5509848594665527 0.5870886445045471 1.1128180022454925 1.1866439580917358 1.0042247772216797
49 0.855987548828125 2.0891097133618715 3.2409493923187256 1.584433674812317 0.5856565833091736 1.10765965132786 1.2046444416046143 0.9153823256492615
50 0.8567398190498352 2.250348960070223 3.2405121326446533 1.64345121383667 0.5841022729873657 1.0271074457180238 1.2107124328613281 0.9914191365242004
51 0.8567398190498352 2.250348960070223 3.2405121326446533 1.64345121383667 0.5841022729873657 1.0271074457180238 1.2107124328613281 0.9914191365242004
52 0.8564510941505432 2.053157415537892 3.263221025466919 1.642412781715393 0.5811390280723572 1.133274142809897 1.3158928155899048 0.9878825545310974
53 0.8569989204406738 2.044888280432998 3.254592180252075 1.6409324407577515 0.5814539194107056 1.1385539160689848 1.2942808866500854 0.9849518537521362
54 0.8575332164764404 2.042950780074093 3.255056619644165 1.64696204662323 0.5819991827011108 1.141007155324325 1.2953970432281494 0.9972143769264221
55 0.847551167011261 2.045045959789694 3.243863821029663 1.6228705644607544 0.5681790113449097 1.138404322015581 1.2698986530303955 0.9650946259498596
56 0.847551167011261 2.045045959789694 3.243863821029663 1.6228705644607544 0.5681790113449097 1.138404322015581 1.2698986530303955 0.9650946259498596
57 0.8399659991264343 2.018059632136508 3.234424591064453 1.581789255142212 0.5557423830032349 1.1878606409722943 1.2423956394195557 0.8937283754348755
58 0.8311248421669006 2.0279378999144937 3.2345948219299316 1.5742194652557373 0.546168327331543 1.1932827201494502 1.2440178394317627 0.8834360837936401
59 0.8398414254188538 1.9368445751515881 3.226808786392212 1.577074408531189 0.551867663860321 1.2412857951354774 1.2245814800262451 0.8856443762779236
60 0.8382063508033752 1.9444672705491974 3.2234182357788086 1.5784552097320557 0.5494970083236694 1.2346747627632377 1.2154946327209473 0.8870139718055725
61 0.8382063508033752 1.9444672705491974 3.2234182357788086 1.5784552097320557 0.5494970083236694 1.2346747627632377 1.2154946327209473 0.8870139718055725
62 0.8381400108337402 1.9445407399105683 3.223449468612671 1.5786091089248657 0.5492165684700012 1.2344376978700338 1.2154197692871094 0.8867872953414917
63 0.8387667536735535 1.9478719962034434 3.2222301959991455 1.5781116485595703 0.548834502696991 1.2318454699886985 1.212084174156189 0.8857096433639526
64 0.8300034403800964 1.924743086356952 3.2178964614868164 1.5669775009155273 0.544061541557312 1.267649455209301 1.1998426914215088 0.8677950501441956
65 0.831445574760437 1.9255673296609022 3.2197725772857666 1.5787605047225952 0.5457478165626526 1.2662296918759295 1.2045146226882935 0.8851906657218933
66 0.831445574760437 1.9255673296609022 3.2197725772857666 1.5787605047225952 0.5457478165626526 1.2662296918759295 1.2045146226882935 0.8851906657218933
67 0.831479549407959 1.9255714235488979 3.2197656631469727 1.5787631273269653 0.5457507371902466 1.2662274225007768 1.204501748085022 0.8851956725120544
68 0.8274760246276855 1.9236770963477852 3.2190425395965576 1.5649633407592773 0.5430760979652405 1.255220019003048 1.2062125205993652 0.890018105506897
69 0.8271885514259338 1.919614959716585 3.2323710918426514 1.564653754234314 0.5427563190460205 1.2615625332978693 1.2437726259231567 0.8894558548927307
70 0.8400403261184692 1.9154856006475462 3.2376351356506348 1.5917760133743286 0.558673620223999 1.2641449423442976 1.2539145946502686 0.9337827563285828
71 0.8400481343269348 1.9153972541823285 3.237687587738037 1.592052698135376 0.5585368871688843 1.2640134197621549 1.2539551258087158 0.9342002868652344
72 0.8363392949104309 1.9141738734914424 3.2360620498657227 1.5848619937896729 0.5525055527687073 1.2626833219068612 1.2301377058029175 0.9245374202728271
73 0.8357077836990356 1.95837842174255 3.23360013961792 1.563058614730835 0.5443087220191956 1.2853252177168824 1.2394311428070068 0.8820915818214417
74 0.8601155877113342 1.9430578801036176 3.2555882930755615 1.630125880241394 0.5804348587989807 1.2991004858437452 1.2925069332122803 0.955750048160553
75 0.8460476994514465 2.1462587150056778 3.250497579574585 1.6166906356811523 0.5598450899124146 1.1299474225051351 1.2605880498886108 0.9354904294013977
76 0.8460476994514465 2.1462587150056778 3.250497579574585 1.6166906356811523 0.5598450899124146 1.1299474225051351 1.2605880498886108 0.9354904294013977
77 0.8568429946899414 2.14570900205159 3.257722854614258 1.6268922090530396 0.5744730234146118 1.1362511106572493 1.2841482162475586 0.953582227230072
78 0.8554366827011108 2.14360047645685 3.2664763927459717 1.6226085424423218 0.5692509412765503 1.1337971925722194 1.3090277910232544 0.946394681930542
79 0.8598077297210693 2.1418339517351552 3.2674221992492676 1.662514090538025 0.5739961266517639 1.1203105608114048 1.2962279319763184 0.9738085269927979
80 0.8608619570732117 2.140192199962382 3.2706258296966553 1.6664186716079712 0.5764520168304443 1.1166515054538058 1.3030637502670288 0.980177640914917
81 0.8608619570732117 2.140192199962382 3.2706258296966553 1.6664186716079712 0.5764520168304443 1.1166515054538058 1.3030637502670288 0.980177640914917
82 0.8620330691337585 2.330355745815063 3.269723653793335 1.6615339517593384 0.5787599086761475 1.0139090561004034 1.2943243980407715 0.9726221561431885
83 0.8648220896720886 2.339415754550138 3.2434122562408447 1.6646910905838013 0.5822953581809998 1.0089776673856932 1.1900540590286255 0.9795098900794983
84 0.8662319183349609 2.223017248713964 3.272495746612549 1.6613545417785645 0.5837326049804688 1.0090802538315666 1.2970855236053467 0.9756676554679871
85 0.8663229942321777 2.2226597392184253 3.2732248306274414 1.6612365245819092 0.5840412974357605 1.00943749825728 1.2983969449996948 0.9755816459655762
86 0.8663229942321777 2.2226597392184253 3.2732248306274414 1.6612365245819092 0.5840412974357605 1.00943749825728 1.2983969449996948 0.9755816459655762
87 0.8612228035926819 2.1986646903041858 3.2706000804901123 1.6663849353790283 0.5765337347984314 0.9626142821261425 1.2953158617019653 0.9931102991104126
88 0.8491023778915405 2.1338613865905507 3.265594959259033 1.653882384300232 0.5613007545471191 1.4053089422525835 1.3275783061981201 0.9741091132164001
89 0.8500919938087463 2.1417244443330223 3.2536962032318115 1.6538907289505005 0.5624082684516907 1.4093200518959033 1.2875884771347046 0.9741721153259277
90 0.8516402244567871 2.1244956602438316 3.2586896419525146 1.737203598022461 0.5637179017066956 1.3250864830824616 1.3103243112564087 1.0602281093597412
91 0.8516402244567871 2.1244956602438316 3.2586896419525146 1.737203598022461 0.5637179017066956 1.3250864830824616 1.3103243112564087 1.0602281093597412
92 0.8551043272018433 2.27271565566442 3.2562592029571533 1.7391501665115356 0.5675235986709595 1.3788482434125138 1.3052984476089478 1.0624690055847168
93 0.8531055450439453 2.2740885309376377 3.2535736560821533 1.7400147914886475 0.5656225681304932 1.3793192126080507 1.2995351552963257 1.062565565109253
94 0.8555361032485962 2.2778944218913164 3.2555794715881348 1.7391636371612549 0.5658177137374878 1.3785647342465326 1.296247959136963 1.0614780187606812
95 0.8304206728935242 2.290580739743216 3.2588963508605957 1.7420412302017212 0.5468809604644775 1.3720993055765067 1.3179742097854614 1.0666866302490234
96 0.8304206728935242 2.290580739743216 3.2588963508605957 1.7420412302017212 0.5468809604644775 1.3720993055765067 1.3179742097854614 1.0666866302490234
97 0.8319865465164185 2.1610858844637235 3.2592315673828125 1.726050615310669 0.5491365194320679 1.3941969933060232 1.32345449924469 1.0818302631378174
98 0.8304474353790283 2.193311190951343 3.259009838104248 1.7258248329162598 0.5478244423866272 1.1642703837990467 1.3025786876678467 1.0822415351867676
99 0.8300080895423889 2.3596859858387766 3.258552074432373 1.7258415222167969 0.5479862093925476 0.9349889796465443 1.2903815507888794 1.0820609331130981
100 0.8291124105453491 2.160420329640928 3.2574660778045654 1.7289857864379883 0.5473966598510742 1.0141540840273569 1.292190432548523 1.0834715366363525
101 0.8291124105453491 2.160420329640928 3.2574660778045654 1.7289857864379883 0.5473966598510742 1.0141540840273569 1.292190432548523 1.0834715366363525
102 0.8323601484298706 2.3461064368051012 3.2547712326049805 1.7275261878967285 0.5477821230888367 0.9108258088567223 1.2820680141448975 1.082890272140503
103 0.8337865471839905 2.3583885611513824 3.253213882446289 1.7156281471252441 0.5435847640037537 0.8996919590749823 1.2793967723846436 1.0613209009170532
104 0.835891604423523 2.3626379589044597 3.2557685375213623 1.713667392730713 0.5461234450340271 0.9158375686503886 1.2842985391616821 1.0563777685165405
105 0.8561640977859497 3.3954772490992733 3.262988567352295 1.7443454265594482 0.5740115642547607 1.5591480991651216 1.3440335988998413 1.100933313369751
106 0.8561640977859497 3.3954772490992733 3.262988567352295 1.7443454265594482 0.5740115642547607 1.5591480991651216 1.3440335988998413 1.100933313369751
107 0.8356189131736755 3.1956677987565194 3.2571778297424316 1.7013392448425293 0.5442899465560913 1.5148600279484108 1.3287845849990845 1.0383663177490234
108 0.8364650011062622 3.094206402013172 3.2598512172698975 1.6994436979293823 0.5464898943901062 1.404318624500293 1.3298659324645996 1.0342085361480713
109 0.8613351583480835 3.0793432835508314 3.2702834606170654 1.7270714044570923 0.5780441164970398 1.4186167880821683 1.3548238277435303 1.076603651046753
110 0.8625528812408447 2.859459446184029 3.2703773975372314 1.7267940044403076 0.5790798664093018 1.4098314834323311 1.3549787998199463 1.0769413709640503
111 0.8625528812408447 2.859459446184029 3.2703773975372314 1.7267940044403076 0.5790798664093018 1.4098314834323311 1.3549787998199463 1.0769413709640503
112 0.8550674915313721 2.86240534870333 3.2716691493988037 1.728006362915039 0.5722507834434509 1.4009136417235617 1.3614790439605713 1.075029730796814
113 0.8545264601707458 2.8691627219772102 3.271653413772583 1.727669358253479 0.5710975527763367 1.3891215792325853 1.3607341051101685 1.074719786643982
114 0.852989912033081 2.804414155301893 3.2690844535827637 1.7282788753509521 0.5693329572677612 1.367304437352875 1.3348802328109741 1.0751338005065918
115 0.8455584645271301 2.8533498543667855 3.2677886486053467 1.726413607597351 0.5616437792778015 1.374165482658816 1.3341209888458252 1.0693283081054688
116 0.8455584645271301 2.8533498543667855 3.2677886486053467 1.726413607597351 0.5616437792778015 1.374165482658816 1.3341209888458252 1.0693283081054688
117 0.8450673818588257 1.7017623667461907 3.2666420936584473 1.7396728992462158 0.5625290274620056 1.6657767556724683 1.365676999092102 1.079811453819275
118 0.8523932695388794 1.6841392522501655 3.264860153198242 1.6902177333831787 0.5637518763542175 1.6745684173531725 1.3385032415390015 1.0232304334640503
119 0.8477175831794739 1.665864661317658 3.257110357284546 1.6879490613937378 0.5587833523750305 1.9968786638595881 1.3540778160095215 1.0211058855056763
120 0.8382202982902527 1.6849763625728644 3.2607715129852295 1.685891032218933 0.5514500737190247 1.7465316973908567 1.3282800912857056 1.0242751836776733
121 0.8382202982902527 1.6849763625728644 3.2607715129852295 1.685891032218933 0.5514500737190247 1.7465316973908567 1.3282800912857056 1.0242751836776733
122 0.8448943495750427 1.7087778545280108 3.2543821334838867 1.6930755376815796 0.5573834776878357 1.735611968660626 1.3098267316818237 1.02924644947052
123 0.8553724884986877 1.7276504532055148 3.2567138671875 1.702406406402588 0.5692264437675476 1.7665268362589823 1.318893313407898 1.0344165563583374
124 0.8553724884986877 1.717036490647953 3.2567138671875 1.702406406402588 0.5692264437675476 1.7407345275626125 1.3149663209915161 1.0344165563583374
125 0.8390216827392578 1.7320581871357625 3.2495203018188477 1.674255132675171 0.5476382970809937 1.6958307592953452 1.2987691164016724 0.9938470125198364
126 0.8390216827392578 1.7320581871357625 3.2495203018188477 1.674255132675171 0.5476382970809937 1.6958307592953452 1.2987691164016724 0.9938470125198364
127 0.8428028225898743 1.7081800753519267 3.248262643814087 1.6843162775039673 0.5502065420150757 1.9213754191900694 1.3189222812652588 0.9842925071716309
128 0.8396846055984497 1.707334696528795 3.2479281425476074 1.6802531480789185 0.5466137528419495 1.966248966701372 1.3236154317855835 0.9788362979888916
129 0.8213472366333008 1.6567825360017199 3.2413132190704346 1.6691914796829224 0.5253494381904602 1.8214765476807726 1.2893444299697876 0.9616830348968506
130 0.8215169906616211 1.6605214572914508 3.2411081790924072 1.6689949035644531 0.5249946117401123 1.845974462094719 1.2921420335769653 0.9613807797431946
131 0.8215169906616211 1.6605214572914508 3.2411081790924072 1.6689949035644531 0.5249946117401123 1.845974462094719 1.2921420335769653 0.9613807797431946
132 0.8197972178459167 1.6555360984987564 3.2428267002105713 1.6631958484649658 0.5210598111152649 1.8510554520597398 1.296764612197876 0.9531419277191162
133 0.8150249123573303 1.668127100333532 3.245722770690918 1.6703696250915527 0.518753707408905 1.8598267564983118 1.2937527894973755 0.957220196723938
134 0.816974937915802 1.6662946596498087 3.2500717639923096 1.6722052097320557 0.5222475528717041 1.7743820609920378 1.2912198305130005 0.9630436301231384
135 0.8178699016571045 1.6654732850918625 3.2492077350616455 1.6716569662094116 0.5224220752716064 1.7753071593480876 1.3026738166809082 0.9628607034683228
136 0.8178699016571045 1.6654732850918625 3.2492077350616455 1.6716569662094116 0.5224220752716064 1.7753071593480876 1.3026738166809082 0.9628607034683228
137 0.816772997379303 1.6500343107516062 3.244676113128662 1.6728332042694092 0.5179744362831116 1.8349488401111158 1.311663269996643 0.9621808528900146
138 0.8146671652793884 1.6595696019579338 3.2379913330078125 1.6697838306427002 0.5142648220062256 1.7792156345012222 1.2880584001541138 0.9615926146507263
139 0.8177992701530457 1.6577735892801424 3.2388410568237305 1.6719081401824951 0.5178626179695129 1.8286459754995534 1.2857478857040405 0.9616656303405762
140 0.8195140361785889 1.7019630855385812 3.2356815338134766 1.6717665195465088 0.5216729640960693 2.1129822312551063 1.3278849124908447 0.9627968668937683
141 0.8195140361785889 1.7019630855385812 3.2356815338134766 1.6717665195465088 0.5216729640960693 2.1129822312551063 1.3278849124908447 0.9627968668937683
142 0.8200059533119202 1.6910175381792734 3.2371106147766113 1.668792963027954 0.5243259072303772 2.1237326764863917 1.329601526260376 0.9573469758033752
143 0.8190048336982727 1.6521747606622477 3.2413759231567383 1.664048433303833 0.5275124907493591 2.0970167669973567 1.3384106159210205 0.9499534368515015
144 0.8178851008415222 1.6504364537534153 3.219719409942627 1.6625661849975586 0.5252265930175781 2.0963433226440986 1.2589662075042725 0.9468432068824768
145 0.8374497294425964 1.6923330261871996 3.2264583110809326 1.6623876094818115 0.5519334673881531 2.1354298023308784 1.2946752309799194 0.9454222321510315
146 0.8374497294425964 1.6923330261871996 3.2264583110809326 1.6623876094818115 0.5519334673881531 2.1354298023308784 1.2946752309799194 0.9454222321510315
147 0.8405979871749878 1.687979370726943 3.2339391708374023 1.6625123023986816 0.5567793846130371 2.1391073317926814 1.310684323310852 0.9455450773239136
148 0.839529812335968 1.6556149205438921 3.2316315174102783 1.6652963161468506 0.5553830862045288 2.12699068325063 1.3021985292434692 0.9486933946609497
149 0.8438278436660767 1.401166872883377 3.2311198711395264 1.663963794708252 0.558805525302887 2.3741929024942094 1.3310818672180176 0.951448380947113
150 0.8406322598457336 1.3914467069218073 3.240443229675293 1.6420624256134033 0.5540552735328674 2.3992014513310895 1.3514420986175537 0.9329179525375366
151 0.8406322598457336 1.3914467069218073 3.240443229675293 1.6420624256134033 0.5540552735328674 2.3992014513310895 1.3514420986175537 0.9329179525375366
152 0.84092116355896 1.3896751033950827 3.351670503616333 1.6420986652374268 0.5545259118080139 2.3985389286180046 1.6465882062911987 0.932940661907196
153 0.8406569957733154 1.3864366444394398 3.351907253265381 1.6415504217147827 0.5548425316810608 2.3983930791328154 1.6477571725845337 0.9329112768173218
154 0.8783028721809387 1.272266594064793 3.3623785972595215 1.6426585912704468 0.6014816761016846 2.245646811497629 1.6362916231155396 0.9436950087547302
155 0.8624318242073059 1.264558084918542 3.3543527126312256 1.6371612548828125 0.578305184841156 2.2648734742765444 1.6178644895553589 0.9284732341766357
156 0.8624318242073059 1.264558084918542 3.3543527126312256 1.6371612548828125 0.578305184841156 2.2648734742765444 1.6178644895553589 0.9284732341766357
157 0.8602174520492554 1.2132611613851374 3.3536787033081055 1.6519954204559326 0.574590265750885 2.3198895312769756 1.6223828792572021 0.9370083808898926
158 0.8634607791900635 1.2131690562600899 3.350668430328369 1.6510714292526245 0.5761266350746155 2.3168346791858503 1.6115485429763794 0.938249945640564
159 0.8656002283096313 1.228469636919351 3.350172758102417 1.5504100322723389 0.5784587264060974 2.3298840796929263 1.6169167757034302 0.9895961284637451
160 0.8632178902626038 1.205619891062622 3.351090908050537 1.551669955253601 0.5795119404792786 2.1850920367536033 1.5744168758392334 0.9903156757354736
161 0.8632178902626038 1.205619891062622 3.351090908050537 1.551669955253601 0.5795119404792786 2.1850920367536033 1.5744168758392334 0.9903156757354736
162 0.8525462746620178 1.2006072386455542 3.3472914695739746 1.5333881378173828 0.5664428472518921 2.2165336386866117 1.5797293186187744 0.9696950316429138
163 0.829367458820343 1.195552355155705 3.342820882797241 1.5280559062957764 0.5355867743492126 2.1989378598842886 1.566729187965393 0.9632266759872437
164 0.8306289315223694 1.194832856417624 3.3382818698883057 1.5262560844421387 0.5317172408103943 2.1968092574499503 1.5582869052886963 0.9623068571090698
165 0.8345593810081482 1.4050125314739563 3.3418819904327393 1.5561282634735107 0.5394679307937622 1.9867202310640986 1.551587462425232 1.0077985525131226
166 0.8345593810081482 1.4050125314739563 3.3418819904327393 1.5561282634735107 0.5394679307937622 1.9867202310640986 1.551587462425232 1.0077985525131226
167 0.8408036231994629 1.2039457462416183 3.3441884517669678 1.5557962656021118 0.5476934313774109 2.174334560575255 1.563637137413025 1.008532166481018
168 0.8467057943344116 1.2061141812140626 3.35129976272583 1.5800222158432007 0.5530358552932739 2.172686937682357 1.5779460668563843 1.045371413230896
169 0.8538392782211304 1.2206930760197536 3.3431177139282227 1.5838632583618164 0.5592869520187378 2.270999150835977 1.5792745351791382 1.05084228515625
170 0.8719757199287415 1.2282086778908228 3.3511526584625244 1.6246089935302734 0.582428514957428 2.241351037025179 1.5886586904525757 1.0973669290542603
171 0.8719757199287415 1.2282086778908228 3.351616144180298 1.6246089935302734 0.582428514957428 2.241351037025179 1.5811601877212524 1.0973669290542603
172 0.8583412766456604 1.251474012184018 3.2393171787261963 1.6090195178985596 0.5645629167556763 2.3582800290236405 1.304771065711975 1.076844334602356
173 0.8656619191169739 1.234020891580765 3.2439804077148438 1.6068929433822632 0.5730283856391907 2.151845613800798 1.276314616203308 1.0784114599227905
174 0.8665761947631836 1.1921344534381062 3.245089530944824 1.6066781282424927 0.5738992094993591 2.2135478455987196 1.2865248918533325 1.0785609483718872
175 0.8665656447410583 1.192202106913279 3.2445967197418213 1.6058446168899536 0.5739200115203857 2.2134443428907353 1.2862988710403442 1.078218698501587
176 0.8665656447410583 1.192202106913279 3.2445967197418213 1.6058446168899536 0.5739200115203857 2.2134443428907353 1.2862988710403442 1.078218698501587
177 0.8670156002044678 1.1889345272568665 3.2447550296783447 1.6013562679290771 0.5745270848274231 2.25250656902811 1.2936915159225464 1.084852933883667
178 0.8737229704856873 1.237411929552507 3.2443838119506836 1.6024833917617798 0.5836787819862366 2.289338514442534 1.3032335042953491 1.087801218032837
179 0.8738467693328857 1.2103902322082019 3.3545968532562256 1.6024951934814453 0.5837646722793579 2.3362623760828614 1.6066380739212036 1.0878195762634277
180 0.8706452250480652 1.2140482883000443 3.355686902999878 1.6063416004180908 0.5832034349441528 2.329293334886559 1.6094000339508057 1.0922244787216187
181 0.8706452250480652 1.2140482883000443 3.355686902999878 1.6063416004180908 0.5832034349441528 2.329293334886559 1.6094000339508057 1.0922244787216187
182 0.8613740801811218 1.205405520599606 3.3533213138580322 1.599554419517517 0.5743356347084045 2.348939605344498 1.6150872707366943 1.0816513299942017
183 0.8613353371620178 1.2140758875555844 3.3533198833465576 1.599553108215332 0.5743004083633423 2.3738395129716485 1.6185123920440674 1.0816434621810913
184 0.8580393195152283 1.212200000783087 3.353329658508301 1.5980017185211182 0.5690755248069763 2.373003620233382 1.619432806968689 1.077976942062378
185 0.8563356995582581 1.2054827245429092 3.3504459857940674 1.5988733768463135 0.5689670443534851 2.3345734537449747 1.6222162246704102 1.0781997442245483
186 0.8563356995582581 1.2054827245429092 3.3504459857940674 1.5988733768463135 0.5689670443534851 2.3345734537449747 1.6222162246704102 1.0781997442245483
187 0.8644258975982666 1.2058023907101898 3.353888988494873 1.599129319190979 0.5769087672233582 2.3343860214507837 1.6169265508651733 1.0815434455871582
188 0.8619316816329956 1.1989512426050626 3.3533926010131836 1.5986311435699463 0.5748233199119568 2.123311047062354 1.5942455530166626 1.081156611442566
189 0.867318868637085 1.19355409068714 3.3599586486816406 1.6017353534698486 0.5823825001716614 2.130688638775776 1.609250545501709 1.0857285261154175
190 0.866466224193573 1.2060534000151206 3.3594555854797363 1.6004369258880615 0.5812432765960693 2.297293332059167 1.6296101808547974 1.0841293334960938
191 0.866466224193573 1.2060534000151206 3.3594555854797363 1.6004369258880615 0.5812432765960693 2.297293332059167 1.6296101808547974 1.0841293334960938
192 0.853131890296936 1.2043687167856316 3.359922170639038 1.5996875762939453 0.565521776676178 2.296179046668996 1.6300749778747559 1.081460952758789
193 0.853053867816925 1.18460600886871 3.3194081783294678 1.594963550567627 0.5654869079589844 2.212278175615867 1.5242359638214111 1.0741463899612427
194 0.8439939618110657 1.1979616350022482 3.357156276702881 1.5923683643341064 0.5546907186508179 2.2894745122280407 1.634187936782837 1.0666824579238892
195 0.8419747352600098 1.1817611127158625 3.356766700744629 1.5393707752227783 0.5516390800476074 2.2923569738812226 1.6026554107666016 0.8737077116966248
196 0.8419747352600098 1.1817611127158625 3.356766700744629 1.5393707752227783 0.5516390800476074 2.2923569738812226 1.6026554107666016 0.8737077116966248
197 0.8372553586959839 1.1815452586330644 3.3568215370178223 1.5337040424346924 0.5489182472229004 2.29592526531964 1.6038254499435425 0.8632650971412659
198 0.8450321555137634 1.1711609793476776 3.365156650543213 1.6277499198913574 0.5582123398780823 2.3065903899967592 1.627707600593567 0.9700947403907776
199 0.8563330769538879 1.1649401769893142 3.372825860977173 1.6341959238052368 0.5734018087387085 2.3176807651161595 1.647100806236267 0.9819564819335938
200 0.8557233214378357 1.1659500967909076 3.3712198734283447 1.6345860958099365 0.5726720690727234 2.317108619780287 1.6561691761016846 0.9822992086410522
201 0.8557233214378357 1.1659500967909076 3.3712198734283447 1.6345860958099365 0.5726720690727234 2.317108619780287 1.6561691761016846 0.9822992086410522
202 0.8524141907691956 1.1654728984063563 3.2947566509246826 1.633529782295227 0.568139374256134 2.316833470623253 1.4491961002349854 0.979200005531311
203 0.8457680344581604 1.1637825026782205 3.2935822010040283 1.6234318017959595 0.5599056482315063 2.314585050907177 1.447525143623352 0.9640474915504456
204 0.8564953207969666 1.161774529607196 3.2961935997009277 1.6221051216125488 0.571175217628479 2.311084256002107 1.4530029296875 0.9623244404792786
205 0.857395589351654 1.1514286342603297 3.296762228012085 1.6220676898956299 0.572381317615509 2.3726068356223182 1.4593309164047241 0.9623402953147888
206 0.857395589351654 1.1514286342603297 3.296762228012085 1.6220676898956299 0.572381317615509 2.3726068356223182 1.4593309164047241 0.9623402953147888
207 0.853834867477417 1.1454294456736354 3.287959575653076 1.6106854677200317 0.5659197568893433 2.324079097330584 1.437869668006897 0.9510001540184021
208 0.8451014757156372 1.1264133480977285 3.276021957397461 1.6056995391845703 0.5537538528442383 2.361655864245258 1.4182748794555664 0.9437634944915771
209 0.8451014757156372 1.1264133480977285 3.276012420654297 1.6119920015335083 0.5537538528442383 2.361655864245258 1.4188100099563599 0.950471818447113
210 0.8443132638931274 1.135668187882109 3.282353639602661 1.6088588237762451 0.5527276396751404 2.379447709848921 1.3790172338485718 0.948143720626831
211 0.8443132638931274 1.135668187882109 3.282353639602661 1.6088588237762451 0.5527276396751404 2.379447709848921 1.3790172338485718 0.948143720626831
212 0.846513032913208 1.140559562054176 3.28277325630188 1.6115126609802246 0.5551052689552307 2.410607073186995 1.3846451044082642 0.9521850943565369
213 0.846531331539154 1.1524917535812926 3.28542423248291 1.6111936569213867 0.555317759513855 2.457011307576664 1.3997585773468018 0.9516570568084717
214 0.8467302322387695 1.141459373963633 3.28466534614563 1.5429266691207886 0.5556827783584595 2.455126315056806 1.3729172945022583 0.8683071732521057
215 0.8467686772346497 1.1507531258510952 3.2846620082855225 1.5425306558609009 0.5556960701942444 2.4779676218500573 1.3767991065979004 0.8692092895507813
216 0.8467686772346497 1.1507531258510952 3.2846620082855225 1.5425306558609009 0.5556960701942444 2.4779676218500573 1.3767991065979004 0.8692092895507813
217 0.8300293684005737 1.1529613006805117 3.2819936275482178 1.5318747758865356 0.5342502593994141 2.4831103636561194 1.3715707063674927 0.8519419431686401
218 0.8310598731040955 1.153246040246274 3.286804676055908 1.5319184064865112 0.5357824563980103 2.482848545721383 1.4223310947418213 0.8518340587615967
219 0.815031111240387 1.1532633698978336 3.2744224071502686 1.5239582061767578 0.5170025825500488 2.4767077211701536 1.3929531574249268 0.8358367085456848
220 0.8152167201042175 1.142132463939229 3.274430990219116 1.5348105430603027 0.5178129076957703 2.3197177171489476 1.3665822744369507 0.8391014337539673
221 0.8152167201042175 1.142132463939229 3.274430990219116 1.5348105430603027 0.5178129076957703 2.3197177171489476 1.3665822744369507 0.8391014337539673
222 0.8171842694282532 1.1373291407303205 3.271739959716797 1.5368711948394775 0.5200684070587158 2.3222399419684816 1.3508063554763794 0.8381528854370117
223 0.8183773159980774 1.1348577701344624 3.273261308670044 1.5364223718643188 0.5222029685974121 2.430177916422494 1.372685194015503 0.8377496004104614
224 0.8209822177886963 1.1383637182036441 3.2759807109832764 1.5366405248641968 0.5256037712097168 2.4255930712999696 1.3784840106964111 0.8396425843238831
225 0.8218052387237549 1.1391586111555723 3.275909185409546 1.5390583276748657 0.5260106921195984 2.4233926321820456 1.3780674934387207 0.8433921933174133
226 0.8218052387237549 1.1391586111555723 3.275909185409546 1.5390583276748657 0.5260106921195984 2.4233926321820456 1.3780674934387207 0.8433921933174133
227 0.8199801445007324 1.1216139266751122 3.2793712615966797 1.5425554513931274 0.5250064730644226 2.4054108179536957 1.385092854499817 0.8397604823112488
228 0.8351414799690247 1.102892376142711 3.2812085151672363 1.6098225116729736 0.5466984510421753 2.3649407878563067 1.3945952653884888 0.9231505990028381
229 0.8433862328529358 1.1058678955276764 3.2918128967285156 1.6037641763687134 0.561434805393219 2.359640222440795 1.4152014255523682 0.9200267195701599
230 0.8466948866844177 1.1036152530048795 3.2939329147338867 1.6063909530639648 0.565610945224762 2.386004449536192 1.4215534925460815 0.9249783754348755
231 0.8466948866844177 1.1036152530048795 3.2939329147338867 1.6063909530639648 0.565610945224762 2.386004449536192 1.4215534925460815 0.9249783754348755
232 0.8453171849250793 1.107261791145697 3.293527841567993 1.6076626777648926 0.5669403076171875 2.3824153359683167 1.4203078746795654 0.9281772375106812
233 0.8500425815582275 1.1058756159867815 3.292928457260132 1.6083104610443115 0.5705653429031372 2.3822605391178775 1.4151555299758911 0.9269201755523682
234 0.8527975678443909 1.1064559417507547 3.292128086090088 1.608474612236023 0.5737901329994202 2.3823024632434535 1.4144505262374878 0.927215576171875
235 0.8556305766105652 1.1031255837564702 3.2864937782287598 1.529815912246704 0.5762433409690857 2.3866769019891882 1.3892266750335693 0.8472888469696045
236 0.8556305766105652 1.1031255837564702 3.2864937782287598 1.529815912246704 0.5762433409690857 2.3866769019891882 1.3892266750335693 0.8472888469696045
237 0.8542890548706055 1.1068921240219667 3.2898635864257813 1.526429295539856 0.5740604996681213 2.378331950237154 1.3973207473754883 0.8401473760604858
238 0.853986918926239 1.1049524943051439 3.285830020904541 1.5251919031143188 0.5711768865585327 2.3780844225906166 1.3884484767913818 0.838530957698822
239 0.853986918926239 1.1341536530851921 3.2858047485351563 1.5251919031143188 0.5711768865585327 2.471900592985633 1.403827428817749 0.838530957698822
240 0.8545247912406921 1.1620062198359795 3.2854573726654053 1.5258910655975342 0.5720229744911194 2.4978578824792974 1.4082345962524414 0.8387402892112732
241 0.8545247912406921 1.1620062198359795 3.2854573726654053 1.5258910655975342 0.5720229744911194 2.4978578824792974 1.4082345962524414 0.8387402892112732
242 0.851310670375824 1.1498943398609882 3.2864370346069336 1.5285468101501465 0.5700396299362183 2.522040302660088 1.4167311191558838 0.8408790230751038
243 0.8356155753135681 1.1985509750885242 3.2881152629852295 1.531406283378601 0.5539341568946838 2.575617566826307 1.4343479871749878 0.8451834321022034
244 0.8276848793029785 1.1933848900955153 3.286489725112915 1.5353343486785889 0.5452062487602234 2.599903897965067 1.433942437171936 0.8390608429908752
245 0.8215551376342773 1.191807137081972 3.2818942070007324 1.5353108644485474 0.5365731716156006 2.600211264200388 1.4236618280410767 0.8388482928276062
246 0.8215551376342773 1.191807137081972 3.2818942070007324 1.5353108644485474 0.5365731716156006 2.600211264200388 1.4236618280410767 0.8388482928276062
247 0.8215551376342773 1.166659624074448 3.2829933166503906 1.4387860298156738 0.5365731716156006 2.4162034751053256 1.3839341402053833 0.7187215089797974
248 0.8211959600448608 1.5929565138798067 3.2828216552734375 1.4385815858840942 0.5361987352371216 2.144015228182136 1.3417694568634033 0.7182115316390991
249 0.8111261129379272 1.1616927557205314 3.281803846359253 1.4401084184646606 0.5218217968940735 2.4628878659325744 1.397508978843689 0.7182020545005798
250 0.8106064200401306 1.1601088074785972 3.3001163005828857 1.4484806060791016 0.5166208148002625 2.421677918578499 1.471560001373291 0.7370880246162415
251 0.8106064200401306 1.1601088074785972 3.3001163005828857 1.4484806060791016 0.5166208148002625 2.421677918578499 1.471560001373291 0.7370880246162415
252 0.8102723360061646 1.202643596390173 3.3012328147888184 1.4504125118255615 0.5160875916481018 2.2713998293200204 1.454689860343933 0.7421613335609436
253 0.8097931146621704 1.0807492650564523 3.2987446784973145 1.4508342742919922 0.5152212977409363 2.480481006589588 1.464234709739685 0.7424237132072449
254 0.808560311794281 1.0809910689619222 3.297124147415161 1.4447635412216187 0.5148612856864929 2.503940521508182 1.465051293373108 0.7234620451927185
255 0.8162528276443481 1.2156227378481501 3.297654390335083 1.4505839347839355 0.524448573589325 2.2719366145991295 1.4438340663909912 0.7357870936393738
256 0.8162528276443481 1.2156227378481501 3.297654390335083 1.4505839347839355 0.524448573589325 2.2719366145991295 1.4438340663909912 0.7357870936393738
257 0.8074037432670593 1.2223952371651468 3.296027183532715 1.45675790309906 0.5121497511863708 2.2605337329043316 1.4493099451065063 0.7485422492027283
258 0.8017578721046448 1.1136988384567739 3.297743797302246 1.469905138015747 0.5063920021057129 2.532586921956337 1.4807709455490112 0.7657179236412048
259 0.7970620393753052 1.137436815205722 3.295166254043579 1.475805401802063 0.49806132912635803 2.196415326413719 1.4282385110855103 0.7690486311912537
260 0.7979181408882141 1.1401815277186726 3.296255350112915 1.5100748538970947 0.4991096556186676 2.1940158618953576 1.4276611804962158 0.7637101411819458
261 0.7979181408882141 1.1401815277186726 3.296255350112915 1.5100748538970947 0.4991096556186676 2.1940158618953576 1.4276611804962158 0.7637101411819458
262 0.7979181408882141 1.1434330474795071 3.296255350112915 1.5100748538970947 0.4991096556186676 2.3440577188787786 1.4499566555023193 0.7637101411819458
263 0.7979224920272827 1.142973041850001 3.295717477798462 1.497011423110962 0.49910059571266174 2.3462252696846715 1.4356625080108643 0.7455164194107056
264 0.7979224920272827 1.142973041850001 3.2957141399383545 1.497011423110962 0.49910059571266174 2.3462252696846715 1.435672402381897 0.7455164194107056
265 0.7978551983833313 1.148281811050585 3.29534649848938 1.5594282150268555 0.49904051423072815 2.330846004736572 1.4394340515136719 0.8255741596221924
266 0.7978551983833313 1.148281811050585 3.29534649848938 1.5594282150268555 0.49904051423072815 2.330846004736572 1.4394340515136719 0.8255741596221924
267 0.7975254654884338 1.142258798943836 3.294517755508423 1.5593618154525757 0.4983583986759186 2.3401695101246243 1.4387643337249756 0.8254969120025635
268 0.7985963225364685 1.142729629403929 3.2946243286132813 1.559570074081421 0.49978893995285034 2.340293152094067 1.4388933181762695 0.8256983160972595
269 0.8020533919334412 1.1296342188768096 3.2913198471069336 1.554666519165039 0.5038146376609802 2.3595931322125314 1.433802843093872 0.8196048140525818
270 0.8027166128158569 1.1291098034646507 3.293426275253296 1.553169846534729 0.5053390860557556 2.3621429261324707 1.438796877861023 0.8141316175460815
271 0.8027166128158569 1.1291098034646507 3.293426275253296 1.553169846534729 0.5053390860557556 2.3621429261324707 1.438796877861023 0.8141316175460815
272 0.8008573651313782 1.1439958256854126 3.297719955444336 1.6402710676193237 0.5033650398254395 2.345863989472653 1.4577038288116455 0.9071056842803955
273 0.8042937517166138 1.1452121005667106 3.2965354919433594 1.639314889907837 0.5064713954925537 2.3339946223557733 1.469600796699524 0.9077942371368408
274 0.8042598962783813 1.145212985592337 3.2839252948760986 1.6393029689788818 0.5064814686775208 2.3340430668323893 1.403935194015503 0.9077877998352051
275 0.8043012619018555 1.1354297667582842 3.283900499343872 1.6393094062805176 0.5066209435462952 2.362538707470017 1.3906891345977783 0.9077926278114319
276 0.8006690144538879 1.1344441542979435 3.283620595932007 1.6362919807434082 0.5026592016220093 2.366748207827458 1.392058253288269 0.9026166200637817
277 0.7944672107696533 1.1446995988874338 3.2894809246063232 1.6357245445251465 0.49952763319015503 2.384524708235641 1.4074681997299194 0.9018213748931885
278 0.7957410216331482 1.1422955445233138 3.2877206802368164 1.6358951330184937 0.49912717938423157 2.3872116771958853 1.403660535812378 0.9014682769775391
279 0.7986044883728027 1.1425381625653614 3.2896416187286377 1.6601171493530273 0.5055736303329468 2.387195557759697 1.4069525003433228 0.9222362041473389
280 0.779880940914154 1.1282402662099655 3.278364896774292 1.6444157361984253 0.48378273844718933 2.4006899337236676 1.3827632665634155 0.8943603038787842
281 0.779880940914154 1.1282402662099655 3.278364896774292 1.6444157361984253 0.48378273844718933 2.4006899337236676 1.3827632665634155 0.8943603038787842
282 0.7641547322273254 1.1153756696412336 3.2708160877227783 1.6598107814788818 0.4626178741455078 2.3951272550643594 1.3648065328598022 0.9169111251831055
283 0.7714452147483826 1.1210219905462795 3.271066188812256 1.6510860919952393 0.47227799892425537 2.376110077917944 1.3758567571640015 0.9029946327209473
284 0.7744104862213135 1.1207876326289332 3.2760140895843506 1.651093602180481 0.47712841629981995 2.3781225774930417 1.3867220878601074 0.9031461477279663
285 0.7626311182975769 1.1222429568636294 3.267810344696045 1.6486713886260986 0.462680846452713 2.3654636066549246 1.3667912483215332 0.8949245810508728
286 0.7626311182975769 1.1222429568636294 3.267810344696045 1.6486713886260986 0.462680846452713 2.3654636066549246 1.3667912483215332 0.8949245810508728
287 0.7681192755699158 1.1247308270073337 3.2695789337158203 1.6448637247085571 0.4621601998806 2.357349676469308 1.3619199991226196 0.887486457824707
288 0.7672441601753235 1.1127960439773712 3.268348217010498 1.6444597244262695 0.46176692843437195 2.328967217427421 1.3579106330871582 0.8863173127174377
289 0.7698743343353271 1.0762535636712611 3.27028751373291 1.6380785703659058 0.4675084054470062 2.4138728124302093 1.3742802143096924 0.8797442317008972
290 0.7703971266746521 1.0746659122857813 3.2629311084747314 1.6434401273727417 0.4649204909801483 2.407088390567397 1.3559027910232544 0.886507511138916
291 0.7703971266746521 1.0746659122857813 3.2629311084747314 1.6434401273727417 0.4649204909801483 2.407088390567397 1.3559027910232544 0.886507511138916
292 0.756084144115448 1.0821771277294594 3.25213885307312 1.6469485759735107 0.4401663839817047 2.518398957462963 1.338165521621704 0.8967726826667786
293 0.728736162185669 1.0829945710489324 3.2339580059051514 1.6392805576324463 0.4007873237133026 2.4893275124278715 1.2900468111038208 0.8735108375549316
294 0.7559506893157959 1.0993320671348072 3.24164080619812 1.6434727907180786 0.4349716603755951 2.4159079959196545 1.2995936870574951 0.8803697228431702
295 0.7560338973999023 1.097645513355905 3.2421557903289795 1.6435644626617432 0.43509218096733093 2.4365014234515727 1.3057087659835815 0.8803321719169617
296 0.7560338973999023 1.097645513355905 3.2421557903289795 1.6435644626617432 0.43509218096733093 2.4365014234515727 1.3057087659835815 0.8803321719169617
297 0.7560338973999023 1.097645513355905 3.240528106689453 1.6435644626617432 0.43509218096733093 2.4365014234515727 1.301019549369812 0.8803321719169617
298 0.758450448513031 1.0881123127817014 3.2388172149658203 1.6398767232894897 0.4379063844680786 2.455419095315897 1.2993409633636475 0.8752451539039612
299 0.7544525265693665 1.0791798424263654 3.239361524581909 1.640807032585144 0.43275347352027893 2.4472894430036645 1.2991414070129395 0.8759812712669373
300 0.7446544170379639 1.079487521789991 3.2356762886047363 1.6338621377944946 0.4208391606807709 2.45829628679429 1.2928154468536377 0.8687845468521118
301 0.7446544170379639 1.079487521789991 3.2356762886047363 1.6338621377944946 0.4208391606807709 2.45829628679429 1.2928154468536377 0.8687845468521118
302 0.747355580329895 1.0799448983107673 3.235072612762451 1.6338127851486206 0.42352455854415894 2.458066099227114 1.2910945415496826 0.8684247136116028
303 0.7467032670974731 1.077558794335619 3.244239330291748 1.6355295181274414 0.4229258596897125 2.4603458778317173 1.3109402656555176 0.8700197339057922
304 0.7464948892593384 1.0760400771844798 3.2439208030700684 1.6394779682159424 0.42309561371803284 2.4613738753531615 1.3113479614257813 0.8744312524795532
305 0.7397242188453674 2.3119872395858097 3.2434744834899902 1.6362439393997192 0.4134756326675415 1.8206727093237904 1.2204467058181763 0.8695200681686401
306 0.7397242188453674 2.3119872395858097 3.2434744834899902 1.6362439393997192 0.4134756326675415 1.8206727093237904 1.2204467058181763 0.8695200681686401
307 0.7472891807556152 2.328046907254566 3.2433114051818848 1.6466186046600342 0.41834044456481934 1.8059504821564327 1.2164913415908813 0.8809617757797241
308 0.7473034262657166 2.3347792059630734 3.244370698928833 1.6451658010482788 0.4183230698108673 1.802456752469683 1.2206352949142456 0.8805570006370544
309 0.7365545630455017 2.3344343021227543 3.2701385021209717 1.6422698497772217 0.40222346782684326 1.7925086361844242 1.1692129373550415 0.8763418197631836
310 0.7365747094154358 2.331213952541098 3.2669827938079834 1.6398941278457642 0.4022878110408783 1.7817335931365583 1.1516035795211792 0.877902626991272
311 0.7365747094154358 2.331213952541098 3.2669827938079834 1.6398941278457642 0.4022878110408783 1.7817335931365583 1.1516035795211792 0.877902626991272
312 0.7356945276260376 2.3306194301332277 3.2672810554504395 1.639959454536438 0.40128475427627563 1.7826087163394015 1.1522549390792847 0.8777254223823547
313 0.736108124256134 2.3092646655840583 3.2633516788482666 1.6116943359375 0.3965216279029846 1.7982413870654232 1.1420860290527344 0.8737103939056396
314 0.7262633442878723 2.3308014557836354 3.264537811279297 1.6122251749038696 0.38327160477638245 1.7399219282811171 1.1346499919891357 0.8755074739456177
315 0.7205393314361572 2.331248870675771 3.2620973587036133 1.6082416772842407 0.3788643181324005 1.7341362211418556 1.131040096282959 0.8683243989944458
316 0.7205393314361572 2.331248870675771 3.2620973587036133 1.6082416772842407 0.3788643181324005 1.7341362211418556 1.131040096282959 0.8683243989944458
317 0.7128243446350098 2.288662048112347 3.2617664337158203 1.6092344522476196 0.3694961667060852 1.7070615987084545 1.1322637796401978 0.8692017793655396
318 0.7197176814079285 2.2994224035534843 3.274003744125366 1.6086959838867188 0.38554978370666504 1.7027956002517408 1.1611313819885254 0.8684617877006531
319 0.7218858599662781 2.3008132652773914 3.276700019836426 1.618113398551941 0.39010944962501526 1.703231962970288 1.1544997692108154 0.8840736746788025
320 0.7209279537200928 2.303614799954719 3.275428295135498 1.6207261085510254 0.38906463980674744 1.704158783741062 1.1556684970855713 0.8896461725234985
321 0.7209279537200928 2.303614799954719 3.275428295135498 1.6207261085510254 0.38906463980674744 1.704158783741062 1.1556684970855713 0.8896461725234985
322 0.7149679064750671 2.2916140715322246 3.270024538040161 1.622066617012024 0.38143953680992126 1.7392899239449526 1.1584701538085938 0.8906542658805847
323 0.7180458903312683 2.293033740039613 3.2724642753601074 1.6264349222183228 0.38771554827690125 1.747102517991795 1.164976716041565 0.8966363668441772
324 0.7075774669647217 2.293914303122058 3.2620773315429688 1.6184290647506714 0.3733025789260864 1.7396691019055173 1.1384831666946411 0.8797029852867126
325 0.7080095410346985 2.2841487598629397 3.263967275619507 1.5241740942001343 0.3732062876224518 1.7262730216865223 1.1303396224975586 0.7691006660461426
326 0.7080095410346985 2.2841487598629397 3.263967275619507 1.5241740942001343 0.3732062876224518 1.7262730216865223 1.1303396224975586 0.7691006660461426
327 0.7108238935470581 2.292733899125477 3.2671403884887695 1.5252739191055298 0.37973111867904663 1.7254692496462076 1.13893723487854 0.7689501047134399
328 0.7123532891273499 2.287304127020334 3.2669224739074707 1.524899959564209 0.37985363602638245 1.7292660924192778 1.1379841566085815 0.7696053385734558
329 0.712277889251709 2.3502293086021417 3.2674546241760254 1.5245946645736694 0.3797820210456848 1.7343879503347612 1.1407480239868164 0.7678020596504211
330 0.7131548523902893 2.3501785895692753 3.2683606147766113 1.5241726636886597 0.38190844655036926 1.7340560809805083 1.1431803703308105 0.7714001536369324
331 0.7131548523902893 2.3501785895692753 3.2683606147766113 1.5241726636886597 0.38190844655036926 1.7340560809805083 1.1431803703308105 0.7714001536369324
332 0.7226881384849548 2.3546550656441267 3.269613027572632 1.5269644260406494 0.39467763900756836 1.7246528405090666 1.1453862190246582 0.7754112482070923
333 0.7341107130050659 2.373031668770652 3.274557590484619 1.5284866094589233 0.408173143863678 1.7236414339594262 1.1599853038787842 0.7842571139335632
334 0.7399566173553467 2.3759599181513367 3.273761749267578 1.526250958442688 0.4138530492782593 1.7287495358324751 1.1544018983840942 0.7821216583251953
335 0.733997642993927 2.381669750225309 3.275167465209961 1.5269657373428345 0.4057217240333557 1.7063357521293745 1.1517544984817505 0.7843802571296692
336 0.733997642993927 2.381669750225309 3.275167465209961 1.5269657373428345 0.4057217240333557 1.7063357521293745 1.1517544984817505 0.7843802571296692
337 0.7321171164512634 2.3807338368642936 3.27299165725708 1.527281641960144 0.40336835384368896 1.7038297274851102 1.145608901977539 0.7854298949241638
338 0.7320193648338318 2.3806837575399733 3.2730677127838135 1.5275723934173584 0.40340620279312134 1.70400653788805 1.1456795930862427 0.785680890083313
339 0.7293435335159302 2.378222475645393 3.272127151489258 1.5281718969345093 0.4006578326225281 1.7044782124947369 1.1451481580734253 0.7864030003547668
340 0.729941189289093 2.3788636664129137 3.2718210220336914 1.5279412269592285 0.40098851919174194 1.7044380364660474 1.142438292503357 0.7860684990882874
341 0.729941189289093 2.3788636664129137 3.2718210220336914 1.5279412269592285 0.40098851919174194 1.7044380364660474 1.142438292503357 0.7860684990882874
342 0.7302918434143066 2.4005812666531763 3.271961212158203 1.5311477184295654 0.4005074203014374 1.7237124432735846 1.1463814973831177 0.7878008484840393
343 0.7295505404472351 2.4006594454114536 3.2717535495758057 1.5308969020843506 0.39948591589927673 1.7234976584222064 1.1464062929153442 0.7872052192687988
344 0.7299535870552063 2.4011809019305828 3.2718448638916016 1.5308786630630493 0.40005114674568176 1.7204528749519155 1.1461929082870483 0.7871376872062683
345 0.7299535870552063 2.4011999889872255 3.2716948986053467 1.5328009128570557 0.40005114674568176 1.7203457939256395 1.146183729171753 0.7849215865135193
346 0.7299535870552063 2.4011999889872255 3.2716948986053467 1.5328009128570557 0.40005114674568176 1.7203457939256395 1.146183729171753 0.7849215865135193
347 0.7297216653823853 2.3963326219407235 3.270559787750244 1.5328691005706787 0.39875528216362 1.7259277457619058 1.1431083679199219 0.7843025326728821
348 0.7281871438026428 2.396206672087194 3.2669870853424072 1.533281922340393 0.3966124653816223 1.726268561884755 1.1353228092193604 0.7846221923828125
349 0.7279950976371765 2.395861275253337 3.2671332359313965 1.532818078994751 0.39623063802719116 1.7338210224584683 1.1521598100662231 0.7847644686698914
350 0.7280522584915161 2.3957281547925238 3.267559766769409 1.5328764915466309 0.3963751196861267 1.733950928119527 1.1524780988693237 0.7848125696182251
351 0.7280522584915161 2.3957281547925238 3.267559766769409 1.5328764915466309 0.3963751196861267 1.733950928119527 1.1524780988693237 0.7848125696182251
352 0.7303087115287781 2.405671766404707 3.2684412002563477 1.531555414199829 0.399127334356308 1.7323364445951737 1.1525453329086304 0.7792142033576965
353 0.7302693724632263 2.3992002825692444 3.266462564468384 1.5385934114456177 0.396567165851593 1.7343368262240224 1.146752119064331 0.7903066277503967
354 0.7207975387573242 2.4094702250098186 3.266118288040161 1.5413413047790527 0.3826313614845276 1.7119017208426341 1.1412452459335327 0.7925882935523987
355 0.7171550989151001 2.4041000782055333 3.264364719390869 1.538332462310791 0.3779403269290924 1.7119332040411392 1.167056918144226 0.7892820835113525
356 0.7171550989151001 2.4041000782055333 3.264364719390869 1.538332462310791 0.3779403269290924 1.7119332040411392 1.167056918144226 0.7892820835113525
357 0.717210054397583 2.397453734689088 3.2612013816833496 1.5392601490020752 0.37790730595588684 1.7204528234486662 1.1672742366790771 0.7846145033836365
358 0.7164824604988098 2.39774577178761 3.2609899044036865 1.604631781578064 0.3769538104534149 1.7194798053477056 1.1775872707366943 0.8682299852371216
359 0.7164824604988098 2.39774577178761 3.2604546546936035 1.6062078475952148 0.3769538104534149 1.7194798053477056 1.1763825416564941 0.8659056425094604
360 0.7148173451423645 2.3956654848164516 3.258829355239868 1.606652021408081 0.37515681982040405 1.7189434180201761 1.1729519367218018 0.8660491704940796
361 0.7148173451423645 2.3956654848164516 3.258829355239868 1.606652021408081 0.37515681982040405 1.7189434180201761 1.1729519367218018 0.8660491704940796
362 0.7170364856719971 2.3918612513689728 3.259669780731201 1.6099258661270142 0.37826240062713623 1.7368829399698424 1.1573472023010254 0.8847522735595703
363 0.7170364856719971 2.3918612513689728 3.259669780731201 1.6099258661270142 0.37826240062713623 1.7368829399698424 1.1573472023010254 0.8847522735595703
364 0.726199746131897 2.397889608121758 3.2643423080444336 1.6095902919769287 0.3890034258365631 1.7383506808443556 1.163537621498108 0.8832390904426575
365 0.7266608476638794 2.3977572110590426 3.264904260635376 1.608768343925476 0.3899535834789276 1.7381778961354128 1.1651949882507324 0.881794810295105
366 0.7266608476638794 2.3977572110590426 3.264904260635376 1.608768343925476 0.3899535834789276 1.7381778961354128 1.1651949882507324 0.881794810295105
367 0.7266608476638794 2.3977572110590426 3.264904260635376 1.608768343925476 0.3899535834789276 1.7381778961354128 1.1651949882507324 0.881794810295105
368 0.7248044610023499 2.3993628267777343 3.261308431625366 1.607906699180603 0.38304853439331055 1.7366183867725258 1.1327145099639893 0.8810106515884399
369 0.7350627183914185 2.403542999078717 3.271731376647949 1.624767541885376 0.3979816138744354 1.7451294294385735 1.1593295335769653 0.902240514755249
370 0.7237492203712463 2.4095533439754986 3.2606637477874756 1.6235941648483276 0.3891656994819641 1.7435569272159386 1.1355961561203003 0.8984659314155579
371 0.7237492203712463 2.4095533439754986 3.2606637477874756 1.6235941648483276 0.3891656994819641 1.7435569272159386 1.1355961561203003 0.8984659314155579
372 0.7231263518333435 2.409441326002745 3.260573148727417 1.6239608526229858 0.38801825046539307 1.74121389200474 1.1457602977752686 0.9029296040534973
373 0.7232220768928528 2.408987881633892 3.2605068683624268 1.6238892078399658 0.3881886303424835 1.7414398962965394 1.1455705165863037 0.9028393626213074
374 0.7242786884307861 2.4120117368711322 3.2617404460906982 1.6258504390716553 0.3912369906902313 1.735818232591778 1.1658111810684204 0.9048659205436707
375 0.7242884039878845 2.406762204886484 3.261807680130005 1.6258502006530762 0.39123815298080444 1.764082555553337 1.1522783041000366 0.9048675894737244
376 0.7242884039878845 2.406762204886484 3.261807680130005 1.6258502006530762 0.39123815298080444 1.764082555553337 1.1522783041000366 0.9048675894737244
377 0.7185814380645752 2.4015186698015007 3.255530595779419 1.6243733167648315 0.39280420541763306 1.7934065894058715 1.150343894958496 0.9061962366104126
378 0.7261840105056763 2.3982378311057513 3.260327100753784 1.6280478239059448 0.40381908416748047 1.7991724706667827 1.171201467514038 0.9519817233085632
379 0.7261840105056763 2.3987996115988413 3.260327100753784 1.6280478239059448 0.40381908416748047 1.7855942252696915 1.1573011875152588 0.9519817233085632
380 0.725508987903595 2.3896479462824645 3.2600221633911133 1.628182291984558 0.4022656977176666 1.786189267343271 1.15668523311615 0.9522522687911987
381 0.725508987903595 2.3896479462824645 3.2600221633911133 1.628182291984558 0.4022656977176666 1.786189267343271 1.15668523311615 0.9522522687911987
382 0.725508987903595 2.3896479462824645 3.2619612216949463 1.628182291984558 0.4022656977176666 1.786189267343271 1.156877875328064 0.9522522687911987
383 0.725508987903595 2.39012539949929 3.261145830154419 1.628182291984558 0.4022656977176666 1.790804259860997 1.1559046506881714 0.9522522687911987
384 0.7211846113204956 2.3982449829619816 3.257690191268921 1.6299772262573242 0.3971720337867737 1.7657923355862704 1.1471960544586182 0.9591954350471497
385 0.7123628258705139 2.3361221145041227 3.2504141330718994 1.6282024383544922 0.39189982414245605 1.8404339303171429 1.1433993577957153 0.9567042589187622
386 0.7123628258705139 2.3361221145041227 3.2504141330718994 1.6282024383544922 0.39189982414245605 1.8404339303171429 1.1433993577957153 0.9567042589187622
387 0.7123628258705139 2.3354768945364204 3.2500083446502686 1.6282024383544922 0.39189982414245605 1.8484265884068414 1.1430140733718872 0.9567042589187622
388 0.7122133374214172 2.3295465467382352 3.247286796569824 1.6281527280807495 0.38800594210624695 1.8606566570212166 1.138720154762268 0.9562757611274719
389 0.7082136869430542 2.3411294695162437 3.2517919540405273 1.6348052024841309 0.38555800914764404 1.8260979374281519 1.142276406288147 0.9702317714691162
390 0.7199696898460388 2.361641307513441 3.246027946472168 1.6166850328445435 0.3913801312446594 1.8088911754288364 1.1308447122573853 0.947644829750061
391 0.7199696898460388 2.361641307513441 3.246027946472168 1.6166850328445435 0.3913801312446594 1.8088911754288364 1.1308447122573853 0.947644829750061
392 0.7208948731422424 2.3739192770551014 3.246978759765625 1.6177093982696533 0.39410707354545593 1.80788612708006 1.133675456047058 0.9486085772514343
393 0.7300616502761841 2.3701233044744465 3.2532293796539307 1.624588966369629 0.4059803783893585 1.8173983581742659 1.154610276222229 0.9602022767066956
394 0.725071907043457 2.3723377290933336 3.251981019973755 1.6263283491134644 0.3992545008659363 1.798255710121164 1.1491100788116455 0.9608575701713562
395 0.7242404222488403 2.370697300802505 3.2525112628936768 1.6295347213745117 0.39786845445632935 1.7996583088286329 1.1492397785186768 0.9640008211135864
396 0.7242404222488403 2.370697300802505 3.2525112628936768 1.6295347213745117 0.39786845445632935 1.7996583088286329 1.1492397785186768 0.9640008211135864
397 0.7232810258865356 2.2294316661894595 3.248528480529785 1.6271981000900269 0.39781567454338074 1.8021034106548062 1.140527367591858 0.9618508219718933
398 0.7231590151786804 2.3467575281127484 3.254704236984253 1.6271233558654785 0.3974849283695221 1.7908069785668355 1.1688854694366455 0.9617739915847778
399 0.7231590151786804 2.3477811162861664 3.254704236984253 1.6271233558654785 0.3974849283695221 1.803889108809274 1.1707794666290283 0.9617739915847778
400 0.7235430479049683 2.3595274614687884 3.2544612884521484 1.6274734735488892 0.39357826113700867 1.8083166731744533 1.1745351552963257 0.9605845808982849
401 0.7235430479049683 2.3595274614687884 3.2544612884521484 1.6274734735488892 0.39357826113700867 1.8083166731744533 1.1745351552963257 0.9605845808982849
402 0.7269916534423828 2.359056809215579 3.256289005279541 1.6308897733688354 0.39768755435943604 1.8118813353963685 1.1768149137496948 0.9477067589759827
403 0.7269946336746216 2.3565556262351923 3.2562952041625977 1.630892038345337 0.3976791501045227 1.8177864851188252 1.1776916980743408 0.9477086067199707
404 0.7289693355560303 2.356347538169419 3.2571866512298584 1.6312241554260254 0.3998584747314453 1.818785048240354 1.1791921854019165 0.9479081630706787
405 0.7294225692749023 2.3561735186053694 3.2570059299468994 1.6314393281936646 0.40140408277511597 1.8173767433603871 1.180559515953064 0.9480656385421753
406 0.7294225692749023 2.3561735186053694 3.2570059299468994 1.6314393281936646 0.40140408277511597 1.8173767433603871 1.180559515953064 0.9480656385421753
407 0.7128670811653137 2.3600308486014017 3.2520697116851807 1.6268489360809326 0.37974080443382263 1.8106389349490075 1.1671509742736816 0.9440301656723022
408 0.7128670811653137 2.400714810326325 3.2520697116851807 1.6268489360809326 0.37974080443382263 1.8133352396415632 1.1675454378128052 0.9440301656723022
409 0.7116777300834656 2.4026679775097737 3.252145528793335 1.6291229724884033 0.37870967388153076 1.8107243226236347 1.1668585538864136 0.9464560151100159
410 0.7126696109771729 2.386906124292393 3.2531542778015137 1.6305878162384033 0.38172319531440735 1.8103665495200043 1.1822277307510376 0.9485032558441162
411 0.7126696109771729 2.386906124292393 3.2531542778015137 1.6305878162384033 0.38172319531440735 1.8103665495200043 1.1822277307510376 0.9485032558441162
412 0.710812509059906 2.386824633713709 3.2518789768218994 1.6366461515426636 0.385830819606781 1.8136264447608443 1.1781994104385376 0.9399769306182861
413 0.7117329239845276 2.3876448800701833 3.2525246143341064 1.636732578277588 0.3869449198246002 1.8140446118938198 1.1793878078460693 0.9401752352714539
414 0.7184468507766724 2.408044606624465 3.2547736167907715 1.6374125480651855 0.3939306437969208 1.8151960965076517 1.184832215309143 0.942902147769928
415 0.7249120473861694 2.4084096660115093 3.255680561065674 1.6360875368118286 0.40129926800727844 1.8039508645131175 1.1837667226791382 0.9415313005447388
416 0.7254093885421753 2.4085269453787013 3.2556302547454834 1.6360975503921509 0.4017692506313324 1.8038313506033097 1.1836334466934204 0.9415474534034729
417 0.7332718372344971 2.388374466048029 3.25712251663208 1.6462292671203613 0.4115409255027771 1.763618536465422 1.1800442934036255 0.9563996195793152
418 0.7327284216880798 2.2510956419654335 3.2567996978759766 1.646424412727356 0.4111367166042328 1.7510768508598518 1.182505488395691 0.9559385180473328
419 0.738394021987915 2.209752669129596 3.2579023838043213 1.6417391300201416 0.4173204302787781 1.7784217890004554 1.186244010925293 0.9530505537986755
420 0.7344188094139099 2.202946437681022 3.2557902336120605 1.6388630867004395 0.41186389327049255 1.791968347815224 1.1826915740966797 0.9488121271133423
421 0.7344188094139099 2.202946437681022 3.2557902336120605 1.6388630867004395 0.41186389327049255 1.791968347815224 1.1826915740966797 0.9488121271133423
422 0.7344173192977905 2.2028748471914823 3.256059169769287 1.638871431350708 0.41171735525131226 1.7921264496410918 1.1823476552963257 0.9488098621368408
423 0.7326461672782898 2.2118547787797795 3.2544519901275635 1.6376242637634277 0.40770792961120605 1.7954117910061758 1.190250039100647 0.9464783668518066
424 0.7394513487815857 2.2084720059786416 3.259265422821045 1.641634225845337 0.4175114035606384 1.826495200472115 1.1896443367004395 0.9501156210899353
425 0.7398683428764343 2.0781041282850663 3.258960723876953 1.6412955522537231 0.4185265600681305 1.8705881784376033 1.1955711841583252 0.9502528309822083
426 0.7398683428764343 2.0781041282850663 3.258960723876953 1.6412955522537231 0.4185265600681305 1.8705881784376033 1.1955711841583252 0.9502528309822083
427 0.7337332963943481 2.0700554502156634 3.2519288063049316 1.636662483215332 0.4115539491176605 1.8823335390507285 1.1912295818328857 0.9382185339927673
428 0.7282530069351196 2.0677925861626023 3.2505860328674316 1.6340409517288208 0.4047469198703766 1.8479039745492702 1.1972849369049072 0.9345465898513794
429 0.7257789969444275 2.06537408311472 3.249333620071411 1.6368471384048462 0.40201622247695923 1.8513132503348664 1.1934260129928589 0.9369367957115173
430 0.7394291162490845 2.0402643549234205 3.2597198486328125 1.647186279296875 0.42212149500846863 1.9121270023853678 1.2401491403579712 0.9492673277854919
431 0.7394291162490845 2.0402643549234205 3.2597198486328125 1.647186279296875 0.42212149500846863 1.9121270023853678 1.2401491403579712 0.9492673277854919
432 0.743194580078125 2.049206898037173 3.2629528045654297 1.651453971862793 0.42614904046058655 1.9077079104211823 1.2331091165542603 0.9575724005699158
433 0.7419065833091736 2.04765019068482 3.262500762939453 1.6526439189910889 0.4244202673435211 1.9081429784093338 1.2322711944580078 0.9592821598052979
434 0.739141583442688 2.1181437794689826 3.269026041030884 1.6555135250091553 0.42451006174087524 1.893222890706228 1.245292067527771 0.9618397355079651
435 0.7386361360549927 2.1154933321687017 3.2718846797943115 1.6508455276489258 0.4225003123283386 1.9009037763834111 1.2515453100204468 0.9582160711288452
436 0.7386361360549927 2.1154933321687017 3.2718846797943115 1.6508455276489258 0.4225003123283386 1.9009037763834111 1.2515453100204468 0.9582160711288452
437 0.7383095622062683 2.116100099900187 3.271569013595581 1.645212173461914 0.42369338870048523 1.8949923412434686 1.2503304481506348 0.9501356482505798
438 0.738559365272522 2.0716685039392626 3.2718629837036133 1.6441062688827515 0.42398861050605774 1.8953357514815201 1.2239031791687012 0.9409196972846985
439 0.7382706999778748 2.072600232556078 3.270549774169922 1.6431039571762085 0.4206323027610779 1.8926008992037582 1.2208077907562256 0.9399663805961609
440 0.730461061000824 2.0716988884959395 3.2670435905456543 1.6384730339050293 0.4096962511539459 1.8889747672191903 1.2094697952270508 0.9325706362724304
441 0.730461061000824 2.0716988884959395 3.2670435905456543 1.6384730339050293 0.4096962511539459 1.8889747672191903 1.2094697952270508 0.9325706362724304
442 0.7399359941482544 2.0795498090161897 3.263615608215332 1.6493616104125977 0.4216592609882355 1.8766352689263408 1.1834381818771362 0.9487141370773315
443 0.7378305196762085 2.0759445737602333 3.2770915031433105 1.6390761137008667 0.4209405183792114 1.890258911584431 1.218380331993103 0.9334893822669983
444 0.7380667924880981 2.1272020531247415 3.2772409915924072 1.6388204097747803 0.4205726981163025 1.8848434008446373 1.2182475328445435 0.9333108067512512
445 0.716505765914917 2.1276263558622763 3.260951519012451 1.635364055633545 0.39755111932754517 1.8805620830988636 1.1942481994628906 0.9180869460105896
446 0.716505765914917 2.1276263558622763 3.260951519012451 1.635364055633545 0.39755111932754517 1.8805620830988636 1.1942481994628906 0.9180869460105896
447 0.7243710160255432 2.0934688135104045 3.2609071731567383 1.628939151763916 0.40772852301597595 1.9000132158017937 1.1989576816558838 0.9092556238174438
448 0.725330114364624 2.0938592055999803 3.261021375656128 1.630800485610962 0.40890297293663025 1.8979022361007214 1.215509057044983 0.9122535586357117
449 0.7304091453552246 2.089736913722501 3.2669620513916016 1.6175575256347656 0.41101744771003723 1.891562875483109 1.1977052688598633 0.8969886302947998
450 0.7335349321365356 2.1458415058094236 3.2673120498657227 1.6193549633026123 0.4152628183364868 1.9365926076795745 1.2048949003219604 0.8993842005729675
451 0.7232927680015564 2.213767569802764 3.2706315517425537 1.5500333309173584 0.40834298729896545 1.9781563503504893 1.2027684450149536 0.799941897392273
452 0.7213773131370544 2.208822893021123 3.26535701751709 1.5486838817596436 0.4045076072216034 1.9485516018883957 1.1842485666275024 0.7988166213035583
453 0.729762852191925 2.2227508729806678 3.2622287273406982 1.5472469329833984 0.40676069259643555 1.9143328295576152 1.1691166162490845 0.789322555065155
454 0.7292770743370056 1.1030723714760897 3.2622034549713135 1.5472438335418701 0.4056955873966217 2.244016579375501 1.2364108562469482 0.7893429398536682
455 0.7350044250488281 1.0722310659329306 3.2622792720794678 1.5417503118515015 0.4134048521518707 2.2584944808732197 1.2382681369781494 0.7809596061706543
456 0.7350044250488281 1.0722310659329306 3.2622792720794678 1.5417503118515015 0.4134048521518707 2.2584944808732197 1.2382681369781494 0.7809596061706543
457 0.7528690099716187 2.0687875793584265 3.2711596488952637 1.559248447418213 0.4380703270435333 1.9918511085496193 1.2129584550857544 0.8069941401481628
458 0.7464483976364136 2.1117232460252757 3.2719316482543945 1.547743797302246 0.4333375096321106 1.9496234020647982 1.2075682878494263 0.7970508933067322
459 0.7464556694030762 2.207150984128177 3.271807909011841 1.5450236797332764 0.43364760279655457 1.8843667569429712 1.1980727910995483 0.7929595708847046
460 0.7390361428260803 2.22092131368003 3.269456148147583 1.5396226644515991 0.42524048686027527 1.8553598677872365 1.1940873861312866 0.7971696257591248
461 0.7390361428260803 2.22092131368003 3.269456148147583 1.5396226644515991 0.42524048686027527 1.8553598677872365 1.1940873861312866 0.7971696257591248
462 0.7400755882263184 2.2081559910842925 3.264756679534912 1.5412688255310059 0.4208727180957794 1.886978245692305 1.1880388259887695 0.8045523166656494
463 0.7399634718894958 2.2032504959895256 3.2646572589874268 1.541194200515747 0.42077821493148804 1.8910647798667797 1.1884342432022095 0.8044922947883606
464 0.7574052214622498 1.143020498207704 3.2642619609832764 1.5452889204025269 0.4495464265346527 2.278377438626649 1.261014461517334 0.8110499382019043
465 0.7551155686378479 1.8154074403418352 3.26533842086792 1.5395828485488892 0.44399508833885193 2.0905473488400967 1.2309064865112305 0.8054742217063904
466 0.7551155686378479 1.8154074403418352 3.26533842086792 1.5395828485488892 0.44399508833885193 2.0905473488400967 1.2309064865112305 0.8054742217063904
467 0.7795531153678894 1.7744409002207484 3.278423547744751 1.5553723573684692 0.475361704826355 2.112294394428089 1.2760435342788696 0.8364921808242798
468 0.7795182466506958 1.7745215007913793 3.278007984161377 1.5565181970596313 0.4753015637397766 2.109946650789183 1.275651454925537 0.8350611329078674
469 0.7765787243843079 1.8043060965836284 3.273343563079834 1.5617533922195435 0.46992814540863037 2.016081699397579 1.247375726699829 0.8403322696685791
470 0.7766675353050232 1.1535185611228882 3.2733583450317383 1.5618733167648315 0.47001543641090393 2.373249779094941 1.3034162521362305 0.8404999375343323
471 0.7766675353050232 1.1535185611228882 3.2733583450317383 1.5618733167648315 0.47001543641090393 2.373249779094941 1.3034162521362305 0.8404999375343323
472 0.7672145962715149 1.5404334079698456 3.2712223529815674 1.5496777296066284 0.4579874873161316 2.131171112616503 1.246279239654541 0.8225891590118408
473 0.7679780125617981 1.630119369672518 3.2753918170928955 1.548999547958374 0.45666879415512085 2.1391578163685385 1.2503526210784912 0.8261418342590332
474 0.7679780125617981 1.6336013033626953 3.2754130363464355 1.548999547958374 0.45666879415512085 2.1563449106497234 1.240790605545044 0.8261418342590332
475 0.7732677459716797 1.6308781400279586 3.277926445007324 1.5494649410247803 0.4639536440372467 2.161686362963873 1.2470591068267822 0.8299629092216492
476 0.7732677459716797 1.6308781400279586 3.277926445007324 1.5494649410247803 0.4639536440372467 2.161686362963873 1.2470591068267822 0.8299629092216492
477 0.7750517725944519 1.6377575043648742 3.2791759967803955 1.547908067703247 0.46590104699134827 2.185139268031372 1.2545592784881592 0.8285645246505737
478 0.7875515818595886 1.6324749622384027 3.2950265407562256 1.5581352710723877 0.481556236743927 2.162750700698426 1.2893797159194946 0.835340678691864
479 0.8171570301055908 1.0654105445373507 3.3000569343566895 1.5575897693634033 0.5204624533653259 2.420246452178828 1.3548743724822998 0.8397348523139954
480 0.8074822425842285 1.0484305715154791 3.3020286560058594 1.5636522769927979 0.5141353607177734 2.5258882128667666 1.3756219148635864 0.8462960124015808
481 0.8074822425842285 1.0484305715154791 3.3020286560058594 1.5636522769927979 0.5141353607177734 2.5258882128667666 1.3756219148635864 0.8462960124015808
482 0.8074122667312622 1.0490389954584096 3.3010659217834473 1.5620429515838623 0.513798713684082 2.527451583231048 1.3730515241622925 0.8433325290679932
483 0.8115816712379456 1.0452761613372696 3.303711414337158 1.5793417692184448 0.5153209567070007 2.523625341634239 1.375482439994812 0.8666476011276245
484 0.8147584199905396 1.0860866457448108 3.302288770675659 1.5821377038955688 0.5187178254127502 2.4293602089179 1.3563531637191772 0.8706892132759094
485 0.8150050044059753 1.079010327985979 3.3022847175598145 1.5819118022918701 0.5187409520149231 2.626672571411121 1.3854849338531494 0.8705153465270996
486 0.8150050044059753 1.079010327985979 3.3022847175598145 1.5819118022918701 0.5187409520149231 2.626672571411121 1.3854849338531494 0.8705153465270996
487 0.8149023056030273 2.1763119911212048 3.3020219802856445 1.581729769706726 0.518820583820343 2.003564353257453 1.2785964012145996 0.8713110685348511
488 0.8178584575653076 1.0152427389208618 3.304328680038452 1.5810728073120117 0.5220639705657959 2.3512575299505993 1.3261183500289917 0.8721908926963806
489 0.8177850842475891 1.4449692917160053 3.3043603897094727 1.5821595191955566 0.5219423174858093 2.2406864308328283 1.301906704902649 0.875135600566864
490 0.8191149234771729 1.5164427990894613 3.3047194480895996 1.5815402269363403 0.5233681201934814 2.258782745941446 1.3064138889312744 0.8753758668899536
491 0.8191149234771729 1.5164427990894613 3.3047194480895996 1.5815402269363403 0.5233681201934814 2.258782745941446 1.3064138889312744 0.8753758668899536
492 0.8154097199440002 1.4837880062860445 3.306548833847046 1.5802299976348877 0.5219629406929016 2.2586905835948894 1.314963936805725 0.8749383091926575
493 0.8139580488204956 2.266777427052116 3.305109977722168 1.5837266445159912 0.520440936088562 2.0175087200871853 1.274296760559082 0.8829038739204407
494 0.8130102753639221 2.1570799916757677 3.301433563232422 1.584565281867981 0.5211257338523865 2.0480346196666814 1.2908689975738525 0.8834245204925537
495 0.797125518321991 2.2169133664976948 3.2874767780303955 1.5785846710205078 0.5004051923751831 2.027879263149995 1.254643440246582 0.8699437975883484
496 0.797125518321991 2.2169133664976948 3.2874767780303955 1.5785846710205078 0.5004051923751831 2.027879263149995 1.254643440246582 0.8699437975883484
497 0.7975672483444214 2.2169686943659306 3.2876131534576416 1.5786106586456299 0.5009012818336487 2.0276181427299225 1.2549573183059692 0.8700821399688721
498 0.8124837875366211 2.2161351931003175 3.313201665878296 1.5808460712432861 0.529962956905365 2.030173458223784 1.3310699462890625 0.8723447918891907
499 0.8140765428543091 2.223478484777179 3.3133726119995117 1.5871113538742065 0.533308207988739 2.024314856362439 1.3424699306488037 0.9995424151420593
500 0.8148723840713501 1.4389097425147674 3.3140954971313477 1.588140845298767 0.5344764590263367 2.2710896415010855 1.3818198442459106 1.0127331018447876
