init 0.5832880139350891 7.402225005712591 3.194873571395874 2.030801773071289 0.0 0.0 0.0 0.0
1 0.5832880139350891 7.42033398259942 3.194873571395874 2.030801773071289 0.0 0.2555033486607937 0.46160686016082764 0.0
2 0.5887868404388428 7.289824502420048 3.1917049884796143 2.0919456481933594 0.21589501202106476 1.1092962513908102 0.6522764563560486 0.25885340571403503
3 0.6306149363517761 7.282506082438627 3.2301619052886963 2.1118152141571045 0.28024721145629883 1.0447308983482395 0.8057002425193787 0.2918318510055542
4 0.6320161819458008 7.261831002129769 3.230581760406494 2.111849546432495 0.28230246901512146 1.6512937247381794 0.864280104637146 0.29350048303604126
5 0.6331635117530823 7.235906958796576 3.2270030975341797 2.11130428314209 0.2989269196987152 1.2743822061758097 0.8403252363204956 0.29942190647125244
6 0.6331635117530823 7.235906958796576 3.2270030975341797 2.11130428314209 0.2989269196987152 1.2743822061758097 0.8403252363204956 0.29942190647125244
7 0.6325952410697937 7.233755408197571 3.223137855529785 2.103193998336792 0.3065643310546875 1.2557222708224653 0.8721911311149597 0.33248278498649597
8 0.6325787305831909 7.236269238186928 3.226146697998047 2.10233211517334 0.30582863092422485 1.2514753319243472 0.8882407546043396 0.32874882221221924
9 0.6300480365753174 7.2385627055917725 3.2230403423309326 2.10860013961792 0.3030405044555664 1.2781107253527415 0.9080937504768372 0.3464587926864624
10 0.6283712983131409 7.241325838259945 3.223341703414917 2.1093640327453613 0.3047431409358978 1.3010651184384563 0.9292352199554443 0.3495001792907715
11 0.6283712983131409 7.241325838259945 3.223341703414917 2.1093640327453613 0.3047431409358978 1.3010651184384563 0.9292352199554443 0.3495001792907715
12 0.6296693682670593 7.237333358167032 3.2190725803375244 2.0443153381347656 0.32552650570869446 1.3598484892836282 0.9646120071411133 0.7159126400947571
13 0.6271047592163086 7.237638854925415 3.219667673110962 2.0482749938964844 0.3241404891014099 1.3820733676157615 0.9684157371520996 0.7369699478149414
14 0.6360973119735718 7.2327159984864675 3.222745180130005 2.0477418899536133 0.32805556058883667 1.3655587457162472 0.9784144163131714 0.7363573312759399
15 0.6383843421936035 7.232697826287771 3.223109006881714 2.044062852859497 0.3291674256324768 1.3702343310554987 0.9801523685455322 0.726478099822998
16 0.6383843421936035 7.232697826287771 3.223109006881714 2.044062852859497 0.3291674256324768 1.3702343310554987 0.9801523685455322 0.726478099822998
17 0.6428710222244263 7.242178764125743 3.2232885360717773 2.0449211597442627 0.3347129821777344 1.4197547299682522 0.9856312870979309 0.7265112996101379
18 0.6438673138618469 7.237535319760764 3.2181408405303955 2.0471835136413574 0.33522355556488037 1.4169940411188082 1.0440824031829834 0.7308191657066345
19 0.6431217193603516 7.241710337197232 3.2157042026519775 2.0438804626464844 0.3340223729610443 1.4696210545105906 1.0401520729064941 0.725948691368103
20 0.645814836025238 7.240898104801654 3.211676597595215 2.042067050933838 0.33210888504981995 1.4683437481170114 1.0448156595230103 0.7229956984519958
21 0.645814836025238 7.240898104801654 3.211676597595215 2.042067050933838 0.33210888504981995 1.4683437481170114 1.0448156595230103 0.7229956984519958
22 0.645887017250061 7.240361481290766 3.212048053741455 2.0451760292053223 0.33432644605636597 1.4855533240643997 1.052699327468872 0.7270216941833496
23 0.6462092995643616 7.2450052019979285 3.2123682498931885 2.0455448627471924 0.3360537588596344 1.510098231694414 1.055675745010376 0.7274394035339355
24 0.6458045840263367 7.238800997473974 3.2120203971862793 2.0453977584838867 0.335112988948822 1.477942607046502 1.051336646080017 0.7275134325027466
25 0.6369178891181946 7.2264066154643505 3.2077391147613525 1.9925884008407593 0.288094699382782 1.4323899480966333 1.0189924240112305 0.6685351133346558
26 0.6369178891181946 7.222704293888468 3.2077391147613525 1.9925884008407593 0.288094699382782 1.4080220971272202 1.0170559883117676 0.6685351133346558
27 0.635681688785553 7.212343696563476 3.2086033821105957 1.9966405630111694 0.294292151927948 1.3886075355470757 1.0187443494796753 0.6744945049285889
28 0.6355028748512268 7.438046023899526 3.2083816528320313 1.9958523511886597 0.2941131293773651 2.184636017795881 1.117453694343567 0.6736680269241333
29 0.6384932994842529 7.438594579986766 3.205991506576538 1.9926925897598267 0.2920942008495331 2.1839367399487366 1.1177176237106323 0.6796031594276428
30 0.6372479796409607 7.228075072939087 3.2062151432037354 1.9912222623825073 0.2897641658782959 1.4192383506703319 1.0442875623703003 0.6773892045021057
31 0.6372479796409607 7.228075072939087 3.2062151432037354 1.9912222623825073 0.2897641658782959 1.4192383506703319 1.0442875623703003 0.6773892045021057
32 0.6349732279777527 7.21209401440683 3.206543445587158 1.9781666994094849 0.2789755165576935 1.3610895259181122 1.047417402267456 0.6635925769805908
33 0.6290894150733948 7.435283759614916 3.2099437713623047 1.9831475019454956 0.2769489884376526 2.152699405131521 1.126760482788086 0.6670279502868652
34 0.6215696930885315 7.428708942462495 3.201251745223999 1.9895110130310059 0.2547417879104614 2.1540296493424513 1.1063114404678345 0.6776279807090759
35 0.621583104133606 7.435764879558273 3.201547861099243 1.9895412921905518 0.2551758885383606 2.1731527258146013 1.1099467277526855 0.679881751537323
36 0.621583104133606 7.435764879558273 3.201547861099243 1.9895412921905518 0.2551758885383606 2.1731527258146013 1.1099467277526855 0.679881751537323
37 0.6155014038085938 7.437182646676098 3.198990821838379 1.9884546995162964 0.24921083450317383 2.1765066163987 1.1036720275878906 0.6802918314933777
38 0.619810938835144 7.433215905208175 3.1998376846313477 1.9839414358139038 0.25436437129974365 2.1653241133102936 1.1048367023468018 0.6753371953964233
39 0.6200609803199768 7.4322973344330805 3.199855327606201 1.983880639076233 0.2545664608478546 2.161687500488622 1.1044214963912964 0.6752688884735107
40 0.6212242245674133 7.432014295969685 3.198519229888916 1.986994743347168 0.2614447772502899 2.148151116563233 1.100242018699646 0.6819227933883667
41 0.6212242245674133 7.432014295969685 3.198519229888916 1.986994743347168 0.2614447772502899 2.148151116563233 1.100242018699646 0.6819227933883667
42 0.6211704015731812 7.432010417958285 3.199312686920166 1.9868648052215576 0.26421990990638733 2.1485513664894573 1.104688048362732 0.6821151971817017
43 0.6198609471321106 7.4404276768593185 3.2004902362823486 1.9845505952835083 0.2523365914821625 2.1671199892241404 1.1048667430877686 0.6834897994995117
44 0.6283155679702759 7.220222329063271 3.2002384662628174 1.9890930652618408 0.24280056357383728 1.3854469009332506 1.017881155014038 0.6819251179695129
45 0.6277180910110474 7.221843509354532 3.1994826793670654 1.9950774908065796 0.24740006029605865 1.381803651661894 1.023550271987915 0.6899425983428955
46 0.6277180910110474 7.221843509354532 3.1994826793670654 1.9950774908065796 0.24740006029605865 1.381803651661894 1.023550271987915 0.6899425983428955
47 0.6264066696166992 7.234607491920921 3.1977224349975586 1.993336796760559 0.24435262382030487 1.439919398950739 1.025384545326233 0.7000558972358704
48 0.6236823201179504 7.238597515846738 3.1979572772979736 1.9962444305419922 0.25307801365852356 1.4561167595437425 1.0291080474853516 0.7093536257743835
49 0.6225390434265137 7.243256687427021 3.204540252685547 1.9969048500061035 0.2568102478981018 1.4720621097948194 0.981529176235199 0.707706093788147
50 0.6226779222488403 7.247796795252086 3.202440023422241 1.9983670711517334 0.25803494453430176 1.5091031911534902 0.9675784111022949 0.7096525430679321
51 0.6226779222488403 7.247796795252086 3.202440023422241 1.9983670711517334 0.25803494453430176 1.5091031911534902 0.9675784111022949 0.7096525430679321
52 0.6146106123924255 7.239515381280742 3.1949851512908936 1.982932209968567 0.2593655586242676 1.4671451512087206 1.1127101182937622 0.7054157853126526
53 0.611650824546814 7.248110604568287 3.195223331451416 1.9822450876235962 0.2483510673046112 1.5184804853614229 1.1153472661972046 0.7057783007621765
54 0.6114561557769775 7.23538063200796 3.196092128753662 1.9787324666976929 0.25170519948005676 1.4362419783270892 1.107429027557373 0.7064055800437927
55 0.6116234660148621 7.239751905371713 3.1959235668182373 1.978671908378601 0.251897931098938 1.4769843959616735 1.1145119667053223 0.7064166069030762
56 0.6116234660148621 7.239751905371713 3.1959235668182373 1.978671908378601 0.251897931098938 1.4769843959616735 1.1145119667053223 0.7064166069030762
57 0.6116234660148621 7.212955617143295 3.1959824562072754 1.979658603668213 0.251897931098938 1.3723902509100507 1.1056947708129883 0.7026530504226685
58 0.6079924702644348 7.233561774291674 3.195405960083008 1.9742510318756104 0.2514760494232178 1.4494977455989992 1.1127347946166992 0.6952913403511047
59 0.6061367392539978 7.235220325432118 3.194779634475708 1.9731884002685547 0.2532555162906647 1.4531382455060957 1.128060221672058 0.6935505270957947
60 0.6080156564712524 7.232355889895958 3.1942789554595947 1.9770570993423462 0.25460076332092285 1.450694984280888 1.1294077634811401 0.6976120471954346
61 0.6080156564712524 7.232355889895958 3.1942789554595947 1.9770570993423462 0.25460076332092285 1.450694984280888 1.1294077634811401 0.6976120471954346
62 0.6154897809028625 7.225721369332431 3.2000679969787598 1.9789341688156128 0.2676507234573364 1.4392750558669782 1.1497937440872192 0.6984612345695496
63 0.6159204840660095 7.215650731270438 3.2000322341918945 1.9801392555236816 0.2659493386745453 1.4039199062953502 1.1472129821777344 0.6989290118217468
64 0.6152456402778625 7.222650020537748 3.199415445327759 1.9820702075958252 0.26468363404273987 1.440516935070378 1.1565916538238525 0.7009556293487549
65 0.61458420753479 7.2233051898233365 3.199143886566162 1.981855869293213 0.2614116668701172 1.4349845829582146 1.1524778604507446 0.6989352107048035
66 0.61458420753479 7.2233051898233365 3.199143886566162 1.981855869293213 0.2614116668701172 1.4349845829582146 1.1524778604507446 0.6989352107048035
67 0.6144577264785767 7.229298852487893 3.1992039680480957 1.9817558526992798 0.2625236213207245 1.4575087827920135 1.163008689880371 0.6991941928863525
68 0.6161665916442871 7.226093594104815 3.2017452716827393 1.979938268661499 0.2640284299850464 1.4450152338765803 1.1698155403137207 0.6991435289382935
69 0.6142773032188416 7.239811428451463 3.201549768447876 1.97878098487854 0.2578881084918976 1.3301486043410058 1.1479926109313965 0.7001100778579712
70 0.614268958568573 7.233946880944606 3.2013466358184814 1.98581862449646 0.25843656063079834 1.4163678696316995 1.1541739702224731 0.7066514492034912
71 0.614268958568573 7.233946880944606 3.2013466358184814 1.98581862449646 0.25843656063079834 1.4163678696316995 1.1541739702224731 0.7066514492034912
72 0.6141234040260315 7.232010992833767 3.2000112533569336 1.971699833869934 0.2533424198627472 1.4207213632431346 1.1498650312423706 0.6927892565727234
73 0.6169190406799316 7.211857567937216 3.206235885620117 1.952233910560608 0.26193296909332275 1.3969786041009822 1.15919828414917 0.6841750144958496
74 0.6153227090835571 7.210182865026421 3.2039263248443604 1.9548369646072388 0.2635239064693451 1.38862887485225 1.1640024185180664 0.6842702031135559
75 0.6153299808502197 7.210011367911808 3.2045652866363525 1.9549142122268677 0.263019323348999 1.3960425871239905 1.1685829162597656 0.7214022278785706
76 0.6153299808502197 7.210011367911808 3.2045652866363525 1.9549142122268677 0.263019323348999 1.3960425871239905 1.1685829162597656 0.7214022278785706
77 0.6104614734649658 7.206077193915738 3.2001657485961914 1.9579178094863892 0.26279234886169434 1.3985196857222757 1.168590784072876 0.726404070854187
78 0.608474850654602 7.213349134876439 3.201076030731201 1.9493827819824219 0.25751033425331116 1.439302723079009 1.1668704748153687 0.7159063816070557
79 0.6089727282524109 7.213208288068614 3.200991153717041 1.9491089582443237 0.25878003239631653 1.4405672028460126 1.1675282716751099 0.7159193754196167
80 0.6083420515060425 7.229160541228993 3.2029407024383545 1.951499581336975 0.25836390256881714 1.4383399250609263 1.1738508939743042 0.7172935009002686
81 0.6083420515060425 7.229160541228993 3.2029407024383545 1.951499581336975 0.25836390256881714 1.4383399250609263 1.1738508939743042 0.7172935009002686
82 0.6078734993934631 7.214179284322883 3.2037951946258545 1.9515745639801025 0.256212055683136 1.3819398419247892 1.171720027923584 0.7170754075050354
83 0.6081404685974121 7.214160378582546 3.2032318115234375 1.9479221105575562 0.25259992480278015 1.3794737892377844 1.1691429615020752 0.7115145921707153
84 0.6119158864021301 7.201567631188202 3.201753616333008 1.9481474161148071 0.24595403671264648 1.345785489316822 1.1634583473205566 0.7109734416007996
85 0.6119924187660217 7.200494321263069 3.196472644805908 1.951098084449768 0.24943692982196808 1.3185809930887413 1.1428287029266357 0.714107096195221
86 0.6119924187660217 7.200494321263069 3.196472644805908 1.951098084449768 0.24943692982196808 1.3185809930887413 1.1428287029266357 0.714107096195221
87 0.6167594790458679 7.221937131997849 3.1994895935058594 1.9495160579681396 0.25088438391685486 1.3874008538028466 1.1492382287979126 0.7134068012237549
88 0.6131892204284668 7.222733282999102 3.199334144592285 1.9483144283294678 0.24783368408679962 1.3848956176585832 1.1479995250701904 0.7126672863960266
89 0.613309919834137 7.224553667190113 3.199432134628296 1.9480334520339966 0.24639073014259338 1.389601367656637 1.1488420963287354 0.7124444246292114
90 0.6134482026100159 7.218466819594997 3.199514627456665 1.9527385234832764 0.24655239284038544 1.3623845459946782 1.146600604057312 0.7085400223731995
91 0.6134482026100159 7.218466819594997 3.199514627456665 1.9527385234832764 0.24655239284038544 1.3623845459946782 1.146600604057312 0.7085400223731995
92 0.6088657379150391 7.43544052178256 3.200470209121704 1.955206274986267 0.23857927322387695 2.1202608588274092 1.213148593902588 0.7085550427436829
93 0.6090402603149414 7.433195269862116 3.203813076019287 1.9528037309646606 0.24068892002105713 2.1179801194583283 1.2298020124435425 0.7100780606269836
94 0.6090402603149414 7.216302122758494 3.203813076019287 1.9528037309646606 0.24068892002105713 1.3303497212217865 1.1652053594589233 0.7100780606269836
95 0.6086772084236145 7.208113290118065 3.204042434692383 1.9534915685653687 0.24272885918617249 1.3074805979293898 1.162790060043335 0.7130602598190308
96 0.6086772084236145 7.208113290118065 3.204042434692383 1.9534915685653687 0.24272885918617249 1.3074805979293898 1.162790060043335 0.7130602598190308
97 0.6088322401046753 7.208124578628894 3.214989185333252 1.9529677629470825 0.24349956214427948 1.305307759382965 1.2275700569152832 0.7129990458488464
98 0.6107732653617859 7.2159152614836986 3.2165000438690186 1.9468995332717896 0.24876581132411957 1.3131200702634107 1.200105905532837 0.7080966830253601
99 0.6107731461524963 7.218641515943868 3.2125792503356934 1.9470739364624023 0.24850216507911682 1.3215104206232615 1.2197192907333374 0.7081419229507446
100 0.6149097681045532 7.219838930547653 3.2102365493774414 1.948857307434082 0.25288042426109314 1.2838989870574578 1.2215691804885864 0.7082337141036987
101 0.6149097681045532 7.219838930547653 3.2102365493774414 1.948857307434082 0.25288042426109314 1.2838989870574578 1.2215691804885864 0.7082337141036987
102 0.6142153143882751 7.212649223182686 3.210461139678955 1.9485174417495728 0.25206685066223145 1.2319650266663422 1.228701114654541 0.7087422609329224
103 0.6157257556915283 7.228755215731 3.2105319499969482 1.9461041688919067 0.25376057624816895 1.273365051683071 1.2299096584320068 0.6945300698280334
104 0.6189138293266296 7.22814479357746 3.209420919418335 1.9471591711044312 0.2463228404521942 1.2719129612405866 1.2232998609542847 0.6951949000358582
105 0.6151813864707947 7.22817669711552 3.2091779708862305 1.9489891529083252 0.24902237951755524 1.2899126164384698 1.2246487140655518 0.6981471180915833
106 0.6151813864707947 7.22817669711552 3.2091779708862305 1.9489891529083252 0.24902237951755524 1.2899126164384698 1.2246487140655518 0.6981471180915833
107 0.608138382434845 7.200272033857204 3.2029778957366943 1.9655219316482544 0.23998050391674042 1.328695895412517 1.1866481304168701 0.7046055793762207
108 0.6065123677253723 7.4268146465719775 3.1956233978271484 1.9645601511001587 0.23838698863983154 2.1076306898267854 1.2751351594924927 0.6996103525161743
109 0.6062532067298889 7.4238833402605175 3.196065902709961 1.9666125774383545 0.25495338439941406 2.114746964940661 1.2861746549606323 0.7022275328636169
110 0.6035496592521667 7.422741468623682 3.194071054458618 1.9679033756256104 0.25616106390953064 2.1182996594379144 1.284032940864563 0.7058521509170532
111 0.6035496592521667 7.422741468623682 3.194071054458618 1.9679033756256104 0.25616106390953064 2.1182996594379144 1.284032940864563 0.7058521509170532
112 0.603020966053009 7.426485752584677 3.1945526599884033 1.9644492864608765 0.25702905654907227 2.1311766796564937 1.2848385572433472 0.7033853530883789
113 0.6034058332443237 7.425242224725722 3.1942169666290283 1.9393305778503418 0.2571278214454651 2.1327419659722913 1.2868437767028809 0.7294049859046936
114 0.6047974228858948 7.4254994877917095 3.1911814212799072 1.9422967433929443 0.2635655701160431 2.1314900331072026 1.296329140663147 0.7273931503295898
115 0.6106826663017273 7.436918029081446 3.183835029602051 1.9780064821243286 0.27145954966545105 2.1416141522839074 1.2110966444015503 0.7657248377799988
116 0.6106826663017273 7.436918029081446 3.183835029602051 1.9780064821243286 0.27145954966545105 2.1416141522839074 1.2110966444015503 0.7657248377799988
117 0.6353396773338318 7.434669740674233 3.1849069595336914 1.9617799520492554 0.2751350700855255 2.1229487084759824 1.1978976726531982 0.7421802282333374
118 0.6339473724365234 7.442808351197156 3.1848301887512207 1.961535096168518 0.27484604716300964 2.151995919945405 1.2005404233932495 0.7421755790710449
119 0.6341224908828735 7.447988464564498 3.184844970703125 1.9614518880844116 0.2739506959915161 2.1781331499898426 1.2028595209121704 0.7420529127120972
120 0.6342755556106567 7.448324047583007 3.1841917037963867 1.9613990783691406 0.2742081582546234 2.1802441488872586 1.1915117502212524 0.7445518374443054
121 0.6342755556106567 7.448324047583007 3.1841917037963867 1.9613990783691406 0.2742081582546234 2.1802441488872586 1.1915117502212524 0.7445518374443054
122 0.6349834203720093 7.445285162247385 3.1805994510650635 1.959877610206604 0.2899608314037323 2.1565670989014945 1.1947664022445679 0.7245419025421143
123 0.630610466003418 7.443548298104734 3.181298017501831 1.9536781311035156 0.29228639602661133 2.129156334560539 1.1945208311080933 0.7168107628822327
124 0.6270303726196289 7.446857196509616 3.1833395957946777 1.949492335319519 0.2806569039821625 2.1157210892059464 1.19168221950531 0.712599515914917
125 0.6287930011749268 7.4426009559908355 3.1870980262756348 1.9486554861068726 0.29226043820381165 2.076158481823635 1.1862683296203613 0.714590847492218
126 0.6287930011749268 7.4426009559908355 3.1870980262756348 1.9486554861068726 0.29226043820381165 2.076158481823635 1.1862683296203613 0.714590847492218
127 0.6173984408378601 7.446288902329186 3.187483787536621 1.9533323049545288 0.2776145040988922 2.1117057426533252 1.194577932357788 0.7193217873573303
128 0.6163688898086548 7.446238641791267 3.193964719772339 1.9508399963378906 0.2854679822921753 2.1209032821175926 1.1648497581481934 0.7187362909317017
129 0.6145122051239014 7.4457997620743965 3.1967666149139404 1.9495761394500732 0.28662994503974915 2.116191455456723 1.162189245223999 0.718250572681427
130 0.6148954629898071 7.447731284969483 3.1963722705841064 1.949265718460083 0.28655990958213806 2.1259299191015932 1.154128074645996 0.7178500890731812
131 0.6148954629898071 7.447731284969483 3.1963722705841064 1.949265718460083 0.28655990958213806 2.1259299191015932 1.154128074645996 0.7178500890731812
132 0.6171913146972656 7.437375067512043 3.1954715251922607 1.9562475681304932 0.287226140499115 2.075982515896921 1.1481891870498657 0.7229373455047607
133 0.6101829409599304 7.2278538982778295 3.1876726150512695 1.9570730924606323 0.28174063563346863 1.2682727908301963 1.0304083824157715 0.7227213978767395
134 0.6149953603744507 7.2344758338723425 3.1917717456817627 1.9494339227676392 0.2785966992378235 1.3022548381792058 1.025414228439331 0.7157557606697083
135 0.6166958808898926 7.2354407073763465 3.1901144981384277 1.9472956657409668 0.2698010504245758 1.292635164292472 1.0212247371673584 0.7127842307090759
136 0.6175292730331421 7.235802926985721 3.190908432006836 1.946068525314331 0.272286593914032 1.2791777845562164 1.0213112831115723 0.7115503549575806
137 0.6202295422554016 7.238501175206863 3.1907804012298584 1.95375394821167 0.2825673222541809 1.3210343551219834 0.9655115604400635 0.7205820679664612
138 0.6285414695739746 7.238765853610086 3.1974380016326904 1.9431202411651611 0.2767942249774933 1.2309559544923097 0.9516721963882446 0.7137589454650879
139 0.6272556185722351 7.232270496219044 3.1895809173583984 1.9465621709823608 0.27459317445755005 1.2092803662947078 1.0194416046142578 0.7146695256233215
140 0.627267599105835 7.229620905986189 3.196544885635376 1.9453932046890259 0.28148573637008667 1.161786053565797 0.9603392481803894 0.7146602272987366
141 0.627267599105835 7.229620905986189 3.196544885635376 1.9453932046890259 0.28148573637008667 1.161786053565797 0.9603392481803894 0.7146602272987366
142 0.6316583752632141 7.234829933081032 3.190748691558838 1.9596105813980103 0.279518187046051 1.150647815451016 1.0673904418945313 0.7269240617752075
143 0.6329474449157715 7.2264435767359 3.191577911376953 1.9715394973754883 0.2901204526424408 1.262047898633649 1.0687254667282104 0.7385367155075073
144 0.6324864029884338 7.225905003745978 3.1923749446868896 1.971413016319275 0.29021525382995605 1.2607217500716255 1.0666253566741943 0.7386666536331177
145 0.6417242288589478 7.222046273466932 3.194613218307495 1.9582178592681885 0.28879570960998535 1.2704297284955801 1.0648669004440308 0.7207584977149963
146 0.6417242288589478 7.222046273466932 3.194613218307495 1.9582178592681885 0.28879570960998535 1.2704297284955801 1.0648669004440308 0.7207584977149963
147 0.6414347290992737 7.242926745037382 3.194714069366455 1.9677006006240845 0.28975534439086914 1.3531783422460721 1.070158839225769 0.70318603515625
148 0.6457110047340393 7.247426039873396 3.197706699371338 1.9536094665527344 0.28929683566093445 1.3861224953945153 1.072995901107788 0.6878658533096313
149 0.6446316242218018 7.247454501387316 3.1977720260620117 1.9524033069610596 0.28711017966270447 1.3855155304666804 1.072859287261963 0.6855180263519287
150 0.6445763111114502 7.246978636904884 3.1981003284454346 1.952014446258545 0.2862323820590973 1.3823163896966575 1.066375494003296 0.6856845021247864
151 0.6445763111114502 7.246978636904884 3.1981003284454346 1.952014446258545 0.2862323820590973 1.3823163896966575 1.066375494003296 0.6856845021247864
152 0.6515217423439026 7.243587010033473 3.198901891708374 1.951251745223999 0.290255606174469 1.3703779813085724 1.0653129816055298 0.6844971776008606
153 0.6477307677268982 7.232945283642836 3.1991772651672363 1.9515644311904907 0.28464359045028687 1.3104769911612901 1.060608148574829 0.685122013092041
154 0.646880567073822 7.220866114204492 3.199599027633667 1.9517792463302612 0.2846011221408844 1.2822352745749097 1.0599085092544556 0.6851946711540222
155 0.6279233694076538 7.2144779825185115 3.1949729919433594 1.9633721113204956 0.2590494751930237 1.2253188711117957 1.0548524856567383 0.6986462473869324
156 0.6279233694076538 7.2144779825185115 3.1949729919433594 1.9633721113204956 0.2590494751930237 1.2253188711117957 1.0548524856567383 0.6986462473869324
157 0.6220155358314514 7.22658127211567 3.1918253898620605 1.9654408693313599 0.258219450712204 1.2315159058265104 1.049245834350586 0.700097918510437
158 0.6160911321640015 7.229786403408597 3.1871538162231445 1.962433934211731 0.2412249892950058 1.1901746398541608 1.041885256767273 0.7002003788948059
159 0.6235929131507874 7.229271098593532 3.1895246505737305 1.962976098060608 0.24813097715377808 1.1947302760181928 1.0443758964538574 0.6980297565460205
160 0.623634397983551 7.223586103335984 3.189539670944214 1.9629427194595337 0.24830599129199982 1.1799835375893342 1.0434669256210327 0.6980132460594177
161 0.623634397983551 7.223586103335984 3.189539670944214 1.9629427194595337 0.24830599129199982 1.1799835375893342 1.0434669256210327 0.6980132460594177
162 0.6235690712928772 7.226939967760754 3.1895816326141357 1.9628578424453735 0.24869200587272644 1.1480480561332076 1.0423415899276733 0.6979100108146667
163 0.6264452338218689 7.227595112610112 3.190620183944702 1.9644405841827393 0.25021523237228394 1.1451115522345847 1.0434762239456177 0.6988961696624756
164 0.6266072988510132 7.25291745403893 3.1914379596710205 1.9564471244812012 0.24638135731220245 1.2644334061751428 1.0483664274215698 0.6936079263687134
165 0.627447783946991 7.252992723051072 3.191462516784668 1.95639169216156 0.24764660000801086 1.2635081132736266 1.0482581853866577 0.6934800148010254
166 0.627447783946991 7.252992723051072 3.191462516784668 1.95639169216156 0.24764660000801086 1.2635081132736266 1.0482581853866577 0.6934800148010254
167 0.6261976361274719 7.247133466703401 3.1909983158111572 1.9557989835739136 0.24714207649230957 1.2491263505002077 1.0530766248703003 0.6936120390892029
168 0.6256384253501892 7.22421416162125 3.190518379211426 1.9575707912445068 0.25176361203193665 1.1769020703778272 1.0487209558486938 0.6952742338180542
169 0.6251728534698486 7.44676699819307 3.1903114318847656 1.9575181007385254 0.2506024241447449 1.991011622240306 1.1156902313232422 0.6949301958084106
170 0.6255335211753845 7.442921500997716 3.191281795501709 1.949279546737671 0.2521553635597229 1.9687756361326147 1.1141034364700317 0.6915873885154724
171 0.6255335211753845 7.442921500997716 3.191281795501709 1.949279546737671 0.2521553635597229 1.9687756361326147 1.1141034364700317 0.6915873885154724
172 0.6256707310676575 7.4529808872249195 3.1912455558776855 1.9493329524993896 0.2519102096557617 2.007662725777314 1.105760931968689 0.6916185617446899
173 0.6256707310676575 7.239739432569692 3.1910901069641113 1.9493329524993896 0.2519102096557617 1.153342932836679 1.0299619436264038 0.6916185617446899
174 0.6266136765480042 7.252193806084961 3.191758632659912 1.9412699937820435 0.2535286843776703 1.3160303797962154 1.0409787893295288 0.6851786375045776
175 0.6266276240348816 7.242636933206259 3.186558485031128 1.9413925409317017 0.2531781494617462 1.2754556898441405 1.0851211547851563 0.6852060556411743
176 0.6266276240348816 7.242636933206259 3.186558485031128 1.9413925409317017 0.2531781494617462 1.2754556898441405 1.0851211547851563 0.6852060556411743
177 0.6268381476402283 7.264976960958135 3.186305046081543 1.9409723281860352 0.2544254660606384 1.3336145191223927 1.0849648714065552 0.6859037280082703
178 0.6268381476402283 7.246213638305441 3.186305046081543 1.9409723281860352 0.2544254660606384 1.274383118019145 0.9820125102996826 0.6859037280082703
179 0.6276996731758118 7.249275710460013 3.193341016769409 1.9409290552139282 0.25452297925949097 1.2808006505642722 0.9291453957557678 0.6859538555145264
180 0.6276996731758118 7.249275710460013 3.193341016769409 1.9409290552139282 0.25452297925949097 1.2808006505642722 0.9291453957557678 0.6859538555145264
181 0.6276996731758118 7.249275710460013 3.193341016769409 1.9409290552139282 0.25452297925949097 1.2808006505642722 0.9291453957557678 0.6859538555145264
182 0.6262428760528564 7.246640387481619 3.196743965148926 1.9439371824264526 0.26101842522621155 1.3013949335030979 0.9518308043479919 0.6861511468887329
183 0.6232978105545044 7.246817906893589 3.1972503662109375 1.958620309829712 0.2686918377876282 1.27779296951925 0.9346765279769897 0.6945169568061829
184 0.627872109413147 7.2500443765013385 3.1951041221618652 1.9538061618804932 0.24612590670585632 1.2966478984859342 0.9340360760688782 0.6876909732818604
185 0.6324374675750732 7.252365957039793 3.1976583003997803 1.955557942390442 0.2525026500225067 1.2752203726278968 0.9380189180374146 0.6942329406738281
186 0.6324374675750732 7.252365957039793 3.1976583003997803 1.955557942390442 0.2525026500225067 1.2752203726278968 0.9380189180374146 0.6942329406738281
187 0.6258522868156433 7.259184166848045 3.193976879119873 1.9690039157867432 0.2574632167816162 1.287379633745545 0.9474987387657166 0.6975975632667542
188 0.623765230178833 7.2481535249671385 3.1961114406585693 1.9738844633102417 0.26412445306777954 1.2837352157193136 1.0082321166992188 0.7018263339996338
189 0.6240308284759521 7.246938775907438 3.1940746307373047 1.9777988195419312 0.2567136585712433 1.302315967952914 1.0085258483886719 0.7019924521446228
190 0.6206468939781189 7.249890234627086 3.193488121032715 1.9644912481307983 0.25022464990615845 1.2794893497474682 1.0073835849761963 0.6942133903503418
191 0.6206468939781189 7.249890234627086 3.193488121032715 1.9644912481307983 0.25022464990615845 1.2794893497474682 1.0073835849761963 0.6942133903503418
192 0.6204674243927002 7.252193732559257 3.192960739135742 1.9644136428833008 0.2507185637950897 1.2892306562436862 1.0050424337387085 0.6942054629325867
193 0.6164057850837708 7.252062936809551 3.191314458847046 1.9658734798431396 0.25325632095336914 1.298980248486567 0.9902207851409912 0.6954207420349121
194 0.6186936497688293 7.261135153067976 3.1908698081970215 1.976986050605774 0.25550606846809387 1.3262217696620497 0.995852530002594 0.7037742137908936
195 0.6179249286651611 7.257656717553996 3.1900312900543213 1.977266788482666 0.25409364700317383 1.3099187300151207 0.9818169474601746 0.7038494944572449
196 0.6179249286651611 7.257656717553996 3.1900312900543213 1.977266788482666 0.25409364700317383 1.3099187300151207 0.9818169474601746 0.7038494944572449
197 0.6206088066101074 7.248057479279547 3.189708709716797 1.9746463298797607 0.2513177692890167 1.280746135693104 0.9899268746376038 0.7004019618034363
198 0.620305597782135 7.250980157586696 3.189788818359375 1.9743212461471558 0.25258076190948486 1.2898771122308295 0.9868159890174866 0.6999900937080383
199 0.6189378499984741 7.250258323095009 3.1892712116241455 1.972296118736267 0.2554531395435333 1.2861565108114459 0.9879328012466431 0.7003133893013
200 0.6188458800315857 7.247112829520334 3.1893036365509033 1.9716068506240845 0.25545135140419006 1.2752055702518599 0.9871882200241089 0.7007947564125061
201 0.6188458800315857 7.247112829520334 3.1893036365509033 1.9716068506240845 0.25545135140419006 1.2752055702518599 0.9871882200241089 0.7007947564125061
202 0.6179192066192627 7.251640879854685 3.1878480911254883 1.9727122783660889 0.25297558307647705 1.2974536786027862 0.9925757050514221 0.7010950446128845
203 0.6147950291633606 7.2525187004833205 3.187969207763672 1.9643114805221558 0.24882930517196655 1.26806865745925 0.9867691993713379 0.6977783441543579
204 0.6161507964134216 7.251034744510869 3.1879279613494873 1.960558533668518 0.24684201180934906 1.2499478781930438 0.9793383479118347 0.6940823793411255
205 0.6159205436706543 7.260969209102678 3.1911282539367676 1.9600353240966797 0.25456222891807556 1.3190980553414338 0.9841942191123962 0.6913473010063171
206 0.6159205436706543 7.260969209102678 3.1911282539367676 1.9600353240966797 0.25456222891807556 1.3190980553414338 0.9841942191123962 0.6913473010063171
207 0.6135286688804626 7.249541829496219 3.1910922527313232 1.9503382444381714 0.2400992214679718 1.271414566212591 0.9792231917381287 0.6851507425308228
208 0.6134936809539795 7.254484112891315 3.191006898880005 1.9512715339660645 0.23984505236148834 1.2955611291522011 0.9809516668319702 0.6857957243919373
209 0.6130674481391907 7.253782463173597 3.1909127235412598 1.9692497253417969 0.2520982325077057 1.2622086261848156 0.9811707139015198 0.6998432874679565
210 0.6148924231529236 7.254090357161616 3.191741466522217 1.967904806137085 0.2500903308391571 1.260063010617873 0.9798272848129272 0.6983707547187805
211 0.6148924231529236 7.254090357161616 3.191741466522217 1.967904806137085 0.2500903308391571 1.260063010617873 0.9798272848129272 0.6983707547187805
212 0.6148533225059509 7.261021456776036 3.1922473907470703 1.9679728746414185 0.25002971291542053 1.302321626404907 0.9681899547576904 0.6981702446937561
213 0.6161075830459595 7.2475717458553435 3.192591667175293 1.9685620069503784 0.2505634129047394 1.2373360636188666 0.9637960195541382 0.6985966563224792
214 0.6161600947380066 7.247530048864384 3.192159652709961 1.968562126159668 0.25062623620033264 1.2370650388906037 0.9636710286140442 0.6985920071601868
215 0.6161600947380066 7.247530048864384 3.1921682357788086 1.968562126159668 0.25062623620033264 1.2370650388906037 0.9440093040466309 0.6985920071601868
216 0.6161600947380066 7.247530048864384 3.1921682357788086 1.968562126159668 0.25062623620033264 1.2370650388906037 0.9440093040466309 0.6985920071601868
217 0.6197170615196228 7.247277921300631 3.1947524547576904 1.9647276401519775 0.2513289451599121 1.242530962151145 0.9439558982849121 0.6951376795768738
218 0.6194835901260376 7.247316534522881 3.19559907913208 1.964669108390808 0.25139662623405457 1.2427962437521611 0.9598198533058167 0.6950007677078247
219 0.6190711855888367 7.246747707187485 3.1956400871276855 1.9674572944641113 0.2578279674053192 1.2481103362833477 0.9620985388755798 0.6984570622444153
220 0.6172145009040833 7.2429735214029565 3.1957638263702393 1.9676086902618408 0.2528136074542999 1.2426193939611723 0.9617933630943298 0.6995521783828735
221 0.6172145009040833 7.2429735214029565 3.1957638263702393 1.9676086902618408 0.2528136074542999 1.2426193939611723 0.9617933630943298 0.6995521783828735
222 0.616843581199646 7.240873697855002 3.196070909500122 1.9698237180709839 0.2501048743724823 1.2343895892730914 0.9759104251861572 0.6991048455238342
223 0.6163457036018372 7.244448105737104 3.1969408988952637 1.9696147441864014 0.25526297092437744 1.2511490095044282 0.9770759344100952 0.6996088027954102
224 0.6164464950561523 7.245009202490697 3.197117567062378 1.9695887565612793 0.2555042803287506 1.2527033260523164 0.9772828221321106 0.7001657485961914
225 0.6167129278182983 7.244946706835717 3.1971960067749023 1.9698283672332764 0.25557833909988403 1.2533685084894284 0.9774559140205383 0.7003948092460632
226 0.6167129278182983 7.244946706835717 3.1971960067749023 1.9698283672332764 0.25557833909988403 1.2533685084894284 0.9774559140205383 0.7003948092460632
227 0.6167194843292236 7.242311274220757 3.1982874870300293 1.9659866094589233 0.2555826008319855 1.2448161943230447 0.9835279583930969 0.737470269203186
228 0.617382824420929 7.2406096827780555 3.19972562789917 1.9646663665771484 0.25777754187583923 1.2580041282423862 0.9865648150444031 0.737008810043335
229 0.6121758818626404 7.235027861327247 3.2000279426574707 1.962076187133789 0.2674441933631897 1.2520288382731333 0.9853274822235107 0.7385469079017639
230 0.6121929883956909 7.222714865057574 3.200050115585327 1.9621399641036987 0.2662849426269531 1.2358549597841004 0.9843361377716064 0.7392194867134094
231 0.6121929883956909 7.222714865057574 3.200050115585327 1.9621399641036987 0.2662849426269531 1.2358549597841004 0.9843361377716064 0.7392194867134094
232 0.6104668974876404 7.221528464889127 3.195913314819336 1.9713724851608276 0.27095118165016174 1.2380445291464484 0.9888796806335449 0.7462553381919861
233 0.6104298233985901 7.2190826383074285 3.1992602348327637 1.9786862134933472 0.2753044664859772 1.2651780007124955 1.0114506483078003 0.7558180689811707
234 0.6193704605102539 7.227821874555931 3.204122304916382 1.9829964637756348 0.2868909537792206 1.2993254125366784 1.017330527305603 0.7584251761436462
235 0.6266459226608276 7.240222237753167 3.203918933868408 1.9786484241485596 0.2960330843925476 1.3341970546659825 1.01973295211792 0.7397748827934265
236 0.6266459226608276 7.240222237753167 3.203918933868408 1.9786484241485596 0.2960330843925476 1.3341970546659825 1.01973295211792 0.7397748827934265
237 0.6260233521461487 7.241316249307218 3.2015583515167236 1.9802073240280151 0.289341002702713 1.3644903450343322 1.010494589805603 0.7088997960090637
238 0.6305668354034424 7.227413353702552 3.2004106044769287 1.9795893430709839 0.29188454151153564 1.301294372799302 1.0036429166793823 0.7086845636367798
239 0.6397988200187683 7.239206446656671 3.2022628784179688 1.9687674045562744 0.2815856337547302 1.2848892177926536 0.9976867437362671 0.6957135200500488
240 0.6416243314743042 7.238794335128888 3.2030632495880127 1.9679069519042969 0.2753327488899231 1.2733343698771977 0.9948937892913818 0.695137619972229
241 0.6416243314743042 7.238794335128888 3.2030632495880127 1.9679069519042969 0.2753327488899231 1.2733343698771977 0.9948937892913818 0.695137619972229
242 0.6416373252868652 7.233507224376916 3.2015328407287598 1.9670615196228027 0.27700623869895935 1.2649559183090078 0.9979420304298401 0.6944709420204163
243 0.6423468589782715 7.224327815304655 3.2020466327667236 1.9653671979904175 0.27667102217674255 1.2425532720309864 0.9820970296859741 0.693290650844574
244 0.6410781145095825 7.449787198515612 3.2007181644439697 1.967193603515625 0.2744462490081787 2.2496834053606225 1.0800005197525024 0.6950020790100098
245 0.6416596174240112 7.443596276561496 3.203083038330078 1.9671235084533691 0.2748042643070221 2.228895021247698 1.0818970203399658 0.6958827376365662
246 0.6416596174240112 7.443596276561496 3.203083038330078 1.9671235084533691 0.2748042643070221 2.228895021247698 1.0818970203399658 0.6958827376365662
247 0.6399329304695129 7.441523218342664 3.202322006225586 1.9662727117538452 0.27665334939956665 2.220584871019547 1.077579379081726 0.695231556892395
248 0.6399297714233398 7.446953795716716 3.2044599056243896 1.9666788578033447 0.2782376706600189 2.2387197618127197 1.0814889669418335 0.6956102252006531
249 0.6388320922851563 7.446505204389956 3.203617811203003 1.9663342237472534 0.27746036648750305 2.238186983457383 1.0801100730895996 0.6902647614479065
250 0.6323190927505493 7.446563528005464 3.204244613647461 1.9667298793792725 0.27039942145347595 2.2667284327451434 1.0809935331344604 0.6911727786064148
251 0.6323190927505493 7.446563528005464 3.204244613647461 1.9667298793792725 0.27039942145347595 2.2667284327451434 1.0809935331344604 0.6911727786064148
252 0.6328632831573486 7.448918246994772 3.203916549682617 1.9653682708740234 0.2691585421562195 2.269068195662409 1.0804697275161743 0.6897335648536682
253 0.6296781897544861 7.442828171747629 3.2046635150909424 1.9644346237182617 0.2685350477695465 2.262006007027449 1.1772172451019287 0.6889634132385254
254 0.6322841048240662 7.439370463679643 3.204136610031128 1.9650194644927979 0.26992008090019226 2.250594620514991 1.1716399192810059 0.6894315481185913
255 0.632478654384613 7.439738803784445 3.204415798187256 1.9875283241271973 0.270079642534256 2.273454150055578 1.1737487316131592 0.7072672843933105
256 0.632478654384613 7.439738803784445 3.204415798187256 1.9875283241271973 0.270079642534256 2.273454150055578 1.1737487316131592 0.7072672843933105
257 0.634453535079956 7.439241401981003 3.205554962158203 1.987870454788208 0.2740324139595032 2.2534345751682228 1.1687700748443604 0.7075570225715637
258 0.6359886527061462 7.441786265295951 3.205387592315674 1.9897671937942505 0.2872309386730194 2.2566004209050683 1.1683675050735474 0.7090705633163452
259 0.6309828758239746 7.230206232154602 3.2050981521606445 1.990654706954956 0.2819020748138428 1.3543870046507256 1.0883700847625732 0.7093191742897034
260 0.636978805065155 7.2305571039250225 3.201820135116577 2.011091947555542 0.3116998076438904 1.3664238335875516 1.0947831869125366 0.7229849696159363
261 0.636978805065155 7.2305571039250225 3.201820135116577 2.011091947555542 0.3116998076438904 1.3664238335875516 1.0947831869125366 0.7229849696159363
262 0.6364650130271912 7.225813484284062 3.1980209350585938 2.013455629348755 0.31008195877075195 1.6357401584543247 1.115441918373108 0.7248750329017639
263 0.6364650130271912 7.22309579709678 3.197996139526367 2.0099470615386963 0.31008195877075195 1.6300982775637092 1.115332841873169 0.7258586883544922
264 0.6361972689628601 7.215617003497087 3.198868989944458 2.008939027786255 0.30777066946029663 1.6217034988047923 1.1156330108642578 0.7245947122573853
265 0.6401894688606262 7.212354030627435 3.1990468502044678 2.0100183486938477 0.31733083724975586 1.6168696707981203 1.116604208946228 0.7270965576171875
266 0.6401894688606262 7.212354030627435 3.1990468502044678 2.0100183486938477 0.31733083724975586 1.6168696707981203 1.116604208946228 0.7270965576171875
267 0.6370295286178589 7.219745564698499 3.1989290714263916 1.9939779043197632 0.3106805682182312 1.62384659283069 1.1118340492248535 0.7111012935638428
268 0.6307793259620667 7.214773681379614 3.1997885704040527 1.997322916984558 0.3021179735660553 1.6033873595535908 1.1221743822097778 0.7153763771057129
269 0.6310868859291077 7.208441058669723 3.199896812438965 2.0029797554016113 0.3050692677497864 1.5985830790434679 1.1230171918869019 0.7276570796966553
270 0.6318151354789734 7.202687180200618 3.1978485584259033 2.0058820247650146 0.3000090420246124 1.6598687433572399 1.1678900718688965 0.7291408181190491
271 0.6318151354789734 7.202687180200618 3.1978485584259033 2.0058820247650146 0.3000090420246124 1.6598687433572399 1.1678900718688965 0.7291408181190491
272 0.6296260356903076 7.214795719487326 3.195528745651245 2.0086638927459717 0.295249342918396 1.6629622866956877 1.165032148361206 0.731753408908844
273 0.6311175227165222 7.200571919766892 3.1950345039367676 2.0099408626556396 0.2997012138366699 1.5998685194812017 1.1611813306808472 0.7324199080467224
274 0.6294271945953369 7.213560565924615 3.194342851638794 2.0079586505889893 0.290753036737442 1.6138113178841795 1.1605279445648193 0.7318682074546814
275 0.6290196180343628 7.224449028216645 3.1938698291778564 2.0077428817749023 0.2894183397293091 1.5110414085733932 1.1648600101470947 0.731846809387207
276 0.6290196180343628 7.224449028216645 3.1938698291778564 2.0077428817749023 0.2894183397293091 1.5110414085733932 1.1648600101470947 0.731846809387207
277 0.6289206743240356 7.229507325234398 3.192840814590454 2.0076804161071777 0.28924667835235596 1.5204352970672697 1.1656142473220825 0.7317904829978943
278 0.6273411512374878 7.228595158125656 3.193829298019409 2.0073914527893066 0.287087082862854 1.5188881179151599 1.1265692710876465 0.7315661311149597
279 0.6275999546051025 7.212509717185055 3.1938109397888184 2.007546901702881 0.2877930700778961 1.5070332243809705 1.1237586736679077 0.7316452860832214
280 0.6318978071212769 7.21265028381028 3.1936516761779785 2.0082526206970215 0.29471251368522644 1.4982285159125797 1.1260794401168823 0.7318217158317566
281 0.6318978071212769 7.21265028381028 3.1936516761779785 2.0082526206970215 0.29471251368522644 1.4982285159125797 1.1260794401168823 0.7318217158317566
282 0.6260978579521179 7.243119021068436 3.1898245811462402 2.00791072845459 0.29538965225219727 1.5941939935080416 1.0333880186080933 0.7320412993431091
283 0.6266845464706421 7.2503201657361815 3.189310312271118 2.0080673694610596 0.2968807518482208 1.3559887749418913 1.0140893459320068 0.7321375608444214
284 0.6257808208465576 7.254471648439732 3.1895127296447754 2.005967140197754 0.2919093668460846 1.380058308167919 1.015028953552246 0.7297247648239136
285 0.625568151473999 7.258931638652214 3.1925337314605713 2.0044808387756348 0.2919600009918213 1.3834736618060897 1.0196541547775269 0.7323789596557617
286 0.625568151473999 7.258931638652214 3.1925337314605713 2.0044808387756348 0.2919600009918213 1.3834736618060897 1.0196541547775269 0.7323789596557617
287 0.6245052814483643 7.2621701386283615 3.1953070163726807 1.9875199794769287 0.2846613824367523 1.3813334609472683 1.021816372871399 0.7183391451835632
288 0.6239393949508667 7.2668746479874216 3.1929891109466553 1.990159034729004 0.2738976776599884 1.395008334494078 1.0103492736816406 0.7164549231529236
289 0.6221113204956055 7.249719254990094 3.195194721221924 1.9870561361312866 0.2694815397262573 1.3406692402334748 0.9787936806678772 0.7142236828804016
290 0.6217910647392273 7.2540389396239835 3.1948838233947754 1.9891972541809082 0.2719756066799164 1.38830287516925 0.9849953055381775 0.7139977216720581
291 0.6217910647392273 7.2540389396239835 3.1948838233947754 1.9891972541809082 0.2719756066799164 1.38830287516925 0.9849953055381775 0.7139977216720581
292 0.6177793145179749 7.239806946459932 3.1959025859832764 1.992769479751587 0.28124648332595825 1.3047526010275474 0.9799680709838867 0.7204831838607788
293 0.6170518398284912 7.243653456687965 3.1967573165893555 2.006547212600708 0.2870860695838928 1.3291472434962472 0.9811238646507263 0.7313385605812073
294 0.6260209679603577 7.232815731668037 3.1998422145843506 1.9923714399337769 0.2953014075756073 1.3029291061547903 0.973133385181427 0.7174198627471924
295 0.626383900642395 7.2374438993247825 3.1998097896575928 1.992343544960022 0.29659736156463623 1.3174829395362537 0.9728045463562012 0.7172056436538696
296 0.626383900642395 7.2374438993247825 3.1998097896575928 1.992343544960022 0.29659736156463623 1.3174829395362537 0.9728045463562012 0.7172056436538696
297 0.6255465745925903 7.234730570898449 3.195755958557129 2.0042736530303955 0.29845714569091797 1.3447753034679018 0.9699568748474121 0.7269248366355896
298 0.6242741346359253 7.245233218762343 3.1962499618530273 2.0039374828338623 0.29665258526802063 1.381991226283776 0.9744942784309387 0.7264768481254578
299 0.6275792121887207 7.24369289814819 3.1974475383758545 2.0015933513641357 0.30157679319381714 1.366096947768237 0.971916139125824 0.7249854207038879
300 0.6252914667129517 7.246949790012457 3.1974477767944336 1.9894782304763794 0.28830233216285706 1.3945103298139763 0.9729192852973938 0.7146164178848267
301 0.6252914667129517 7.246949790012457 3.1974477767944336 1.9894782304763794 0.28830233216285706 1.3945103298139763 0.9729192852973938 0.7146164178848267
302 0.6151413321495056 7.258559542542789 3.193709135055542 1.9830454587936401 0.27255505323410034 1.4144195602001481 0.969688892364502 0.7066391706466675
303 0.6163765788078308 7.259127663982462 3.194092273712158 1.9797320365905762 0.2735982835292816 1.4034613280620383 0.9663716554641724 0.7020556330680847
304 0.6163765788078308 7.251312089153903 3.193432331085205 1.9797320365905762 0.2735982835292816 1.3596493717534923 0.9599020481109619 0.7020556330680847
305 0.6163765788078308 7.257974863855394 3.193047046661377 1.9797320365905762 0.2735982835292816 1.395663643846103 0.95211261510849 0.7020556330680847
306 0.6163765788078308 7.257974863855394 3.193047046661377 1.9797320365905762 0.2735982835292816 1.395663643846103 0.95211261510849 0.7020556330680847
307 0.6159121990203857 7.260491908499477 3.1928443908691406 1.9782514572143555 0.2726518213748932 1.387516573176008 0.9526098370552063 0.700935959815979
308 0.6170942783355713 7.268110940896667 3.1920573711395264 1.978170394897461 0.28170064091682434 1.4281561597604824 0.9563632607460022 0.7025559544563293
309 0.6163024306297302 7.267116498132164 3.191473960876465 1.9816778898239136 0.2822278141975403 1.4072287585587284 0.9416468739509583 0.7059071660041809
310 0.616772472858429 7.26709041078798 3.1911749839782715 1.981626033782959 0.28440725803375244 1.4112812693052463 0.9422467350959778 0.7069391012191772
311 0.616772472858429 7.26709041078798 3.1911749839782715 1.981626033782959 0.28440725803375244 1.4112812693052463 0.9422467350959778 0.7069391012191772
312 0.6188262701034546 7.261321948519737 3.19062876701355 1.9818328619003296 0.285981148481369 1.3631947133959263 0.9421733617782593 0.7067752480506897
313 0.620872437953949 7.248243614190994 3.1915597915649414 1.9816750288009644 0.2901221215724945 1.3151782333538908 0.9402326345443726 0.7083585262298584
314 0.6206215620040894 7.268238571993439 3.1916794776916504 1.9805848598480225 0.29017969965934753 1.4364568740846106 0.9447201490402222 0.7083452939987183
315 0.6212625503540039 7.259881579129273 3.193552255630493 1.9827741384506226 0.29040616750717163 1.3481273240103657 0.9347015619277954 0.7127016186714172
316 0.6212625503540039 7.259881579129273 3.193552255630493 1.9827741384506226 0.29040616750717163 1.3481273240103657 0.9347015619277954 0.7127016186714172
317 0.621074378490448 7.276482477966315 3.191877841949463 1.9828877449035645 0.28991439938545227 1.4097791438222134 0.9456112384796143 0.7128233313560486
318 0.6183861494064331 7.265543221498393 3.1933324337005615 1.9828628301620483 0.2969360053539276 1.3538896902525461 0.9454936385154724 0.7145131826400757
319 0.6221655607223511 7.2474045446855575 3.1931469440460205 1.982947826385498 0.28734856843948364 1.2957271279696014 0.9931801557540894 0.7111146450042725
320 0.6212155818939209 7.2450271111190245 3.194664716720581 1.9695004224777222 0.2819368243217468 1.3069762378021235 0.9896657466888428 0.7041136622428894
321 0.6212155818939209 7.2450271111190245 3.194664716720581 1.9695004224777222 0.2819368243217468 1.3069762378021235 0.9896657466888428 0.7041136622428894
322 0.6212155818939209 7.246945619553823 3.194664716720581 1.9695004224777222 0.2819368243217468 1.3143191279078956 0.9902195930480957 0.7041136622428894
323 0.6141080856323242 7.237709100686182 3.194267511367798 1.9672728776931763 0.2803814709186554 1.2929701774190525 0.9864935278892517 0.703035831451416
324 0.6128048896789551 7.236989374031092 3.1888175010681152 1.9653061628341675 0.27959465980529785 1.2823805544119518 0.9309748411178589 0.7038633823394775
325 0.6100010275840759 7.239318093237215 3.1876118183135986 1.9706789255142212 0.28103408217430115 1.3092892573029786 0.9345489740371704 0.7086026668548584
326 0.6100010275840759 7.239318093237215 3.1876118183135986 1.9706789255142212 0.28103408217430115 1.3092892573029786 0.9345489740371704 0.7086026668548584
327 0.6115636825561523 7.2426334209858 3.1892755031585693 1.970467209815979 0.2903234660625458 1.3714434316260755 0.9480637311935425 0.709290623664856
328 0.6127158999443054 7.253798036969135 3.18847393989563 1.9714820384979248 0.2941391170024872 1.357149090434948 0.9465876817703247 0.7090356945991516
329 0.6138078570365906 7.253836658390273 3.183882713317871 1.9888322353363037 0.2848166525363922 1.3837416707867485 0.9426108002662659 0.7167546153068542
330 0.6142292022705078 7.248774617982337 3.1844327449798584 1.9887953996658325 0.28331121802330017 1.3317827181616089 0.9394455552101135 0.714861273765564
331 0.6142292022705078 7.248774617982337 3.1844327449798584 1.9887953996658325 0.28331121802330017 1.3317827181616089 0.9394455552101135 0.714861273765564
332 0.6158801913261414 7.248703605333348 3.185598611831665 1.9876978397369385 0.28562650084495544 1.3309242631719085 0.9407882690429688 0.713985800743103
333 0.6152288317680359 7.243365456260917 3.183460235595703 1.990220308303833 0.3041151165962219 1.3329802236982284 0.9438843727111816 0.7228823900222778
334 0.6156365871429443 7.243646282345092 3.184356689453125 1.990454912185669 0.30604517459869385 1.354241583691881 0.9556545615196228 0.7228857278823853
335 0.6117428541183472 7.249508187481035 3.185452461242676 1.985304355621338 0.3055218756198883 1.3750135453365278 0.9546313881874084 0.7201383113861084
336 0.6117428541183472 7.249508187481035 3.185452461242676 1.985304355621338 0.3055218756198883 1.3750135453365278 0.9546313881874084 0.7201383113861084
337 0.6125177145004272 7.26688734991596 3.1853766441345215 1.985905647277832 0.3080975413322449 1.4383589446744296 1.0555723905563354 0.7201231122016907
338 0.6220226883888245 7.265432725355589 3.1895394325256348 1.9876519441604614 0.3218822777271271 1.4680989845445889 1.0574108362197876 0.7190914750099182
339 0.6240965723991394 7.264316659430811 3.1893670558929443 1.98843252658844 0.3202504515647888 1.4646447630106414 1.049379587173462 0.7200661301612854
340 0.6240965723991394 7.264316659430811 3.1870484352111816 1.98843252658844 0.3202504515647888 1.4646447630106414 1.0370028018951416 0.7200661301612854
341 0.6240965723991394 7.264316659430811 3.1870484352111816 1.98843252658844 0.3202504515647888 1.4646447630106414 1.0370028018951416 0.7200661301612854
342 0.6217072010040283 7.258957878494425 3.188488245010376 1.9877502918243408 0.3174108862876892 1.4388190965131298 1.0130013227462769 0.7196693420410156
343 0.6188108921051025 7.2694126186621615 3.189349412918091 1.9881970882415771 0.3166849911212921 1.482143007640686 1.0111218690872192 0.7212584018707275
344 0.6182589530944824 7.229549873748163 3.1846132278442383 1.980989694595337 0.3114980161190033 1.3688425695741566 0.9092605113983154 0.7057657837867737
345 0.6201361417770386 7.22806273449073 3.184800863265991 1.9814114570617676 0.3155832886695862 1.3682924896558522 0.906466543674469 0.7061592936515808
346 0.6201361417770386 7.22806273449073 3.184800863265991 1.9814114570617676 0.3155832886695862 1.3682924896558522 0.906466543674469 0.7061592936515808
347 0.6181792616844177 7.228756349777326 3.1845033168792725 1.979799509048462 0.3066510856151581 1.363774462247698 0.9039429426193237 0.7047328352928162
348 0.617331862449646 7.240137720550824 3.184305191040039 1.979512333869934 0.31302329897880554 1.3776429811206339 0.9198851585388184 0.704404890537262
349 0.6166018843650818 7.240546489171768 3.1873903274536133 1.979612112045288 0.3119376003742218 1.3786892816471035 0.9352525472640991 0.7043799757957458
350 0.6183762550354004 7.237925119626253 3.188093423843384 1.9776332378387451 0.31277114152908325 1.373828499819191 0.9341697692871094 0.7032879590988159
351 0.6183762550354004 7.237925119626253 3.188093423843384 1.9776332378387451 0.31277114152908325 1.373828499819191 0.9341697692871094 0.7032879590988159
352 0.6183762550354004 7.239153418437888 3.1878440380096436 1.9776332378387451 0.31277114152908325 1.3840120263069773 0.9412578344345093 0.7032879590988159
353 0.619036078453064 7.240490104560165 3.1885690689086914 1.9779038429260254 0.31311050057411194 1.4077509538657988 0.944663405418396 0.7034759521484375
354 0.6178098320960999 7.233165613295277 3.187325954437256 1.9776264429092407 0.31214991211891174 1.3974600166828062 0.9384838342666626 0.7032753825187683
355 0.6143889427185059 7.247746564645505 3.1863250732421875 1.9782992601394653 0.3101148009300232 1.4212739526086144 0.9408649802207947 0.7048264741897583
356 0.6143889427185059 7.247746564645505 3.1863250732421875 1.9782992601394653 0.3101148009300232 1.4212739526086144 0.9408649802207947 0.7048264741897583
357 0.6150020956993103 7.25064065579215 3.1867125034332275 1.9795584678649902 0.3109608590602875 1.4279412543400052 0.9414106011390686 0.7052096724510193
358 0.6157652735710144 7.239317704172431 3.186663866043091 1.9825382232666016 0.3145589530467987 1.4144538116801373 0.9407480955123901 0.7066745758056641
359 0.6179755330085754 7.245154463856308 3.18377685546875 1.985573172569275 0.321713924407959 1.4571563666683303 0.9329494833946228 0.708441436290741
360 0.6142183542251587 7.239965096660707 3.1846396923065186 1.9857094287872314 0.3128269910812378 1.4594684038899375 0.9237248301506042 0.7034845948219299
361 0.6142183542251587 7.239965096660707 3.1846396923065186 1.9857094287872314 0.3128269910812378 1.4594684038899375 0.9237248301506042 0.7034845948219299
362 0.6154943704605103 7.240352889427603 3.184164524078369 1.9879682064056396 0.315180242061615 1.4585355848343062 0.92340487241745 0.7047199606895447
363 0.6138022541999817 7.24078567755113 3.1845080852508545 1.9871091842651367 0.30906304717063904 1.458674852691239 0.9224299788475037 0.7031790018081665
364 0.6115277409553528 7.232307689348569 3.1829020977020264 1.9874770641326904 0.30474597215652466 1.4399871866135339 0.9205640554428101 0.7043210864067078
365 0.6123352646827698 7.234223009728452 3.183500289916992 1.9907007217407227 0.2977280020713806 1.416534077763422 1.0194237232208252 0.7040819525718689
366 0.6123352646827698 7.234223009728452 3.183500289916992 1.9907007217407227 0.2977280020713806 1.416534077763422 1.0194237232208252 0.7040819525718689
367 0.6114333868026733 7.222909806395562 3.1849329471588135 1.9884973764419556 0.29189497232437134 1.380517032419401 1.0134576559066772 0.702698826789856
368 0.6137170195579529 7.23309230669288 3.1860995292663574 1.9871854782104492 0.2952078580856323 1.4152648624010908 1.0176060199737549 0.7067835330963135
369 0.613644003868103 7.223387395977613 3.186328411102295 1.9870259761810303 0.2950328290462494 1.392020173366938 1.0303969383239746 0.7048395872116089
370 0.613644003868103 7.223561068647145 3.1872715950012207 1.9870269298553467 0.2950328588485718 1.3923659619549646 1.1155221462249756 0.7048395276069641
371 0.613644003868103 7.223561068647145 3.1872715950012207 1.9870269298553467 0.2950328588485718 1.3923659619549646 1.1155221462249756 0.7048395276069641
372 0.6138788461685181 7.218149116464758 3.187390089035034 1.9851528406143188 0.29430079460144043 1.3840447120082624 1.1109557151794434 0.7037157416343689
373 0.6159715056419373 7.21564299450719 3.1884846687316895 1.9863172769546509 0.291390061378479 1.356558515762531 1.1060799360275269 0.6969801783561707
374 0.6138249039649963 7.22298887323635 3.1945407390594482 1.9909418821334839 0.2925579249858856 1.4035269293895907 1.1303259134292603 0.6955142021179199
375 0.6146258115768433 7.2244220605725324 3.1991238594055176 2.06325626373291 0.28911033272743225 1.38855990629858 1.1264405250549316 0.32737240195274353
376 0.6146258115768433 7.2244220605725324 3.1991238594055176 2.06325626373291 0.28911033272743225 1.38855990629858 1.1264405250549316 0.32737240195274353
377 0.6140390634536743 7.215709294020761 3.1979987621307373 2.064507007598877 0.28916075825691223 1.3825759414766114 1.1298370361328125 0.32947689294815063
378 0.6149027347564697 7.226141207051183 3.1991968154907227 2.0618746280670166 0.28994348645210266 1.3988913094909647 1.1310372352600098 0.3289806842803955
379 0.6175082921981812 7.212588184042767 3.1998062133789063 2.063491106033325 0.2938932478427887 1.4103346821811698 1.1321957111358643 0.3296319842338562
380 0.6181502938270569 7.435033950218907 3.1923537254333496 2.063523292541504 0.29467594623565674 2.160752353536356 1.1758519411087036 0.32960930466651917
381 0.6181502938270569 7.435033950218907 3.1923537254333496 2.063523292541504 0.29467594623565674 2.160752353536356 1.1758519411087036 0.32960930466651917
382 0.605494499206543 7.4345500185968705 3.186577796936035 2.0649993419647217 0.27303847670555115 2.1222629776953488 1.1691635847091675 0.3329634964466095
383 0.602708637714386 7.431398502931886 3.1865921020507813 2.064728021621704 0.2724284827709198 2.1125920310593997 1.1679832935333252 0.33459722995758057
384 0.6025605797767639 7.4313023723331835 3.186112403869629 2.0708649158477783 0.27515608072280884 2.099253153242725 1.168714165687561 0.33915022015571594
385 0.6035129427909851 7.442628787704003 3.1840858459472656 2.0716116428375244 0.27659985423088074 2.1336736040638837 1.1692934036254883 0.34276458621025085
386 0.6035129427909851 7.442628787704003 3.1840858459472656 2.0716116428375244 0.27659985423088074 2.1336736040638837 1.1692934036254883 0.34276458621025085
387 0.6036142110824585 7.436211534921464 3.18408203125 2.0717811584472656 0.27755674719810486 2.117383317889824 1.1679158210754395 0.3430776596069336
388 0.6036142110824585 7.211818740970608 3.18408203125 2.0717811584472656 0.27755674719810486 1.3497352482548304 1.1011000871658325 0.3430776596069336
389 0.6057905554771423 7.433400810744925 3.1840782165527344 2.0700314044952393 0.2793103754520416 2.0971662390713335 1.1663987636566162 0.3558408319950104
390 0.6003082394599915 7.432222134199193 3.182421922683716 2.079010486602783 0.27964189648628235 2.147193851331382 1.1754310131072998 0.36587658524513245
391 0.6003082394599915 7.432222134199193 3.182421922683716 2.079010486602783 0.27964189648628235 2.147193851331382 1.1754310131072998 0.36587658524513245
392 0.5998091697692871 7.432414949030963 3.1820266246795654 2.0791611671447754 0.2795172929763794 2.148111600029197 1.1758249998092651 0.36415812373161316
393 0.5995551347732544 7.432433951464336 3.182055950164795 2.0789077281951904 0.2792251408100128 2.147534103757339 1.175418734550476 0.36378905177116394
394 0.6010900139808655 7.431418688248996 3.1844630241394043 2.0782182216644287 0.28325024247169495 2.1472863060118916 1.172037959098816 0.3621295094490051
395 0.604261577129364 7.432285839407706 3.1839401721954346 2.0864291191101074 0.2949941158294678 2.151034413309448 1.1822069883346558 0.3939710259437561
396 0.604261577129364 7.432285839407706 3.1839401721954346 2.0864291191101074 0.2949941158294678 2.151034413309448 1.1822069883346558 0.3939710259437561
397 0.6048141121864319 7.422155174960976 3.183678388595581 2.0867576599121094 0.296753853559494 2.1205803039684383 1.1780418157577515 0.3942735195159912
398 0.6008407473564148 7.422502483207641 3.183128833770752 2.088568925857544 0.3012158274650574 2.128653886354061 1.1802932024002075 0.4023890793323517
399 0.604486346244812 7.426857267194153 3.1883676052093506 2.0894410610198975 0.2965790927410126 2.1400936740871406 1.1848317384719849 0.4014929234981537
400 0.604486346244812 7.429439731668164 3.187689781188965 2.077195167541504 0.2965790927410126 2.1478110605007217 1.1848748922348022 0.35906195640563965
401 0.604486346244812 7.42506622007865 3.187689781188965 2.077195167541504 0.2965790927410126 2.1352183258719473 1.1835777759552002 0.35906195640563965
402 0.604454755783081 7.4247907817101035 3.186983346939087 2.0808207988739014 0.30060118436813354 2.140762295013791 1.186058759689331 0.3666874170303345
403 0.6100241541862488 7.4240423626564125 3.1917614936828613 2.081010580062866 0.3033093810081482 2.146538854444987 1.1881095170974731 0.36487507820129395
404 0.6095335483551025 7.425492422380424 3.193549156188965 2.0807406902313232 0.30271559953689575 2.1496903064841693 1.1561168432235718 0.36426761746406555
405 0.6097896695137024 7.427692905927993 3.194514513015747 2.0808608531951904 0.2974126935005188 2.158683776419817 1.1575771570205688 0.3588370680809021
406 0.6097896695137024 7.427692905927993 3.194514513015747 2.0808608531951904 0.2974126935005188 2.158683776419817 1.1575771570205688 0.3588370680809021
407 0.6093132495880127 7.427665615327406 3.1946239471435547 2.0810165405273438 0.2959967255592346 2.1584798832904255 1.0845532417297363 0.3584436774253845
408 0.6080535054206848 7.432542581044947 3.194121837615967 2.072483777999878 0.298672080039978 2.0237991361117866 1.0651699304580688 0.36055389046669006
409 0.6043552160263062 7.203209276920096 3.1943631172180176 2.072028398513794 0.2925523519515991 1.3418927778144125 0.9957097768783569 0.3585563898086548
410 0.6013901233673096 7.203408672611411 3.1950325965881348 2.0696418285369873 0.28380224108695984 1.3375787629868807 0.9941153526306152 0.3561387360095978
411 0.6011992692947388 7.203437151670459 3.1949222087860107 2.0694870948791504 0.28340160846710205 1.3372341886054684 0.9940163493156433 0.3561440110206604
412 0.6010244488716125 7.215662110845511 3.1950225830078125 2.066438674926758 0.28084680438041687 1.3746370423636654 0.9877556562423706 0.3438258171081543
413 0.60100919008255 7.227412265332395 3.191206455230713 2.065944194793701 0.2817581295967102 1.391659043031751 0.9971290826797485 0.3455539047718048
414 0.6032791137695313 7.227189240285917 3.1910037994384766 2.067213535308838 0.28300613164901733 1.3957884332529238 0.998198390007019 0.3483002185821533
415 0.606482982635498 7.226295896388225 3.190706968307495 2.0685739517211914 0.2837262749671936 1.4044620924515456 1.0029528141021729 0.3769519627094269
416 0.606482982635498 7.226295896388225 3.190706968307495 2.0685739517211914 0.2837262749671936 1.4044620924515456 1.0029528141021729 0.3769519627094269
417 0.6062412858009338 7.215672123585458 3.190570831298828 2.069051742553711 0.2839467525482178 1.388007298372123 1.0007312297821045 0.36577579379081726
418 0.6062412858009338 7.219291059376791 3.193885564804077 2.0652778148651123 0.2839467525482178 1.3923220857378014 1.005174994468689 0.41984498500823975
419 0.6063430309295654 7.232551117086384 3.192769765853882 2.0705149173736572 0.28832992911338806 1.4164741504292802 1.0019288063049316 0.4257250130176544
420 0.6054236888885498 7.220765416125254 3.194793701171875 2.0703511238098145 0.2875440716743469 1.3930135208786842 1.0067740678787231 0.425723135471344
421 0.6054236888885498 7.220765416125254 3.194793701171875 2.0703511238098145 0.2875440716743469 1.3930135208786842 1.0067740678787231 0.425723135471344
422 0.6054831743240356 7.2227937683092724 3.194664239883423 2.0703659057617188 0.28783273696899414 1.3965872072937247 1.0065152645111084 0.4258100986480713
423 0.605531632900238 7.222818296195787 3.1944527626037598 2.070443868637085 0.28793877363204956 1.3963304945716686 1.008351445198059 0.42586493492126465
424 0.6070849299430847 7.226435318209666 3.194969892501831 2.0702176094055176 0.289346843957901 1.3981575531894614 0.9937345385551453 0.4244803488254547
425 0.6071096062660217 7.219567329638239 3.196686029434204 2.0704848766326904 0.2924690842628479 1.4172812462466544 0.9964948296546936 0.42761945724487305
426 0.6071096062660217 7.219567329638239 3.196686029434204 2.0704848766326904 0.2924690842628479 1.4172812462466544 0.9964948296546936 0.42761945724487305
427 0.6079302430152893 7.2408362839311735 3.1962013244628906 2.0715131759643555 0.2951657176017761 1.2207922651338623 0.8741565346717834 0.42792436480522156
428 0.6074620485305786 7.2310115449447885 3.197772264480591 2.064683198928833 0.29123201966285706 1.1948721725239346 0.8689332008361816 0.4212324321269989
429 0.6068366765975952 7.228823045083359 3.1976795196533203 2.064213514328003 0.2942669689655304 1.1879849681147263 0.8699551224708557 0.42118704319000244
430 0.6064615249633789 7.447934182701991 3.1978466510772705 2.0622217655181885 0.2924375832080841 2.011331208540289 1.0518996715545654 0.41651058197021484
431 0.6064615249633789 7.447934182701991 3.1978466510772705 2.0622217655181885 0.2924375832080841 2.011331208540289 1.0518996715545654 0.41651058197021484
432 0.6048392057418823 7.441424985592023 3.195850372314453 2.064425230026245 0.2875693738460541 1.9900641484222974 1.0485212802886963 0.4200237989425659
433 0.6053398847579956 7.441183972456161 3.196875810623169 2.0635581016540527 0.2897386848926544 1.990094646371206 1.0484322309494019 0.4184275269508362
434 0.6039198040962219 7.4422401298501475 3.1953866481781006 2.0608608722686768 0.2820645570755005 1.9823012851708517 1.0469871759414673 0.42214637994766235
435 0.6076913475990295 7.442157183451985 3.1954522132873535 2.067180871963501 0.2846917510032654 1.983231128227477 1.0480622053146362 0.42279595136642456
436 0.6076913475990295 7.442157183451985 3.1954522132873535 2.067180871963501 0.2846917510032654 1.983231128227477 1.0480622053146362 0.42279595136642456
437 0.6051542162895203 7.441327678979482 3.19711971282959 2.067502021789551 0.282988041639328 1.9872369349728396 1.044253945350647 0.4183310568332672
438 0.6039462089538574 7.441746850230187 3.19657826423645 2.066236972808838 0.2768787145614624 1.988597753189914 1.0447548627853394 0.4154122471809387
439 0.5998566150665283 7.428924791430727 3.1923906803131104 2.064969539642334 0.27412402629852295 2.0557491820515463 1.044164776802063 0.41491830348968506
440 0.5998620986938477 7.43546415254986 3.1923975944519043 2.064756155014038 0.2741195261478424 2.076074519872587 1.0465612411499023 0.412993460893631
441 0.5998620986938477 7.43546415254986 3.1923975944519043 2.064756155014038 0.2741195261478424 2.076074519872587 1.0465612411499023 0.412993460893631
442 0.5989977717399597 7.4377690471323845 3.19692063331604 2.0644075870513916 0.277636855840683 2.0854377401510042 1.0538872480392456 0.41353994607925415
443 0.5987744927406311 7.433634862149685 3.196643114089966 2.0643680095672607 0.27944573760032654 2.1175528914397157 1.055367112159729 0.41386178135871887
444 0.6009349226951599 7.429732503060548 3.198282241821289 2.0594661235809326 0.2813555598258972 2.104427506770551 1.0540703535079956 0.4060910940170288
445 0.6019997000694275 7.42859833541624 3.1976373195648193 2.0591862201690674 0.28058940172195435 2.0993335204947448 1.054976463317871 0.4053143858909607
446 0.6019997000694275 7.42859833541624 3.1976373195648193 2.0591862201690674 0.28058940172195435 2.0993335204947448 1.054976463317871 0.4053143858909607
447 0.603090763092041 7.442779233835872 3.19752836227417 2.0598442554473877 0.28095296025276184 2.1541247731125166 1.0619946718215942 0.4056783616542816
448 0.6041350364685059 7.436122708356815 3.1963107585906982 2.063157320022583 0.28650420904159546 2.128547604141792 1.0594005584716797 0.4047163426876068
449 0.6041551828384399 7.435800089585855 3.19631028175354 2.06315541267395 0.28653550148010254 2.1273185600287348 1.0592561960220337 0.4047061502933502
450 0.600386917591095 7.429412886167662 3.1961779594421387 2.0661513805389404 0.29386454820632935 2.016247966637418 1.0526769161224365 0.4107057452201843
451 0.600386917591095 7.429412886167662 3.1961779594421387 2.0661513805389404 0.29386454820632935 2.016247966637418 1.0526769161224365 0.4107057452201843
452 0.6011002063751221 7.438637657621708 3.1957881450653076 2.0671629905700684 0.2946705222129822 2.0471725646129504 1.0562654733657837 0.40776491165161133
453 0.5998377799987793 7.444313827115857 3.195955753326416 2.0663442611694336 0.29173511266708374 1.9352561248161122 1.043594241142273 0.40619179606437683
454 0.6001356244087219 7.446237213755812 3.1993160247802734 2.0658342838287354 0.2917451560497284 1.9453678986935892 1.0379457473754883 0.40480172634124756
455 0.6123064160346985 7.441624808740014 3.198837995529175 2.063816547393799 0.3033362627029419 1.9307500454971012 1.034610629081726 0.40013161301612854
456 0.6123064160346985 7.441624808740014 3.198837995529175 2.063816547393799 0.3033362627029419 1.9307500454971012 1.034610629081726 0.40013161301612854
457 0.6116223335266113 7.443792312765678 3.192002773284912 2.063972234725952 0.3046882748603821 1.9367102893148962 1.0281661748886108 0.39936771988868713
458 0.6116223335266113 7.435584428618739 3.1931045055389404 2.063993453979492 0.3046882748603821 2.1017988170635573 1.0462899208068848 0.39915794134140015
459 0.6103734374046326 7.43650965683926 3.1933627128601074 2.0618393421173096 0.3000466525554657 2.088961778697073 1.0388712882995605 0.39904654026031494
460 0.6103734374046326 7.434250646975231 3.1919167041778564 2.0618393421173096 0.3000466525554657 2.0817037839830617 1.047199010848999 0.39904654026031494
461 0.6103734374046326 7.434250646975231 3.1919167041778564 2.0618393421173096 0.3000466525554657 2.0817037839830617 1.047199010848999 0.39904654026031494
462 0.6053307056427002 7.4348750675365665 3.1926372051239014 2.068183422088623 0.302788645029068 2.0816694595329595 1.0475006103515625 0.4265531003475189
463 0.6053528189659119 7.422901909443723 3.1926615238189697 2.068190813064575 0.3028595745563507 2.136410803311965 1.05326509475708 0.42656898498535156
464 0.6060945391654968 7.424200273813195 3.1916844844818115 2.06919002532959 0.29742005467414856 2.144588850359843 1.056199312210083 0.42844292521476746
465 0.6124863624572754 7.419224697866312 3.1914126873016357 2.069657564163208 0.29966333508491516 2.127141146589859 1.0546741485595703 0.4278823137283325
466 0.6124863624572754 7.419224697866312 3.1914126873016357 2.069657564163208 0.29966333508491516 2.127141146589859 1.0546741485595703 0.4278823137283325
467 0.6101966500282288 7.4258463955569365 3.1936123371124268 2.0694339275360107 0.2980204224586487 2.135902594906725 0.9564804434776306 0.4272703230381012
468 0.6065734028816223 7.436103327360828 3.193483829498291 2.0703787803649902 0.2958073019981384 2.166455990407654 1.0572761297225952 0.42859122157096863
469 0.6062458753585815 7.423063711286508 3.1935062408447266 2.0703988075256348 0.2954232096672058 2.13236310263813 0.9571287035942078 0.4284602403640747
470 0.6063781976699829 7.439805130004054 3.1934726238250732 2.0700440406799316 0.29503723978996277 2.18334911636248 0.9726102948188782 0.42780768871307373
471 0.6063781976699829 7.439805130004054 3.1934726238250732 2.0700440406799316 0.29503723978996277 2.18334911636248 0.9726102948188782 0.42780768871307373
472 0.6076279878616333 7.425160171821053 3.1930580139160156 2.0692946910858154 0.29602381587028503 2.1325545475895265 0.9656127691268921 0.42183446884155273
473 0.6042187809944153 7.43333136822629 3.1934561729431152 2.067871332168579 0.28635144233703613 2.1482999345494913 0.9810102581977844 0.4189549684524536
474 0.6125446557998657 7.434122538021154 3.193251609802246 2.068103790283203 0.29107698798179626 2.1419633191365604 0.9801272749900818 0.41789260506629944
475 0.6136055588722229 7.44151739047126 3.1929736137390137 2.0757734775543213 0.297333687543869 2.1599800932241497 0.9862378239631653 0.4276948571205139
476 0.6136055588722229 7.44151739047126 3.1929736137390137 2.0757734775543213 0.297333687543869 2.1599800932241497 0.9862378239631653 0.4276948571205139
477 0.6140497326850891 7.443531534830695 3.1930782794952393 2.0753743648529053 0.29653504490852356 2.167508007391573 0.986912190914154 0.4279133379459381
478 0.6089239120483398 7.437828024541622 3.193633556365967 2.072390556335449 0.2958357632160187 2.1405209358078583 0.9841524958610535 0.4264346957206726
479 0.6064846515655518 7.437953189762739 3.193840980529785 2.066211223602295 0.2914988696575165 2.141977894892228 0.9867540597915649 0.419784814119339
480 0.6072058081626892 7.4501767609397715 3.1931068897247314 2.0665013790130615 0.2908601462841034 2.0571367129205234 0.9641427993774414 0.42174744606018066
481 0.6072058081626892 7.4501767609397715 3.1931068897247314 2.0665013790130615 0.2908601462841034 2.0571367129205234 0.9641427993774414 0.42174744606018066
482 0.6055911779403687 7.440854244672109 3.195565938949585 2.059762954711914 0.28788942098617554 2.0139334425964197 0.9605998396873474 0.4159064292907715
483 0.6064504981040955 7.442016078807955 3.195460557937622 2.059265375137329 0.2981647253036499 2.0030225293501114 0.959141194820404 0.41427209973335266
484 0.6045965552330017 7.434029570232225 3.197404384613037 2.0579428672790527 0.2947274446487427 1.9872912673197842 0.9659506678581238 0.41363465785980225
485 0.6042197942733765 7.437731668269081 3.197410821914673 2.057926654815674 0.2937236726284027 2.002827011278279 0.9675678610801697 0.413288414478302
486 0.6042197942733765 7.437731668269081 3.197410821914673 2.057926654815674 0.2937236726284027 2.002827011278279 0.9675678610801697 0.413288414478302
487 0.604296088218689 7.432373564951449 3.1971826553344727 2.0581445693969727 0.29485753178596497 1.9839219056805661 0.9652759432792664 0.41398438811302185
488 0.6053880453109741 7.434008013463186 3.195143938064575 1.978537678718567 0.29719650745391846 1.983317624646271 1.0067390203475952 0.722504198551178
489 0.6076239347457886 7.434448873778222 3.195312023162842 1.977657675743103 0.30042901635169983 1.992144599684404 1.0072717666625977 0.7209985256195068
490 0.6111475229263306 7.442741936277969 3.19427227973938 1.9853167533874512 0.3138827383518219 1.9892647551675877 1.008291244506836 0.7241736650466919
491 0.6111475229263306 7.442741936277969 3.19427227973938 1.9853167533874512 0.3138827383518219 1.9892647551675877 1.008291244506836 0.7241736650466919
492 0.6116530895233154 7.452706909173006 3.194549560546875 1.9925508499145508 0.3187383711338043 2.0432882637177325 1.0137500762939453 0.7174572348594666
493 0.6088382601737976 7.449288007242637 3.195099115371704 1.9912346601486206 0.31611597537994385 2.017930910817048 0.9417271614074707 0.7166829705238342
494 0.6090739965438843 7.448327808691362 3.195451498031616 1.9913543462753296 0.3163071572780609 2.011347323206994 0.9408808946609497 0.7168484330177307
495 0.608211874961853 7.4473706860833895 3.1946067810058594 1.9932434558868408 0.3134799897670746 2.00545148843329 0.9373036026954651 0.7051534056663513
496 0.608211874961853 7.4473706860833895 3.1946067810058594 1.9932434558868408 0.3134799897670746 2.00545148843329 0.9373036026954651 0.7051534056663513
497 0.6085934638977051 7.44741145109325 3.1946702003479004 1.989539623260498 0.31342044472694397 2.0053219908187194 0.9372679591178894 0.7088906168937683
498 0.609001874923706 7.447359923085423 3.1948578357696533 1.9944666624069214 0.31409937143325806 2.004905807057279 0.9372742772102356 0.7047281861305237
499 0.6079193353652954 7.442022022567335 3.1962978839874268 1.994503140449524 0.3123716711997986 1.9853196823255275 0.9694221615791321 0.7047805190086365
500 0.609953761100769 7.448854434271182 3.1965529918670654 1.994512677192688 0.3151431977748871 2.0081643284201447 0.9866513013839722 0.7043830752372742
