init 1.6017569303512573 6.438377351464281 3.7545011043548584 2.616873264312744 0.0 0.0 0.0 0.0
1 1.6017569303512573 6.43836304654508 3.7545011043548584 2.616873264312744 0.0 0.0005251211647197022 0.0001433630386600271 0.0
2 1.6355957984924316 6.156011689428943 3.82667875289917 2.5884976387023926 0.31530070304870605 0.9255562360819206 0.4336865544319153 0.18272504210472107
3 1.6167482137680054 5.995501130809206 3.7603280544281006 2.5831501483917236 0.41838040947914124 1.0092074747319222 0.5728604793548584 0.20607805252075195
4 1.6732083559036255 5.822048760540649 3.746371030807495 2.5681557655334473 0.3851923644542694 1.2907714824970002 0.6447048783302307 0.33200743794441223
5 1.6767712831497192 5.986973214025696 3.7508983612060547 2.562779188156128 0.4450579285621643 1.349211453331334 0.8758733868598938 0.3620556592941284
6 1.6767712831497192 5.986973214025696 3.7508983612060547 2.562779188156128 0.4450579285621643 1.349211453331334 0.8758733868598938 0.3620556592941284
7 1.673055648803711 5.96980626594996 3.786424398422241 2.558101177215576 0.47798866033554077 1.3651103685741202 0.9400594234466553 0.3428492248058319
8 1.69465970993042 5.866348787637181 3.7975497245788574 2.5498123168945313 0.4900498688220978 1.6101332334808627 1.0297541618347168 0.3981209099292755
9 1.712234377861023 5.746101446561707 3.815133810043335 2.554812431335449 0.426164835691452 1.766831764832755 0.95932537317276 0.3952663540840149
10 1.7125178575515747 5.748264236566527 3.8186354637145996 2.5557801723480225 0.42364174127578735 1.7761754506474854 0.9588128924369812 0.3937227725982666
11 1.7125178575515747 5.748264236566527 3.8186354637145996 2.5557801723480225 0.42364174127578735 1.7761754506474854 0.9588128924369812 0.3937227725982666
12 1.6985257863998413 5.766894883682588 3.8215370178222656 2.5571796894073486 0.4222274720668793 1.7932070147021788 1.171289324760437 0.368736207485199
13 1.6914188861846924 5.768466577216239 3.8214266300201416 2.562117099761963 0.38418444991111755 1.7878304516735224 1.1571545600891113 0.3481457531452179
14 1.690385103225708 5.774661192838718 3.8207058906555176 2.563007116317749 0.37415239214897156 1.7731590083525273 1.1562840938568115 0.3361702263355255
15 1.691346526145935 5.770056398473743 3.818347692489624 2.5637807846069336 0.37224942445755005 1.7800244478494538 1.2695181369781494 0.33454465866088867
16 1.691346526145935 5.770056398473743 3.818347692489624 2.5637807846069336 0.37224942445755005 1.7800244478494538 1.2695181369781494 0.33454465866088867
17 1.7027111053466797 5.76221161418508 3.811361789703369 2.5636961460113525 0.37921661138534546 1.80328385124073 1.2755424976348877 0.34739065170288086
18 1.709484577178955 5.783537893750197 3.8232364654541016 2.562511682510376 0.38770753145217896 1.7679508202075482 1.1442838907241821 0.3593026101589203
19 1.6970493793487549 5.792830422998556 3.8291754722595215 2.6257379055023193 0.38147157430648804 1.7598464801722287 1.1746361255645752 0.6354988217353821
20 1.6970738172531128 5.791815746682296 3.8293564319610596 2.6257989406585693 0.3856937885284424 1.7616049754725032 1.1985591650009155 0.6353065371513367
21 1.6970738172531128 5.791815746682296 3.8293564319610596 2.6257989406585693 0.3856937885284424 1.7616049754725032 1.1985591650009155 0.6353065371513367
22 1.6971557140350342 5.7917922635555685 3.847557306289673 2.625807523727417 0.3870474398136139 1.7608260392966208 1.257348656654358 0.6362818479537964
23 1.7024668455123901 5.784887128910151 3.8484442234039307 2.624091625213623 0.3926248252391815 1.7727288763111786 1.2437161207199097 0.6437715291976929
24 1.70010244846344 5.775180655560645 3.8446719646453857 2.5664420127868652 0.3740040957927704 1.8036196015813608 1.2379999160766602 0.3445856273174286
25 1.6990420818328857 5.777405060854908 3.843249559402466 2.56636381149292 0.36953648924827576 1.921161212599507 1.2767633199691772 0.3440682590007782
26 1.6990420818328857 5.777405060854908 3.843249559402466 2.56636381149292 0.36953648924827576 1.921161212599507 1.2767633199691772 0.3440682590007782
27 1.7054487466812134 5.8096360257416455 3.8436782360076904 2.566054105758667 0.3761247396469116 1.889932708783444 1.2844680547714233 0.360041081905365
28 1.7021033763885498 5.876647754759236 3.829554796218872 2.568037986755371 0.3620154559612274 2.017207599180488 1.2948834896087646 0.3548639714717865
29 1.702107548713684 5.876560689213902 3.8300788402557373 2.4783480167388916 0.36180898547172546 2.0173849812376257 1.3043266534805298 0.7556455135345459
30 1.702168345451355 5.876856096445749 3.8320820331573486 2.4783620834350586 0.3593844771385193 2.0169977815678193 1.2966848611831665 0.7553167343139648
31 1.7021758556365967 5.880453610703427 3.833580732345581 2.478055000305176 0.3602035939693451 2.013888165926857 1.2969928979873657 0.7562223672866821
32 1.7068899869918823 5.876361740868355 3.8358418941497803 2.475942850112915 0.37238264083862305 2.025449099461327 1.3033236265182495 0.7615602612495422
33 1.7111386060714722 5.829118265227056 3.8425533771514893 2.474846363067627 0.3783990442752838 2.0929675814372293 1.271654725074768 0.7682178020477295
34 1.7156428098678589 5.8281216431493394 3.8448495864868164 2.4735703468322754 0.3810860812664032 2.094836747551993 1.271774172782898 0.7718099355697632
35 1.717673897743225 5.829713921772117 3.8459038734436035 2.470879316329956 0.3924366235733032 2.093556141107358 1.27768075466156 0.7723928093910217
36 1.717673897743225 5.829713921772117 3.8459038734436035 2.470879316329956 0.3924366235733032 2.093556141107358 1.27768075466156 0.7723928093910217
37 1.7242213487625122 5.8013077915292435 3.8464701175689697 2.4689362049102783 0.40117397904396057 2.243232412680231 1.2976311445236206 0.7785142660140991
38 1.7239407300949097 6.250756136757132 3.8477697372436523 2.4640140533447266 0.4180445373058319 2.2219615779811575 1.3100945949554443 0.7914464473724365
39 1.7234976291656494 6.24819900233735 3.8455145359039307 2.465521812438965 0.4219280183315277 2.220502882337693 1.270963191986084 0.7909130454063416
40 1.7228459119796753 6.172494178091213 3.851264476776123 2.463142156600952 0.42844173312187195 2.435403320959421 1.312411904335022 0.7979690432548523
41 1.7228459119796753 6.172494178091213 3.851264476776123 2.463142156600952 0.42844173312187195 2.435403320959421 1.312411904335022 0.7979690432548523
42 1.7114231586456299 6.133355104354607 3.846762180328369 2.464755058288574 0.4233531355857849 2.4922202255035937 1.3372606039047241 0.7829102873802185
43 1.7095692157745361 6.13418969756871 3.841623067855835 2.464409589767456 0.4232620596885681 2.488390386925588 1.3365436792373657 0.7833662629127502
44 1.7119852304458618 6.128228127903182 3.8490238189697266 2.5515236854553223 0.41351762413978577 2.5199988174741845 1.3323606252670288 0.41670623421669006
45 1.7119359970092773 6.12855576217913 3.8498637676239014 2.5516390800476074 0.4155848026275635 2.517609191673935 1.344748854637146 0.41532227396965027
46 1.7119359970092773 6.12855576217913 3.8498637676239014 2.5516390800476074 0.4155848026275635 2.517609191673935 1.344748854637146 0.41532227396965027
47 1.7119789123535156 6.126355747067454 3.838486909866333 2.55230450630188 0.3999367654323578 2.547551121709839 1.323008418083191 0.41501927375793457
48 1.699252963066101 6.155895068795609 3.806061029434204 2.5525734424591064 0.37660524249076843 2.5401448503086193 1.2792129516601563 0.42063653469085693
49 1.6992560625076294 6.1558973841984175 3.8059873580932617 2.5525739192962646 0.37660399079322815 2.5401421678324794 1.2799402475357056 0.4206347167491913
50 1.7004741430282593 6.15676930672003 3.806932210922241 2.5515730381011963 0.37959349155426025 2.539603888240974 1.2810084819793701 0.42915821075439453
51 1.7004741430282593 6.15676930672003 3.806932210922241 2.5515730381011963 0.37959349155426025 2.539603888240974 1.2810084819793701 0.42915821075439453
52 1.7065867185592651 6.181910195686889 3.8162662982940674 2.551262378692627 0.3848593235015869 2.5140983198727107 1.2886351346969604 0.42675116658210754
53 1.7048115730285645 6.332958294254367 3.811897039413452 2.5522119998931885 0.40202176570892334 2.787244219228822 1.354421854019165 0.41902169585227966
54 1.7040493488311768 6.120484013384598 3.8111441135406494 2.552480936050415 0.4002665877342224 2.2201139892100588 1.272984266281128 0.41714948415756226
55 1.6863036155700684 6.128975426932309 3.8027944564819336 2.5568604469299316 0.3817276358604431 2.1854261059710125 1.2477847337722778 0.3855050504207611
56 1.6863036155700684 6.128975426932309 3.8027944564819336 2.5568604469299316 0.3817276358604431 2.1854261059710125 1.2477847337722778 0.3855050504207611
57 1.6875109672546387 6.127257779468129 3.8030588626861572 2.556657314300537 0.38053783774375916 2.1923667813842203 1.2596062421798706 0.3898068368434906
58 1.687793254852295 6.126464910046755 3.8025150299072266 2.557025671005249 0.3837874233722687 2.2003519426516776 1.2416419982910156 0.3981092572212219
59 1.68616783618927 6.125265890429855 3.8039584159851074 2.5572609901428223 0.3860771059989929 2.2044497643103194 1.2727948427200317 0.39720553159713745
60 1.6809715032577515 6.139664618631726 3.804007053375244 2.5623836517333984 0.37416478991508484 2.197567577314782 1.2840251922607422 0.3896470367908478
61 1.6809715032577515 6.139664618631726 3.804007053375244 2.5623836517333984 0.37416478991508484 2.197567577314782 1.2840251922607422 0.3896470367908478
62 1.6815571784973145 6.13920821503921 3.8050131797790527 2.563105344772339 0.37455618381500244 2.196871359148219 1.2833882570266724 0.38400113582611084
63 1.6814996004104614 6.2244315898552935 3.805100440979004 2.5630784034729004 0.3741021454334259 2.4595105955499634 1.318540334701538 0.3841157555580139
64 1.6862133741378784 6.217597606336637 3.81252121925354 2.552419424057007 0.3557196259498596 2.4837622572844205 1.2965339422225952 0.38616079092025757
65 1.6820178031921387 6.223672828529316 3.8105993270874023 2.548654317855835 0.3694080114364624 2.494973696863936 1.3099356889724731 0.41010886430740356
66 1.6820178031921387 6.223672828529316 3.8105993270874023 2.548654317855835 0.3694080114364624 2.494973696863936 1.3099356889724731 0.41010886430740356
67 1.6820400953292847 6.24685319497413 3.810601234436035 2.5486531257629395 0.3694015145301819 2.0805747785703255 1.2560985088348389 0.4101404547691345
68 1.6820660829544067 6.288825556559082 3.8106629848480225 2.5486648082733154 0.36940184235572815 2.3802196713595247 1.2951016426086426 0.41008129715919495
69 1.6817176342010498 6.261353805294975 3.8204526901245117 2.5487425327301025 0.3753718137741089 2.3947587478651298 1.3131126165390015 0.41171401739120483
70 1.6834043264389038 6.245209376495815 3.816249370574951 2.5501391887664795 0.38389667868614197 2.3885954894029715 1.3121799230575562 0.4548510015010834
71 1.6834043264389038 6.245209376495815 3.816249370574951 2.5501391887664795 0.38389667868614197 2.3885954894029715 1.3121799230575562 0.4548510015010834
72 1.6829321384429932 6.246353384209791 3.811800718307495 2.5514049530029297 0.35050687193870544 2.3353233906419892 1.245165467262268 0.4435308575630188
73 1.6764166355133057 6.254779535764287 3.814641237258911 2.6241908073425293 0.3365962505340576 2.369859340925013 1.2658501863479614 0.75475013256073
74 1.6736167669296265 6.246905305985751 3.8093297481536865 2.6245052814483643 0.3367502689361572 2.5561361141284356 1.281252145767212 0.7593470215797424
75 1.6736741065979004 6.2179971354370585 3.8081436157226563 2.624483585357666 0.3368315100669861 2.504421083340726 1.2579059600830078 0.7593322992324829
76 1.6736741065979004 6.2179971354370585 3.8081436157226563 2.624483585357666 0.3368315100669861 2.504421083340726 1.2579059600830078 0.7593322992324829
77 1.6784039735794067 6.211391102001749 3.8068056106567383 2.620922803878784 0.3416537642478943 2.513747496678043 1.2580927610397339 0.7647613883018494
78 1.6664925813674927 6.244845927180351 3.8113248348236084 2.6239936351776123 0.3302578628063202 2.476553905173707 1.2514166831970215 0.7359979152679443
79 1.6758922338485718 6.36928791336627 3.799682140350342 2.620875120162964 0.3338683843612671 2.5399373547635165 1.2459559440612793 0.7075967788696289
80 1.6790777444839478 6.358562708671876 3.8036258220672607 2.618975877761841 0.3549027740955353 2.1300849017270678 1.2118659019470215 0.7143316864967346
81 1.6790777444839478 6.358562708671876 3.8036258220672607 2.618975877761841 0.3549027740955353 2.1300849017270678 1.2118659019470215 0.7143316864967346
82 1.6743873357772827 6.3473756101763135 3.8001646995544434 2.620553731918335 0.3488643765449524 2.13577940437063 1.211041808128357 0.7101526856422424
83 1.654842734336853 6.359636193027325 3.7956197261810303 2.627898931503296 0.3408847153186798 2.1135190659658045 1.2127004861831665 0.7198245525360107
84 1.657552719116211 6.392939482686308 3.796546697616577 2.625358819961548 0.36140114068984985 2.1369075822594037 1.235647201538086 0.7280480861663818
85 1.6576557159423828 6.392918313923729 3.7964868545532227 2.625389337539673 0.36073365807533264 2.138135356641787 1.2341969013214111 0.7285487651824951
86 1.6576557159423828 6.392918313923729 3.7964868545532227 2.625389337539673 0.36073365807533264 2.138135356641787 1.2341969013214111 0.7285487651824951
87 1.6595605611801147 6.389134301262357 3.797584056854248 2.6246495246887207 0.3612626791000366 2.1328733490626406 1.2391424179077148 0.7214455008506775
88 1.655246376991272 6.416810909049556 3.7982685565948486 2.6290602684020996 0.35576456785202026 2.1517268867247306 1.2445119619369507 0.7316372394561768
89 1.657362461090088 6.414527714930186 3.799860954284668 2.6290910243988037 0.34666499495506287 2.1516537413149788 1.229745626449585 0.7280398607254028
90 1.667885184288025 6.40047154769809 3.8019278049468994 2.62673282623291 0.3640245199203491 2.1454844427021054 1.2342729568481445 0.7384302020072937
91 1.667885184288025 6.40047154769809 3.8019278049468994 2.62673282623291 0.3640245199203491 2.1454844427021054 1.2342729568481445 0.7384302020072937
92 1.6650054454803467 6.3947633139481415 3.7999942302703857 2.6276557445526123 0.35616835951805115 2.1340991572982824 1.2264567613601685 0.7307454943656921
93 1.6603540182113647 6.3957657421193845 3.799762010574341 2.628549098968506 0.350868821144104 2.1120381043199465 1.2228940725326538 0.7275685667991638
94 1.6600655317306519 6.402101394505131 3.802260160446167 2.6298828125 0.3476637005805969 2.1276003284006735 1.2300137281417847 0.7262513637542725
95 1.6600655317306519 6.402101394505131 3.802260160446167 2.6298828125 0.3476637005805969 2.1276003284006735 1.2300137281417847 0.7262513637542725
96 1.6600655317306519 6.402101394505131 3.802260160446167 2.6298828125 0.3476637005805969 2.1276003284006735 1.2300137281417847 0.7262513637542725
97 1.671823501586914 6.38923932669193 3.8122787475585938 2.6293320655822754 0.3654628396034241 2.140509964117313 1.2610085010528564 0.7311891317367554
98 1.6673578023910522 6.399500040270246 3.812021017074585 2.631577730178833 0.34807288646698 2.140376191715778 1.2469490766525269 0.7177359461784363
99 1.667444109916687 6.44301562169492 3.8146283626556396 2.6213457584381104 0.34907767176628113 2.2222978962861912 1.2701815366744995 0.7264212965965271
100 1.6611517667770386 6.4267907057534615 3.8121113777160645 2.6223838329315186 0.35572296380996704 2.2346161132802336 1.2770192623138428 0.7276207208633423
101 1.6611517667770386 6.4267907057534615 3.8121113777160645 2.6223838329315186 0.35572296380996704 2.2346161132802336 1.2770192623138428 0.7276207208633423
102 1.644127607345581 6.45442594375953 3.8099756240844727 2.6247634887695313 0.3465268015861511 2.1910537839032718 1.2521250247955322 0.7341452836990356
103 1.6399422883987427 6.434032644775215 3.8071932792663574 2.6278481483459473 0.3361467123031616 2.205702046468376 1.2481499910354614 0.7242226004600525
104 1.6462041139602661 6.427895540649089 3.80946946144104 2.6244547367095947 0.3493422269821167 2.2247236261578185 1.2577605247497559 0.7390717267990112
105 1.6416994333267212 6.43174246446479 3.799457311630249 2.6252124309539795 0.3481769859790802 2.2207878679015787 1.2519981861114502 0.736321747303009
106 1.6416994333267212 6.43174246446479 3.799457311630249 2.6252124309539795 0.3481769859790802 2.2207878679015787 1.2519981861114502 0.736321747303009
107 1.6456280946731567 6.45557856140309 3.8075809478759766 2.626032590866089 0.33906400203704834 2.18316323593369 1.2375991344451904 0.7317326664924622
108 1.6410458087921143 6.457555386852528 3.7991485595703125 2.6263344287872314 0.3273475468158722 2.187357764552488 1.2076234817504883 0.7327002286911011
109 1.6410237550735474 6.446541988990793 3.796623945236206 2.6265361309051514 0.3317156434059143 2.1923742775612802 1.2117029428482056 0.7368192076683044
110 1.6372454166412354 6.453066789301743 3.810305118560791 2.631316900253296 0.39794686436653137 2.2220663473511215 1.2539221048355103 0.7543725967407227
111 1.6372454166412354 6.453066789301743 3.810305118560791 2.631316900253296 0.39794686436653137 2.2220663473511215 1.2539221048355103 0.7543725967407227
112 1.6392630338668823 6.448436416827679 3.808685064315796 2.630173444747925 0.3930777311325073 2.2235361629706785 1.2723214626312256 0.7571040391921997
113 1.6410698890686035 6.4571269883527895 3.8105056285858154 2.6281285285949707 0.39332666993141174 2.2178175003811913 1.2699788808822632 0.761404812335968
114 1.6424448490142822 6.448112745326554 3.8063602447509766 2.630007028579712 0.38226431608200073 2.2171943753487615 1.264079213142395 0.7548359632492065
115 1.641829252243042 6.449883887137696 3.8102667331695557 2.620425224304199 0.3848746716976166 2.224121333474147 1.2684863805770874 0.7441586256027222
116 1.641829252243042 6.449883887137696 3.8102667331695557 2.620425224304199 0.3848746716976166 2.224121333474147 1.2684863805770874 0.7441586256027222
117 1.638529658317566 6.442599725783967 3.8071210384368896 2.6205804347991943 0.37556686997413635 2.207733793538559 1.2566395998001099 0.739130437374115
118 1.6383183002471924 6.4418828457939465 3.8054816722869873 2.620074510574341 0.3791802227497101 2.2034040812296154 1.254457712173462 0.7402686476707458
119 1.6391173601150513 6.443654735423056 3.806842088699341 2.535623788833618 0.3809846043586731 2.2030066486777176 1.2754625082015991 1.0116952657699585
120 1.6378908157348633 6.450902148389039 3.806741237640381 2.5370473861694336 0.3795716166496277 2.2074196558222856 1.266695499420166 1.011324405670166
121 1.6378908157348633 6.450902148389039 3.806741237640381 2.5370473861694336 0.3795716166496277 2.2074196558222856 1.266695499420166 1.011324405670166
122 1.6512768268585205 6.442864087403465 3.8122975826263428 2.537900686264038 0.3839550018310547 2.2415620589954526 1.2920984029769897 1.0110015869140625
123 1.6535745859146118 6.469781945324442 3.813267230987549 2.5384929180145264 0.3816046118736267 2.107648637250567 1.265590786933899 1.0094386339187622
124 1.6580216884613037 6.397871396115749 3.8082735538482666 2.539654493331909 0.3775308132171631 2.2441580544436093 1.2730604410171509 1.0061055421829224
125 1.657263994216919 6.399405787024952 3.8076210021972656 2.5387232303619385 0.3788362741470337 2.2446850420887237 1.27409827709198 1.0051770210266113
126 1.657263994216919 6.399405787024952 3.8076210021972656 2.5387232303619385 0.3788362741470337 2.2446850420887237 1.27409827709198 1.0051770210266113
127 1.6663686037063599 6.381863888025391 3.8160157203674316 2.53721022605896 0.4132996201515198 2.2678171128301434 1.3028091192245483 1.012370228767395
128 1.6656672954559326 6.246144411879631 3.816960573196411 2.5374298095703125 0.4108180105686188 2.234452340002744 1.2974294424057007 1.0121301412582397
129 1.6702356338500977 6.236576897213089 3.8160524368286133 2.5323405265808105 0.4160071611404419 2.255517186869295 1.3061082363128662 1.0200514793395996
130 1.6693315505981445 6.2428207455969424 3.8157856464385986 2.5319783687591553 0.4144333600997925 2.34116847567402 1.3143603801727295 1.02238130569458
131 1.6693315505981445 6.2428207455969424 3.8157856464385986 2.5319783687591553 0.4144333600997925 2.34116847567402 1.3143603801727295 1.02238130569458
132 1.652085542678833 6.319250292188303 3.8115696907043457 2.5366568565368652 0.40204063057899475 2.305212492645219 1.307740569114685 1.0178805589675903
133 1.6505316495895386 6.419295999759737 3.812623977661133 2.5374302864074707 0.3996692895889282 2.3155909639698575 1.3169348239898682 1.0254096984863281
134 1.6502526998519897 6.419500425266606 3.812934160232544 2.53745698928833 0.398881733417511 2.316230961756656 1.2184756994247437 1.0252434015274048
135 1.6501539945602417 6.417652329993351 3.8125903606414795 2.5368812084198 0.3976741433143616 2.312336642294215 1.218097448348999 1.0242215394973755
136 1.6501539945602417 6.417652329993351 3.8125903606414795 2.5368812084198 0.3976741433143616 2.312336642294215 1.218097448348999 1.0242215394973755
137 1.6521531343460083 6.418994389101893 3.812415361404419 2.536043405532837 0.39836618304252625 2.304204008814299 1.2142208814620972 1.024691104888916
138 1.6593687534332275 6.424525789847307 3.816617250442505 2.5341668128967285 0.39301106333732605 2.3187770729210184 1.220479130744934 1.0047886371612549
139 1.6621179580688477 6.255735925059803 3.814182996749878 2.530636787414551 0.39308440685272217 2.1228872614802827 1.1761322021484375 1.0167200565338135
140 1.6613250970840454 6.270771274254122 3.81215238571167 2.53074312210083 0.3946063816547394 2.1424853261258185 1.1825028657913208 1.016819715499878
141 1.6613250970840454 6.270771274254122 3.81215238571167 2.53074312210083 0.3946063816547394 2.1424853261258185 1.1825028657913208 1.016819715499878
142 1.670543909072876 6.290325557786492 3.814249038696289 2.5280003547668457 0.39796435832977295 2.1252131702307717 1.1733016967773438 1.0209449529647827
143 1.668075442314148 6.281774104764045 3.813296318054199 2.5295164585113525 0.3969819247722626 2.137599088063984 1.1769262552261353 1.017047643661499
144 1.6668825149536133 6.283598041302491 3.8127329349517822 2.5301082134246826 0.396558940410614 2.1239383254295814 1.1759625673294067 1.0199975967407227
145 1.6671161651611328 6.2836022495801025 3.8125646114349365 2.529902696609497 0.39663466811180115 2.124164963969957 1.176456093788147 1.0206398963928223
146 1.6671161651611328 6.2836022495801025 3.8125646114349365 2.529902696609497 0.39663466811180115 2.124164963969957 1.176456093788147 1.0206398963928223
147 1.6670341491699219 6.347579194588648 3.8111371994018555 2.5297086238861084 0.39707401394844055 2.070088885626302 1.1786805391311646 1.021227478981018
148 1.6662462949752808 6.329603903287671 3.8069894313812256 2.5287511348724365 0.4044835865497589 2.0833058136530958 1.1859670877456665 1.0275428295135498
149 1.6642608642578125 6.328280089971261 3.8050007820129395 2.5239691734313965 0.4020758271217346 2.079296060081476 1.1995397806167603 1.0329495668411255
150 1.664359211921692 6.328804484626997 3.8049843311309814 2.523284673690796 0.4011997878551483 2.0780663158583343 1.1985734701156616 1.0318516492843628
151 1.664359211921692 6.328804484626997 3.8049843311309814 2.523284673690796 0.4011997878551483 2.0780663158583343 1.1985734701156616 1.0318516492843628
152 1.66571044921875 6.184543986302493 3.7999887466430664 2.5223047733306885 0.4111287295818329 2.1308239598694247 1.2096043825149536 1.0317022800445557
153 1.660186767578125 6.194280257240747 3.7953989505767822 2.525273561477661 0.398653119802475 2.120567923555984 1.2158911228179932 1.02294921875
154 1.660304069519043 6.194019598749233 3.795334577560425 2.52532958984375 0.3990411162376404 2.11982030114122 1.215775728225708 1.0224277973175049
155 1.663299798965454 6.234777526197389 3.8051247596740723 2.527470827102661 0.3780871629714966 2.086907541899824 1.1934672594070435 1.006027340888977
156 1.663299798965454 6.234777526197389 3.8051247596740723 2.527470827102661 0.3780871629714966 2.086907541899824 1.1934672594070435 1.006027340888977
157 1.6671310663223267 6.227169923870144 3.816861152648926 2.528193473815918 0.39986032247543335 2.08735432433433 1.2483803033828735 1.005370855331421
158 1.6666088104248047 6.227439556005468 3.8169426918029785 2.5282647609710693 0.3996621370315552 2.0868188006225634 1.2592836618423462 1.0051863193511963
159 1.6604716777801514 6.2357705709978735 3.816422939300537 2.530041217803955 0.39806169271469116 2.0756724025207354 1.2486003637313843 1.0028122663497925
160 1.6611247062683105 6.236543157440614 3.8165714740753174 2.529998540878296 0.3981977105140686 2.080893101222691 1.2400785684585571 1.0024644136428833
161 1.6611247062683105 6.236543157440614 3.8165714740753174 2.529998540878296 0.3981977105140686 2.080893101222691 1.2400785684585571 1.0024644136428833
162 1.6608176231384277 6.455938158954955 3.8223137855529785 2.5300800800323486 0.39812275767326355 2.2323880558864277 1.286110520362854 1.0019444227218628
163 1.6593163013458252 6.453775501208725 3.8226771354675293 2.530384063720703 0.40454769134521484 2.2263242016808436 1.2834770679473877 0.9991766214370728
164 1.6577033996582031 6.4578780388798664 3.822270393371582 2.531454086303711 0.40439969301223755 2.2235838219177158 1.2823809385299683 0.9990378618240356
165 1.6602576971054077 6.209419040604822 3.8225066661834717 2.530195474624634 0.40015271306037903 1.870614512919897 1.3321080207824707 1.0013363361358643
166 1.6602576971054077 6.20748426423783 3.8225066661834717 2.530195474624634 0.40015271306037903 1.8791898883183435 1.3330073356628418 1.0013363361358643
167 1.6652615070343018 6.209709019097561 3.8221964836120605 2.5276989936828613 0.4059187173843384 1.8657677924959037 1.3299291133880615 1.0086538791656494
168 1.6590173244476318 6.210473934421546 3.821948289871216 2.5266499519348145 0.40794065594673157 1.8693980800836205 1.3282374143600464 1.0160168409347534
169 1.6502994298934937 6.230627433727143 3.815289258956909 2.5322251319885254 0.38969865441322327 1.8691852574320598 1.315370798110962 1.0100500583648682
170 1.6517119407653809 6.1543312787073985 3.8134822845458984 2.5326058864593506 0.39247679710388184 1.9226637160003204 1.3097023963928223 1.0093111991882324
171 1.6517119407653809 6.1543312787073985 3.8134822845458984 2.5326058864593506 0.39247679710388184 1.9226637160003204 1.3097023963928223 1.0093111991882324
172 1.6517304182052612 6.154300251275498 3.8134288787841797 2.5325944423675537 0.39253368973731995 1.9227120382912337 1.3183382749557495 1.0093376636505127
173 1.6518908739089966 6.157209167478778 3.8134453296661377 2.5324909687042236 0.39300665259361267 1.9178792479385363 1.3189620971679688 1.0090422630310059
174 1.6508090496063232 6.157158253089242 3.815786123275757 2.5324668884277344 0.3959676921367645 1.9080170037168045 1.313737154006958 1.0046453475952148
175 1.6507368087768555 6.156910768064374 3.815544843673706 2.5324652194976807 0.39528656005859375 1.9082311878490241 1.3125693798065186 1.0047099590301514
176 1.6431397199630737 6.29144984042414 3.802436113357544 2.534430980682373 0.38881927728652954 2.2471053594314414 1.3587592840194702 1.0076180696487427
177 1.642672061920166 6.29242549858317 3.8012444972991943 2.534701347351074 0.39161860942840576 2.245854667969197 1.36216402053833 1.0072468519210815
178 1.6420859098434448 6.342417713298104 3.8005642890930176 2.534346342086792 0.39198580384254456 1.9236328111032983 1.3249479532241821 1.0068868398666382
179 1.652071237564087 6.178503836827655 3.8036015033721924 2.5309395790100098 0.4078778028488159 2.103930331700735 1.353846549987793 1.015617847442627
180 1.6520870923995972 6.178406323443944 3.8029067516326904 2.619908094406128 0.4078653156757355 2.1039901386410964 1.3427894115447998 0.7540886402130127
181 1.6520870923995972 6.178406323443944 3.8029067516326904 2.619908094406128 0.4078653156757355 2.1039901386410964 1.3427894115447998 0.7540886402130127
182 1.6578166484832764 6.183949409144047 3.8050546646118164 2.620380163192749 0.4133162796497345 2.103476921177637 1.3437024354934692 0.7551767826080322
183 1.6574459075927734 6.175810573961368 3.803969621658325 2.6204025745391846 0.40923136472702026 2.096261809073121 1.342337727546692 0.7549160718917847
184 1.6582244634628296 6.181429598078093 3.8041975498199463 2.620232343673706 0.4096764624118805 2.0904099119639987 1.3428562879562378 0.755185067653656
185 1.6565508842468262 6.185981066296261 3.80499267578125 2.6208388805389404 0.4094948172569275 2.079527116900088 1.3411613702774048 0.7501817941665649
186 1.6565508842468262 6.185981066296261 3.80499267578125 2.6208388805389404 0.4094948172569275 2.079527116900088 1.3411613702774048 0.7501817941665649
187 1.6541450023651123 6.17357280207141 3.800053119659424 2.619588851928711 0.40895336866378784 2.059030179094767 1.315250039100647 0.7355194687843323
188 1.6548857688903809 6.170980613601275 3.796844005584717 2.620363473892212 0.41198453307151794 2.0655656187340803 1.314760684967041 0.7321867942810059
189 1.655285120010376 6.173448874720356 3.798159599304199 2.623368501663208 0.41199326515197754 2.06654548368406 1.30938720703125 0.7245414853096008
190 1.654877781867981 6.17359536343708 3.7977845668792725 2.62257981300354 0.4115563929080963 2.065318296418073 1.3084783554077148 0.7245813012123108
191 1.654877781867981 6.17359536343708 3.7977845668792725 2.62257981300354 0.4115563929080963 2.065318296418073 1.3084783554077148 0.7245813012123108
192 1.6538615226745605 6.170676798966496 3.797699213027954 2.622853994369507 0.409656822681427 2.0638122938254924 1.3056917190551758 0.7207033634185791
193 1.6535238027572632 6.170624991715325 3.7981550693511963 2.6226940155029297 0.4105607867240906 2.065014226252039 1.3065745830535889 0.719214677810669
194 1.6538435220718384 6.086577600579623 3.7971296310424805 2.6242902278900146 0.40911298990249634 2.3226624325926997 1.3300247192382813 0.7253387570381165
195 1.6538434028625488 6.086577443643828 3.796665668487549 2.6242902278900146 0.4091131389141083 2.3226636616021117 1.3358668088912964 0.725339412689209
196 1.6538434028625488 6.086577443643828 3.796665668487549 2.6242902278900146 0.4091131389141083 2.3226636616021117 1.3358668088912964 0.725339412689209
197 1.652277946472168 6.088744399345914 3.796902894973755 2.6235480308532715 0.42379048466682434 2.3290416793457456 1.3351160287857056 0.7284677624702454
198 1.6502407789230347 6.0861096124844964 3.7980730533599854 2.622049331665039 0.4121655225753784 2.3326654534258644 1.3341386318206787 0.7261173129081726
199 1.6493074893951416 6.083653313088831 3.796782970428467 2.622314453125 0.4142802655696869 2.3394044966389655 1.3389397859573364 0.7274326086044312
200 1.6469191312789917 6.084558496458835 3.7964560985565186 2.6226437091827393 0.41009631752967834 2.327755217264289 1.329124927520752 0.7241967916488647
201 1.6469191312789917 6.084558496458835 3.7964560985565186 2.6226437091827393 0.41009631752967834 2.327755217264289 1.329124927520752 0.7241967916488647
202 1.6501179933547974 6.077543244549799 3.797206163406372 2.622786283493042 0.41480666399002075 2.304754807033866 1.324613094329834 0.723136842250824
203 1.6512961387634277 6.077140180315165 3.7971086502075195 2.622835874557495 0.4150359332561493 2.3040497000971194 1.3324244022369385 0.7223096489906311
204 1.6569616794586182 6.076514906218289 3.7964937686920166 2.6218314170837402 0.42459043860435486 2.2990464419469245 1.3309913873672485 0.7261102199554443
205 1.6646249294281006 6.079296827245248 3.7981088161468506 2.6235032081604004 0.4273303151130676 2.303966645701598 1.325555443763733 0.7208495736122131
206 1.6646249294281006 6.079296827245248 3.7981088161468506 2.6235032081604004 0.4273303151130676 2.303966645701598 1.325555443763733 0.7208495736122131
207 1.6646249294281006 6.079296827245248 3.7981088161468506 2.6235032081604004 0.4273303151130676 2.303966645701598 1.325555443763733 0.7208495736122131
208 1.664182186126709 6.076187095775885 3.795436143875122 2.623438596725464 0.4118943214416504 2.316073234375098 1.300419569015503 0.7216501832008362
209 1.664182186126709 6.073423376616106 3.795436143875122 2.623438596725464 0.4118943214416504 2.3273068792660636 1.3019136190414429 0.7216501832008362
210 1.6620969772338867 6.074720613866386 3.788888931274414 2.6231563091278076 0.40195825695991516 2.3273579904744284 1.269349455833435 0.7228983640670776
211 1.6620969772338867 6.074720613866386 3.788888931274414 2.6231563091278076 0.40195825695991516 2.3273579904744284 1.269349455833435 0.7228983640670776
212 1.6584097146987915 6.078436580113729 3.790241003036499 2.6224026679992676 0.4030747413635254 2.34152191520566 1.2798629999160767 0.7273045182228088
213 1.6657887697219849 6.076717569566952 3.794020891189575 2.622992515563965 0.40715673565864563 2.338373090972547 1.2763108015060425 0.7214901447296143
214 1.6657553911209106 6.076769882843018 3.794034004211426 2.6229867935180664 0.4070727527141571 2.3384590277237938 1.2763396501541138 0.7215543985366821
215 1.6664658784866333 6.077471805617016 3.794811248779297 2.6226541996002197 0.4067172706127167 2.3403521660014275 1.2769279479980469 0.7250835299491882
216 1.6664658784866333 6.077471805617016 3.794811248779297 2.6226541996002197 0.4067172706127167 2.3403521660014275 1.2769279479980469 0.7250835299491882
217 1.6680243015289307 6.075571767309628 3.7964766025543213 2.6220362186431885 0.4078082740306854 2.3434073286310295 1.2782055139541626 0.7272277474403381
218 1.6614162921905518 6.085929882756941 3.7932262420654297 2.6229119300842285 0.3967227637767792 2.339427831149896 1.270086407661438 0.7297530174255371
219 1.66157865524292 6.08593651303344 3.7932565212249756 2.622849941253662 0.39287662506103516 2.337785418372176 1.2695668935775757 0.7296103835105896
220 1.6635422706604004 6.081281426945222 3.7918174266815186 2.5315897464752197 0.39782413840293884 2.3375647037516774 1.2936161756515503 1.0011707544326782
221 1.6635422706604004 6.081281426945222 3.7918174266815186 2.5315897464752197 0.39782413840293884 2.3375647037516774 1.2936161756515503 1.0011707544326782
222 1.6634864807128906 6.081115902127478 3.791461706161499 2.531575918197632 0.3971400260925293 2.3393250422187033 1.292731761932373 1.0021731853485107
223 1.6679383516311646 6.072490054847479 3.7926743030548096 2.5312092304229736 0.3989393711090088 2.359424916017343 1.2992067337036133 1.0021491050720215
224 1.6679383516311646 6.072490054847479 3.7925968170166016 2.5312092304229736 0.3989393711090088 2.359424916017343 1.2850987911224365 1.0021491050720215
225 1.6667733192443848 6.048116094768035 3.7938432693481445 2.530482292175293 0.3969564735889435 2.378498517088492 1.283833384513855 1.0027058124542236
226 1.6667733192443848 6.048116094768035 3.7938432693481445 2.530482292175293 0.3969564735889435 2.378498517088492 1.283833384513855 1.0027058124542236
227 1.6670299768447876 6.046352926429168 3.7937846183776855 2.530428647994995 0.3978894054889679 2.3805276304847203 1.3152498006820679 1.003014326095581
228 1.6674351692199707 6.049151281893718 3.794832706451416 2.5298314094543457 0.398152232170105 2.3793797550166964 1.3123455047607422 0.9974448680877686
229 1.6671284437179565 6.0483072595422325 3.795361042022705 2.5296709537506104 0.396803081035614 2.3779637728072247 1.305761694908142 0.9965837597846985
230 1.6671284437179565 6.11755058909431 3.7961206436157227 2.5297017097473145 0.39746224880218506 2.1635668412176288 1.2913707494735718 1.0027621984481812
231 1.6671284437179565 6.11755058909431 3.7961206436157227 2.5297017097473145 0.39746224880218506 2.1635668412176288 1.2913707494735718 1.0027621984481812
232 1.668522834777832 6.11589740177028 3.796321392059326 2.5296428203582764 0.40008097887039185 2.163997652246821 1.2920078039169312 1.0037760734558105
233 1.6712958812713623 5.934729449290675 3.804609775543213 2.530243158340454 0.41326865553855896 2.3225421516749756 1.338806390762329 1.0023397207260132
234 1.6757704019546509 5.936755472057797 3.8035659790039063 2.5315046310424805 0.41567128896713257 2.3358989289729144 1.352620005607605 1.0032858848571777
235 1.6718007326126099 5.9428889721275935 3.803028106689453 2.5317468643188477 0.41907840967178345 2.3178273379106624 1.354766845703125 1.0024535655975342
236 1.6718007326126099 5.9428889721275935 3.803028106689453 2.5317468643188477 0.41907840967178345 2.3178273379106624 1.354766845703125 1.0024535655975342
237 1.6703883409500122 5.952607417454147 3.8039019107818604 2.532071352005005 0.42248448729515076 2.0398053875537316 1.3267478942871094 1.00096595287323
238 1.6703883409500122 6.114738877571806 3.8039019107818604 2.532071352005005 0.42248448729515076 2.438463720841739 1.3759814500808716 1.00096595287323
239 1.66513192653656 6.070086904594089 3.8036131858825684 2.5323128700256348 0.4122573435306549 2.4371488561305767 1.3843939304351807 1.001116156578064
240 1.665051817893982 6.069505768258391 3.8035755157470703 2.5323593616485596 0.41211721301078796 2.4384786677716583 1.3845281600952148 1.001081943511963
241 1.665051817893982 6.069505768258391 3.8035755157470703 2.5323593616485596 0.41211721301078796 2.4384786677716583 1.3845281600952148 1.001081943511963
242 1.6651912927627563 6.068200218595747 3.803760290145874 2.5321106910705566 0.4116069972515106 2.4412564883972245 1.4125474691390991 1.0004584789276123
243 1.66879141330719 6.067446836957579 3.804269552230835 2.5312089920043945 0.4254865348339081 2.4422094291228813 1.4143033027648926 1.0019241571426392
244 1.6705400943756104 6.067114185483187 3.8038065433502197 2.531501293182373 0.42803865671157837 2.4207171626259543 1.4195469617843628 1.0062291622161865
245 1.671664834022522 6.065608227014397 3.806614875793457 2.5312137603759766 0.42521366477012634 2.422849105937599 1.4191303253173828 1.0068315267562866
246 1.671664834022522 6.065608227014397 3.806614875793457 2.5312137603759766 0.42521366477012634 2.422849105937599 1.4191303253173828 1.0068315267562866
247 1.6732847690582275 6.064201843580183 3.8058700561523438 2.5305750370025635 0.4256178140640259 2.4331935223400185 1.4218305349349976 1.0109585523605347
248 1.6727889776229858 6.064203709974139 3.804774045944214 2.5306191444396973 0.4243197441101074 2.4300161245071017 1.431684136390686 1.0089374780654907
249 1.67330801486969 6.064957331946089 3.8039379119873047 2.530294418334961 0.4206458628177643 2.4308971974565923 1.4195570945739746 1.0081266164779663
250 1.6762357950210571 6.060449567040008 3.804791212081909 2.5292510986328125 0.4212356209754944 2.4384938143525527 1.4211750030517578 1.008487343788147
251 1.6762357950210571 6.060449567040008 3.804791212081909 2.5292510986328125 0.4212356209754944 2.4384938143525527 1.4211750030517578 1.008487343788147
252 1.674145221710205 6.093930096982731 3.7992537021636963 2.530590057373047 0.41735348105430603 2.5226219452885053 1.4163408279418945 1.0119895935058594
253 1.6700072288513184 6.099373408344163 3.800417423248291 2.5300683975219727 0.4197273552417755 2.505350056142691 1.4147393703460693 1.0144041776657104
254 1.6697793006896973 6.100526383088258 3.80279803276062 2.5306639671325684 0.41880813241004944 2.504964809308311 1.4105886220932007 1.0132580995559692
255 1.6744048595428467 6.098447462543382 3.7970986366271973 2.457761526107788 0.418971449136734 2.5044100698543352 1.3838306665420532 0.822052001953125
256 1.6744048595428467 6.098447462543382 3.7970986366271973 2.457761526107788 0.418971449136734 2.5044100698543352 1.3838306665420532 0.822052001953125
257 1.6744048595428467 6.098447462543382 3.7970986366271973 2.457761526107788 0.41891708970069885 2.5043599239711796 1.3837890625 0.8220700025558472
258 1.674459457397461 6.095995270431051 3.798133134841919 2.531355142593384 0.4261316955089569 2.5041699961009365 1.4028178453445435 1.0141905546188354
259 1.6741893291473389 6.095980704014639 3.7978603839874268 2.531395673751831 0.4261534512042999 2.5108095703411912 1.386736273765564 1.0141156911849976
260 1.6703780889511108 6.11361182951883 3.805068254470825 2.5349338054656982 0.42203783988952637 2.487659062864125 1.3919243812561035 1.0154967308044434
261 1.6703780889511108 6.11361182951883 3.805068254470825 2.5349338054656982 0.42203783988952637 2.487659062864125 1.3919243812561035 1.0154967308044434
262 1.67202889919281 6.111504406268881 3.8092849254608154 2.53580641746521 0.4207456707954407 2.4902920766522345 1.3860948085784912 1.013808250427246
263 1.6672706604003906 6.157958982053008 3.8163793087005615 2.535040855407715 0.4337601065635681 2.467709063515225 1.3991426229476929 1.0094108581542969
264 1.6667289733886719 6.156369037489852 3.812246084213257 2.5381510257720947 0.4319865107536316 2.464595400183326 1.385499358177185 1.0156900882720947
265 1.6618131399154663 6.146462324587621 3.8165831565856934 2.5372390747070313 0.43568113446235657 2.4622121760881766 1.3751108646392822 1.0203969478607178
266 1.6618131399154663 6.146462324587621 3.8165831565856934 2.5372390747070313 0.43568113446235657 2.4622121760881766 1.3751108646392822 1.0203969478607178
267 1.6530672311782837 6.15584810045066 3.8182213306427 2.5373029708862305 0.42435193061828613 2.4714431677781428 1.383582592010498 1.0235109329223633
268 1.6460387706756592 6.143480285479667 3.8176357746124268 2.5426857471466064 0.41750603914260864 2.4879425961396584 1.3969488143920898 1.0430063009262085
269 1.6460387706756592 6.143480285479667 3.8176357746124268 2.5426857471466064 0.41750603914260864 2.4879425961396584 1.4000332355499268 1.0430063009262085
270 1.6460387706756592 6.143480285479667 3.8176357746124268 2.5426857471466064 0.41750603914260864 2.4879425961396584 1.4000332355499268 1.0430063009262085
271 1.6460387706756592 6.143480285479667 3.8176357746124268 2.5426857471466064 0.41750603914260864 2.4879425961396584 1.4000332355499268 1.0430063009262085
272 1.6390820741653442 6.14476704340551 3.816040277481079 2.544656991958618 0.409044474363327 2.4755915782655578 1.3925254344940186 1.0358384847640991
273 1.6417591571807861 6.13705552719207 3.813183307647705 2.5418760776519775 0.41331782937049866 2.481493258792567 1.394000768661499 1.0354790687561035
274 1.6321239471435547 6.1517221207762685 3.811882257461548 2.544654607772827 0.41336238384246826 2.450946451375081 1.387345552444458 1.0391820669174194
275 1.6324055194854736 6.1456603643055985 3.8089284896850586 2.537045955657959 0.4167439639568329 2.488872548083088 1.3940823078155518 1.0327177047729492
276 1.6324055194854736 6.1456603643055985 3.8089284896850586 2.537045955657959 0.4167439639568329 2.488872548083088 1.3940823078155518 1.0327177047729492
277 1.6340230703353882 6.146711935101642 3.8113765716552734 2.5376651287078857 0.41444632411003113 2.4835992948319787 1.3926962614059448 1.029211401939392
278 1.6334686279296875 6.1472597816901375 3.81136417388916 2.537733554840088 0.41499075293540955 2.48481010670537 1.3947725296020508 1.0301872491836548
279 1.6292517185211182 6.130037721545313 3.8123044967651367 2.537327766418457 0.42174556851387024 1.9749473076262758 1.3336998224258423 1.0322587490081787
280 1.6278584003448486 6.141980656185401 3.8130784034729004 2.53745698928833 0.4180581867694855 1.8025489256802443 1.3169052600860596 1.0319442749023438
281 1.6278584003448486 6.141980656185401 3.8130784034729004 2.53745698928833 0.4180581867694855 1.8025489256802443 1.3169052600860596 1.0319442749023438
282 1.6283303499221802 6.144507901759039 3.8134357929229736 2.53787899017334 0.41270869970321655 1.8005221762477472 1.314595103263855 1.0313234329223633
283 1.6211082935333252 6.123283465732399 3.810544967651367 2.5390210151672363 0.395417720079422 1.945336943652834 1.3058429956436157 1.0252389907836914
284 1.6211023330688477 6.270538638195506 3.8105671405792236 2.5390210151672363 0.3953065276145935 2.22225382526733 1.3380314111709595 1.0252920389175415
285 1.6202669143676758 6.270407630475165 3.811230421066284 2.5387346744537354 0.3952503204345703 2.2186243534782166 1.3403117656707764 1.0259356498718262
286 1.6202669143676758 6.270407630475165 3.811230421066284 2.5387346744537354 0.3952503204345703 2.2186243534782166 1.3403117656707764 1.0259356498718262
287 1.6150574684143066 6.257327412776301 3.804562568664551 2.53971529006958 0.3903607130050659 2.2124440173811957 1.3202728033065796 1.022465705871582
288 1.6138026714324951 6.149814739667492 3.8045804500579834 2.540072441101074 0.39087456464767456 2.1637214274294467 1.31389582157135 1.0232902765274048
289 1.6173498630523682 6.142947406447934 3.803899049758911 2.5356340408325195 0.40776798129081726 2.1619828583707834 1.329373836517334 1.0365972518920898
290 1.6333063840866089 6.129337891624433 3.8091299533843994 2.5318820476531982 0.4238432049751282 2.2276489617032054 1.4278286695480347 1.0446321964263916
291 1.6333063840866089 6.129337891624433 3.8091299533843994 2.5318820476531982 0.4238432049751282 2.2276489617032054 1.4278286695480347 1.0446321964263916
292 1.6303644180297852 6.12577488180764 3.808573007583618 2.5315918922424316 0.42479532957077026 2.2250820423487645 1.4728933572769165 1.035228967666626
293 1.6303600072860718 6.133294775467849 3.805433988571167 2.532923460006714 0.42374294996261597 2.215346065453006 1.4777041673660278 1.0323517322540283
294 1.6195024251937866 6.135688254608194 3.7878551483154297 2.5350818634033203 0.4196650981903076 2.200610236829634 1.4760123491287231 1.029240608215332
295 1.6230124235153198 6.141324459502423 3.7890894412994385 2.534470558166504 0.42265942692756653 2.208987917819487 1.4765429496765137 1.0326142311096191
296 1.6230124235153198 6.141324459502423 3.7890894412994385 2.534470558166504 0.42265942692756653 2.208987917819487 1.4765429496765137 1.0326142311096191
297 1.621785044670105 6.14238073195292 3.7891201972961426 2.5346579551696777 0.4219147264957428 2.2071457762379554 1.4639867544174194 1.0316386222839355
298 1.6193795204162598 6.137144472035598 3.7863919734954834 2.5330090522766113 0.4081798493862152 2.066825472159288 1.4491552114486694 1.0313786268234253
299 1.616254210472107 6.144697290370577 3.7866451740264893 2.534658193588257 0.40285953879356384 2.05804433371618 1.5037205219268799 1.0270960330963135
300 1.6099599599838257 6.119907683340116 3.781968593597412 2.5326569080352783 0.3952713906764984 2.083282598792561 1.4994173049926758 1.0250952243804932
301 1.6099599599838257 6.119907683340116 3.781968593597412 2.5326569080352783 0.3952713906764984 2.083282598792561 1.4994173049926758 1.0250952243804932
302 1.609935998916626 6.1124574717407905 3.781899929046631 2.532663106918335 0.39481091499328613 2.081938822389106 1.4989490509033203 1.025201439857483
303 1.6066759824752808 6.119217531650462 3.7803292274475098 2.528977394104004 0.3912505805492401 2.061665456894598 1.4996397495269775 1.0243526697158813
304 1.6100581884384155 6.107511747457489 3.77831768989563 2.5288381576538086 0.37941399216651917 2.0804199206803045 1.4896663427352905 1.022052526473999
305 1.607962965965271 6.124889391513638 3.775245189666748 2.5285439491271973 0.380939245223999 2.0833793796176874 1.495984435081482 1.019829511642456
306 1.607962965965271 6.124889391513638 3.775245189666748 2.5285439491271973 0.380939245223999 2.0833793796176874 1.495984435081482 1.019829511642456
307 1.599114179611206 6.1244716565428785 3.7735347747802734 2.527766227722168 0.3885400593280792 2.083572566396757 1.481807827949524 1.0121581554412842
308 1.6381778717041016 6.083000755665139 3.7765612602233887 2.518897771835327 0.41163378953933716 2.1830123006912654 1.4696977138519287 1.0339277982711792
309 1.6381778717041016 6.082922149079312 3.7765612602233887 2.518897771835327 0.41163378953933716 2.1827613819093306 1.450570821762085 1.0339277982711792
310 1.6390080451965332 6.082231900713259 3.775742769241333 2.517854928970337 0.40142539143562317 2.174508763122757 1.4398462772369385 1.0316091775894165
311 1.6390080451965332 6.082231900713259 3.775742769241333 2.517854928970337 0.40142539143562317 2.174508763122757 1.4398462772369385 1.0316091775894165
312 1.6358847618103027 6.086196024798198 3.7753171920776367 2.511209726333618 0.3971613943576813 2.177603251352839 1.4407007694244385 1.01580810546875
313 1.635144591331482 6.085824707913558 3.775308847427368 2.511322021484375 0.3968237638473511 2.1778356449781047 1.444209337234497 1.0159465074539185
314 1.635144591331482 6.084844479150496 3.7754738330841064 2.511322021484375 0.3968237638473511 2.1816226415212028 1.4342416524887085 1.0159465074539185
315 1.635767936706543 6.083113727791258 3.775245189666748 2.5109753608703613 0.3970189690589905 2.182376693330521 1.4338269233703613 1.016316294670105
316 1.635767936706543 6.083113727791258 3.775245189666748 2.5109753608703613 0.3970189690589905 2.182376693330521 1.4338269233703613 1.016316294670105
317 1.6357473134994507 6.0935449532659165 3.7708494663238525 2.4404091835021973 0.3983759880065918 2.169336539667837 1.4060593843460083 0.8354652523994446
318 1.6054221391677856 6.084372737400428 3.7683050632476807 2.4467921257019043 0.3839215040206909 2.1678868825491584 1.4061651229858398 0.840581476688385
319 1.6049728393554688 6.080477903491759 3.7700159549713135 2.4451663494110107 0.3814093768596649 2.1741371211416003 1.4073505401611328 0.8438525199890137
320 1.6046905517578125 6.079868042984635 3.768789291381836 2.4451165199279785 0.38080722093582153 2.174220179722281 1.4170942306518555 0.8436864018440247
321 1.6046905517578125 6.079868042984635 3.768789291381836 2.4451165199279785 0.38080722093582153 2.174220179722281 1.4170942306518555 0.8436864018440247
322 1.6045575141906738 6.080354029486993 3.7692184448242188 2.4451985359191895 0.3803830146789551 2.174557213206992 1.4173600673675537 0.843647301197052
323 1.6153318881988525 6.088235444712902 3.78481388092041 2.4423587322235107 0.3842943012714386 2.1667001170472817 1.435600757598877 0.8382352590560913
324 1.615060806274414 6.074823649939879 3.781461238861084 2.4431166648864746 0.3816872537136078 2.1767023255064837 1.439705729484558 0.8492595553398132
325 1.6265093088150024 6.074224288615577 3.78117036819458 2.442811965942383 0.3904005289077759 2.163221825322461 1.431788682937622 0.8540297746658325
326 1.6265093088150024 6.074224288615577 3.78117036819458 2.442811965942383 0.3904005289077759 2.163221825322461 1.431788682937622 0.8540297746658325
327 1.6260015964508057 6.077947786401706 3.785107135772705 2.442289113998413 0.39192304015159607 2.168439451162833 1.4380362033843994 0.8534620404243469
328 1.626006007194519 6.080202043655428 3.7800915241241455 2.4413363933563232 0.40013787150382996 2.164952380702462 1.4502606391906738 0.8573912382125854
329 1.626006007194519 6.080202043655428 3.780278444290161 2.4413363933563232 0.40013787150382996 2.164952380702462 1.450416088104248 0.8573912382125854
330 1.6252696514129639 6.080709970666358 3.7804691791534424 2.4413397312164307 0.3991144895553589 2.1634830956788496 1.4508278369903564 0.8574817180633545
331 1.6252696514129639 6.080709970666358 3.7804691791534424 2.4413397312164307 0.3991144895553589 2.1634830956788496 1.4508278369903564 0.8574817180633545
332 1.619902491569519 6.06415839088996 3.775580644607544 2.4426915645599365 0.38678425550460815 2.180587297392077 1.4089003801345825 0.853262186050415
333 1.6246724128723145 6.0562034827443645 3.7752575874328613 2.4424777030944824 0.3862884044647217 2.1833519250003763 1.4083833694458008 0.8599827885627747
334 1.6246724128723145 6.0562034827443645 3.7749428749084473 2.4424777030944824 0.3862884044647217 2.1833519250003763 1.4117292165756226 0.8599827885627747
335 1.6250555515289307 6.056015743873992 3.7740399837493896 2.4411990642547607 0.3867226541042328 2.1832817525107773 1.4115763902664185 0.8613555431365967
336 1.6250555515289307 6.056015743873992 3.7740399837493896 2.4411990642547607 0.3867226541042328 2.1832817525107773 1.4115763902664185 0.8613555431365967
337 1.6281665563583374 6.067865306678221 3.7792701721191406 2.442739725112915 0.3985849618911743 2.1798566834443975 1.441512107849121 0.8743054270744324
338 1.6301939487457275 6.0682558110563 3.777838706970215 2.441694736480713 0.40219131112098694 2.1705669331326423 1.4390196800231934 0.8760420680046082
339 1.6294337511062622 6.0689891254017985 3.7853281497955322 2.4422881603240967 0.4113067388534546 2.1625366681280496 1.4666458368301392 0.8732073903083801
340 1.6212297677993774 6.074069472626046 3.7745659351348877 2.4552018642425537 0.4057094156742096 2.1433572191522297 1.460560917854309 0.8604105114936829
341 1.6212297677993774 6.074069472626046 3.7745659351348877 2.4552018642425537 0.4057094156742096 2.1433572191522297 1.460560917854309 0.8604105114936829
342 1.6246650218963623 6.062611501760289 3.773325204849243 2.452878713607788 0.4084692597389221 2.1558133911107493 1.4297038316726685 0.8588551878929138
343 1.6278104782104492 6.058317201077621 3.7727699279785156 2.4519970417022705 0.41464993357658386 2.1557045327961144 1.4305306673049927 0.8568999767303467
344 1.631949782371521 6.058641904662014 3.7762296199798584 2.4516634941101074 0.41358792781829834 2.165353238312681 1.4229568243026733 0.8588541746139526
345 1.6422291994094849 6.059307886233827 3.7787346839904785 2.4533634185791016 0.4183425307273865 2.179950496612337 1.4206022024154663 0.8568151593208313
346 1.6422897577285767 6.05835503981832 3.7786343097686768 2.453401565551758 0.41850745677948 2.179504892009013 1.4206045866012573 0.8570680022239685
347 1.6468878984451294 6.052313759860066 3.780832290649414 2.4513938426971436 0.4191100299358368 2.1876619740150494 1.4198204278945923 0.861332893371582
348 1.64737069606781 6.052810580807268 3.7793781757354736 2.451922655105591 0.420351505279541 2.1902472946359217 1.4325578212738037 0.8660311102867126
349 1.645835041999817 6.002517401394487 3.779170036315918 2.452298641204834 0.4177114963531494 2.2628247524252143 1.4400781393051147 0.8663374185562134
350 1.6513820886611938 5.99947068994752 3.7934463024139404 2.449849843978882 0.42679640650749207 2.2580110542265137 1.4514411687850952 0.8801071047782898
351 1.6513820886611938 5.99947068994752 3.7934463024139404 2.449849843978882 0.42679640650749207 2.2580110542265137 1.4514411687850952 0.8801071047782898
352 1.6596705913543701 5.998164790398925 3.792147397994995 2.45023250579834 0.43341323733329773 2.2542983801325205 1.4552785158157349 0.9050309658050537
353 1.6594994068145752 5.998168873380228 3.791109800338745 2.4478745460510254 0.43081870675086975 2.2559381992352363 1.4492859840393066 0.9107574820518494
354 1.6575312614440918 5.999693213786318 3.7908074855804443 2.459540367126465 0.43310055136680603 2.2598654931835105 1.4553951025009155 0.8945803046226501
355 1.6632424592971802 5.989396006392599 3.794640302658081 2.458672046661377 0.432297021150589 2.273170066866863 1.4498231410980225 0.8987866044044495
356 1.6632424592971802 5.989396006392599 3.794640302658081 2.458672046661377 0.432297021150589 2.273170066866863 1.4498231410980225 0.8987866044044495
357 1.6633071899414063 6.207205449507074 3.794649600982666 2.458622455596924 0.432170033454895 2.7085693931192742 1.5047029256820679 0.8990256190299988
358 1.6639419794082642 6.208269072348263 3.7969608306884766 2.458298683166504 0.43323156237602234 2.7084599856329596 1.5066574811935425 0.900761067867279
359 1.6589652299880981 6.202833169263373 3.7967936992645264 2.459540367126465 0.41654109954833984 2.6747574672531886 1.477854609489441 0.8924803733825684
360 1.654801845550537 6.201564035288475 3.7957870960235596 2.460136890411377 0.41244155168533325 2.6795663064672075 1.4818003177642822 0.8972470164299011
361 1.654801845550537 6.201564035288475 3.7957870960235596 2.460136890411377 0.41244155168533325 2.6795663064672075 1.4818003177642822 0.8972470164299011
362 1.654801845550537 6.306410688313242 3.7950289249420166 2.460136890411377 0.41244155168533325 2.618970966283271 1.4740536212921143 0.8972470164299011
363 1.6428383588790894 6.206160475508596 3.7945327758789063 2.458634376525879 0.4031391143798828 2.0910726733850495 1.406768560409546 0.8676230311393738
364 1.6399770975112915 6.311826599620239 3.788590669631958 2.4589006900787354 0.39498209953308105 2.090589378937955 1.3822323083877563 0.8665064573287964
365 1.6363296508789063 6.221482093859215 3.790921926498413 2.459616184234619 0.3895420432090759 2.5950336090175803 1.4445843696594238 0.8648974299430847
366 1.6363296508789063 6.221482093859215 3.790921926498413 2.459616184234619 0.3895420432090759 2.5950336090175803 1.4445843696594238 0.8648974299430847
367 1.635114073753357 6.2313869303379805 3.7901740074157715 2.4577698707580566 0.40189674496650696 2.2242321035101247 1.377769947052002 0.858669638633728
368 1.6351886987686157 6.236692075812504 3.789602279663086 2.4575717449188232 0.40225282311439514 2.231396111164648 1.37705397605896 0.8588311076164246
369 1.6447322368621826 6.295854425473377 3.7881920337677 2.460507869720459 0.4175789952278137 2.2957993191408725 1.4245291948318481 0.8646842837333679
370 1.6443231105804443 6.29757530387023 3.7894814014434814 2.456515312194824 0.4071117341518402 2.2996951091635083 1.4169270992279053 0.837826669216156
371 1.6443231105804443 6.29757530387023 3.7894814014434814 2.456515312194824 0.4071117341518402 2.2996951091635083 1.4169270992279053 0.837826669216156
372 1.6532232761383057 6.267867735282105 3.7919812202453613 2.455064058303833 0.4261587858200073 2.2663619075387977 1.4365860223770142 0.8434385061264038
373 1.6477137804031372 6.111411211576742 3.798654079437256 2.45925235748291 0.4133402705192566 1.926493457661802 1.412377119064331 0.834721565246582
374 1.647819995880127 6.104784004692284 3.798323392868042 2.4592339992523193 0.4159255921840668 2.52242765196921 1.5124675035476685 0.8350168466567993
375 1.645603895187378 5.970751999436256 3.797844886779785 2.4599428176879883 0.4136465787887573 1.9734763385200202 1.450716257095337 0.83806312084198
376 1.645603895187378 5.970751999436256 3.797844886779785 2.4599428176879883 0.4136465787887573 1.9734763385200202 1.450716257095337 0.83806312084198
377 1.6457946300506592 6.095770124772143 3.800412654876709 2.459775447845459 0.4065462052822113 2.4347478774520517 1.4864205121994019 0.8371463418006897
378 1.6463555097579956 6.094571685473589 3.8005659580230713 2.4590940475463867 0.4086660146713257 2.4353682416849067 1.4940288066864014 0.8364652395248413
379 1.6443426609039307 6.099001256578477 3.8019280433654785 2.460608959197998 0.40076127648353577 2.429081787260205 1.4912726879119873 0.8284955620765686
380 1.6449638605117798 5.957949805066202 3.8020989894866943 2.4607884883880615 0.40056952834129333 2.329525273480408 1.4533929824829102 0.8275524973869324
381 1.6449638605117798 5.957949805066202 3.8020989894866943 2.4607884883880615 0.40056952834129333 2.329525273480408 1.4533929824829102 0.8275524973869324
382 1.6454598903656006 5.957164801354512 3.8036880493164063 2.4602129459381104 0.4005337655544281 2.332241532489146 1.458692193031311 0.8292010426521301
383 1.6454598903656006 5.957164801354512 3.8034887313842773 2.46144437789917 0.4005337655544281 2.332241532489146 1.4589170217514038 0.8313688635826111
384 1.6351945400238037 5.936639886088434 3.786832094192505 2.4635016918182373 0.3767401874065399 2.3278319613841476 1.4476256370544434 0.8360119462013245
385 1.6404695510864258 5.938464785954448 3.798285722732544 2.463460683822632 0.38104069232940674 2.3227108948094783 1.4457083940505981 0.8366494178771973
386 1.6404695510864258 5.938464785954448 3.798285722732544 2.463460683822632 0.38104069232940674 2.3227108948094783 1.4457083940505981 0.8366494178771973
387 1.6449235677719116 5.949139212616845 3.801254987716675 2.461982488632202 0.3847823441028595 2.311313700156172 1.4441026449203491 0.8387766480445862
388 1.651313066482544 5.9378454162051995 3.7879323959350586 2.4601516723632813 0.4198567271232605 2.334410213940288 1.4848092794418335 0.8491847515106201
389 1.6548957824707031 5.935744960220665 3.8004543781280518 2.460409164428711 0.4353885054588318 2.3344149353631214 1.5141113996505737 0.8464991450309753
390 1.6581332683563232 5.928135677357942 3.7921814918518066 2.4589498043060303 0.4487724006175995 2.3674381049861593 1.5155165195465088 0.8707983493804932
391 1.6581332683563232 5.928135677357942 3.7921814918518066 2.4589498043060303 0.4487724006175995 2.3674381049861593 1.5155165195465088 0.8707983493804932
392 1.656164526939392 5.9064601728291155 3.793034791946411 2.459117889404297 0.44017013907432556 2.3749777380381496 1.5139108896255493 0.8697832822799683
393 1.6586601734161377 5.899516857396668 3.799891233444214 2.458684206008911 0.4066317081451416 2.3015822167367634 1.4652135372161865 0.8565353751182556
394 1.6528359651565552 6.066103084358183 3.798966646194458 2.4585509300231934 0.40399518609046936 2.6014294587168783 1.4914849996566772 0.8496188521385193
395 1.652604103088379 6.063694570229358 3.798462152481079 2.4571316242218018 0.41148608922958374 2.6037634949688147 1.4991222620010376 0.8514110445976257
396 1.652604103088379 6.063694570229358 3.798462152481079 2.4571316242218018 0.41148608922958374 2.6037634949688147 1.4991222620010376 0.8514110445976257
397 1.652703046798706 6.063559338445567 3.798543691635132 2.457120418548584 0.41153377294540405 2.6037722476011558 1.4993237257003784 0.8513529896736145
398 1.6524758338928223 6.0263874910466315 3.7982981204986572 2.4570605754852295 0.41035741567611694 2.3033959147150522 1.4518752098083496 0.8513466715812683
399 1.6419076919555664 6.001036124320361 3.7922070026397705 2.4593372344970703 0.39603936672210693 2.2934553352134355 1.4431613683700562 0.8254005908966064
400 1.6425132751464844 6.069500287137681 3.792600393295288 2.459394931793213 0.3967735171318054 2.6010883485331573 1.4720590114593506 0.8254055976867676
401 1.6425132751464844 6.069500287137681 3.792600393295288 2.459394931793213 0.3967735171318054 2.6010883485331573 1.4720590114593506 0.8254055976867676
402 1.6483452320098877 6.076085389914139 3.79418683052063 2.459336757659912 0.40995243191719055 2.6023670762998976 1.4887388944625854 0.853361189365387
403 1.657823920249939 6.126223277368214 3.792649745941162 2.460695743560791 0.4210149943828583 2.50649098379782 1.487489104270935 0.8443436026573181
404 1.6545530557632446 6.034346729709467 3.7905611991882324 2.4631645679473877 0.42036786675453186 2.5106005860573086 1.5015819072723389 0.8619821071624756
405 1.6531559228897095 6.0311465100473 3.7767574787139893 2.4572861194610596 0.38808673620224 2.51888856372175 1.45265793800354 0.8667382597923279
406 1.6531559228897095 6.0311465100473 3.7767574787139893 2.4572861194610596 0.38808673620224 2.51888856372175 1.45265793800354 0.8667382597923279
407 1.653834342956543 6.008307857735486 3.7801008224487305 2.4577748775482178 0.39115652441978455 2.340455595641303 1.438154697418213 0.8696078062057495
408 1.651358962059021 6.0109436041161395 3.775108814239502 2.463465452194214 0.3912945091724396 2.335973310029867 1.4376356601715088 0.8580377697944641
409 1.65423583984375 6.008988858236249 3.7749691009521484 2.463550329208374 0.3882575035095215 2.3418940664135675 1.438315749168396 0.8581491708755493
410 1.655658483505249 6.006958252060826 3.776136875152588 2.463009834289551 0.3906968832015991 2.34118377686076 1.4320539236068726 0.8597073554992676
411 1.655658483505249 6.006958252060826 3.776136875152588 2.463009834289551 0.3906968832015991 2.34118377686076 1.4320539236068726 0.8597073554992676
412 1.6565401554107666 5.90530550883607 3.774954080581665 2.522125244140625 0.3934192359447479 2.5223601770116972 1.4462578296661377 0.6071296334266663
413 1.6657171249389648 5.891951378247735 3.774080753326416 2.522803544998169 0.3880613148212433 2.48809513064842 1.434414029121399 0.5941982865333557
414 1.6615818738937378 5.90166375499559 3.778748035430908 2.5223519802093506 0.3832225501537323 2.500238433273634 1.419519066810608 0.5206785798072815
415 1.6545475721359253 5.905499360464117 3.767101526260376 2.5246434211730957 0.39028048515319824 2.467062882353182 1.4234164953231812 0.524550199508667
416 1.6545475721359253 5.905499360464117 3.767101526260376 2.5246434211730957 0.39028048515319824 2.467062882353182 1.4234164953231812 0.524550199508667
417 1.6569340229034424 5.910360296110051 3.7657558917999268 2.524714708328247 0.396172434091568 2.452218331829529 1.422412395477295 0.5248090624809265
418 1.6587175130844116 5.914189653689816 3.7647032737731934 2.525940179824829 0.39383119344711304 2.4442889853545418 1.4196351766586304 0.5238151550292969
419 1.649390459060669 5.915671400600465 3.76126766204834 2.5232603549957275 0.39211976528167725 2.450361259557898 1.4169371128082275 0.5310431718826294
420 1.650994896888733 5.919510679314485 3.763185501098633 2.5220084190368652 0.3933289349079132 2.452193159422522 1.4154245853424072 0.5215702652931213
421 1.650994896888733 5.919510679314485 3.763185501098633 2.5220084190368652 0.3933289349079132 2.452193159422522 1.4154245853424072 0.5215702652931213
422 1.6532073020935059 5.917901090670925 3.7682037353515625 2.5222208499908447 0.3897477388381958 2.4561848575958938 1.422885775566101 0.5181748270988464
423 1.6515945196151733 5.918357067535399 3.7679808139801025 2.5222067832946777 0.3870917558670044 2.4569504642249194 1.4223486185073853 0.518497884273529
424 1.6488077640533447 5.919779146790781 3.7701261043548584 2.521815776824951 0.3835698664188385 2.4537278128148095 1.4212462902069092 0.5217249393463135
425 1.6514471769332886 5.918468569038424 3.77069354057312 2.5216410160064697 0.3866765797138214 2.4619303053239423 1.4213520288467407 0.5205148458480835
426 1.6514471769332886 5.918468569038424 3.77069354057312 2.5216410160064697 0.3866765797138214 2.4619303053239423 1.4213520288467407 0.5205148458480835
427 1.6529167890548706 5.9175125970312585 3.7711825370788574 2.521646738052368 0.387479305267334 2.4629847114689793 1.4217873811721802 0.523587703704834
428 1.6452709436416626 5.926620149109885 3.7729756832122803 2.5210442543029785 0.3843783140182495 2.4799005783705987 1.4191073179244995 0.5223578810691833
429 1.6649175882339478 5.93425874542222 3.7704498767852783 2.523289203643799 0.40770477056503296 2.5218249214900794 1.4137147665023804 0.5381801128387451
430 1.667039394378662 5.940250971970023 3.785033702850342 2.5211215019226074 0.3942204713821411 2.5310298160023463 1.409913182258606 0.5234389305114746
431 1.667039394378662 5.940250971970023 3.785033702850342 2.5211215019226074 0.3942204713821411 2.5310298160023463 1.409913182258606 0.5234389305114746
432 1.6678968667984009 5.9730705922166285 3.7908129692077637 2.518878221511841 0.3963162899017334 2.502421212942375 1.409111499786377 0.5338985919952393
433 1.6642346382141113 5.975716565729139 3.7921175956726074 2.5190277099609375 0.39199498295783997 2.4998665954842636 1.4036784172058105 0.5290570855140686
434 1.6628872156143188 5.959898200914305 3.7879765033721924 2.5217809677124023 0.3876710832118988 2.5274809217291287 1.4043751955032349 0.5328080654144287
435 1.6645574569702148 5.957732714203235 3.7873928546905518 2.521101474761963 0.3903631567955017 2.5308683097355 1.4046270847320557 0.5354955196380615
436 1.6645574569702148 5.957732714203235 3.7873928546905518 2.521101474761963 0.3903631567955017 2.5308683097355 1.4046270847320557 0.5354955196380615
437 1.6664856672286987 5.971064590011838 3.7922022342681885 2.5217559337615967 0.3880799114704132 2.5291808717284687 1.405074119567871 0.5441814661026001
438 1.6673791408538818 5.974081365414699 3.7917401790618896 2.5221221446990967 0.3867745101451874 2.528010189643241 1.4196072816848755 0.5398842692375183
439 1.6533516645431519 5.989641631265125 3.787881851196289 2.5255331993103027 0.3823794722557068 2.5073741621408003 1.410189151763916 0.5332639217376709
440 1.655041217803955 5.987331150271609 3.7871882915496826 2.5382094383239746 0.38202381134033203 2.5024443308097233 1.4085394144058228 0.5569726228713989
441 1.655041217803955 5.987331150271609 3.7871882915496826 2.5382094383239746 0.38202381134033203 2.5024443308097233 1.4085394144058228 0.5569726228713989
442 1.6505179405212402 5.989891399567794 3.788578748703003 2.536734104156494 0.3895867168903351 2.516468132862592 1.4190208911895752 0.560322642326355
443 1.6507169008255005 5.990796857491827 3.7876291275024414 2.537930488586426 0.39520561695098877 2.5054182574478387 1.4205063581466675 0.581493079662323
444 1.644316554069519 5.972929781292803 3.7850472927093506 2.540423631668091 0.38374587893486023 2.5130328712407195 1.4195005893707275 0.5448522567749023
445 1.6479442119598389 5.990129324971439 3.7920875549316406 2.5392332077026367 0.3844413459300995 2.502123888135986 1.4020150899887085 0.5515353679656982
446 1.6479442119598389 5.990129324971439 3.7920875549316406 2.5392332077026367 0.3844413459300995 2.502123888135986 1.4020150899887085 0.5515353679656982
447 1.6498786211013794 6.001940096333955 3.790525197982788 2.541492462158203 0.38737979531288147 2.483497467606718 1.405490756034851 0.554055392742157
448 1.649962067604065 5.99625646131142 3.790470600128174 2.541531562805176 0.3882244825363159 2.5044780938129394 1.3703409433364868 0.5539649128913879
449 1.6501290798187256 5.996125003870957 3.790440797805786 2.5414812564849854 0.38853880763053894 2.5045710556644023 1.3703709840774536 0.5540329813957214
450 1.648437261581421 5.998770304106684 3.7899556159973145 2.5416321754455566 0.3829483985900879 2.5026277084905426 1.3430112600326538 0.5486299991607666
451 1.6557573080062866 5.995232273246866 3.790461540222168 2.541688919067383 0.39375215768814087 2.500321628856002 1.3503245115280151 0.5667981505393982
452 1.6558146476745605 5.995709125884684 3.7904253005981445 2.54156494140625 0.3935914933681488 2.5015586060218613 1.3731300830841064 0.5684912204742432
453 1.6559611558914185 5.995256452106869 3.7909533977508545 2.5412395000457764 0.3931356966495514 2.5024779176262903 1.3546152114868164 0.5696006417274475
454 1.658567190170288 5.992991426747491 3.7974677085876465 2.4671621322631836 0.3947920799255371 2.510177172852823 1.3716121912002563 0.859391987323761
455 1.65884530544281 5.978242217929208 3.8008973598480225 2.4625813961029053 0.39474010467529297 2.525255404439013 1.3771088123321533 0.8720535635948181
456 1.65884530544281 5.978242217929208 3.8008973598480225 2.4625813961029053 0.39474010467529297 2.525255404439013 1.3771088123321533 0.8720535635948181
457 1.6587761640548706 5.977311871781947 3.8003904819488525 2.462362051010132 0.39335381984710693 2.5276188377027027 1.3597332239151 0.8699967265129089
458 1.6578117609024048 5.970762016573586 3.79768705368042 2.4606986045837402 0.388604074716568 2.5311018563448866 1.3592655658721924 0.8715566396713257
459 1.6564197540283203 5.966607759507192 3.7944881916046143 2.4619557857513428 0.3859991729259491 2.524581700618646 1.3558995723724365 0.8673981428146362
460 1.6707675457000732 5.958558510011827 3.791882038116455 2.4608237743377686 0.3936348855495453 2.5618415343554046 1.3652626276016235 0.8828084468841553
461 1.6707675457000732 5.958558510011827 3.791882038116455 2.4608237743377686 0.3936348855495453 2.5618415343554046 1.3652626276016235 0.8828084468841553
462 1.672700047492981 5.9507500599926315 3.792400598526001 2.4619991779327393 0.40058082342147827 2.5578474823556405 1.3647923469543457 0.8905629515647888
463 1.667126178741455 5.921253199418924 3.7804718017578125 2.4641716480255127 0.3931083679199219 2.555963310188167 1.356892704963684 0.8816749453544617
464 1.6705206632614136 5.918197550623798 3.781960964202881 2.462456226348877 0.39778992533683777 2.556927013650037 1.3593589067459106 0.8854160904884338
465 1.670454502105713 5.90319286665993 3.7741339206695557 2.463139057159424 0.4093779921531677 2.591351466719631 1.3701486587524414 0.908961832523346
466 1.670454502105713 5.90319286665993 3.7741339206695557 2.463139057159424 0.4093779921531677 2.591351466719631 1.3701486587524414 0.908961832523346
467 1.6680437326431274 5.915658955579172 3.7735631465911865 2.4630649089813232 0.41213110089302063 2.577026103340866 1.3712599277496338 0.9032694101333618
468 1.6746156215667725 5.908913390252358 3.7813310623168945 2.463794708251953 0.41427502036094666 2.5956483350169997 1.3748167753219604 0.9062937498092651
469 1.6737735271453857 5.899796864993351 3.779296398162842 2.4636547565460205 0.41877931356430054 2.618955051766656 1.3737620115280151 0.9200849533081055
470 1.6714304685592651 5.9082215081542655 3.782268762588501 2.464233636856079 0.41701242327690125 2.570992150169997 1.3774536848068237 0.9174268245697021
471 1.6714304685592651 5.9082215081542655 3.782268762588501 2.464233636856079 0.41701242327690125 2.570992150169997 1.3774536848068237 0.9174268245697021
472 1.6680996417999268 5.900801774353682 3.7753164768218994 2.4654717445373535 0.4183042645454407 2.558773017290545 1.3767763376235962 0.9175408482551575
473 1.6695361137390137 5.900646822531116 3.7764267921447754 2.466827630996704 0.4173845946788788 2.5241693627140154 1.369673728942871 0.9048458337783813
474 1.67000412940979 5.901622827802083 3.7772088050842285 2.466803550720215 0.4190308749675751 2.5247519533926184 1.3678370714187622 0.9062021970748901
475 1.6699137687683105 5.902085546946421 3.7774341106414795 2.466170310974121 0.41973745822906494 2.5237411764209896 1.3669440746307373 0.9054309129714966
476 1.6699137687683105 5.902085546946421 3.7774341106414795 2.466170310974121 0.41973745822906494 2.5237411764209896 1.3669440746307373 0.9054309129714966
477 1.6704078912734985 5.895211215942225 3.7795536518096924 2.463444232940674 0.4190821647644043 2.5307515733625183 1.370076060295105 0.8930649757385254
478 1.6696422100067139 5.897092340410415 3.77958345413208 2.5588443279266357 0.419925719499588 2.5339459252965937 1.3610725402832031 0.5714154839515686
479 1.677649974822998 5.939365206872389 3.7983558177948 2.556432008743286 0.40897616744041443 2.492710640540249 1.3366693258285522 0.5419296026229858
480 1.6762652397155762 5.912404460980207 3.7911970615386963 2.5565288066864014 0.4157193601131439 2.5301973450759925 1.3441354036331177 0.5672130584716797
481 1.6762652397155762 5.912404460980207 3.7911970615386963 2.5565288066864014 0.4157193601131439 2.5301973450759925 1.3441354036331177 0.5672130584716797
482 1.6703215837478638 5.92118184696766 3.7899553775787354 2.5555918216705322 0.40510138869285583 2.5292913656025986 1.3375600576400757 0.5608732104301453
483 1.6687326431274414 5.922202861471785 3.789698600769043 2.5555307865142822 0.40421542525291443 2.5199426229776236 1.3390772342681885 0.5619304776191711
484 1.6682968139648438 5.9229947308874715 3.7899577617645264 2.555842638015747 0.4065457880496979 2.519637710889876 1.3468592166900635 0.5608845353126526
485 1.6706163883209229 5.911030494658335 3.7906060218811035 2.554234504699707 0.41002222895622253 2.5315476591965056 1.344179630279541 0.5610288381576538
486 1.6706163883209229 5.911030494658335 3.7906060218811035 2.554234504699707 0.41002222895622253 2.5315476591965056 1.344179630279541 0.5610288381576538
487 1.6749881505966187 5.925734109038348 3.7992663383483887 2.553945541381836 0.41026580333709717 2.51718596466703 1.3415607213974 0.553299605846405
488 1.6732817888259888 5.906599060141868 3.797177791595459 2.556337356567383 0.39851775765419006 2.5077046508634626 1.3302013874053955 0.5472466349601746
489 1.6733629703521729 5.9025965657483095 3.7920570373535156 2.5565850734710693 0.39809033274650574 2.491037819428368 1.3218481540679932 0.5460586547851563
490 1.6762505769729614 5.9003344357092535 3.7924153804779053 2.55610990524292 0.40067607164382935 2.4993177599883567 1.3159739971160889 0.550603449344635
491 1.6762505769729614 5.9003344357092535 3.7924153804779053 2.55610990524292 0.40067607164382935 2.4993177599883567 1.3159739971160889 0.550603449344635
492 1.6770603656768799 5.90505703489816 3.7930185794830322 2.5556087493896484 0.4017219543457031 2.4929185298848844 1.2903238534927368 0.5529482364654541
493 1.673105001449585 5.909679590890981 3.791766405105591 2.5557076930999756 0.40070709586143494 2.483935856847281 1.2939410209655762 0.5465712547302246
494 1.6760295629501343 5.909921039402628 3.7911722660064697 2.5560503005981445 0.40289321541786194 2.4894539866177516 1.2974759340286255 0.5471858382225037
495 1.6715748310089111 5.910552564910301 3.7912213802337646 2.5554006099700928 0.4021638035774231 2.4835722456728364 1.29448664188385 0.5487515926361084
496 1.6715748310089111 5.910552564910301 3.7912213802337646 2.5554006099700928 0.4021638035774231 2.4835722456728364 1.29448664188385 0.5487515926361084
497 1.670506238937378 5.901248283601339 3.7920355796813965 2.5556561946868896 0.4201886057853699 2.455429149266912 1.2945877313613892 0.5502408146858215
498 1.6784104108810425 5.907730967841039 3.795084238052368 2.553985357284546 0.43153873085975647 2.4529691884983764 1.3023494482040405 0.5551978349685669
499 1.6845816373825073 5.84668889828995 3.7753708362579346 2.5573184490203857 0.44260257482528687 2.500691502442503 1.3050990104675293 0.5766414999961853
500 1.684609293937683 5.91578688865533 3.7757253646850586 2.557069778442383 0.4424504041671753 2.425734567709584 1.2947880029678345 0.5778355002403259
