init 0.889989972114563 5.197737422645417 3.3178696632385254 2.7417795658111572 0.0 0.0 0.0 0.0
1 0.889989972114563 5.197734124710438 3.3178696632385254 2.7417795658111572 0.0 0.000491287842583699 0.00015512398385908455 0.0
2 0.8832149505615234 5.825658309579182 3.3393046855926514 2.67829966545105 0.23492127656936646 2.321962295939048 0.8965549468994141 0.21635328233242035
3 0.8822816610336304 5.691070216251504 3.324007749557495 2.6860191822052 0.24289827048778534 1.8184159295131428 0.756445050239563 0.25886937975883484
4 0.8881240487098694 6.315957090555816 3.3265206813812256 2.692128896713257 0.2862984240055084 2.099172816285072 0.8183283805847168 0.31057825684547424
5 0.9511240124702454 6.063069327728817 3.341841697692871 2.8963396549224854 0.37257108092308044 2.1035987419069095 0.9297798871994019 1.0113807916641235
6 0.9511240124702454 6.063069327728817 3.341841697692871 2.8963396549224854 0.37257108092308044 2.1035987419069095 0.9297798871994019 1.0113807916641235
7 1.016555666923523 6.37540590590482 3.3616576194763184 2.9720265865325928 0.4881878197193146 2.036212946215505 0.9844575524330139 1.1506150960922241
8 1.0158026218414307 6.371593064772002 3.363293170928955 2.9536423683166504 0.4847525954246521 2.0529665255439684 1.0109955072402954 1.1693568229675293
9 1.0523042678833008 6.118597431104314 3.3949201107025146 2.9268181324005127 0.583983838558197 1.926535818672394 1.1484475135803223 1.145121455192566
10 1.0249874591827393 6.12009340627137 3.375967025756836 2.9655492305755615 0.5198462605476379 1.9490919913997222 1.131591558456421 1.261257529258728
11 1.0249874591827393 6.12009340627137 3.375967025756836 2.9655492305755615 0.5198462605476379 1.9490919913997222 1.131591558456421 1.261257529258728
12 1.036228895187378 6.150377953465501 3.400493621826172 2.969486713409424 0.5400210022926331 1.9980499261084628 1.2034356594085693 1.2510597705841064
13 1.0457017421722412 6.233160567621275 3.4072391986846924 3.0780906677246094 0.5328657627105713 2.0811216590260995 1.2733310461044312 1.4289495944976807
14 1.0728071928024292 6.352285366120797 3.4253854751586914 3.12515926361084 0.5741375684738159 2.1811024375947317 1.3536555767059326 1.504893183708191
15 1.057205080986023 6.34486436991376 3.429050922393799 3.0875914096832275 0.5888012647628784 2.253522863905702 1.4007717370986938 1.5113657712936401
16 1.057205080986023 6.34486436991376 3.429050922393799 3.0875914096832275 0.5888012647628784 2.253522863905702 1.4007717370986938 1.5113657712936401
17 1.0473004579544067 6.3085771547648095 3.468240976333618 3.053401470184326 0.6077425479888916 2.2503658961617266 1.5312000513076782 1.486033320426941
18 1.1135438680648804 6.337935305666088 3.512275218963623 3.1788151264190674 0.6739671230316162 2.3236725832984657 1.6085227727890015 1.625891089439392
19 1.111111044883728 6.163666272004977 3.5031325817108154 3.2014293670654297 0.6662882566452026 2.161942678426604 1.5844323635101318 1.6417614221572876
20 1.150950312614441 6.224853930993201 3.5285513401031494 3.3064754009246826 0.6493757367134094 2.209073479921174 1.6082470417022705 1.634194016456604
21 1.150950312614441 6.224853930993201 3.5285513401031494 3.3064754009246826 0.6493757367134094 2.209073479921174 1.6082470417022705 1.634194016456604
22 1.1072145700454712 6.1823618507335905 3.526285171508789 3.229665994644165 0.6217195987701416 2.2809300225116607 1.6314730644226074 1.6114327907562256
23 1.119218111038208 6.203105976199879 3.5449957847595215 3.259382486343384 0.6259797215461731 2.150669217532358 1.6459975242614746 1.6025320291519165
24 1.1076210737228394 6.328362406013291 3.5483341217041016 3.235776424407959 0.647973895072937 2.3732077383306978 1.7074401378631592 1.635158896446228
25 1.147655725479126 6.338636773557673 3.5831940174102783 3.2806386947631836 0.7191608548164368 2.31969427690201 1.7622653245925903 1.731170654296875
26 1.147655725479126 6.338636773557673 3.5831940174102783 3.2806386947631836 0.7191608548164368 2.31969427690201 1.7622653245925903 1.731170654296875
27 1.1512739658355713 6.330615286029186 3.5620391368865967 3.2369935512542725 0.7302359342575073 2.3359978162279442 1.7263065576553345 1.6181282997131348
28 1.1596784591674805 6.376922639708431 3.5045664310455322 3.231640338897705 0.7421084046363831 2.505593049622339 1.7528413534164429 1.6023223400115967
29 1.2170413732528687 6.593981435946107 3.558668613433838 3.325510025024414 0.8006815910339355 2.6368929002383177 1.8550331592559814 1.670215129852295
30 1.2120996713638306 6.590284631326704 3.5605721473693848 3.331110715866089 0.788987934589386 2.6305736985680612 1.828735113143921 1.6693449020385742
31 1.2120996713638306 6.590284631326704 3.5605721473693848 3.331110715866089 0.788987934589386 2.6305736985680612 1.828735113143921 1.6693449020385742
32 1.2033500671386719 6.586732992670736 3.5545196533203125 3.3179104328155518 0.7808089852333069 2.615722090355692 1.8092265129089355 1.6546921730041504
33 1.1982461214065552 6.584403102660656 3.5501976013183594 3.3131399154663086 0.7726755142211914 2.6098073295034685 1.8073164224624634 1.6456341743469238
34 1.201145052909851 6.60406868751197 3.5613346099853516 3.314042568206787 0.770770251750946 2.6246601646207397 1.828756332397461 1.642769694328308
35 1.2241860628128052 6.591033620619264 3.533101797103882 3.388667583465576 0.7610743045806885 2.6692804317370853 1.79524827003479 1.7160770893096924
36 1.2241860628128052 6.591033620619264 3.533101797103882 3.388667583465576 0.7610743045806885 2.6692804317370853 1.79524827003479 1.7160770893096924
37 1.2467738389968872 6.60622939915536 3.5447871685028076 3.4165282249450684 0.7849365472793579 2.6337089992976455 1.8017922639846802 1.7219916582107544
38 1.2435725927352905 6.609205964868377 3.5428669452667236 3.4169206619262695 0.778529167175293 2.636652367348614 1.7990031242370605 1.7190282344818115
39 1.2349348068237305 6.612368560876174 3.5399043560028076 3.4044699668884277 0.7764257788658142 2.6283831340710155 1.8001006841659546 1.7199881076812744
40 1.2359178066253662 6.6617867908263975 3.540292501449585 3.324812650680542 0.7725854516029358 2.7240607906015564 1.7965784072875977 1.5525447130203247
41 1.2359178066253662 6.6617867908263975 3.540292501449585 3.324812650680542 0.7725854516029358 2.7240607906015564 1.7965784072875977 1.5525447130203247
42 1.236834168434143 6.534706413091562 3.542532205581665 3.3252410888671875 0.7747963666915894 2.444838196350693 1.762220025062561 1.5529245138168335
43 1.244226098060608 6.530614262070671 3.564042091369629 3.3188788890838623 0.7918645739555359 2.4866922543153964 1.8079310655593872 1.5721025466918945
44 1.2446982860565186 6.531734706992044 3.5644335746765137 3.319746494293213 0.7925201058387756 2.4860738826719078 1.8083741664886475 1.5728915929794312
45 1.2463605403900146 6.740308880149709 3.5509040355682373 3.3155887126922607 0.7876191139221191 2.9099000492260965 1.84268319606781 1.5650596618652344
46 1.2463605403900146 6.740308880149709 3.5509040355682373 3.3155887126922607 0.7876191139221191 2.9099000492260965 1.84268319606781 1.5650596618652344
47 1.2494423389434814 6.74232572760094 3.5505893230438232 3.3166544437408447 0.7934151887893677 2.908621139782458 1.8473478555679321 1.5662013292312622
48 1.2396334409713745 6.748424204258017 3.5361788272857666 3.375105381011963 0.7780195474624634 2.918196546781783 1.833219051361084 1.6447746753692627
49 1.2391337156295776 6.747381752999111 3.5204219818115234 3.367610454559326 0.7767931818962097 2.9160903007887473 1.7959409952163696 1.6283921003341675
50 1.2392264604568481 6.747656231563588 3.520440101623535 3.3677079677581787 0.7770337462425232 2.9161898853387833 1.7959973812103271 1.6285269260406494
51 1.2392264604568481 6.747656231563588 3.520440101623535 3.3677079677581787 0.7770337462425232 2.9161898853387833 1.7959973812103271 1.6285269260406494
52 1.2400904893875122 6.744596092173507 3.5180609226226807 3.36826753616333 0.7774879932403564 2.91362816923305 1.7937405109405518 1.628280520439148
53 1.2394201755523682 6.74488178164915 3.5157084465026855 3.368394136428833 0.7760720252990723 2.9138321442047097 1.7892277240753174 1.628456711769104
54 1.2397456169128418 6.744413464655555 3.4932117462158203 3.369203805923462 0.7756621241569519 2.916103702269797 1.737842082977295 1.627274990081787
55 1.23922598361969 6.779363783844934 3.495023488998413 3.371434211730957 0.7741660475730896 2.9425215367228916 1.7481573820114136 1.6286146640777588
56 1.23922598361969 6.779363783844934 3.495023488998413 3.371434211730957 0.7741660475730896 2.9425215367228916 1.7481573820114136 1.6286146640777588
57 1.2396413087844849 6.782920201595044 3.496809482574463 3.3728785514831543 0.7747882008552551 2.9448151994582603 1.751096248626709 1.6301300525665283
58 1.2325539588928223 6.753051552815503 3.486569404602051 3.372141122817993 0.778538703918457 2.9428639418241724 1.7477436065673828 1.6856247186660767
59 1.2342716455459595 6.769371963615411 3.4885873794555664 3.373293876647949 0.7803860902786255 2.942086755804952 1.7469801902770996 1.6874313354492188
60 1.238787055015564 6.941634574642405 3.478022813796997 3.365997314453125 0.7803174257278442 3.077824618995082 1.7521910667419434 1.6636226177215576
61 1.238787055015564 6.941634574642405 3.478022813796997 3.365997314453125 0.7803174257278442 3.077824618995082 1.7521910667419434 1.6636226177215576
62 1.2328381538391113 6.990387471405766 3.4773290157318115 3.365232467651367 0.7696720361709595 3.0471845273372513 1.7435694932937622 1.6667715311050415
63 1.233237385749817 6.990277427373101 3.4773168563842773 3.3651928901672363 0.7701154947280884 3.0472477434144096 1.7435935735702515 1.6667588949203491
64 1.2341912984848022 6.772030783815421 3.471301794052124 3.3024044036865234 0.7710978984832764 2.6289028683556857 1.6620670557022095 1.5872305631637573
65 1.238180160522461 6.769815946055354 3.4838318824768066 3.30228590965271 0.7774990797042847 2.6254791735034133 1.6867746114730835 1.5868279933929443
66 1.238180160522461 6.769815946055354 3.4838318824768066 3.30228590965271 0.7774990797042847 2.6254791735034133 1.6867746114730835 1.5868279933929443
67 1.2359412908554077 6.761134002140563 3.4871904850006104 3.2979657649993896 0.7698768377304077 2.649918046665081 1.689664363861084 1.5574696063995361
68 1.235905647277832 6.761377792980499 3.486452341079712 3.2980380058288574 0.7698739171028137 2.6501173304569945 1.690782070159912 1.5575519800186157
69 1.235399603843689 6.711021637697853 3.487637996673584 3.3008716106414795 0.7690446376800537 2.6747029353854574 1.69651198387146 1.5631688833236694
70 1.233388066291809 6.711222159720177 3.5056138038635254 3.3009774684906006 0.7666211724281311 2.674737087091849 1.7424870729446411 1.5647993087768555
71 1.233388066291809 6.711222159720177 3.5056138038635254 3.3009774684906006 0.7666211724281311 2.674737087091849 1.7424870729446411 1.5647993087768555
72 1.234274983406067 6.756908163689989 3.507880449295044 3.3007495403289795 0.7664157152175903 2.7255258234861355 1.7546511888504028 1.56442391872406
73 1.253784418106079 6.728097888929099 3.502732515335083 3.2446982860565186 0.7904672622680664 2.698802499479959 1.7212800979614258 1.4165138006210327
74 1.2431321144104004 6.538564599091255 3.5260283946990967 3.2031450271606445 0.7991347908973694 2.3929971261503846 1.698306918144226 1.3756098747253418
75 1.220016360282898 6.5082896499044 3.5160374641418457 3.1613354682922363 0.7741501927375793 2.4165500082580578 1.6827735900878906 1.3318668603897095
76 1.220016360282898 6.5082896499044 3.5160374641418457 3.1613354682922363 0.7741501927375793 2.4165500082580578 1.6827735900878906 1.3318668603897095
77 1.22441828250885 6.513751962602029 3.5194590091705322 3.163163900375366 0.7798752784729004 2.4236134414894637 1.666512131690979 1.3329250812530518
78 1.2182589769363403 6.479292902649827 3.510443925857544 3.1541686058044434 0.7688863277435303 2.372190692411195 1.6403900384902954 1.3035962581634521
79 1.2224857807159424 6.5100519501181555 3.5069568157196045 3.1507372856140137 0.7725813388824463 2.3864574358583166 1.6384243965148926 1.2998831272125244
80 1.225697636604309 6.527200319598216 3.5140843391418457 3.185386896133423 0.7809825539588928 2.409210276973996 1.6663583517074585 1.3837454319000244
81 1.225697636604309 6.527200319598216 3.5140843391418457 3.185386896133423 0.7809825539588928 2.409210276973996 1.6663583517074585 1.3837454319000244
82 1.2336232662200928 6.535203625886313 3.517728805541992 3.2061400413513184 0.7918455600738525 2.4139448009437015 1.6776686906814575 1.4155752658843994
83 1.2346891164779663 6.705716574298279 3.5176491737365723 3.210238218307495 0.7972368001937866 2.652991163933057 1.709617018699646 1.4278076887130737
84 1.2392488718032837 6.710668642941197 3.550952434539795 3.1987361907958984 0.805515468120575 2.6527544182490703 1.7802400588989258 1.4104363918304443
85 1.2063053846359253 6.839583311955832 3.516955614089966 3.1660196781158447 0.7610154747962952 2.88915846900471 1.7705186605453491 1.371435523033142
86 1.2063053846359253 6.839583311955832 3.516955614089966 3.1660196781158447 0.7610154747962952 2.88915846900471 1.7705186605453491 1.371435523033142
87 1.1986114978790283 6.839603402870608 3.5223305225372314 3.1493589878082275 0.7692425847053528 2.9869510536605195 1.807451844215393 1.3781607151031494
88 1.2289782762527466 6.83242207503312 3.529900312423706 3.1690523624420166 0.8191191554069519 3.0024498889922993 1.8253244161605835 1.4413913488388062
89 1.2294671535491943 6.781281520926631 3.5308871269226074 3.169166088104248 0.8201314210891724 2.906423322972288 1.8114604949951172 1.4420040845870972
90 1.2306028604507446 6.753307609163644 3.531491756439209 3.174391269683838 0.8193314075469971 2.933547903683835 1.816200613975525 1.4453778266906738
91 1.2306028604507446 6.753307609163644 3.531491756439209 3.174391269683838 0.8193314075469971 2.933547903683835 1.816200613975525 1.4453778266906738
92 1.2306718826293945 6.822357255172304 3.5383896827697754 3.2026469707489014 0.8203216195106506 3.1133955956865127 1.854993462562561 1.4843804836273193
93 1.2167528867721558 6.680042870868617 3.5263476371765137 3.2486822605133057 0.799985408782959 2.78102502255515 1.7969789505004883 1.5611300468444824
94 1.2195531129837036 6.7074438576185065 3.5260703563690186 3.2483479976654053 0.8037117719650269 2.8376004998352036 1.8053489923477173 1.561496615409851
95 1.2154909372329712 6.703907218858931 3.5225696563720703 3.2420265674591064 0.7993704676628113 2.836575253997936 1.7995080947875977 1.5444343090057373
96 1.2154909372329712 6.703907218858931 3.5225696563720703 3.2420265674591064 0.7993704676628113 2.836575253997936 1.7995080947875977 1.5444343090057373
97 1.208964467048645 6.706536725568002 3.52945876121521 3.2335994243621826 0.7938199639320374 2.8480536679747765 1.8069896697998047 1.5360589027404785
98 1.2039029598236084 6.55525012931368 3.525989532470703 3.229846715927124 0.7900561690330505 2.5905567901549147 1.7690304517745972 1.540187954902649
99 1.2107452154159546 6.612192463052812 3.5317437648773193 3.238372325897217 0.7998189330101013 2.6642823475190003 1.7894599437713623 1.5540977716445923
100 1.2023202180862427 6.584344983043734 3.5174732208251953 3.1923177242279053 0.7801738381385803 2.6030443982683638 1.7468068599700928 1.4417002201080322
101 1.2023202180862427 6.584344983043734 3.5174732208251953 3.1923177242279053 0.7801738381385803 2.6030443982683638 1.7468068599700928 1.4417002201080322
102 1.2160117626190186 6.575171841962533 3.5577690601348877 3.2187108993530273 0.8023556470870972 2.602246059615337 1.833143949508667 1.5048218965530396
103 1.233091115951538 6.507868236570944 3.561720371246338 3.23210072517395 0.8309330940246582 2.5082215664785803 1.8275737762451172 1.5436043739318848
104 1.2190905809402466 6.647667256332455 3.5424747467041016 3.248236656188965 0.7945108413696289 2.787901146122044 1.820185899734497 1.5361467599868774
105 1.210777759552002 6.37042642338698 3.539750576019287 3.234750986099243 0.7858166098594666 2.5688816773538687 1.7915595769882202 1.5207996368408203
106 1.210777759552002 6.37042642338698 3.539750576019287 3.234750986099243 0.7858166098594666 2.5688816773538687 1.7915595769882202 1.5207996368408203
107 1.2100591659545898 6.598986430678764 3.53580379486084 3.2351930141448975 0.7851387858390808 2.5949378106939585 1.7880316972732544 1.5216093063354492
108 1.2095867395401 6.489782963083634 3.5390567779541016 3.2353122234344482 0.7835853099822998 2.527770311923643 1.774584174156189 1.5181257724761963
109 1.2100176811218262 6.871297697601795 3.5005247592926025 3.2309045791625977 0.7857902646064758 3.0994328042383112 1.761461853981018 1.5196033716201782
110 1.2102560997009277 6.873924508487693 3.5066113471984863 3.2303762435913086 0.7894517183303833 3.1017693504217347 1.768770456314087 1.5204153060913086
111 1.2102560997009277 6.873924508487693 3.5066113471984863 3.2303762435913086 0.7894517183303833 3.1017693504217347 1.768770456314087 1.5204153060913086
112 1.2088799476623535 6.867422418549767 3.5070698261260986 3.2285382747650146 0.7835321426391602 3.068240331224061 1.770988941192627 1.5182795524597168
113 1.2087161540985107 6.879968715060929 3.50229811668396 3.235450267791748 0.7782766222953796 3.07568430830853 1.7629345655441284 1.516925573348999
114 1.2039692401885986 6.866316386926387 3.502112627029419 3.224947690963745 0.780098021030426 3.110531728415912 1.7719969749450684 1.5250977277755737
115 1.2042573690414429 6.714331237744944 3.5026962757110596 3.2249176502227783 0.7798885107040405 3.0358562216739906 1.7581231594085693 1.5244945287704468
116 1.2042573690414429 6.714331237744944 3.5026962757110596 3.2249176502227783 0.7798885107040405 3.0358562216739906 1.7581231594085693 1.5244945287704468
117 1.1996660232543945 6.710108248805592 3.5012803077697754 3.2184112071990967 0.773877739906311 3.033406387793768 1.7549954652786255 1.5146466493606567
118 1.202242374420166 6.706650526643247 3.5012333393096924 3.2214388847351074 0.7772352695465088 3.061805083791729 1.7565677165985107 1.518198013305664
119 1.1927649974822998 6.709998418940746 3.4773964881896973 3.2777369022369385 0.7629023194313049 3.06544351082606 1.7260665893554688 1.5954807996749878
120 1.1884371042251587 6.719453259049662 3.469747304916382 3.27219295501709 0.7495923042297363 3.010795560301603 1.7002094984054565 1.5648410320281982
121 1.1884371042251587 6.719453259049662 3.469747304916382 3.27219295501709 0.7495923042297363 3.010795560301603 1.7002094984054565 1.5648410320281982
122 1.1908698081970215 6.712423511229045 3.4721691608428955 3.2275712490081787 0.7578034996986389 3.0124626964038534 1.696516990661621 1.500261664390564
123 1.1816022396087646 6.6762276139689 3.437464952468872 3.2248315811157227 0.7443011403083801 3.0395399204126785 1.7564493417739868 1.4938287734985352
124 1.1817715167999268 6.676553399079232 3.470092296600342 3.224931478500366 0.7445377111434937 3.0398148190473084 1.757137417793274 1.4940924644470215
125 1.1819971799850464 6.701546236560009 3.4687435626983643 3.2296509742736816 0.7437360882759094 3.0329121703198325 1.7590283155441284 1.4951471090316772
126 1.1819971799850464 6.3529535872492815 3.4687435626983643 3.2296509742736816 0.7437360882759094 2.553704252531654 1.692554235458374 1.4951471090316772
127 1.1823616027832031 6.289001908270843 3.4677252769470215 3.236464500427246 0.7428508996963501 2.506268449037402 1.6880632638931274 1.4930862188339233
128 1.183229684829712 6.219999470326515 3.4761383533477783 3.2363245487213135 0.7451627850532532 2.3935943657000163 1.688149094581604 1.4927692413330078
129 1.1834378242492676 6.406148277721573 3.4762163162231445 3.2355780601501465 0.7446295022964478 2.501519626746883 1.7001020908355713 1.4904390573501587
130 1.194833517074585 6.546455894859092 3.4709665775299072 3.249795913696289 0.7480533123016357 2.605964798530376 1.7090108394622803 1.4977506399154663
131 1.194833517074585 6.546455894859092 3.4709665775299072 3.249795913696289 0.7480533123016357 2.605964798530376 1.7090108394622803 1.4977506399154663
132 1.1955671310424805 6.67243720116467 3.470562219619751 3.2509703636169434 0.7480835914611816 2.8583610070921552 1.7420942783355713 1.4998369216918945
133 1.1955671310424805 6.67243720116467 3.470548152923584 3.251237392425537 0.7480835914611816 2.8583610070921552 1.742003083229065 1.4998914003372192
134 1.1952486038208008 6.327959686378411 3.4705138206481934 3.250864028930664 0.7475362420082092 2.194438040277771 1.6574584245681763 1.4998011589050293
135 1.1952481269836426 6.529540708231448 3.470717191696167 3.2509822845458984 0.7475395798683167 2.5857096860619566 1.7053025960922241 1.4999483823776245
136 1.1952481269836426 6.529540708231448 3.470717191696167 3.2509822845458984 0.7475395798683167 2.5857096860619566 1.7053025960922241 1.4999483823776245
137 1.195854902267456 6.644680612051303 3.47161865234375 3.2509765625 0.7491173148155212 2.713129621668837 1.720872402191162 1.5025672912597656
138 1.195854902267456 6.564796131334785 3.47161865234375 3.2509765625 0.7491173148155212 2.5572534277291634 1.7006139755249023 1.5025672912597656
139 1.1954911947250366 6.77087487753805 3.4696474075317383 3.251711845397949 0.7487266659736633 2.9986710838739334 1.767896294593811 1.5034455060958862
140 1.1977204084396362 6.761529351762543 3.477497100830078 3.2524430751800537 0.7523166537284851 2.9860355885766783 1.7795586585998535 1.5042215585708618
141 1.1977204084396362 6.761529351762543 3.477497100830078 3.2524430751800537 0.7523166537284851 2.9860355885766783 1.7795586585998535 1.5042215585708618
142 1.1998746395111084 6.760391659113883 3.481821298599243 3.236372947692871 0.7588624954223633 2.9857781678645345 1.7870697975158691 1.5009583234786987
143 1.1991050243377686 6.544346766160721 3.4809205532073975 3.23352313041687 0.7590911984443665 2.4999607550146754 1.7130041122436523 1.4984219074249268
144 1.1997590065002441 6.589698323739769 3.4816396236419678 3.2342495918273926 0.7604612708091736 2.579297714154486 1.7232012748718262 1.4986605644226074
145 1.203017234802246 6.548071111511451 3.4868366718292236 3.326335906982422 0.7644176483154297 2.5439569115712968 1.7453242540359497 1.7161173820495605
146 1.203017234802246 6.548071111511451 3.4868366718292236 3.326335906982422 0.7644176483154297 2.5439569115712968 1.7453242540359497 1.7161173820495605
147 1.2016650438308716 6.506140070922446 3.4721426963806152 3.330885648727417 0.7609488368034363 2.5024593807997926 1.7341029644012451 1.7166694402694702
148 1.2049345970153809 6.513780304763666 3.47955322265625 3.328620433807373 0.7689746022224426 2.519846488572406 1.7499185800552368 1.7172133922576904
149 1.2049165964126587 6.597773644144048 3.4795544147491455 3.328608512878418 0.7689517140388489 2.6114688591676196 1.7640433311462402 1.7172026634216309
150 1.1920405626296997 6.582224395803221 3.4753048419952393 3.3144166469573975 0.7555037140846252 2.5771216904411145 1.7512824535369873 1.6990878582000732
151 1.1920405626296997 6.582224395803221 3.4753048419952393 3.3144166469573975 0.7555037140846252 2.5771216904411145 1.7512824535369873 1.6990878582000732
152 1.185823917388916 6.730706642405391 3.481494426727295 3.310668468475342 0.7492549419403076 2.9109671469914176 1.7883862257003784 1.6965346336364746
153 1.185823917388916 6.755916961465722 3.4813942909240723 3.3399085998535156 0.7492549419403076 2.961517836580761 1.7972521781921387 1.7079849243164063
154 1.1948626041412354 6.793720754768974 3.4943065643310547 3.3436813354492188 0.7687755823135376 3.0113061979650184 1.8428828716278076 1.7146881818771362
155 1.1948490142822266 6.781209127234047 3.485682249069214 3.24169659614563 0.7684804201126099 2.9818506971732455 1.807316780090332 1.4832473993301392
156 1.1948490142822266 6.781209127234047 3.485682249069214 3.24169659614563 0.7684804201126099 2.9818506971732455 1.807316780090332 1.4832473993301392
157 1.2000019550323486 6.718336016751426 3.4971494674682617 3.243687391281128 0.7764356136322021 2.851449070158661 1.8067443370819092 1.4833388328552246
158 1.2001783847808838 6.718537907828697 3.4977643489837646 3.2084250450134277 0.7765949368476868 2.8516849434321476 1.799105167388916 1.4031991958618164
159 1.1919066905975342 6.728110204039493 3.4974770545959473 3.20456600189209 0.76507967710495 2.9040052975261443 1.7997256517410278 1.4018561840057373
160 1.1961569786071777 6.731332066692213 3.503878116607666 3.2055203914642334 0.7710283398628235 2.897192375769803 1.8037577867507935 1.4026049375534058
161 1.1961569786071777 6.731332066692213 3.503878116607666 3.2055203914642334 0.7710283398628235 2.897192375769803 1.8037577867507935 1.4026049375534058
162 1.1940534114837646 6.761274416579228 3.5041656494140625 3.2436771392822266 0.763870894908905 3.040925194375875 1.8338428735733032 1.4836554527282715
163 1.1944429874420166 6.746520615079597 3.50115966796875 3.2404747009277344 0.7681084871292114 3.0513988867671666 1.8377776145935059 1.4836115837097168
164 1.2024414539337158 6.759728526222235 3.499541997909546 3.248908758163452 0.779441237449646 3.04842082671549 1.8363558053970337 1.4921704530715942
165 1.2110567092895508 6.725002450818445 3.5115461349487305 3.267664909362793 0.7975724339485168 3.015972582524313 1.8423192501068115 1.5359466075897217
166 1.2110567092895508 6.725002450818445 3.5115461349487305 3.267664909362793 0.7975724339485168 3.015972582524313 1.8423192501068115 1.5359466075897217
167 1.210666537284851 6.717078794224059 3.5148491859436035 3.261800527572632 0.8016397953033447 3.010413231977349 1.8466371297836304 1.5389829874038696
168 1.1996912956237793 6.7518428596177325 3.50821852684021 3.2431070804595947 0.7950536608695984 3.093813749462371 1.8512266874313354 1.521430253982544
169 1.2292068004608154 6.764774954422793 3.5217676162719727 3.2726736068725586 0.8401955962181091 3.0494496904354524 1.8964869976043701 1.5694583654403687
170 1.238508701324463 6.762918452370545 3.5249974727630615 3.2758820056915283 0.8499071598052979 3.0797295237670963 1.925148367881775 1.5691229104995728
171 1.238508701324463 6.762918452370545 3.5249974727630615 3.2758820056915283 0.8499071598052979 3.0797295237670963 1.925148367881775 1.5691229104995728
172 1.2492949962615967 6.703065224830167 3.5271291732788086 3.2880985736846924 0.8658048510551453 2.9755225128551457 1.9050575494766235 1.6029503345489502
173 1.249189853668213 6.749562916475904 3.530467987060547 3.288057565689087 0.8655260801315308 3.0566223559212617 1.8977246284484863 1.6028251647949219
174 1.2444936037063599 6.746089228082412 3.5277912616729736 3.283358573913574 0.8600302338600159 3.0582533297930117 1.8881361484527588 1.5971734523773193
175 1.2445141077041626 6.669231228823244 3.528691530227661 3.283327102661133 0.859957218170166 2.929201237517359 1.871528148651123 1.5971384048461914
176 1.2445141077041626 6.669231228823244 3.528691530227661 3.283327102661133 0.859957218170166 2.929201237517359 1.871528148651123 1.5971384048461914
177 1.244696855545044 6.669182403390015 3.530698537826538 3.2833781242370605 0.8603390455245972 2.9290724538671755 1.8714711666107178 1.5971661806106567
178 1.2373400926589966 6.699890193298948 3.5375187397003174 3.302039384841919 0.8391770124435425 2.9737674375030503 1.8745061159133911 1.60250723361969
179 1.2404005527496338 6.692833661446909 3.5493946075439453 3.3646273612976074 0.8561886548995972 2.996263478413906 1.9118355512619019 1.797291874885559
180 1.2324756383895874 6.636218883189877 3.5393216609954834 3.338066577911377 0.843628466129303 2.820580052529332 1.8705817461013794 1.7752223014831543
181 1.2324756383895874 6.636218883189877 3.5393216609954834 3.338066577911377 0.843628466129303 2.820580052529332 1.8705817461013794 1.7752223014831543
182 1.2274043560028076 6.688266801079805 3.5292394161224365 3.333618402481079 0.8393012881278992 2.89779705836555 1.8680508136749268 1.7814644575119019
183 1.225089430809021 6.612080166096677 3.5319831371307373 3.3341550827026367 0.8365183472633362 2.794416834330021 1.8546384572982788 1.781595230102539
184 1.2060508728027344 6.619044790726726 3.5222504138946533 3.3120899200439453 0.8170301914215088 2.7898114650590524 1.8399059772491455 1.7516660690307617
185 1.205701470375061 6.620199281294198 3.52241849899292 3.312439203262329 0.817051351070404 2.79157026562777 1.8487783670425415 1.7522103786468506
186 1.205701470375061 6.620199281294198 3.52241849899292 3.312439203262329 0.817051351070404 2.79157026562777 1.8487783670425415 1.7522103786468506
187 1.2183501720428467 6.677481047096004 3.5539488792419434 3.3263802528381348 0.8361849784851074 2.842610712463523 1.9154621362686157 1.7828088998794556
188 1.21671462059021 6.399333248513534 3.5438787937164307 3.323115110397339 0.8369435667991638 2.583131420756696 1.8381057977676392 1.7855042219161987
189 1.2164655923843384 6.540191049771007 3.5418455600738525 3.326528549194336 0.8311573266983032 2.772116312094292 1.8548150062561035 1.7744474411010742
190 1.2163561582565308 6.537379578223568 3.541184902191162 3.325575828552246 0.8290707468986511 2.771428533998609 1.8721089363098145 1.7728174924850464
191 1.2163561582565308 6.537379578223568 3.541184902191162 3.325575828552246 0.8290707468986511 2.771428533998609 1.8721089363098145 1.7728174924850464
192 1.1860467195510864 6.532433260173475 3.5443408489227295 3.252739667892456 0.821624219417572 2.7301975556629747 1.8758724927902222 1.73562753200531
193 1.186680793762207 6.365645030544063 3.5476932525634766 3.260774850845337 0.8231835961341858 2.6808146742755246 1.875765085220337 1.7509866952896118
194 1.2117605209350586 6.447842781891032 3.571901559829712 3.2881011962890625 0.8523896932601929 2.683657864411442 1.913630723953247 1.7750837802886963
195 1.211583137512207 6.4437431330675805 3.571746587753296 3.2878661155700684 0.8520603775978088 2.6530223823230377 1.90956711769104 1.7748364210128784
196 1.211583137512207 6.4437431330675805 3.571746587753296 3.2878661155700684 0.8520603775978088 2.6530223823230377 1.90956711769104 1.7748364210128784
197 1.2096068859100342 6.485662240993036 3.568809747695923 3.2879855632781982 0.8490734696388245 2.8151995438684265 1.926453948020935 1.7745413780212402
198 1.2091915607452393 6.301292047855734 3.565934419631958 3.2820417881011963 0.8488412499427795 2.506453445211621 1.8824046850204468 1.7694988250732422
199 1.2103303670883179 6.26417215483435 3.5668728351593018 3.282404899597168 0.8515883684158325 2.4289901454654554 1.87088942527771 1.770410418510437
200 1.193878173828125 6.23556260937097 3.520886182785034 3.2636053562164307 0.8243617415428162 2.4137891374153218 1.7914525270462036 1.7404204607009888
201 1.193878173828125 6.23556260937097 3.520886182785034 3.2636053562164307 0.8243617415428162 2.4137891374153218 1.7914525270462036 1.7404204607009888
202 1.197709321975708 6.246622957995111 3.519216775894165 3.2604174613952637 0.8288317918777466 2.4141804923487347 1.7868248224258423 1.7247036695480347
203 1.197771668434143 6.248164683914244 3.5183682441711426 3.2605676651000977 0.8288580775260925 2.4161789511942806 1.7863816022872925 1.725040316581726
204 1.216484546661377 6.246379516962053 3.519915819168091 3.2508857250213623 0.8586060404777527 2.446122841514129 1.7976036071777344 1.7120163440704346
205 1.213352918624878 6.279819071638401 3.496769428253174 3.254929780960083 0.8528757095336914 2.4830554937742884 1.767113447189331 1.7157580852508545
206 1.213352918624878 6.279819071638401 3.496769428253174 3.254929780960083 0.8528757095336914 2.4830554937742884 1.767113447189331 1.7157580852508545
207 1.210349440574646 6.234876309112394 3.496464967727661 3.258744716644287 0.8445594310760498 2.4322675661539095 1.7595815658569336 1.7143183946609497
208 1.225615382194519 6.231267913405142 3.5032050609588623 3.280311346054077 0.8610221147537231 2.4315972678978977 1.7851735353469849 1.753139853477478
209 1.226654291152954 6.5054402075611835 3.500361919403076 3.2817788124084473 0.8628477454185486 2.772192605214468 1.82884681224823 1.7529855966567993
210 1.2243890762329102 6.544953294658694 3.4974775314331055 3.2800703048706055 0.8598487377166748 2.8383938442096754 1.8322031497955322 1.7511225938796997
211 1.2243890762329102 6.544953294658694 3.4974775314331055 3.2800703048706055 0.8598487377166748 2.8383938442096754 1.8322031497955322 1.7511225938796997
212 1.2159392833709717 6.544585025501847 3.494065999984741 3.2668001651763916 0.8502135872840881 2.8418734742489264 1.8270885944366455 1.7346216440200806
213 1.2165852785110474 6.5465614308524644 3.4942548274993896 3.267167091369629 0.8517289757728577 2.8444668873476124 1.8272768259048462 1.7353118658065796
214 1.2150177955627441 6.549537137054905 3.4941883087158203 3.2694010734558105 0.84892737865448 2.8422691064458694 1.8188965320587158 1.737960696220398
215 1.2058629989624023 6.420992890890843 3.507753849029541 3.2701380252838135 0.8339874744415283 2.7442341436443405 1.747746229171753 1.7375952005386353
216 1.2058629989624023 6.420992890890843 3.507753849029541 3.2701380252838135 0.8339874744415283 2.7442341436443405 1.747746229171753 1.7375952005386353
217 1.2036542892456055 6.442768865647305 3.5008442401885986 3.1158335208892822 0.8443822860717773 2.742451624893822 1.724550724029541 1.4314343929290771
218 1.1999319791793823 6.308423837548283 3.499929666519165 3.10745906829834 0.8421435356140137 2.65973458897463 1.713199496269226 1.4271619319915771
219 1.2065093517303467 6.307179536297046 3.5032176971435547 3.1111409664154053 0.851567268371582 2.665792734437429 1.7298158407211304 1.4334079027175903
220 1.208989143371582 6.244103139240861 3.4688589572906494 3.111853837966919 0.8553390502929688 2.6228707527871995 1.8159430027008057 1.4350175857543945
221 1.208989143371582 6.244103139240861 3.4688589572906494 3.111853837966919 0.8553390502929688 2.6228707527871995 1.8159430027008057 1.4350175857543945
222 1.2088098526000977 6.6691718552733095 3.471608877182007 3.111518383026123 0.8552581071853638 3.149356246265683 1.8902337551116943 1.4341987371444702
223 1.2215574979782104 6.673155973073789 3.4755918979644775 3.1182219982147217 0.8733351230621338 3.162392220126651 1.899909496307373 1.4672058820724487
224 1.2211722135543823 6.673820769818941 3.477510452270508 3.1199698448181152 0.8737447261810303 3.1636277964660877 1.902560830116272 1.4630333185195923
225 1.212662935256958 6.667764369511191 3.470892906188965 3.118630886077881 0.8539556264877319 3.156486320215221 1.886409878730774 1.452644944190979
226 1.212662935256958 6.667764369511191 3.470892906188965 3.118630886077881 0.8539556264877319 3.156486320215221 1.886409878730774 1.452644944190979
227 1.2127033472061157 6.6349723876410724 3.4709599018096924 3.11883544921875 0.8540125489234924 3.077675573787149 1.8734872341156006 1.4530147314071655
228 1.1948965787887573 6.642538913639169 3.4796054363250732 3.1113171577453613 0.8302528262138367 3.0636900021779985 1.8702607154846191 1.4399398565292358
229 1.1883213520050049 5.828930300831519 3.4671061038970947 3.1007745265960693 0.8230835795402527 1.8979498503919388 1.7037286758422852 1.425684928894043
230 1.1889748573303223 5.804345141674082 3.477835178375244 3.0968973636627197 0.8220741152763367 1.8889353501541621 1.7093113660812378 1.4221878051757813
231 1.1889748573303223 5.804345141674082 3.477835178375244 3.0968973636627197 0.8220741152763367 1.8889353501541621 1.7093113660812378 1.4221878051757813
232 1.1901957988739014 5.758245901502361 3.538799285888672 3.0943443775177 0.8209823369979858 1.8515778849097269 1.6618037223815918 1.4101625680923462
233 1.1901957988739014 5.738703266954687 3.53887677192688 3.093033790588379 0.8209823369979858 1.7975615319172729 1.6548184156417847 1.399901270866394
234 1.1893596649169922 5.735084406546606 3.5382425785064697 3.0895543098449707 0.8197492957115173 1.801947333700247 1.6557174921035767 1.39776611328125
235 1.1884979009628296 5.7352001002992985 3.538254976272583 3.0889062881469727 0.8193783760070801 1.8017698663346922 1.6555956602096558 1.3962336778640747
236 1.1884979009628296 5.7352001002992985 3.538254976272583 3.0889062881469727 0.8193783760070801 1.8017698663346922 1.6555956602096558 1.3962336778640747
237 1.2038496732711792 6.000328802197206 3.523939371109009 3.1264166831970215 0.819940984249115 2.2709797323831666 1.6919931173324585 1.4273346662521362
238 1.1987730264663696 5.913123283276437 3.517618179321289 3.134411573410034 0.8142514824867249 2.108375444990691 1.660825252532959 1.434706211090088
239 1.2027900218963623 5.982088510886869 3.452813148498535 3.138664960861206 0.8216298818588257 2.145929998741078 1.7002742290496826 1.4476544857025146
240 1.2018663883209229 5.9812099085644554 3.4544928073883057 3.1391732692718506 0.8231894969940186 2.1410544874862047 1.70159912109375 1.4407172203063965
241 1.2018663883209229 5.9812099085644554 3.4544928073883057 3.1391732692718506 0.8231894969940186 2.1410544874862047 1.70159912109375 1.4407172203063965
242 1.2151180505752563 5.982037540119323 3.452972888946533 3.144521713256836 0.8404987454414368 2.1132651303984793 1.7085773944854736 1.446117639541626
243 1.214234709739685 6.6484574539374135 3.5064072608947754 3.147073984146118 0.8389003276824951 3.0967691859762514 1.8098580837249756 1.4499080181121826
244 1.2055463790893555 6.627124218074038 3.4787843227386475 3.134756088256836 0.8280642628669739 3.0140311930094734 1.782313585281372 1.4331024885177612
245 1.2009756565093994 6.624520259701404 3.4763708114624023 3.1296279430389404 0.8217861652374268 3.0091752466788986 1.7766642570495605 1.4220234155654907
246 1.2009756565093994 6.624520259701404 3.4763708114624023 3.1296279430389404 0.8217861652374268 3.0091752466788986 1.7766642570495605 1.4220234155654907
247 1.1751012802124023 6.60454649373104 3.467522144317627 3.10447359085083 0.7857002019882202 2.994601233170438 1.7401769161224365 1.3745840787887573
248 1.175034999847412 6.605042488898343 3.4678876399993896 3.1045639514923096 0.7860074639320374 2.995096953662153 1.7410606145858765 1.3746652603149414
249 1.1748319864273071 6.61240974596147 3.467641830444336 3.1043426990509033 0.7856709361076355 3.0217179381423067 1.7456834316253662 1.3744347095489502
250 1.1748319864273071 6.61240974596147 3.472785711288452 3.1044039726257324 0.7856709361076355 3.0217179381423067 1.7526065111160278 1.37453031539917
251 1.1748319864273071 6.61240974596147 3.472785711288452 3.1044039726257324 0.7856709361076355 3.0217179381423067 1.7526065111160278 1.37453031539917
252 1.1824105978012085 6.621210721599429 3.4713447093963623 3.105742931365967 0.799921452999115 3.072368189679797 1.762903094291687 1.3793026208877563
253 1.1822839975357056 6.621970212317315 3.4716405868530273 3.1063451766967773 0.7992310523986816 3.0720338564277596 1.764398217201233 1.379644513130188
254 1.1847341060638428 6.59720588037464 3.469264268875122 3.097231149673462 0.8082680702209473 3.043917689454005 1.7628135681152344 1.3766684532165527
255 1.1794885396957397 6.587257659512806 3.4686176776885986 3.081455945968628 0.8085657954216003 3.0342794063285923 1.7607601881027222 1.367966651916504
256 1.1794885396957397 6.587257659512806 3.4686176776885986 3.081455945968628 0.8085657954216003 3.0342794063285923 1.7607601881027222 1.367966651916504
257 1.1806095838546753 6.583562860931985 3.467803716659546 3.0833775997161865 0.8101295828819275 3.0287543989528807 1.7620735168457031 1.3701788187026978
258 1.1806095838546753 6.583932267858778 3.471853256225586 3.0833775997161865 0.8101295828819275 3.0068863414927054 1.7547216415405273 1.3701788187026978
259 1.1558279991149902 6.653813316103412 3.4699976444244385 3.120342254638672 0.7782159447669983 2.9684950122121254 1.766648769378662 1.4430757761001587
260 1.1422542333602905 6.657635251874552 3.4526631832122803 3.127495527267456 0.748442530632019 3.0162573873145364 1.7340128421783447 1.437800645828247
261 1.1422542333602905 6.657635251874552 3.4526631832122803 3.127495527267456 0.748442530632019 3.0162573873145364 1.7340128421783447 1.437800645828247
262 1.1620525121688843 6.728880505727575 3.4542837142944336 3.141615867614746 0.7805309295654297 3.1233971803433698 1.746925950050354 1.4788507223129272
263 1.1537559032440186 6.620425022344662 3.4372096061706543 3.1292622089385986 0.7797607183456421 2.9978960822939342 1.7311903238296509 1.4604328870773315
264 1.152858853340149 6.509226301845806 3.4350273609161377 3.126619577407837 0.7782968878746033 2.8622089756572864 1.7056167125701904 1.4599136114120483
265 1.1542435884475708 6.475701000792478 3.432852029800415 3.1252737045288086 0.7835909128189087 2.7934260248839506 1.6924482583999634 1.4688665866851807
266 1.1542435884475708 6.475701000792478 3.432852029800415 3.1252737045288086 0.7835909128189087 2.7934260248839506 1.6924482583999634 1.4688665866851807
267 1.1573845148086548 6.420503574366015 3.443312406539917 3.126023769378662 0.788321316242218 2.7280706288141254 1.7021636962890625 1.4673314094543457
268 1.1545153856277466 6.412638330086701 3.4417002201080322 3.1270742416381836 0.7821524739265442 2.713095832299162 1.697079062461853 1.4662373065948486
269 1.1451305150985718 6.402618643616773 3.4452996253967285 3.1093921661376953 0.7793753147125244 2.744411876990235 1.7013723850250244 1.462961196899414
270 1.1406742334365845 6.503727571198588 3.4401967525482178 3.104095220565796 0.7720195055007935 2.866254591882502 1.713744878768921 1.44441819190979
271 1.1406742334365845 6.503727571198588 3.4401967525482178 3.104095220565796 0.7720195055007935 2.866254591882502 1.713744878768921 1.44441819190979
272 1.1339449882507324 6.504109090688035 3.438232660293579 3.108315944671631 0.7568055987358093 2.8478682665042885 1.7045085430145264 1.4445058107376099
273 1.1433796882629395 7.254277865330946 3.440093994140625 3.125446081161499 0.7656888961791992 4.129668757509415 1.9460242986679077 1.4600352048873901
274 1.154280662536621 7.1615793321377765 3.4423720836639404 3.1391522884368896 0.7731981873512268 3.9802337732122925 1.9199334383010864 1.500084400177002
275 1.154255747795105 7.0850961906497165 3.4431445598602295 3.1391518115997314 0.7731879949569702 4.085736512479381 1.9465669393539429 1.5001087188720703
276 1.154255747795105 7.0850961906497165 3.4431445598602295 3.1391518115997314 0.7731879949569702 4.085736512479381 1.9465669393539429 1.5001087188720703
277 1.1543134450912476 7.085137240707573 3.4432146549224854 3.137303590774536 0.7735209465026855 4.086343301370255 1.946770191192627 1.4970628023147583
278 1.1511482000350952 7.110477912847329 3.4442574977874756 3.129821300506592 0.769986093044281 4.056930715495353 1.9413318634033203 1.4950101375579834
279 1.1494338512420654 7.136078028563803 3.4445877075195313 3.128354072570801 0.7678194642066956 4.061783064291368 1.9247959852218628 1.49184250831604
280 1.14957594871521 7.137649338869729 3.445760726928711 3.1295061111450195 0.7681379914283752 4.065726727095786 1.9288345575332642 1.4949480295181274
281 1.14957594871521 7.137649338869729 3.445760726928711 3.1295061111450195 0.7681379914283752 4.065726727095786 1.9288345575332642 1.4949480295181274
282 1.1522947549819946 6.4779735833231955 3.447000026702881 3.1269261837005615 0.7730411887168884 2.7843762998020605 1.6831918954849243 1.4959321022033691
283 1.1523040533065796 6.476438031356979 3.4459176063537598 3.126466751098633 0.7741010785102844 2.7851348150703577 1.6812998056411743 1.4959163665771484
284 1.156503438949585 6.483241784163119 3.4472367763519287 3.1281721591949463 0.778082013130188 2.791914377443725 1.6831414699554443 1.4910070896148682
285 1.1568207740783691 6.4858171093767485 3.4483158588409424 3.1392619609832764 0.77836674451828 2.797975672514768 1.691499948501587 1.5122690200805664
286 1.1568207740783691 6.4858171093767485 3.4483158588409424 3.1392619609832764 0.77836674451828 2.797975672514768 1.691499948501587 1.5122690200805664
287 1.1507779359817505 7.239195963888319 3.4410593509674072 3.1376829147338867 0.7670028209686279 4.056220746166343 1.9211697578430176 1.5024882555007935
288 1.1453076601028442 7.304231664056173 3.4358294010162354 3.128749132156372 0.7607965469360352 4.128640686178722 1.9296655654907227 1.4948639869689941
289 1.1472562551498413 6.548809134127059 3.438946008682251 3.1308512687683105 0.7663779258728027 2.813485384320819 1.6862883567810059 1.4971394538879395
290 1.1472562551498413 6.439140411143218 3.438981533050537 3.131355047225952 0.7663779258728027 2.6720506250530387 1.6611665487289429 1.497440218925476
291 1.1472562551498413 6.439140411143218 3.438981533050537 3.131355047225952 0.7663779258728027 2.6720506250530387 1.6611665487289429 1.497440218925476
292 1.143187403678894 6.423749361283973 3.437934398651123 3.1250181198120117 0.7628663778305054 2.667710829814564 1.6507747173309326 1.4853957891464233
293 1.1437230110168457 6.418972261239951 3.4370083808898926 3.1258645057678223 0.7629404067993164 2.662635156965583 1.6477508544921875 1.487140417098999
294 1.1444071531295776 7.160339985954691 3.4363787174224854 3.162024974822998 0.7633361220359802 3.8758527250204726 1.8744226694107056 1.5550129413604736
295 1.150179386138916 6.546047753572846 3.438727617263794 3.1618247032165527 0.7747074961662292 2.8124276291115433 1.6821906566619873 1.5642753839492798
296 1.150179386138916 6.546047753572846 3.438727617263794 3.1618247032165527 0.7747074961662292 2.8124276291115433 1.6821906566619873 1.5642753839492798
297 1.1512707471847534 6.5470165944941465 3.439474582672119 3.1621921062469482 0.7754384875297546 2.8131802643469372 1.679339051246643 1.5659029483795166
298 1.1533628702163696 6.515994600993134 3.4424779415130615 3.160816192626953 0.7791619300842285 2.7828229785755143 1.6805899143218994 1.5647963285446167
299 1.149308443069458 7.181382864508763 3.44230055809021 3.158205986022949 0.7752693295478821 4.158387294626879 1.9403748512268066 1.5655837059020996
300 1.1509366035461426 7.183849876755518 3.4467790126800537 3.1639866828918457 0.7775076627731323 4.158634155303493 1.9476039409637451 1.5573675632476807
301 1.1509366035461426 7.183849876755518 3.4467790126800537 3.1639866828918457 0.7775076627731323 4.158634155303493 1.9476039409637451 1.5573675632476807
302 1.1506620645523071 7.195715649733738 3.446195363998413 3.16620135307312 0.7768428325653076 4.277773513526592 1.9724290370941162 1.559849739074707
303 1.1506620645523071 7.195681442092745 3.4462454319000244 3.16620135307312 0.7768428325653076 4.27687918893053 1.9734364748001099 1.559849739074707
304 1.1520880460739136 7.220387256187802 3.436948537826538 3.16021990776062 0.7871789336204529 4.305093239751626 1.9663020372390747 1.5710992813110352
305 1.1533113718032837 7.156719699935082 3.4383773803710938 3.1622049808502197 0.7892919778823853 4.228868969987165 1.9523845911026 1.576136589050293
306 1.1533113718032837 7.156719699935082 3.4383773803710938 3.1622049808502197 0.7892919778823853 4.228868969987165 1.9523845911026 1.576136589050293
307 1.1581127643585205 7.139471088423517 3.4386253356933594 3.1631603240966797 0.7945533990859985 4.222894049391221 1.9525294303894043 1.574588656425476
308 1.155838966369629 7.067379846124548 3.436760902404785 3.157496690750122 0.7895117998123169 4.10455749134715 1.9258724451065063 1.5753593444824219
309 1.1450834274291992 7.104725500176259 3.43437123298645 3.1405086517333984 0.7766141295433044 4.211836302203323 1.9452052116394043 1.5483198165893555
310 1.1456265449523926 7.010228355743444 3.432394027709961 3.1399779319763184 0.7774367332458496 4.087975883415129 1.915106177330017 1.5472275018692017
311 1.1456265449523926 7.010228355743444 3.432394027709961 3.1399779319763184 0.7774367332458496 4.087975883415129 1.915106177330017 1.5472275018692017
312 1.1456265449523926 7.010228355743444 3.432394027709961 3.1399779319763184 0.7774367332458496 4.087975883415129 1.915106177330017 1.5472275018692017
313 1.1470131874084473 6.9917428675961615 3.434921979904175 3.1416406631469727 0.7784239053726196 4.078249288650862 1.9158799648284912 1.5495023727416992
314 1.160852313041687 6.994538315284039 3.435791015625 3.1557259559631348 0.7905115485191345 4.142024678213359 1.929258942604065 1.5527325868606567
315 1.1582818031311035 6.985749968818354 3.432849168777466 3.1530890464782715 0.785508930683136 4.127828322271207 1.9102168083190918 1.5457544326782227
316 1.1582818031311035 6.985749968818354 3.432849168777466 3.1530890464782715 0.785508930683136 4.127828322271207 1.9102168083190918 1.5457544326782227
317 1.158239483833313 6.986279708510194 3.4339730739593506 3.153613805770874 0.7864789962768555 4.129468321902639 1.912585973739624 1.5481793880462646
318 1.1576776504516602 6.988298432110566 3.4337215423583984 3.155550718307495 0.7880570292472839 4.130343314988891 1.913338303565979 1.5589054822921753
319 1.1481602191925049 7.176270513199564 3.43000864982605 3.142317056655884 0.7800464630126953 4.312073816011859 1.9479607343673706 1.549760341644287
320 1.13860023021698 7.18661764610318 3.4305899143218994 3.1440060138702393 0.7709240913391113 4.320950508943972 1.953934669494629 1.5523968935012817
321 1.13860023021698 7.18661764610318 3.4305899143218994 3.1440060138702393 0.7709240913391113 4.320950508943972 1.953934669494629 1.5523968935012817
322 1.1427569389343262 7.186864484166713 3.4383037090301514 3.1479063034057617 0.7744583487510681 4.3244939425922935 1.9701762199401855 1.5540354251861572
323 1.142702579498291 7.183315490631957 3.437753915786743 3.1474826335906982 0.7744159698486328 4.322139486993846 1.9693859815597534 1.5534518957138062
324 1.144191861152649 7.180578545972926 3.4442245960235596 3.1491751670837402 0.7812747955322266 4.310971729304426 1.976456880569458 1.5666570663452148
325 1.152477502822876 7.161150266025514 3.434453010559082 3.14277720451355 0.7829536199569702 4.328736721089059 1.9622005224227905 1.5464328527450562
326 1.152477502822876 7.161150266025514 3.434453010559082 3.14277720451355 0.7829536199569702 4.328736721089059 1.9622005224227905 1.5464328527450562
327 1.138390064239502 7.158214726550175 3.4076292514801025 3.130877733230591 0.7668663859367371 4.322149094723744 1.9212331771850586 1.5354337692260742
328 1.1360784769058228 7.153157913385051 3.404285430908203 3.142669200897217 0.7657708525657654 4.326367029095361 1.9152915477752686 1.546132206916809
329 1.1358124017715454 7.153664258320081 3.4032142162323 3.141270875930786 0.7660017013549805 4.326468627095771 1.9136582612991333 1.546613097190857
330 1.1358124017715454 7.153664258320081 3.403198003768921 3.141270875930786 0.7660017013549805 4.326468627095771 1.9136613607406616 1.546613097190857
331 1.1358124017715454 7.153664258320081 3.403198003768921 3.141270875930786 0.7660017013549805 4.326468627095771 1.9136613607406616 1.546613097190857
332 1.1373658180236816 7.148919650857666 3.4015047550201416 3.137364625930786 0.7655593156814575 4.310294555861148 1.9069430828094482 1.5368475914001465
333 1.1369476318359375 7.1506164185609125 3.4021239280700684 3.129560947418213 0.7585351467132568 4.379186642603513 1.9227303266525269 1.5011065006256104
334 1.1373372077941895 7.149813120251317 3.4031739234924316 3.1400041580200195 0.7591188549995422 4.384116361725784 1.9258105754852295 1.506019949913025
335 1.1419907808303833 7.146414265539463 3.4162561893463135 3.1381232738494873 0.7696757316589355 4.388045825729854 1.946743369102478 1.5078282356262207
336 1.1419907808303833 7.146414265539463 3.4162561893463135 3.1381232738494873 0.7696757316589355 4.388045825729854 1.946743369102478 1.5078282356262207
337 1.1628327369689941 7.136560559752642 3.4265031814575195 3.166477680206299 0.7906728386878967 4.38172752440576 1.9596527814865112 1.5355294942855835
338 1.1628327369689941 7.136560559752642 3.4265353679656982 3.166060447692871 0.7906728386878967 4.38172752440576 1.9598398208618164 1.5381309986114502
339 1.1628905534744263 7.136867090504885 3.425849437713623 3.1661765575408936 0.7906019687652588 4.381575672752637 1.9659597873687744 1.5381884574890137
340 1.1596819162368774 7.136074746002606 3.425459146499634 3.165391206741333 0.7848511934280396 4.374914709254538 1.9630728960037231 1.5356800556182861
341 1.1596819162368774 7.136074746002606 3.425459146499634 3.165391206741333 0.7848511934280396 4.374914709254538 1.9630728960037231 1.5356800556182861
342 1.1634844541549683 7.139637152085524 3.427614212036133 3.167806625366211 0.7904739379882813 4.382409642026412 1.9699676036834717 1.539055585861206
343 1.1634835004806519 7.139120590871584 3.4276692867279053 3.171605348587036 0.7904147505760193 4.382044103885755 1.9869439601898193 1.5385030508041382
344 1.1689645051956177 7.12282757008767 3.4308018684387207 3.175370454788208 0.8018417358398438 4.258688880798048 1.9618186950683594 1.5529652833938599
345 1.1619091033935547 7.120166315425479 3.4276578426361084 3.1689162254333496 0.7913554310798645 4.254059118669216 1.9619454145431519 1.5392628908157349
346 1.1619091033935547 7.120166315425479 3.4276578426361084 3.1689162254333496 0.7913554310798645 4.254059118669216 1.9619454145431519 1.5392628908157349
347 1.1607396602630615 7.120042085366991 3.4293742179870605 3.204927444458008 0.7898622751235962 4.252979701961132 1.9680095911026 1.5811022520065308
348 1.1605385541915894 7.1452187255723185 3.429562568664551 3.2244839668273926 0.7852531671524048 4.328988837783434 1.984338641166687 1.6038919687271118
349 1.161087155342102 7.133730848888569 3.4320428371429443 3.1915693283081055 0.7866387367248535 4.2715596469905215 1.9707270860671997 1.536604881286621
350 1.1546646356582642 7.13798636570224 3.433875322341919 3.176213026046753 0.7848312854766846 4.305984166105577 1.9818508625030518 1.530394434928894
351 1.1546646356582642 7.13798636570224 3.433875322341919 3.176213026046753 0.7848312854766846 4.305984166105577 1.9818508625030518 1.530394434928894
352 1.151980996131897 7.136157723673982 3.433832883834839 3.170438528060913 0.7829676866531372 4.313115491529382 1.985517144203186 1.5258179903030396
353 1.1614007949829102 7.107690224212786 3.43843936920166 3.172368288040161 0.7991233468055725 4.138770916812422 1.9567089080810547 1.5319026708602905
354 1.1608468294143677 7.0832566244627735 3.4417576789855957 3.1716275215148926 0.7991189956665039 4.154990069113653 1.9644813537597656 1.5313167572021484
355 1.1608340740203857 7.08331087155996 3.441790819168091 3.171835422515869 0.7991158962249756 4.155049304533284 1.9645271301269531 1.531754493713379
356 1.1608340740203857 7.08331087155996 3.441790819168091 3.171835422515869 0.7991158962249756 4.155049304533284 1.9645271301269531 1.531754493713379
357 1.1615599393844604 7.1169238328754885 3.441969394683838 3.1723644733428955 0.8000079393386841 4.505150203969058 2.03446364402771 1.532698154449463
358 1.1892162561416626 7.12704739696024 3.4492125511169434 3.1949715614318848 0.8380421996116638 4.537826362627064 2.0533645153045654 1.5665462017059326
359 1.1883240938186646 7.231216793621473 3.4466805458068848 3.194995164871216 0.8376350402832031 4.567050815523889 2.056473731994629 1.5661983489990234
360 1.1883240938186646 7.231216793621473 3.4466805458068848 3.194995164871216 0.8376350402832031 4.567050815523889 2.056473731994629 1.5661983489990234
361 1.1883240938186646 7.231216793621473 3.4466805458068848 3.194995164871216 0.8376350402832031 4.567050815523889 2.056473731994629 1.5661983489990234
362 1.1879724264144897 7.220237739456062 3.4483070373535156 3.1934142112731934 0.8372917771339417 4.584801728436999 2.062690496444702 1.5635111331939697
363 1.1879724264144897 7.219112682356927 3.448213577270508 3.1934142112731934 0.8372917771339417 4.575404455587271 2.060082197189331 1.5635111331939697
364 1.2100297212600708 7.185606224463033 3.4697258472442627 3.2198362350463867 0.8676765561103821 4.536367605015242 2.081094741821289 1.5898141860961914
365 1.214294195175171 7.166766407994629 3.469414710998535 3.233297348022461 0.8669730424880981 4.546518638040749 2.07908034324646 1.5943810939788818
366 1.214294195175171 7.166766407994629 3.469414710998535 3.233297348022461 0.8669730424880981 4.546518638040749 2.07908034324646 1.5943810939788818
367 1.2125005722045898 7.169460767616589 3.47098445892334 3.2286739349365234 0.8678337931632996 4.562444088894142 2.0838358402252197 1.5960160493850708
368 1.2148594856262207 6.906362836345594 3.4731080532073975 3.229302406311035 0.8710892796516418 4.011260197630424 1.9700186252593994 1.5983657836914063
369 1.21402108669281 6.930918844785123 3.471137046813965 3.2295234203338623 0.8702498078346252 3.9267795723942647 1.9459306001663208 1.59983491897583
370 1.2115963697433472 6.934111673219434 3.4694113731384277 3.2255947589874268 0.8651881217956543 3.936188403925229 1.943621039390564 1.581745982170105
371 1.2115963697433472 6.934111673219434 3.4694113731384277 3.2255947589874268 0.8651881217956543 3.936188403925229 1.943621039390564 1.581745982170105
372 1.2154793739318848 6.969006136874287 3.470947742462158 3.2283999919891357 0.8714044094085693 4.180983486194412 1.9972666501998901 1.5900607109069824
373 1.2152831554412842 6.985201009313455 3.47214937210083 3.261831283569336 0.8713944554328918 4.187596155068438 2.005589008331299 1.662883996963501
374 1.2151979207992554 6.9885789734057 3.472144842147827 3.26163911819458 0.8712937235832214 4.192141308393506 2.006511926651001 1.6624433994293213
375 1.207511305809021 6.995064065061376 3.4521007537841797 3.2684404850006104 0.8616188168525696 4.167186944449802 1.9773247241973877 1.6673376560211182
376 1.207511305809021 6.995064065061376 3.4521007537841797 3.2684404850006104 0.8616188168525696 4.167186944449802 1.9773247241973877 1.6673376560211182
377 1.2073369026184082 6.995839328031475 3.4519972801208496 3.2684485912323 0.8616446256637573 4.168100728895079 1.9752588272094727 1.6675539016723633
378 1.189568281173706 7.0037949322080095 3.4464023113250732 3.25700044631958 0.8330878615379333 4.149948919152035 1.9592316150665283 1.6426461935043335
379 1.2053207159042358 7.054393522898939 3.450772762298584 3.278850555419922 0.8480300307273865 4.155668276724369 1.9747837781906128 1.6616935729980469
380 1.2114894390106201 7.035484846257026 3.46083927154541 3.284254550933838 0.8526126146316528 4.160563782113155 1.981638789176941 1.672053575515747
381 1.2114894390106201 7.035484846257026 3.46083927154541 3.284254550933838 0.8526126146316528 4.160563782113155 1.981638789176941 1.672053575515747
382 1.2114894390106201 7.005717659419894 3.46083927154541 3.284254550933838 0.8526126146316528 4.118090225377809 1.9732298851013184 1.672053575515747
383 1.214194416999817 7.0250624794295575 3.462472915649414 3.2862441539764404 0.8564170002937317 4.159033910985567 1.9849791526794434 1.67387855052948
384 1.214998483657837 7.101797780602806 3.463632345199585 3.2862637042999268 0.8571273684501648 3.9960853876268114 1.9527921676635742 1.673987627029419
385 1.2132549285888672 7.10294078598954 3.4631752967834473 3.2869465351104736 0.8551841974258423 3.99501239004387 1.951913833618164 1.6743834018707275
386 1.2132549285888672 7.10294078598954 3.4631752967834473 3.2869465351104736 0.8551841974258423 3.99501239004387 1.951913833618164 1.6743834018707275
387 1.2128031253814697 7.102663485233875 3.461092710494995 3.2869439125061035 0.8547052145004272 3.994432797041875 1.9496251344680786 1.6745754480361938
388 1.2047725915908813 7.100667235598776 3.458911180496216 3.2855899333953857 0.840853214263916 3.9850021036864502 1.9418532848358154 1.6642123460769653
389 1.2042338848114014 7.101527878217833 3.459294319152832 3.2854952812194824 0.8406043648719788 3.986115217417878 1.9425832033157349 1.663953423500061
390 1.2051018476486206 7.208967318325262 3.4616408348083496 3.286435842514038 0.842414140701294 4.132627017292235 1.975914716720581 1.6667051315307617
391 1.2051018476486206 7.208967318325262 3.4616408348083496 3.286435842514038 0.842414140701294 4.132627017292235 1.975914716720581 1.6667051315307617
392 1.2035095691680908 7.096928966034949 3.462076425552368 3.2797696590423584 0.8418114185333252 4.157750532686091 1.9774072170257568 1.6609132289886475
393 1.2035934925079346 7.093933421416424 3.4584765434265137 3.2836592197418213 0.8322060704231262 4.125433398762732 1.9630646705627441 1.6425344944000244
394 1.2023766040802002 7.092069794751638 3.456042766571045 3.2833988666534424 0.8296673893928528 4.125589626349011 1.955714464187622 1.6414377689361572
395 1.2004283666610718 7.095917266309669 3.459547281265259 3.275763511657715 0.8324640393257141 4.143227910073668 1.964606523513794 1.6383177042007446
396 1.2004283666610718 7.095917266309669 3.459547281265259 3.275763511657715 0.8324640393257141 4.143227910073668 1.964606523513794 1.6383177042007446
397 1.1979111433029175 7.101544927535641 3.4637656211853027 3.2763748168945313 0.8301076292991638 4.144476616475544 1.9726301431655884 1.6401392221450806
398 1.197308897972107 7.101764989498576 3.463230848312378 3.2763595581054688 0.8296993374824524 4.145610280871982 1.9721649885177612 1.6400794982910156
399 1.1961219310760498 6.989584825409441 3.463097095489502 3.2763547897338867 0.8280510902404785 4.021427551118037 1.9467463493347168 1.6400679349899292
400 1.1909910440444946 6.996033388592925 3.454380750656128 3.274324417114258 0.8221297264099121 4.0349323515342 1.9349161386489868 1.6388320922851563
401 1.1909910440444946 6.996033388592925 3.454380750656128 3.274324417114258 0.8221297264099121 4.0349323515342 1.9349161386489868 1.6388320922851563
402 1.1905590295791626 6.994724594632898 3.4550843238830566 3.274055004119873 0.8215140700340271 4.03452766928911 1.9367328882217407 1.6390361785888672
403 1.188970923423767 6.9961242885751185 3.451115131378174 3.274696111679077 0.8197885155677795 4.037689837717176 1.9305305480957031 1.6409679651260376
404 1.1933828592300415 6.994759622545139 3.451537609100342 3.273332118988037 0.826279878616333 4.042942527065843 1.9325473308563232 1.6404945850372314
405 1.1933224201202393 6.995279707221292 3.4516167640686035 3.273477077484131 0.8263810873031616 4.043144890451377 1.9388993978500366 1.6406432390213013
406 1.1933224201202393 6.995279707221292 3.4516167640686035 3.273477077484131 0.8263810873031616 4.043144890451377 1.9388993978500366 1.6406432390213013
407 1.1886062622070313 6.997873472102642 3.4575822353363037 3.2563953399658203 0.835046648979187 4.046493829053737 1.9527578353881836 1.6409903764724731
408 1.1975228786468506 6.990744619651291 3.4526498317718506 3.255012273788452 0.8471879959106445 4.048326488701546 1.937286376953125 1.641348123550415
409 1.2016900777816772 6.986385533181358 3.451103925704956 3.256463050842285 0.8489970564842224 4.0245800714528235 1.927103042602539 1.6334476470947266
410 1.1943761110305786 6.9856943332980395 3.44919753074646 3.259406805038452 0.838341236114502 4.019733008323055 1.9208437204360962 1.6348367929458618
411 1.1943761110305786 6.9856943332980395 3.44919753074646 3.259406805038452 0.838341236114502 4.019733008323055 1.9208437204360962 1.6348367929458618
412 1.195966362953186 6.990583094691832 3.4514248371124268 3.2633602619171143 0.8414322733879089 4.024111968338545 1.909282922744751 1.6452052593231201
413 1.1959656476974487 6.9905475397297705 3.451415538787842 3.263350486755371 0.8414258360862732 4.0240939235377375 1.9092622995376587 1.645195484161377
414 1.1964011192321777 6.991430786921793 3.451883554458618 3.263486862182617 0.8418986797332764 4.025733494837058 1.909705400466919 1.6455402374267578
415 1.1847317218780518 7.028759719594107 3.4327661991119385 3.256380796432495 0.8255184292793274 4.124514111238258 1.9096709489822388 1.6437175273895264
416 1.1847317218780518 7.028759719594107 3.4327661991119385 3.256380796432495 0.8255184292793274 4.124514111238258 1.9096709489822388 1.6437175273895264
417 1.1838428974151611 7.036700810301728 3.435328245162964 3.255950689315796 0.822868824005127 4.133880605138579 1.91538667678833 1.643176794052124
418 1.182051181793213 7.036460855358404 3.4334359169006348 3.2522244453430176 0.8205718398094177 4.213614695348383 1.93473482131958 1.6373579502105713
419 1.1871588230133057 7.012351052645463 3.438652276992798 3.251201868057251 0.8276914358139038 3.9480140676756688 1.8860381841659546 1.6365010738372803
420 1.194457769393921 7.049718376086993 3.4417834281921387 3.264488697052002 0.837977409362793 4.067689201212407 1.9190044403076172 1.6810564994812012
421 1.194457769393921 7.049718376086993 3.4417834281921387 3.264488697052002 0.837977409362793 4.067689201212407 1.9190044403076172 1.6810564994812012
422 1.1937055587768555 7.039887267883175 3.4430325031280518 3.229769229888916 0.8369774222373962 4.090035977287531 1.920577049255371 1.611856460571289
423 1.1943094730377197 7.042785172811292 3.4451239109039307 3.2315380573272705 0.8380906581878662 4.098562112200746 1.9235026836395264 1.6157283782958984
424 1.193827748298645 7.042177430676167 3.444903612136841 3.2325379848480225 0.8374282121658325 4.0978620516377005 1.9230626821517944 1.6164172887802124
425 1.1942293643951416 7.0427968294902765 3.4393582344055176 3.2325241565704346 0.8282790184020996 4.058577939348129 1.901346206665039 1.5951606035232544
426 1.1942293643951416 7.0427968294902765 3.4393582344055176 3.2325241565704346 0.8282790184020996 4.058577939348129 1.901346206665039 1.5951606035232544
427 1.1857837438583374 7.045700354635267 3.441059112548828 3.218228578567505 0.8252658247947693 4.094932093694593 1.913307547569275 1.5918430089950562
428 1.1730101108551025 7.043579453096768 3.4376745223999023 3.213813066482544 0.8044921159744263 4.0831023033166565 1.8945837020874023 1.5810521841049194
429 1.156762719154358 7.039214336860026 3.436427116394043 3.201554536819458 0.7919588685035706 4.094332359531157 1.8947405815124512 1.577270269393921
430 1.1537419557571411 7.030308261790465 3.430264472961426 3.200322151184082 0.7959514260292053 4.008044749052058 1.879806637763977 1.5824759006500244
431 1.1537419557571411 7.030308261790465 3.430264472961426 3.200322151184082 0.7959514260292053 4.008044749052058 1.879806637763977 1.5824759006500244
432 1.1536258459091187 7.038555351519599 3.430223226547241 3.200394868850708 0.795738935470581 4.07867842661095 1.8968377113342285 1.582458257675171
433 1.1534250974655151 7.038896213507641 3.4262185096740723 3.2003231048583984 0.7950630784034729 4.080175916109665 1.8917454481124878 1.581376314163208
434 1.1593830585479736 7.042879702265868 3.423501968383789 3.2062482833862305 0.802311897277832 4.079115929569351 1.895918607711792 1.5908282995224
435 1.1633769273757935 7.027783639775115 3.4492297172546387 3.199105978012085 0.8205215334892273 4.073778966220154 1.936718463897705 1.5872952938079834
436 1.1633769273757935 7.027783639775115 3.4492297172546387 3.199105978012085 0.8205215334892273 4.073778966220154 1.936718463897705 1.5872952938079834
437 1.1633317470550537 7.027850165136683 3.449212074279785 3.199829339981079 0.8203842043876648 4.073078387425265 1.936455249786377 1.586892008781433
438 1.1583515405654907 7.0344800217781405 3.4471938610076904 3.211948871612549 0.8045946359634399 4.064407048461217 1.9232347011566162 1.5873361825942993
439 1.159200668334961 7.035920369277351 3.444648027420044 3.201894998550415 0.8067699670791626 4.070218108228758 1.9164584875106812 1.5257266759872437
440 1.1611733436584473 7.036169763789183 3.44222092628479 3.203291893005371 0.8061762452125549 4.071316070375409 1.909287691116333 1.5204952955245972
441 1.1611733436584473 7.036169763789183 3.44222092628479 3.203291893005371 0.8061762452125549 4.071316070375409 1.909287691116333 1.5204952955245972
442 1.179052710533142 7.047337257946138 3.4616198539733887 3.198117256164551 0.8592725396156311 4.1782441109054185 1.968896508216858 1.5719887018203735
443 1.17409348487854 7.034800541015933 3.4531962871551514 3.198500156402588 0.8507187962532043 4.178744784292688 1.9693927764892578 1.5623061656951904
444 1.17409348487854 7.042626606292439 3.452782154083252 3.198500156402588 0.8507187962532043 4.262291257425621 1.9819605350494385 1.5623061656951904
445 1.1649662256240845 7.035086641735514 3.4497621059417725 3.188007116317749 0.8431810736656189 4.25350927793811 1.9765675067901611 1.568757176399231
446 1.1649662256240845 7.035086641735514 3.4497621059417725 3.188007116317749 0.8431810736656189 4.25350927793811 1.9765675067901611 1.568757176399231
447 1.1651175022125244 6.965586007385968 3.449780225753784 3.187971591949463 0.8434710502624512 3.8882091493028876 1.899963140487671 1.5687339305877686
448 1.1655821800231934 6.962685190949925 3.449007034301758 3.1856062412261963 0.8407974243164063 3.8852360067736607 1.896199345588684 1.5552442073822021
449 1.1644515991210938 6.959917604557825 3.449479579925537 3.197852849960327 0.8378872275352478 3.8596534585463007 1.8877617120742798 1.569834589958191
450 1.1640287637710571 6.960190557447759 3.448070764541626 3.199173927307129 0.8373703956604004 3.8601626238215534 1.8935920000076294 1.571643352508545
451 1.1640287637710571 6.960190557447759 3.448070764541626 3.199173927307129 0.8373703956604004 3.8601626238215534 1.8935920000076294 1.571643352508545
452 1.1545687913894653 6.9669642084466 3.4380247592926025 3.1931490898132324 0.8257433176040649 3.86462715853203 1.8797171115875244 1.5717138051986694
453 1.1526075601577759 6.965893422112805 3.4418606758117676 3.1956448554992676 0.8207623958587646 3.857442348847617 1.885372519493103 1.5690215826034546
454 1.1525167226791382 6.9627097984547275 3.449819564819336 3.1947643756866455 0.8210173845291138 3.848553442622717 1.8938745260238647 1.5676205158233643
455 1.1515506505966187 6.929167854733368 3.4460344314575195 3.196106195449829 0.8185561299324036 3.824327072450284 1.8826408386230469 1.5662931203842163
456 1.1515506505966187 6.929167854733368 3.4460344314575195 3.196106195449829 0.8185561299324036 3.824327072450284 1.8826408386230469 1.5662931203842163
457 1.1541541814804077 6.947610686309712 3.449943780899048 3.203326463699341 0.8172235488891602 3.903733034662227 1.9031713008880615 1.5571991205215454
458 1.1578067541122437 6.963751708666843 3.44415545463562 3.208948850631714 0.8168410658836365 3.9521766226437136 1.9079762697219849 1.5554171800613403
459 1.157767415046692 7.000810947521632 3.4278724193573 3.2108986377716064 0.8152304291725159 4.023318735742848 1.8924874067306519 1.5549695491790771
460 1.1576271057128906 7.000509685093114 3.427824020385742 3.2106478214263916 0.8149418234825134 4.023083840980043 1.8915740251541138 1.5549958944320679
461 1.1576271057128906 7.000509685093114 3.427824020385742 3.2106478214263916 0.8149418234825134 4.023083840980043 1.8915740251541138 1.5549958944320679
462 1.1573275327682495 6.952859571946949 3.424213409423828 3.2095375061035156 0.8135614395141602 3.9927530406285228 1.8845797777175903 1.5518501996994019
463 1.1573275327682495 6.952367265697386 3.4269025325775146 3.2097370624542236 0.8135614395141602 3.9961920210245485 1.8861607313156128 1.5517122745513916
464 1.1691237688064575 6.95853802509971 3.4311275482177734 3.2086431980133057 0.8345813155174255 4.008008614285054 1.9019775390625 1.5571247339248657
465 1.169106364250183 6.98006393004331 3.431480646133423 3.2128067016601563 0.8342770934104919 4.0160079593117315 1.9049363136291504 1.562144160270691
466 1.1825995445251465 6.965499200755598 3.447133779525757 3.2270500659942627 0.8511658310890198 4.170390590385975 1.9610276222229004 1.5748472213745117
467 1.1818692684173584 6.973217418944541 3.451660633087158 3.224745750427246 0.8505586981773376 4.180093464249756 1.9629913568496704 1.5740748643875122
468 1.1883717775344849 6.986259990086444 3.4554007053375244 3.234739065170288 0.857053279876709 4.24191972904921 1.9844244718551636 1.5862096548080444
469 1.1939399242401123 6.981233913145426 3.46138072013855 3.2345545291900635 0.8642343878746033 4.254880637680922 2.0144314765930176 1.5857261419296265
470 1.2059205770492554 6.988155253919652 3.464268922805786 3.2506134510040283 0.8762105107307434 4.260715436724969 2.0245490074157715 1.6028454303741455
471 1.2059205770492554 6.988155253919652 3.464268922805786 3.2506134510040283 0.8762105107307434 4.260715436724969 2.0245490074157715 1.6028454303741455
472 1.2062510251998901 6.985618995354749 3.4716062545776367 3.2465267181396484 0.8749958276748657 4.277716340549048 2.0229835510253906 1.6007640361785889
473 1.1701210737228394 6.9583888143105685 3.4603030681610107 3.194610357284546 0.8322960734367371 4.218972117408688 1.9950776100158691 1.5229448080062866
474 1.168264389038086 6.959461668007949 3.4598538875579834 3.206984043121338 0.8229590654373169 4.214229514337432 1.9849575757980347 1.5186651945114136
475 1.181858777999878 6.960228085380357 3.461594343185425 3.194274663925171 0.827587902545929 4.177728217890305 1.9674510955810547 1.4650299549102783
476 1.181858777999878 6.960228085380357 3.461594343185425 3.194274663925171 0.827587902545929 4.177728217890305 1.9674510955810547 1.4650299549102783
477 1.1746538877487183 6.944700086032072 3.4565470218658447 3.1792361736297607 0.8237217664718628 4.190838517475597 1.9659416675567627 1.454208493232727
478 1.1798994541168213 6.958231674703238 3.4590070247650146 3.1780786514282227 0.8313575387001038 4.202085913241584 1.9754739999771118 1.4516100883483887
479 1.180769920349121 6.990445794392908 3.4604690074920654 3.1786653995513916 0.8325100541114807 4.236283373696103 1.9834990501403809 1.452612280845642
480 1.1856848001480103 6.9941831476634135 3.4628989696502686 3.1757283210754395 0.8373293280601501 4.244096878053384 1.986964464187622 1.4504783153533936
481 1.1856848001480103 6.9941831476634135 3.4628989696502686 3.1757283210754395 0.8373293280601501 4.244096878053384 1.986964464187622 1.4504783153533936
482 1.1879483461380005 7.064502014972029 3.463562488555908 3.192823648452759 0.8319306373596191 4.277595666135058 1.9933844804763794 1.4574816226959229
483 1.191014051437378 7.074293495510806 3.4680991172790527 3.1869282722473145 0.8451237678527832 4.241128336687999 1.9936310052871704 1.4713314771652222
484 1.1903132200241089 7.071761884136185 3.468095541000366 3.1869640350341797 0.8437803983688354 4.236674363408577 1.9924708604812622 1.4703104496002197
485 1.2065173387527466 7.118966632241226 3.4874041080474854 3.2030014991760254 0.8682347536087036 4.31113760227836 2.0408732891082764 1.5044035911560059
486 1.2065173387527466 7.118966632241226 3.488525152206421 3.2030014991760254 0.8682347536087036 4.31113760227836 2.0442111492156982 1.5044035911560059
487 1.2108608484268188 7.120225514861826 3.494154453277588 3.203481435775757 0.8767473697662354 4.324486287294582 2.0419914722442627 1.5124897956848145
488 1.2045719623565674 7.12233714234644 3.487623453140259 3.1221764087677 0.8713889718055725 4.33653547705009 2.0392355918884277 1.433201789855957
489 1.202743411064148 7.125682433769638 3.4889895915985107 3.163470983505249 0.8704579472541809 4.306682812065546 2.048607110977173 1.5084328651428223
490 1.2026031017303467 7.1219909410393685 3.4886624813079834 3.1640512943267822 0.8706266283988953 4.305094519244255 2.0480000972747803 1.5101062059402466
491 1.2026031017303467 7.1219909410393685 3.4886624813079834 3.1640512943267822 0.8706266283988953 4.305094519244255 2.0480000972747803 1.5101062059402466
492 1.2026031017303467 7.1219909410393685 3.4864962100982666 3.1640512943267822 0.8706266283988953 4.305094519244255 2.037142276763916 1.5101062059402466
493 1.1805791854858398 7.170204049609733 3.469449520111084 3.1656792163848877 0.8338000774383545 4.281991843739197 2.009692430496216 1.496602177619934
494 1.1844552755355835 7.170493261698862 3.4709513187408447 3.1742475032806396 0.8382112383842468 4.285340383487922 2.0182883739471436 1.5119776725769043
495 1.1846461296081543 7.170079281271174 3.4709558486938477 3.173860788345337 0.8381086587905884 4.288197131872075 2.0192418098449707 1.5135180950164795
496 1.1846461296081543 7.170079281271174 3.4709558486938477 3.173860788345337 0.8381086587905884 4.288197131872075 2.0192418098449707 1.5135180950164795
497 1.1851564645767212 7.166512941320501 3.46990704536438 3.173126459121704 0.8391866683959961 4.284165399478745 2.0185205936431885 1.5134587287902832
498 1.1827236413955688 7.168327777859011 3.4683902263641357 3.17403507232666 0.836197018623352 4.292676135908553 2.0190470218658447 1.5142745971679688
499 1.1770015954971313 7.163790561385792 3.472033739089966 3.1676864624023438 0.8277822136878967 4.280138703129452 2.021573066711426 1.4977588653564453
500 1.1987416744232178 7.228095617411564 3.4778761863708496 3.10278582572937 0.84898442029953 4.307322983329725 2.0149166584014893 1.36533784866333
