init 0.7362203598022461 10.125729236539135 3.193930149078369 2.2912988662719727 0.0 0.0 0.0 0.0
1 0.7969589829444885 10.28741802010048 3.2057793140411377 2.3318135738372803 0.3275257349014282 1.961225783283741 0.8393166661262512 0.45814239978790283
2 0.807805061340332 10.281906069989384 3.1989786624908447 2.3266985416412354 0.35111838579177856 2.048644634775076 0.8800749182701111 0.4673367738723755
3 0.8049376606941223 10.181096693526214 3.214129686355591 2.3887197971343994 0.36366957426071167 2.0093209282542546 0.9233152866363525 0.6345504522323608
4 0.8103229403495789 10.16739333799023 3.2088773250579834 2.3870046138763428 0.42555755376815796 1.9765397792038764 0.9644024968147278 0.6827960014343262
5 0.7969411611557007 10.135714190463991 3.2081797122955322 2.3832201957702637 0.4118693470954895 1.9304128729179904 0.9863443374633789 0.6842609643936157
6 0.7969411611557007 10.135714190463991 3.2081797122955322 2.3832201957702637 0.4118693470954895 1.9304128729179904 0.9863443374633789 0.6842609643936157
7 0.8154752850532532 10.147986398883488 3.2106285095214844 2.3961234092712402 0.43429285287857056 2.147773046508622 1.0278924703598022 0.7324516773223877
8 0.8107227087020874 10.228407557130195 3.213836193084717 2.4037654399871826 0.43695321679115295 2.454401445138594 1.1602617502212524 0.7743746042251587
9 0.8116545677185059 10.216120645816554 3.2254955768585205 2.401395320892334 0.4077431559562683 2.419566087350425 1.1160712242126465 0.7625041604042053
10 0.8019649982452393 10.210056237311472 3.2173759937286377 2.378580093383789 0.38447305560112 2.409261187175402 1.1082137823104858 0.7302919626235962
11 0.8019649982452393 10.210056237311472 3.2172417640686035 2.3800787925720215 0.38447305560112 2.409261187175402 1.1091814041137695 0.7415797710418701
12 0.8048535585403442 10.209085339483627 3.2201573848724365 2.387424945831299 0.3993992209434509 2.400323039271376 1.1417604684829712 0.7614988684654236
13 0.8100317120552063 10.215770178719167 3.2266645431518555 2.3894765377044678 0.4000193476676941 2.406183618746912 1.1761406660079956 0.7596973776817322
14 0.8325053453445435 10.197744654958155 3.2349939346313477 2.4083333015441895 0.3986850082874298 2.5182145177866095 1.1434365510940552 0.7497802376747131
15 0.8338767290115356 10.19597886014015 3.233351230621338 2.4641613960266113 0.4008122980594635 2.5338496699031676 1.1718828678131104 0.9477124810218811
16 0.8338767290115356 10.19597886014015 3.233351230621338 2.4641613960266113 0.4008122980594635 2.5338496699031676 1.1718828678131104 0.9477124810218811
17 0.8338701128959656 10.195393052275296 3.2333600521087646 2.4648282527923584 0.4015749394893646 2.5496434542742397 1.1744211912155151 0.9505528211593628
18 0.8337726593017578 10.193908194167095 3.2332990169525146 2.458651304244995 0.4029938876628876 2.4737237876104254 1.200234055519104 0.9618929028511047
19 0.8172911405563354 10.159784223072338 3.234023094177246 2.459951877593994 0.38953301310539246 2.422437864008662 1.1726089715957642 0.9472769498825073
20 0.8178776502609253 10.176261160634587 3.22751784324646 2.4527604579925537 0.39970821142196655 2.4454498701318066 1.1908434629440308 0.9618788361549377
21 0.8178776502609253 10.176261160634587 3.22751784324646 2.4527604579925537 0.39970821142196655 2.4454498701318066 1.1908434629440308 0.9618788361549377
22 0.8178776502609253 10.176261160634587 3.2293970584869385 2.4527604579925537 0.39970821142196655 2.4454498701318066 1.3356328010559082 0.9618788361549377
23 0.8189445734024048 10.14457559032125 3.227372884750366 2.4447150230407715 0.42934277653694153 2.5004993597067258 1.3536969423294067 0.9712716341018677
24 0.8206627368927002 10.149197948866842 3.2284677028656006 2.446195602416992 0.4330291748046875 2.516251688706037 1.3891255855560303 0.9761340022087097
25 0.8200096487998962 10.147572739792231 3.2289133071899414 2.4396493434906006 0.4300365149974823 2.5206293790619654 1.392485499382019 0.9784370064735413
26 0.8200096487998962 10.147572739792231 3.2289133071899414 2.4396493434906006 0.4300365149974823 2.5206293790619654 1.392485499382019 0.9784370064735413
27 0.8099489212036133 10.073402597285574 3.2142250537872314 2.374403476715088 0.4448833167552948 2.478881473993663 1.3542739152908325 0.9020479917526245
28 0.8091859817504883 10.063457904912777 3.2124781608581543 2.3741273880004883 0.44012024998664856 2.404639330900345 1.3423577547073364 0.8975347280502319
29 0.8109683394432068 10.06623478322749 3.2120327949523926 2.3716797828674316 0.4451729655265808 2.371312736461341 1.3394049406051636 0.8933753371238708
30 0.8137621879577637 10.143125470003836 3.2137904167175293 2.3762640953063965 0.4484652578830719 2.4433601561447755 1.3571490049362183 0.9021278023719788
31 0.8137621879577637 10.143125470003836 3.2137904167175293 2.3762640953063965 0.4484652578830719 2.4433601561447755 1.3571490049362183 0.9021278023719788
32 0.8174946904182434 10.115842602107817 3.2067015171051025 2.3656177520751953 0.460464745759964 2.4646249820669808 1.3557547330856323 0.906366765499115
33 0.828187882900238 10.132985752336682 3.2198827266693115 2.3888747692108154 0.48143699765205383 2.455687967992823 1.3686162233352661 0.9533708691596985
34 0.8312807083129883 10.122074517349354 3.2236249446868896 2.398866891860962 0.48834139108657837 2.4569972430654072 1.384003758430481 0.9722912311553955
35 0.8361973762512207 10.129805387336171 3.235398054122925 2.4086875915527344 0.48790380358695984 2.4639265778019674 1.3997516632080078 0.9764017462730408
36 0.8361973762512207 10.129805387336171 3.235398054122925 2.4086875915527344 0.48790380358695984 2.4639265778019674 1.3997516632080078 0.9764017462730408
37 0.8338737487792969 10.156527380851045 3.232893943786621 2.400508165359497 0.4805227220058441 2.469423963776157 1.396675944328308 0.9607058763504028
38 0.8368653655052185 10.174408188133077 3.2366702556610107 2.407503366470337 0.47631847858428955 2.474818780626674 1.4322165250778198 0.9674561619758606
39 0.8389151692390442 10.186540972584206 3.238731861114502 2.4102847576141357 0.47449496388435364 2.4485942711794815 1.4415080547332764 0.9660031795501709
40 0.841512143611908 10.208624145605114 3.2426741123199463 2.4103410243988037 0.48505860567092896 2.500120672931405 1.451086163520813 0.9677941799163818
41 0.841512143611908 10.212128828687698 3.2426741123199463 2.4103410243988037 0.48505860567092896 2.501133308252115 1.4279612302780151 0.9677941799163818
42 0.8496928811073303 10.212283476889132 3.253352165222168 2.4065215587615967 0.5033218860626221 2.5231221674450373 1.4481863975524902 0.9693562388420105
43 0.8520605564117432 10.213627304560854 3.2517285346984863 2.403970956802368 0.5018051266670227 2.5187923611674536 1.4439570903778076 0.9651123285293579
44 0.8533676862716675 10.195164371429394 3.2534639835357666 2.401188850402832 0.5068267583847046 2.5014888665884136 1.4465118646621704 0.9698991179466248
45 0.8522893786430359 10.18737725430876 3.253293752670288 2.399435520172119 0.5080140233039856 2.4471927037393666 1.4608718156814575 0.9723994135856628
46 0.8522893786430359 10.18737725430876 3.253293752670288 2.399435520172119 0.5080140233039856 2.4471927037393666 1.4608718156814575 0.9723994135856628
47 0.8553946018218994 10.186627353945582 3.2565958499908447 2.406776189804077 0.5132617950439453 2.4485878653509636 1.4639475345611572 0.9820302128791809
48 0.8537719249725342 10.17179084318768 3.255295991897583 2.406615972518921 0.5118750333786011 2.415426627582373 1.464777946472168 0.9827507734298706
49 0.8540078401565552 10.173778992868236 3.256279230117798 2.4067461490631104 0.5125303864479065 2.428887740922486 1.4699779748916626 0.9830263257026672
50 0.854010283946991 10.176942782643394 3.2565863132476807 2.4067471027374268 0.5125305652618408 2.463390615478834 1.5200327634811401 0.9830202460289001
51 0.854010283946991 10.176942782643394 3.2565863132476807 2.4067471027374268 0.5125305652618408 2.463390615478834 1.5200327634811401 0.9830202460289001
52 0.8616078495979309 10.176215519489205 3.262540340423584 2.4161715507507324 0.5325721502304077 2.466514887547877 1.536407232284546 1.003146767616272
53 0.8520097732543945 10.186115407817438 3.2492756843566895 2.4021286964416504 0.503088653087616 2.463449196705724 1.2860424518585205 0.9710074663162231
54 0.8459224104881287 10.187333111789394 3.247676134109497 2.4010093212127686 0.4945200979709625 2.4372667402828454 1.3510501384735107 0.9652636051177979
55 0.8429959416389465 10.192614656916987 3.245370388031006 2.399609327316284 0.48918330669403076 2.4259719963401154 1.347434401512146 0.9642378091812134
56 0.8429959416389465 10.192614656916987 3.245370388031006 2.399609327316284 0.48918330669403076 2.4259719963401154 1.347434401512146 0.9642378091812134
57 0.8431448340415955 10.192702697711262 3.2454025745391846 2.3996331691741943 0.4897647202014923 2.425089729937095 1.345158338546753 0.9640940427780151
58 0.8437459468841553 10.190666829171551 3.2372710704803467 2.376495838165283 0.4726606607437134 2.382916629257723 1.322264552116394 0.9347584843635559
59 0.8369432091712952 10.186314040368789 3.229794502258301 2.37070631980896 0.43878212571144104 2.415081507823467 1.2675360441207886 0.8983147740364075
60 0.8392654657363892 10.187505809534068 3.229301929473877 2.369504451751709 0.44804608821868896 2.434575134493877 1.2717913389205933 0.8981958627700806
61 0.8392606377601624 10.18750179972464 3.229257106781006 2.369509220123291 0.4481002390384674 2.434508672663537 1.2720069885253906 0.8981862664222717
62 0.8389284610748291 10.19358630155589 3.2305359840393066 2.3722143173217773 0.44732439517974854 2.44514443190796 1.274050235748291 0.8985769152641296
63 0.8286824226379395 10.204786216454035 3.229966163635254 2.3677871227264404 0.41959095001220703 2.3716352692403984 1.2482659816741943 0.8720807433128357
64 0.833522617816925 10.152351423433998 3.228794574737549 2.371461868286133 0.4346347749233246 2.3190505640813925 1.27373206615448 0.8831546306610107
65 0.8407822847366333 10.154209744486234 3.2327678203582764 2.3742904663085938 0.45319128036499023 2.3281824145986527 1.2851850986480713 0.8940695524215698
66 0.8407822847366333 10.154209744486234 3.2327678203582764 2.3742904663085938 0.45319128036499023 2.3281824145986527 1.2851850986480713 0.8940695524215698
67 0.8380845785140991 10.15688915962194 3.233696937561035 2.367321014404297 0.43902912735939026 2.332935062073243 1.2792150974273682 0.8756815195083618
68 0.8354433178901672 10.165940286299008 3.233461856842041 2.365889072418213 0.43111681938171387 2.3286209583146493 1.279361605644226 0.8731380701065063
69 0.8359103798866272 10.159686615898151 3.2337563037872314 2.3678884506225586 0.4320293366909027 2.244537868287258 1.26350998878479 0.8757781386375427
70 0.8351755142211914 10.150388843701004 3.1849558353424072 2.369480848312378 0.4301069676876068 2.2241820434118327 1.2680182456970215 0.871660590171814
71 0.8351755142211914 10.150388843701004 3.1849558353424072 2.369480848312378 0.4301069676876068 2.2241820434118327 1.2680182456970215 0.871660590171814
72 0.834908127784729 10.151166557653983 3.1884069442749023 2.3813178539276123 0.4476659893989563 2.2062422691550494 1.2703925371170044 0.8956338763237
73 0.8335726261138916 10.146066067176092 3.188370943069458 2.375905752182007 0.44051873683929443 2.175174796765328 1.2630096673965454 0.894227921962738
74 0.8374056816101074 10.176737732954019 3.188709259033203 2.377027988433838 0.44503676891326904 2.279111108173528 1.2861454486846924 0.9053217768669128
75 0.839459240436554 10.185587876178538 3.1902427673339844 2.3797996044158936 0.4400268495082855 2.2463097012815956 1.2692922353744507 0.9006543159484863
76 0.839459240436554 10.185587876178538 3.1902427673339844 2.3797996044158936 0.4400268495082855 2.2463097012815956 1.2692922353744507 0.9006543159484863
77 0.8241867423057556 10.165985056014678 3.1802663803100586 2.3662002086639404 0.43778562545776367 2.343394863503666 1.2844220399856567 0.8920482397079468
78 0.8280779123306274 10.170427037072372 3.1826353073120117 2.3764142990112305 0.44299542903900146 2.340537936364556 1.2881311178207397 0.9143829941749573
79 0.8297293782234192 10.19075638320881 3.182882308959961 2.376718282699585 0.4474993646144867 2.3634175427303576 1.296374797821045 0.9157826900482178
80 0.8295798301696777 10.190755438437007 3.1828787326812744 2.3767192363739014 0.4473989009857178 2.363551862751824 1.2964508533477783 0.9158254265785217
81 0.8295798301696777 10.190755438437007 3.1828787326812744 2.3767192363739014 0.4473989009857178 2.363551862751824 1.2964508533477783 0.9158254265785217
82 0.8297333717346191 10.190773050761562 3.182814836502075 2.3767123222351074 0.4474131464958191 2.363454899785857 1.2957075834274292 0.9158004522323608
83 0.8293054103851318 10.232905854397075 3.1822781562805176 2.3770503997802734 0.44796252250671387 2.405299913209357 1.306046962738037 0.9165785908699036
84 0.8273278474807739 10.248222354848389 3.182234764099121 2.3764936923980713 0.4449706971645355 2.3936783960969854 1.2828572988510132 0.9173823595046997
85 0.8275972604751587 10.277515952843125 3.1864943504333496 2.3807833194732666 0.43697479367256165 2.3876236213068185 1.2846273183822632 0.9043875336647034
86 0.8275972604751587 10.277515952843125 3.1864943504333496 2.3807833194732666 0.43697479367256165 2.3876236213068185 1.2846273183822632 0.9043875336647034
87 0.8222451210021973 10.273193610027437 3.1793384552001953 2.3778302669525146 0.4309336543083191 2.407753064036382 1.2162610292434692 0.8990838527679443
88 0.8148776292800903 10.241774076490225 3.171132802963257 2.4063363075256348 0.42671751976013184 2.404427308784068 1.2707939147949219 1.0090737342834473
89 0.8209447264671326 10.245558024615537 3.170811653137207 2.4053866863250732 0.43622827529907227 2.4092833007655567 1.2680187225341797 1.0107173919677734
90 0.8234091401100159 10.188464160655961 3.172555685043335 2.4115684032440186 0.41498860716819763 2.379429435589343 1.2045365571975708 0.9997897148132324
91 0.8234091401100159 10.188464160655961 3.172555685043335 2.4115684032440186 0.41498860716819763 2.379429435589343 1.2045365571975708 0.9997897148132324
92 0.8213660717010498 10.192045538318254 3.1707069873809814 2.4125730991363525 0.4139288067817688 2.3720247063036233 1.1984158754348755 1.0034255981445313
93 0.8215663433074951 10.176475178513343 3.171509027481079 2.4120333194732666 0.4149426817893982 2.2966889552967333 1.1855028867721558 1.0022274255752563
94 0.8208848834037781 10.189109648680336 3.171495199203491 2.412085771560669 0.41491588950157166 2.3288633722071235 1.1918953657150269 1.002145767211914
95 0.8200725317001343 10.178461383702226 3.1726484298706055 2.411872148513794 0.41605958342552185 2.2883472236386773 1.3918085098266602 0.999543309211731
96 0.8200725317001343 10.178461383702226 3.1726484298706055 2.411872148513794 0.41605958342552185 2.2883472236386773 1.3918085098266602 0.999543309211731
97 0.8222697377204895 10.182776059324233 3.171736001968384 2.4120256900787354 0.4169390797615051 2.2911113364848337 1.3906686305999756 0.9983162879943848
98 0.8222697377204895 10.174497175541743 3.171603202819824 2.4120256900787354 0.4169390797615051 2.254859249912555 1.3643728494644165 0.9983162879943848
99 0.819596529006958 10.212031791765812 3.1709299087524414 2.406909227371216 0.4046091139316559 2.378487218025183 1.3962520360946655 0.9775834679603577
100 0.822292685508728 10.212031595192002 3.1703667640686035 2.3624184131622314 0.41153737902641296 2.3804700207314493 1.375746250152588 0.8609800338745117
101 0.822292685508728 10.212031595192002 3.1703667640686035 2.3624184131622314 0.41153737902641296 2.3804700207314493 1.375746250152588 0.8609800338745117
102 0.8228651881217957 10.209742631624238 3.171069860458374 2.3635153770446777 0.41215085983276367 2.3553121036576514 1.373128056526184 0.8590252995491028
103 0.8184767961502075 10.209376777665678 3.177452564239502 2.3616766929626465 0.40933114290237427 2.393931802553587 1.328381896018982 0.8570435643196106
104 0.8195208311080933 10.20740988285164 3.1779327392578125 2.3618409633636475 0.40942031145095825 2.382870894240173 1.325362205505371 0.856016993522644
105 0.826833963394165 10.204568023535728 3.1852362155914307 2.367955207824707 0.43030843138694763 2.37490508744137 1.340925693511963 0.8749174475669861
106 0.826833963394165 10.204568023535728 3.1852362155914307 2.367955207824707 0.43030843138694763 2.37490508744137 1.340925693511963 0.8749174475669861
107 0.825727105140686 10.20577602479529 3.1863725185394287 2.3674871921539307 0.42673632502555847 2.371682522400755 1.325863242149353 0.8713433742523193
108 0.8289360404014587 10.22065117237858 3.1869843006134033 2.3744561672210693 0.4337629973888397 2.3903472141484268 1.3265204429626465 0.8915672302246094
109 0.8289360404014587 10.21845464686853 3.191368341445923 2.3744561672210693 0.4337629973888397 2.367786257048149 1.3274327516555786 0.8915672302246094
110 0.8292229175567627 10.209933680888717 3.191457986831665 2.374577283859253 0.4341961443424225 2.3843209753255663 1.256597638130188 0.8914647102355957
111 0.8292229175567627 10.209933680888717 3.191457986831665 2.374577283859253 0.4341961443424225 2.3843209753255663 1.256597638130188 0.8914647102355957
112 0.8314396142959595 10.20741369615234 3.1917757987976074 2.376494884490967 0.43954938650131226 2.380780027670546 1.2561284303665161 0.8990046381950378
113 0.830012321472168 10.202884058773988 3.191495180130005 2.3749313354492188 0.4345695376396179 2.3286030912796822 1.2413029670715332 0.892173707485199
114 0.8322942852973938 10.202910684648298 3.1920711994171143 2.3756282329559326 0.4307623505592346 2.32073656059407 1.2380915880203247 0.8926732540130615
115 0.831918478012085 10.206138192252315 3.1923227310180664 2.3767170906066895 0.44068607687950134 2.3413525654307072 1.247582197189331 0.8975086808204651
116 0.831918478012085 10.206138192252315 3.1923227310180664 2.3767170906066895 0.44068607687950134 2.3413525654307072 1.247582197189331 0.8975086808204651
117 0.831180989742279 10.206954035115311 3.1913938522338867 2.3766815662384033 0.4419231116771698 2.3429890135443987 1.2438472509384155 0.8985959887504578
118 0.8310868144035339 10.20346304872546 3.191105842590332 2.376586437225342 0.44166994094848633 2.3066487396034594 1.232602834701538 0.8983346819877625
119 0.8319936394691467 10.202245218487283 3.1917638778686523 2.3764278888702393 0.4417257010936737 2.3075103848985403 1.233525276184082 0.8978687524795532
120 0.830764651298523 10.202621352472095 3.1901471614837646 2.374873161315918 0.4418516755104065 2.2969853087307466 1.2526533603668213 0.8966412544250488
121 0.830764651298523 10.202621352472095 3.1901471614837646 2.374873161315918 0.4418516755104065 2.2969853087307466 1.2526533603668213 0.8966412544250488
122 0.8363596200942993 10.257149218678505 3.189448595046997 2.386183977127075 0.41379284858703613 2.2903579207841354 1.2272766828536987 0.8663068413734436
123 0.8345993757247925 10.259208020860674 3.188983678817749 2.385861396789551 0.4090244472026825 2.287428521707507 1.2252328395843506 0.863846480846405
124 0.838671863079071 10.25839431203475 3.1885550022125244 2.3860726356506348 0.4182853102684021 2.3055583583622883 1.2317289113998413 0.8672873377799988
125 0.8404600620269775 10.318967215282361 3.18886399269104 2.3864364624023438 0.4175696074962616 2.4560328191031218 1.261801838874817 0.8672608137130737
126 0.8404600620269775 10.318967215282361 3.18886399269104 2.3864364624023438 0.4175696074962616 2.4560328191031218 1.261801838874817 0.8672608137130737
127 0.8404600620269775 10.31758243122783 3.18886399269104 2.3864364624023438 0.4175696074962616 2.439603887654031 1.2584476470947266 0.8672608137130737
128 0.845319926738739 10.318107134161135 3.1920077800750732 2.3897714614868164 0.436134397983551 2.4477529109714324 1.2768442630767822 0.8882249593734741
129 0.8374145030975342 10.306926784512335 3.19096302986145 2.3818135261535645 0.4154861271381378 2.4149338799801576 1.2256091833114624 0.8712218403816223
130 0.8604372143745422 10.311739658337693 3.1934523582458496 2.387840509414673 0.45158448815345764 2.5018786370959294 1.279175877571106 0.8946977853775024
131 0.8604372143745422 10.311739658337693 3.1934523582458496 2.387840509414673 0.45158448815345764 2.5018786370959294 1.279175877571106 0.8946977853775024
132 0.8714151978492737 10.356936437807459 3.2055344581604004 2.4016590118408203 0.4496074616909027 2.4305481651709333 1.2575011253356934 0.8895493745803833
133 0.8721044659614563 10.353025795935633 3.207162618637085 2.4015719890594482 0.44805705547332764 2.4848878770321026 1.2678656578063965 0.8887938857078552
134 0.8615878224372864 10.378739238019493 3.201136589050293 2.3975908756256104 0.43131372332572937 2.4650404276499165 1.3018577098846436 0.8793063163757324
135 0.8615761995315552 10.240156643289149 3.200984239578247 2.3974764347076416 0.43121033906936646 2.2864876406238053 1.267153024673462 0.8791648745536804
136 0.8615761995315552 10.240156643289149 3.200984239578247 2.3974764347076416 0.43121033906936646 2.2864876406238053 1.267153024673462 0.8791648745536804
137 0.8622667193412781 10.225661371916127 3.2013702392578125 2.397475242614746 0.43047788739204407 2.2786885581992182 1.2639657258987427 0.8767278790473938
138 0.8607180714607239 10.204853967479119 3.197834014892578 2.3937880992889404 0.4431799650192261 2.3451208123681124 1.2609769105911255 0.8952370882034302
139 0.8621444702148438 10.20400122511275 3.197514772415161 2.388575553894043 0.4440360963344574 2.344106649278585 1.2627977132797241 0.9060018658638
140 0.8823312520980835 10.237454687730727 3.202500820159912 2.3918299674987793 0.4711509943008423 2.290773146295272 1.2476253509521484 0.9061498641967773
141 0.8823312520980835 10.237454687730727 3.202500820159912 2.3918299674987793 0.4711509943008423 2.290773146295272 1.2476253509521484 0.9061498641967773
142 0.8824278712272644 10.245928969223119 3.2078967094421387 2.442894458770752 0.470175564289093 2.300078349966801 1.2766958475112915 0.9767857789993286
143 0.8866767287254333 10.251966389160831 3.2084197998046875 2.4461536407470703 0.4642409384250641 2.281076281241872 1.2248364686965942 0.9756912589073181
144 0.8886516094207764 10.262622409888532 3.210646152496338 2.4491381645202637 0.46298056840896606 2.263663081140086 1.2219371795654297 0.9749892950057983
145 0.8867326974868774 10.263899357445895 3.2079925537109375 2.445580005645752 0.4653404653072357 2.2534156770465033 1.218453288078308 0.9682866334915161
146 0.8867326974868774 10.263899357445895 3.2079925537109375 2.445580005645752 0.4653404653072357 2.2534156770465033 1.218453288078308 0.9682866334915161
147 0.89229416847229 10.28378014723217 3.210733413696289 2.449524164199829 0.4757034480571747 2.2973278470125336 1.2284443378448486 0.977953314781189
148 0.8921674489974976 10.279992331818997 3.2106399536132813 2.449533462524414 0.475614458322525 2.3283812364148577 1.241778016090393 0.977900505065918
149 0.8921674489974976 10.252947159409905 3.2106399536132813 2.449533462524414 0.475614458322525 2.295680202434736 1.2312906980514526 0.977900505065918
150 0.8949856758117676 10.249721401195048 3.209134101867676 2.447016716003418 0.4791906476020813 2.302521818301927 1.2326141595840454 0.9763985872268677
151 0.8949856758117676 10.249721401195048 3.209134101867676 2.447016716003418 0.4791906476020813 2.302521818301927 1.2326141595840454 0.9763985872268677
152 0.9007886648178101 10.247690652848398 3.211146116256714 2.4469590187072754 0.4874475598335266 2.2956882866404253 1.2484155893325806 0.9746012091636658
153 0.9004078507423401 10.245079104687546 3.211322069168091 2.446661949157715 0.486530601978302 2.2586647476588597 1.2470283508300781 0.9733750820159912
154 0.9043071866035461 10.246484231590744 3.21272611618042 2.4477956295013428 0.49050629138946533 2.260689894475351 1.250954270362854 0.9781485795974731
155 0.8998710513114929 10.245471888970679 3.214564800262451 2.4459521770477295 0.48092126846313477 2.2484075305060838 1.2290780544281006 0.9737343788146973
156 0.8998710513114929 10.245471888970679 3.214564800262451 2.4459521770477295 0.48092126846313477 2.2484075305060838 1.2290780544281006 0.9737343788146973
157 0.9003662467002869 10.247102982483327 3.2184360027313232 2.4459211826324463 0.48138701915740967 2.273361126287654 1.2381575107574463 0.9737800359725952
158 0.9003976583480835 10.245537788729965 3.218902826309204 2.44598388671875 0.48082780838012695 2.263873888088496 1.2333333492279053 0.9734055399894714
159 0.8915423154830933 10.27395710960376 3.218475580215454 2.4450438022613525 0.4604407846927643 2.228052030179854 1.2201122045516968 0.9611622095108032
160 0.8912986516952515 10.270382394837242 3.2174155712127686 2.4398248195648193 0.46011611819267273 2.2247995963915668 1.2166266441345215 0.9526472091674805
161 0.8912986516952515 10.270382394837242 3.2174155712127686 2.4398248195648193 0.46011611819267273 2.2247995963915668 1.2166266441345215 0.9526472091674805
162 0.9030957221984863 10.260159499027536 3.22444748878479 2.441227912902832 0.47100019454956055 2.204184435816484 1.219179630279541 0.9525815844535828
163 0.9016175866127014 10.304103973038501 3.2243685722351074 2.440842390060425 0.4696623682975769 2.3735328178475887 1.2260669469833374 0.9533364176750183
164 0.9016175866127014 10.308692066725976 3.2243685722351074 2.440842390060425 0.4696623682975769 2.426060417094038 1.2368254661560059 0.9533364176750183
165 0.9016175866127014 10.299026822580352 3.224057197570801 2.440842390060425 0.4696623682975769 2.4286085730005795 1.2306089401245117 0.9533364176750183
166 0.9016175866127014 10.299026822580352 3.224057197570801 2.440842390060425 0.4696623682975769 2.4286085730005795 1.2306089401245117 0.9533364176750183
167 0.9016175866127014 10.294381811643957 3.224057197570801 2.440842390060425 0.4696623682975769 2.3739351291367305 1.2193442583084106 0.9533364176750183
168 0.9019244909286499 10.294379421318455 3.2240548133850098 2.4405674934387207 0.469863623380661 2.3740447505712186 1.219333529472351 0.9527119398117065
169 0.8948314189910889 10.295838693186568 3.216902256011963 2.425370216369629 0.45923978090286255 2.382743414073739 1.3173538446426392 0.9392698407173157
170 0.8966678380966187 10.298288356978938 3.2191426753997803 2.425060987472534 0.46157845854759216 2.359447805139584 1.314497470855713 0.9349046349525452
171 0.8966678380966187 10.298288356978938 3.2191426753997803 2.425060987472534 0.46157845854759216 2.359447805139584 1.314497470855713 0.9349046349525452
172 0.8933241367340088 10.297984905914921 3.210340738296509 2.4251463413238525 0.4598553776741028 2.3546967894028157 1.3143301010131836 0.9337524771690369
173 0.8990967869758606 10.253546015097681 3.2151458263397217 2.4344570636749268 0.4719037413597107 2.3870234754963366 1.3200297355651855 0.9537318348884583
174 0.9035071134567261 10.25798973621404 3.21750545501709 2.42767333984375 0.46721571683883667 2.3760832525258877 1.3901190757751465 0.9368777871131897
175 0.8901687264442444 10.273617023680021 3.216602325439453 2.435476779937744 0.4516698718070984 2.392506203787613 1.397028923034668 0.9421703815460205
176 0.8901687264442444 10.273617023680021 3.216602325439453 2.435476779937744 0.4516698718070984 2.392506203787613 1.397028923034668 0.9421703815460205
177 0.8893904685974121 10.275193483597375 3.216905355453491 2.435539484024048 0.4475209414958954 2.3910863123965393 1.3102072477340698 0.9388936758041382
178 0.8910882472991943 10.25789604101244 3.213630199432373 2.435119152069092 0.4612758755683899 2.3955374262925497 1.3063174486160278 0.9477866888046265
179 0.8870731592178345 10.234613534325224 3.212512254714966 2.4337522983551025 0.4567074179649353 2.429367895368489 1.3128458261489868 0.9477478265762329
180 0.8839572072029114 10.23332913104601 3.212769031524658 2.433453321456909 0.4548337459564209 2.412535095233647 1.311356782913208 0.9478384852409363
181 0.8839572072029114 10.23332913104601 3.212769031524658 2.433453321456909 0.4548337459564209 2.412535095233647 1.311356782913208 0.9478384852409363
182 0.8839123845100403 10.241379882120782 3.214186668395996 2.4326632022857666 0.4560319483280182 2.4111725760656366 1.304124355316162 0.9478916525840759
183 0.8896611928939819 10.294925535186747 3.2156968116760254 2.432450294494629 0.46422186493873596 2.5024820460341375 1.3277161121368408 0.9423914551734924
184 0.8908836841583252 10.296264313857462 3.2160184383392334 2.4362123012542725 0.4671291410923004 2.4857789926042178 1.3262717723846436 0.9516119360923767
185 0.8929927945137024 10.314487867418542 3.2163290977478027 2.4358699321746826 0.46988359093666077 2.507886298332338 1.3313517570495605 0.9526731967926025
186 0.8929927945137024 10.314487867418542 3.2163290977478027 2.4358699321746826 0.46988359093666077 2.507886298332338 1.3313517570495605 0.9526731967926025
187 0.8929215669631958 10.317529647675334 3.2130916118621826 2.411890745162964 0.47200220823287964 2.5032724959418613 1.323931097984314 0.9180375337600708
188 0.8972622752189636 10.324278888953053 3.2161998748779297 2.4164698123931885 0.4691835045814514 2.5470485026407994 1.332823634147644 0.9207239747047424
189 0.8966506719589233 10.32276696553469 3.216831922531128 2.402719497680664 0.4689609408378601 2.52980317688147 1.331077218055725 0.9323000907897949
190 0.8964664340019226 10.316605420033238 3.2183916568756104 2.4043078422546387 0.4696584641933441 2.506927640590704 1.3309717178344727 0.9327198266983032
191 0.8964664340019226 10.316605420033238 3.2183916568756104 2.4043078422546387 0.4696584641933441 2.506927640590704 1.3309717178344727 0.9327198266983032
192 0.8970416784286499 10.322631595243655 3.217318058013916 2.4048309326171875 0.4709806740283966 2.532474220936267 1.3342881202697754 0.9330570697784424
193 0.8970416784286499 10.32571259729956 3.2118771076202393 2.3517372608184814 0.4709806740283966 2.5336634061355245 1.3089598417282104 0.8561107516288757
194 0.9049797654151917 10.25270713694317 3.212583303451538 2.350649118423462 0.47663500905036926 2.1840516754127512 1.241250991821289 0.8537763953208923
195 0.9061434268951416 10.262254757698463 3.2114367485046387 2.3510711193084717 0.4778103828430176 2.1850529357783635 1.2431824207305908 0.8541876673698425
196 0.9061434268951416 10.262254757698463 3.2114367485046387 2.3510711193084717 0.4778103828430176 2.1850529357783635 1.2431824207305908 0.8541876673698425
197 0.8930350542068481 10.26256778353765 3.2078588008880615 2.3483009338378906 0.47941985726356506 2.1978100443481385 1.2367125749588013 0.8561105728149414
198 0.8933996558189392 10.262558678089531 3.2091445922851563 2.348533868789673 0.4792744815349579 2.1928305832554176 1.264028787612915 0.8560886383056641
199 0.896091878414154 10.262194229712593 3.210049867630005 2.350210428237915 0.47966620326042175 2.1867788131679804 1.2641825675964355 0.8585878610610962
200 0.9022672176361084 10.250707060935001 3.2090749740600586 2.3468241691589355 0.49224838614463806 2.2032182547164227 1.269254446029663 0.8623937368392944
201 0.9022672176361084 10.250707060935001 3.2090749740600586 2.3468241691589355 0.49224838614463806 2.2032182547164227 1.269254446029663 0.8623937368392944
202 0.9006023406982422 10.255500436913346 3.2086117267608643 2.3465542793273926 0.48960885405540466 2.252127499797493 1.2782399654388428 0.8629191517829895
203 0.9028027057647705 10.258414698120292 3.2104780673980713 2.3481695652008057 0.4920497238636017 2.2244850823754883 1.2848447561264038 0.8692891001701355
204 0.8898733258247375 10.260665290038833 3.209540843963623 2.3402392864227295 0.4582177400588989 2.200808823404652 1.2681775093078613 0.8146248459815979
205 0.8887998461723328 10.227305813573684 3.20969557762146 2.341148853302002 0.45777446031570435 2.1576237049464826 1.2605057954788208 0.8168294429779053
206 0.8887998461723328 10.227305813573684 3.20969557762146 2.341148853302002 0.45777446031570435 2.1576237049464826 1.2605057954788208 0.8168294429779053
207 0.8954916596412659 10.224062635448922 3.209660291671753 2.3414196968078613 0.46028995513916016 2.151671128568726 1.2600536346435547 0.8154703974723816
208 0.8972111344337463 10.222637596552902 3.210923194885254 2.3438103199005127 0.4637559950351715 2.153053310828998 1.2621498107910156 0.8245210647583008
209 0.8967951536178589 10.214279571012067 3.210855484008789 2.343414068222046 0.4628794193267822 2.1889468667108836 1.2679909467697144 0.8240660429000854
210 0.8949288129806519 10.214309112324786 3.2109358310699463 2.344128370285034 0.46132051944732666 2.1990009650435947 1.2702289819717407 0.8258021473884583
211 0.8949288129806519 10.214309112324786 3.2109358310699463 2.344128370285034 0.46132051944732666 2.1990009650435947 1.2702289819717407 0.8258021473884583
212 0.8884420394897461 10.212647347388092 3.209930419921875 2.351978063583374 0.45065203309059143 2.1953797476626793 1.2702687978744507 0.8314332365989685
213 0.8893210291862488 10.23134711372279 3.2086334228515625 2.3525052070617676 0.45292964577674866 2.131566080907131 1.260615587234497 0.8318442106246948
214 0.8930977582931519 10.222870360584695 3.208237886428833 2.349993944168091 0.46036067605018616 2.163529687820258 1.2888721227645874 0.8368675112724304
215 0.8930379748344421 10.222918697559464 3.208226203918457 2.3501768112182617 0.46059876680374146 2.1641387177069924 1.2895601987838745 0.8371933102607727
216 0.8930379748344421 10.222918697559464 3.208226203918457 2.3501768112182617 0.46059876680374146 2.1641387177069924 1.2895601987838745 0.8371933102607727
217 0.8789371848106384 10.22761380988778 3.2082836627960205 2.351255178451538 0.45762157440185547 2.15722981473569 1.2916995286941528 0.8460216522216797
218 0.8766254186630249 10.292902100583046 3.2098827362060547 2.3512039184570313 0.44813400506973267 2.221413587488471 1.2924396991729736 0.8432968258857727
219 0.8763728141784668 10.292866093538764 3.2099406719207764 2.3511452674865723 0.4478241503238678 2.2207944464199354 1.292301058769226 0.8430847525596619
220 0.8765561580657959 10.299547100588766 3.2099242210388184 2.351163387298584 0.44804731011390686 2.258129960638866 1.298467993736267 0.8431345224380493
221 0.8765561580657959 10.299547100588766 3.2099242210388184 2.351163387298584 0.44804731011390686 2.258129960638866 1.298467993736267 0.8431345224380493
222 0.8936364650726318 10.324348845481147 3.219074249267578 2.361236810684204 0.45929819345474243 2.2784409805556782 1.3002156019210815 0.853478193283081
223 0.8936364650726318 10.324348845481147 3.219163179397583 2.361236810684204 0.45929819345474243 2.2784409805556782 1.3002980947494507 0.853478193283081
224 0.8936364650726318 10.345774646114243 3.219163179397583 2.361236810684204 0.45929819345474243 2.2833238230837622 1.3010917901992798 0.853478193283081
225 0.8943707942962646 10.31402138035098 3.218421697616577 2.357388734817505 0.4642550051212311 2.2764384966329128 1.301247000694275 0.8524497151374817
226 0.8943707942962646 10.31402138035098 3.218421697616577 2.357388734817505 0.4642550051212311 2.2764384966329128 1.301247000694275 0.8524497151374817
227 0.8944570422172546 10.315270932015842 3.2184336185455322 2.3570520877838135 0.4646412432193756 2.2900767564252225 1.3034478425979614 0.8499028086662292
228 0.8809648156166077 10.312336299022402 3.2147750854492188 2.357276678085327 0.4503490924835205 2.2267048337424216 1.2910150289535522 0.8463926315307617
229 0.8849781155586243 10.309789885983188 3.2228872776031494 2.4074201583862305 0.44370293617248535 2.2253513388605866 1.286993384361267 0.9027409553527832
230 0.8847071528434753 10.309825954376944 3.2227659225463867 2.4075264930725098 0.44282153248786926 2.2267638772296507 1.2872706651687622 0.903138279914856
231 0.8847071528434753 10.309825954376944 3.2227659225463867 2.4075264930725098 0.44282153248786926 2.2267638772296507 1.2872706651687622 0.903138279914856
232 0.888201117515564 10.302277580829774 3.223923683166504 2.3625898361206055 0.4475468695163727 2.2573900745090727 1.3033232688903809 1.0038655996322632
233 0.8946804404258728 10.289230854900499 3.226310968399048 2.3672003746032715 0.4574514925479889 2.247135201857082 1.3021419048309326 1.0140029191970825
234 0.8914734125137329 10.28573994479118 3.2279229164123535 2.365861654281616 0.44901010394096375 2.221233943293524 1.2980129718780518 1.01058030128479
235 0.8866284489631653 10.293584356388683 3.2260982990264893 2.414503812789917 0.4441945254802704 2.2222634181608125 1.3092598915100098 1.116524338722229
236 0.8866284489631653 10.293584356388683 3.2260982990264893 2.414503812789917 0.4441945254802704 2.2222634181608125 1.3092598915100098 1.116524338722229
237 0.8860399723052979 10.248724361499386 3.2185347080230713 2.403514862060547 0.4467781186103821 2.20848979798752 1.3075696229934692 1.1102696657180786
238 0.8774131536483765 10.247393029793795 3.2171645164489746 2.4011058807373047 0.4338555932044983 2.183090436914679 1.2984676361083984 1.1035816669464111
239 0.8780176639556885 10.24991897782481 3.2176036834716797 2.4077954292297363 0.43449386954307556 2.1209856187192035 1.2879165410995483 1.104653000831604
240 0.8773148059844971 10.250000998327305 3.2168853282928467 2.4067742824554443 0.4335115849971771 2.1191794306014646 1.2877689599990845 1.1053194999694824
241 0.8773148059844971 10.250000998327305 3.2168853282928467 2.4067742824554443 0.4335115849971771 2.1191794306014646 1.2877689599990845 1.1053194999694824
242 0.8786556720733643 10.249407193344641 3.2170028686523438 2.4085981845855713 0.43710026144981384 2.0968551043942565 1.2840741872787476 1.1070656776428223
243 0.87813401222229 10.234684421430481 3.21943736076355 2.4149227142333984 0.46031463146209717 2.1177771545710415 1.2909982204437256 1.124809741973877
244 0.8764300346374512 10.246239507275643 3.2192745208740234 2.4141812324523926 0.4586295485496521 2.1249205562955145 1.2896190881729126 1.1246331930160522
245 0.8904308676719666 10.237758444639118 3.223405361175537 2.4278793334960938 0.48240023851394653 2.1247555735352437 1.2982641458511353 1.155533790588379
246 0.8904308676719666 10.237758444639118 3.223405361175537 2.4278793334960938 0.48240023851394653 2.1247555735352437 1.2982641458511353 1.155533790588379
247 0.8871926665306091 10.215793174121671 3.216935873031616 2.4136738777160645 0.4797021150588989 2.094960877494915 1.2887486219406128 1.13780677318573
248 0.8856645822525024 10.227014077758605 3.215327501296997 2.4153778553009033 0.4627317786216736 2.0794935088777184 1.285029649734497 1.123629093170166
249 0.886399507522583 10.248269042089143 3.2152998447418213 2.3948915004730225 0.46446460485458374 2.1267117800568585 1.2918119430541992 1.1203855276107788
250 0.8906068801879883 10.27787551399973 3.219069480895996 2.4665510654449463 0.47087305784225464 2.119804921671579 1.3069676160812378 1.2371128797531128
251 0.8906068801879883 10.27787551399973 3.219069480895996 2.4665510654449463 0.47087305784225464 2.119804921671579 1.3069676160812378 1.2371128797531128
252 0.9039754271507263 10.269075377853598 3.219461679458618 2.4645543098449707 0.48182743787765503 2.109613154212092 1.3049074411392212 1.2360960245132446
253 0.9052706360816956 10.311003650808683 3.2203614711761475 2.465245485305786 0.48261114954948425 2.215505640444306 1.400661826133728 1.2348695993423462
254 0.9003543257713318 10.166817824934938 3.2151834964752197 2.3984525203704834 0.4720751941204071 2.0941031562847554 1.365950107574463 1.115816354751587
255 0.9001774787902832 10.181296563081899 3.215134859085083 2.3984391689300537 0.4719497263431549 2.102231607085976 1.3673557043075562 1.1158788204193115
256 0.9001774787902832 10.181296563081899 3.215134859085083 2.3984391689300537 0.4719497263431549 2.102231607085976 1.3673557043075562 1.1158788204193115
257 0.9001774787902832 10.183581690395108 3.2149507999420166 2.3963098526000977 0.4719497263431549 2.1288641656132246 1.3705265522003174 1.112631916999817
258 0.900667130947113 10.219793687806776 3.2150139808654785 2.396851062774658 0.4715525209903717 2.190373028593116 1.3981775045394897 1.113003134727478
259 0.9001255035400391 10.206195912909386 3.2149879932403564 2.3970835208892822 0.4713973104953766 2.1866342612530723 1.3736242055892944 1.1103806495666504
260 0.8966174721717834 10.200924884366742 3.2125463485717773 2.3915090560913086 0.4698299467563629 2.1518692888178745 1.384663701057434 1.1076979637145996
261 0.8966174721717834 10.200924884366742 3.213099956512451 2.3915090560913086 0.4698299467563629 2.1518692888178745 1.3768737316131592 1.1076979637145996
262 0.9044935703277588 10.199958568657536 3.217313766479492 2.38853120803833 0.4767994284629822 2.1550120301311564 1.3797162771224976 1.1088664531707764
263 0.8922751545906067 10.220094030766951 3.213501214981079 2.3901219367980957 0.46614164113998413 2.280702745146864 1.4025617837905884 1.1106836795806885
264 0.8916301131248474 10.238007111316053 3.2111868858337402 2.4290904998779297 0.4625958800315857 2.258718158434606 1.3853652477264404 1.0223973989486694
265 0.8944529294967651 10.243128038672658 3.2116732597351074 2.430671215057373 0.4665098488330841 2.249814366547016 1.4114148616790771 1.0220415592193604
266 0.8944529294967651 10.243128038672658 3.2116732597351074 2.430671215057373 0.4665098488330841 2.249814366547016 1.4114148616790771 1.0220415592193604
267 0.8963539600372314 10.232561513486305 3.212736129760742 2.431777000427246 0.46761539578437805 2.239881992859341 1.4097291231155396 1.023232340812683
268 0.8965810537338257 10.246443495223254 3.2126078605651855 2.4315333366394043 0.4681145250797272 2.2789642288164322 1.4165352582931519 1.0231398344039917
269 0.8966221809387207 10.26922205614145 3.2126903533935547 2.431410551071167 0.4681006073951721 2.294767696037741 1.4198838472366333 1.0228983163833618
270 0.8964574933052063 10.262164699295209 3.2126832008361816 2.4314403533935547 0.4676938056945801 2.284951702933641 1.3951900005340576 1.022908091545105
271 0.8964574933052063 10.262164699295209 3.2126832008361816 2.4314403533935547 0.4676938056945801 2.284951702933641 1.3951900005340576 1.022908091545105
272 0.8959525227546692 10.286680720939346 3.2124974727630615 2.431330919265747 0.46640390157699585 2.3132128580281055 1.4009699821472168 1.0224918127059937
273 0.8947663307189941 10.288587018747636 3.2124223709106445 2.4348583221435547 0.4648880958557129 2.320956043562294 1.4051138162612915 1.0304768085479736
274 0.9006238579750061 10.28756234816901 3.2129621505737305 2.4375088214874268 0.47530397772789 2.3210008061438385 1.4099702835083008 1.0351157188415527
275 0.9029934406280518 10.289559824695917 3.212878704071045 2.438523292541504 0.47860902547836304 2.3261735556294307 1.4121227264404297 1.0369852781295776
276 0.9029934406280518 10.289559824695917 3.212878704071045 2.438523292541504 0.47860902547836304 2.3261735556294307 1.4121227264404297 1.0369852781295776
277 0.9063124060630798 10.276435861572383 3.213693618774414 2.444922924041748 0.48592042922973633 2.3133540311848115 1.4311790466308594 1.0475014448165894
278 0.9063228964805603 10.27646015751972 3.2132599353790283 2.4459187984466553 0.48609501123428345 2.3131156961839734 1.429193139076233 1.0498121976852417
279 0.9094342589378357 10.268830561841938 3.209313154220581 2.4435861110687256 0.49810686707496643 2.325909012079768 1.3134267330169678 1.056152105331421
280 0.901739239692688 10.261716227938141 3.2083115577697754 2.4406399726867676 0.4919126629829407 2.305069991797562 1.3202024698257446 1.0561954975128174
281 0.901739239692688 10.261716227938141 3.2083115577697754 2.4406399726867676 0.4919126629829407 2.305069991797562 1.3202024698257446 1.0561954975128174
282 0.9031776189804077 10.224164847678022 3.21073055267334 2.4407246112823486 0.4919802248477936 2.357378730993504 1.3242213726043701 1.0547876358032227
283 0.9069338440895081 10.225566932121374 3.2123515605926514 2.4431376457214355 0.49890851974487305 2.3520598071708934 1.3289153575897217 1.0610153675079346
284 0.9068724513053894 10.223801496604654 3.2113170623779297 2.4427592754364014 0.49866220355033875 2.340890474242201 1.3341580629348755 1.0609005689620972
285 0.9080552458763123 10.209767774516225 3.2108936309814453 2.4414052963256836 0.5013942718505859 2.3285023035953047 1.4446792602539063 1.0593140125274658
286 0.9080552458763123 10.209767774516225 3.2108936309814453 2.4414052963256836 0.5013942718505859 2.3285023035953047 1.4446792602539063 1.0593140125274658
287 0.9124736785888672 10.216061923330802 3.2160205841064453 2.4452261924743652 0.5070461630821228 2.3420295223543426 1.3991459608078003 1.0642776489257813
288 0.913116455078125 10.204343197807388 3.199817657470703 2.4415082931518555 0.502923309803009 2.3202294022552623 1.4841965436935425 1.0510623455047607
289 0.912438154220581 10.2119268963577 3.1983182430267334 2.435561180114746 0.49894264340400696 2.3165409389758365 1.4789600372314453 1.0319099426269531
290 0.8998781442642212 10.214378982747727 3.196300983428955 2.432769298553467 0.49222439527511597 2.339888414910948 1.5270546674728394 1.031501054763794
291 0.8998781442642212 10.214378982747727 3.196300983428955 2.432769298553467 0.49222439527511597 2.339888414910948 1.5270546674728394 1.031501054763794
292 0.9366119503974915 10.270986103219 3.2064859867095947 2.4451169967651367 0.5306194424629211 2.3656989354694593 1.553702473640442 1.0510061979293823
293 0.9409308433532715 10.272287356990036 3.2059478759765625 2.4491732120513916 0.5314537286758423 2.3592260173850605 1.5526466369628906 1.051067590713501
294 0.9424107670783997 10.295862351665379 3.21087646484375 2.459108829498291 0.531564474105835 2.333840175156782 1.5509734153747559 1.0643160343170166
295 0.9319555759429932 10.327751283190388 3.2118911743164063 2.4560325145721436 0.5029433369636536 2.32206052888771 1.5513650178909302 1.0454248189926147
296 0.9319555759429932 10.327751283190388 3.2118911743164063 2.4560325145721436 0.5029433369636536 2.32206052888771 1.5513650178909302 1.0454248189926147
297 0.9475905895233154 10.276749447155144 3.2107014656066895 2.476102590560913 0.5463587045669556 2.366510629845705 1.5602586269378662 1.1131597757339478
298 0.9478533267974854 10.246374386759827 3.2146613597869873 2.476196765899658 0.5468959212303162 2.3491806292317987 1.5584698915481567 1.1131631135940552
299 0.9513354897499084 10.276743732856385 3.2149932384490967 2.474135398864746 0.5617242455482483 2.379516266868681 1.5650274753570557 1.1126091480255127
300 0.9516453146934509 10.283942011789224 3.2151174545288086 2.4741132259368896 0.5600376129150391 2.322299464712629 1.5517082214355469 1.1130282878875732
301 0.9516453146934509 10.283942011789224 3.2151174545288086 2.4741132259368896 0.5600376129150391 2.322299464712629 1.5517082214355469 1.1130282878875732
302 0.9518113136291504 10.279658676384777 3.215040922164917 2.4745733737945557 0.5601767301559448 2.3190015099531505 1.570227026939392 1.1136785745620728
303 0.952116847038269 10.278190273261156 3.2149317264556885 2.4741263389587402 0.5604333281517029 2.3091615479841026 1.5688326358795166 1.1132277250289917
304 0.9473890066146851 10.280100840821587 3.2134149074554443 2.472407341003418 0.5508174896240234 2.326413782048022 1.4880298376083374 1.1108845472335815
305 0.9496118426322937 10.274070303649664 3.2140464782714844 2.4736084938049316 0.5525097846984863 2.3359945963284976 1.4807796478271484 1.1151683330535889
306 0.9496118426322937 10.274070303649664 3.2140464782714844 2.4736084938049316 0.5525097846984863 2.3359945963284976 1.4807796478271484 1.1151683330535889
307 0.9502968788146973 10.276463998374188 3.2153007984161377 2.4747698307037354 0.550510585308075 2.332682666458173 1.4790536165237427 1.1143043041229248
308 0.9502968788146973 10.276463998374188 3.215254783630371 2.4747698307037354 0.550510585308075 2.332682666458173 1.479044795036316 1.1143043041229248
309 0.9482865333557129 10.233579582487934 3.2095816135406494 2.4727797508239746 0.5490418672561646 2.2852427349182314 1.4751949310302734 1.117378830909729
310 0.9416545629501343 10.234717283002592 3.2074127197265625 2.47147274017334 0.5464615225791931 2.2902174676905678 1.4670817852020264 1.1207975149154663
311 0.9416545629501343 10.234717283002592 3.2074127197265625 2.47147274017334 0.5464615225791931 2.2902174676905678 1.4670817852020264 1.1207975149154663
312 0.9276888370513916 10.232802088368251 3.1995644569396973 2.41584849357605 0.5401620864868164 2.276492815327267 1.4556235074996948 1.017189383506775
313 0.9439883828163147 10.22965738149407 3.2113800048828125 2.422762870788574 0.5473898649215698 2.279450577347922 1.4507628679275513 1.0211234092712402
314 0.9439883828163147 10.233419301260929 3.2113800048828125 2.422762870788574 0.5473898649215698 2.279115895484616 1.4277682304382324 1.0211234092712402
315 0.9440842270851135 10.23332509989037 3.211167335510254 2.423218250274658 0.5474782586097717 2.2785198008997787 1.4284991025924683 1.0215086936950684
316 0.9440842270851135 10.23332509989037 3.2110531330108643 2.423218250274658 0.5474782586097717 2.2785198008997787 1.423667073249817 1.0215086936950684
317 0.9428920745849609 10.232071485110353 3.2113022804260254 2.42258620262146 0.5478904843330383 2.241141387518896 1.4192978143692017 1.022778034210205
318 0.9438334107398987 10.242107778322614 3.2142794132232666 2.4247887134552 0.5488125085830688 2.305057638952872 1.4295482635498047 1.0242609977722168
319 0.9409419894218445 10.245747345357332 3.2142207622528076 2.418569564819336 0.5410661101341248 2.303313420815898 1.4254320859909058 1.0033719539642334
320 0.9407358765602112 10.242192220680616 3.2154035568237305 2.418299436569214 0.5387020111083984 2.268223594012444 1.4194120168685913 0.9999909996986389
321 0.9407358765602112 10.242192220680616 3.2154035568237305 2.418299436569214 0.5387020111083984 2.268223594012444 1.4194120168685913 0.9999909996986389
322 0.9405114054679871 10.242836259966957 3.2150509357452393 2.4183390140533447 0.5379624962806702 2.269903840536284 1.4197779893875122 0.99998539686203
323 0.9407804608345032 10.267770073404973 3.2150416374206543 2.4183719158172607 0.538345456123352 2.3026536787003447 1.4486161470413208 1.000002384185791
324 0.9468361735343933 10.230012362208186 3.2150611877441406 2.4180774688720703 0.5426795482635498 2.2776070594635778 1.4430186748504639 0.998630940914154
325 0.9497741460800171 10.222623385693987 3.2148964405059814 2.417541265487671 0.5426096320152283 2.2223290838789542 1.4331274032592773 0.9972842931747437
326 0.9497741460800171 10.222623385693987 3.2148964405059814 2.417541265487671 0.5426096320152283 2.2223290838789542 1.4331274032592773 0.9972842931747437
327 0.9471510648727417 10.221458875435872 3.217125654220581 2.4203968048095703 0.5354310274124146 2.215656725368855 1.429039478302002 0.9880274534225464
328 0.9428378939628601 10.227175161575266 3.216539144515991 2.4182543754577637 0.5324799418449402 2.2129459997072685 1.4301329851150513 0.9839995503425598
329 0.9427514672279358 10.228280051811208 3.2165825366973877 2.4182662963867188 0.5322015881538391 2.2255922724996404 1.436078667640686 0.9839880466461182
330 0.9396938681602478 10.231045814133623 3.214705228805542 2.411271810531616 0.5257584452629089 2.1951072863312286 1.4298442602157593 0.9721158742904663
331 0.9396938681602478 10.231045814133623 3.214705228805542 2.411271810531616 0.5257584452629089 2.1951072863312286 1.4298442602157593 0.9721158742904663
332 0.9368082880973816 10.234903359465171 3.234964609146118 2.412446975708008 0.5198649764060974 2.183969061913272 1.362833023071289 0.9683101773262024
333 0.9331689476966858 10.2345446085436 3.234419584274292 2.412590980529785 0.5281016230583191 2.1940026430657866 1.3680601119995117 0.9763109087944031
334 0.9221964478492737 10.30065599859206 3.2284798622131348 2.419407367706299 0.5228555798530579 2.2400518336089412 1.3880535364151 1.0047564506530762
335 0.9219568967819214 10.302069267443384 3.2403173446655273 2.4190897941589355 0.5208896994590759 2.2349552426958152 1.4280160665512085 1.0033258199691772
336 0.9240496754646301 10.306307489676795 3.2402234077453613 2.4203338623046875 0.5216350555419922 2.2482158321306245 1.4292564392089844 1.004243016242981
337 0.9246309399604797 10.341185332097616 3.242424964904785 2.426034688949585 0.5116223096847534 2.2746756925613725 1.4108573198318481 0.9962596297264099
338 0.9197785258293152 10.270797326022045 3.2422525882720947 2.427438735961914 0.5044876337051392 2.0477137333091866 1.2745521068572998 0.9944989681243896
339 0.9067150950431824 10.281924797881544 3.235557794570923 2.42806077003479 0.5152742266654968 2.1301622500606214 1.2715052366256714 1.00250244140625
340 0.9079939723014832 10.294761072453051 3.238321304321289 2.428818941116333 0.5162771344184875 2.1332732890596 1.2747606039047241 1.004239797592163
341 0.9079939723014832 10.294761072453051 3.238321304321289 2.428818941116333 0.5162771344184875 2.1332732890596 1.2747606039047241 1.004239797592163
342 0.916919469833374 10.298305432823438 3.248094081878662 2.4395015239715576 0.5365997552871704 2.142123550004459 1.295229196548462 1.03582763671875
343 0.915638267993927 10.298790856044766 3.2468199729919434 2.438965320587158 0.5310046076774597 2.102164203686191 1.278808832168579 1.028646469116211
344 0.9237350821495056 10.292716318847415 3.257843494415283 2.4539012908935547 0.5525539517402649 2.054525756006063 1.3060712814331055 1.0608632564544678
345 0.9347078204154968 10.32178000135452 3.26425838470459 2.4592955112457275 0.5772748589515686 2.242092547480939 1.355394959449768 1.0826389789581299
346 0.9342922568321228 10.322641387814347 3.264495611190796 2.4586901664733887 0.5769387483596802 2.2432069561220107 1.3570995330810547 1.0827553272247314
347 0.929305374622345 10.301340399029387 3.25635027885437 2.452381134033203 0.5646330714225769 2.2551232269346473 1.3399560451507568 1.0699975490570068
348 0.9254021048545837 10.30334468800982 3.2629470825195313 2.452791929244995 0.5596708655357361 2.247817212842031 1.3745609521865845 1.0694600343704224
349 0.9241275787353516 10.37007292197998 3.266209363937378 2.4608681201934814 0.5295926928520203 2.247351907875741 1.3979768753051758 1.0525068044662476
350 0.9292932152748108 10.36867544253015 3.274277448654175 2.468329906463623 0.5425766110420227 2.25670562058832 1.4174928665161133 1.0636229515075684
351 0.9292932152748108 10.36867544253015 3.274277448654175 2.468329906463623 0.5425766110420227 2.25670562058832 1.4174928665161133 1.0636229515075684
352 0.931496798992157 10.358122256068464 3.273825168609619 2.468660354614258 0.5436335802078247 2.2677388813993167 1.4172075986862183 1.0648722648620605
353 0.9296264052391052 10.358304588876457 3.2733263969421387 2.4681577682495117 0.5414245128631592 2.293499576700447 1.4276515245437622 1.0639712810516357
354 0.9296264052391052 10.358304588876457 3.2665765285491943 2.4681577682495117 0.5414245128631592 2.293499576700447 1.4033143520355225 1.0639712810516357
355 0.9295184016227722 10.358047146985193 3.2506299018859863 2.4671761989593506 0.5412377119064331 2.2696155773539317 1.3457139730453491 1.062404990196228
356 0.9295184016227722 10.358047146985193 3.2506299018859863 2.4671761989593506 0.5412377119064331 2.2696155773539317 1.3457139730453491 1.062404990196228
357 0.9295229911804199 10.360019950465363 3.251234292984009 2.467266082763672 0.5454760789871216 2.2752268766735098 1.3497995138168335 1.0627855062484741
358 0.9302323460578918 10.309641524176465 3.2492847442626953 2.4693708419799805 0.5498379468917847 1.9590237348668444 1.2665380239486694 1.0661230087280273
359 0.9305537939071655 10.31787071527937 3.2492752075195313 2.464099407196045 0.5457601547241211 1.966839019588017 1.2663429975509644 1.049054741859436
360 0.9381461143493652 10.298346870227745 3.247441530227661 2.4599449634552 0.5549219846725464 1.9542524390717113 1.2657147645950317 1.052282452583313
361 0.9381461143493652 10.298346870227745 3.247441530227661 2.4599449634552 0.5549219846725464 1.9542524390717113 1.2657147645950317 1.052282452583313
362 0.9428673982620239 10.341818051573467 3.243635654449463 2.4595556259155273 0.5640750527381897 2.082706072327494 1.290425419807434 1.0581674575805664
363 0.9414922595024109 10.32129942746592 3.241595506668091 2.460148334503174 0.5736631751060486 2.069544716018535 1.2888263463974 1.0728446245193481
364 0.9372386932373047 10.313881244342804 3.2392706871032715 2.450679063796997 0.5668582320213318 2.0382459159210753 1.274806022644043 1.0503538846969604
365 0.9371169209480286 10.31321509725266 3.2384555339813232 2.4489705562591553 0.5637562870979309 2.0306629232076103 1.2704144716262817 1.044071078300476
366 0.9371169209480286 10.31321509725266 3.2384555339813232 2.4489705562591553 0.5637562870979309 2.0306629232076103 1.2704144716262817 1.044071078300476
367 0.9482529759407043 10.309346316237287 3.237875461578369 2.4471898078918457 0.57618647813797 2.0296572759216245 1.2720555067062378 1.0487912893295288
368 0.9484469294548035 10.310884067328692 3.2379417419433594 2.447164297103882 0.5762534141540527 2.0253578724550416 1.2726109027862549 1.0495980978012085
369 0.9496797919273376 10.31448945375535 3.2382822036743164 2.4487903118133545 0.5777927041053772 2.0316201940242022 1.273698091506958 1.0459922552108765
370 0.9496797919273376 10.320507340922813 3.2382822036743164 2.4487903118133545 0.5777927041053772 2.0463876546845423 1.2899646759033203 1.0459922552108765
371 0.9496797919273376 10.320507340922813 3.2382822036743164 2.4487903118133545 0.5777927041053772 2.0463876546845423 1.2899646759033203 1.0459922552108765
372 0.9425491690635681 10.333232642637913 3.235072612762451 2.484161853790283 0.5550156831741333 2.025566455843712 1.298985481262207 1.11541748046875
373 0.9430604577064514 10.343117008080089 3.2351250648498535 2.477259874343872 0.5577050447463989 2.023132401777967 1.298920750617981 1.1166738271713257
374 0.9405385851860046 10.345535370900379 3.23376727104187 2.47879695892334 0.5546494126319885 2.024849663609424 1.2986128330230713 1.116804838180542
375 0.9466220140457153 10.353367308616729 3.2407784461975098 2.4876351356506348 0.5630731582641602 2.0319403082351677 1.3066554069519043 1.1281030178070068
376 0.9466220140457153 10.353367308616729 3.2407784461975098 2.4876351356506348 0.5630731582641602 2.0319403082351677 1.3066554069519043 1.1281030178070068
377 0.9466894268989563 10.361197840917434 3.2422714233398438 2.4885988235473633 0.5602023601531982 2.0278447071496983 1.3078454732894897 1.1235942840576172
378 0.9430696368217468 10.352198608782485 3.2395222187042236 2.4857723712921143 0.5527244210243225 2.0025083289967807 1.2667862176895142 1.1156524419784546
379 0.9441720247268677 10.35084748054822 3.2394638061523438 2.486238479614258 0.5535127520561218 1.9472021687962826 1.2548688650131226 1.1154694557189941
380 0.9442006349563599 10.349892270472136 3.2393178939819336 2.486145257949829 0.5526039004325867 2.0113214528925605 1.2656928300857544 1.1159769296646118
381 0.9442006349563599 10.349892270472136 3.2393178939819336 2.486145257949829 0.5526039004325867 2.0113214528925605 1.2656928300857544 1.1159769296646118
382 0.9440327882766724 10.351142601737866 3.2406771183013916 2.4662859439849854 0.5433622598648071 1.960612561010957 1.2473514080047607 1.1169497966766357
383 0.9436390399932861 10.355127099866056 3.2407727241516113 2.460914134979248 0.5426368713378906 1.9631401767418255 1.24723482131958 1.1068516969680786
384 0.9436532855033875 10.355127582998163 3.2413463592529297 2.4604732990264893 0.5426884889602661 1.963117526852793 1.2370662689208984 1.1056684255599976
385 0.9436532855033875 10.355190673841856 3.2413463592529297 2.4604732990264893 0.5426884889602661 1.9923202511262157 1.2419636249542236 1.1056684255599976
386 0.9436532855033875 10.355190673841856 3.2413463592529297 2.4604732990264893 0.5426884889602661 1.9923202511262157 1.2419636249542236 1.1056684255599976
387 0.9431253671646118 10.331592086543544 3.242147207260132 2.480475664138794 0.5414663553237915 2.0264850903938267 1.245786428451538 1.1074472665786743
388 0.9364099502563477 10.350276297641038 3.242496967315674 2.4820361137390137 0.5367029905319214 2.0306077214044014 1.2474271059036255 1.1095705032348633
389 0.9363538026809692 10.348494418938213 3.242109775543213 2.479703903198242 0.5365117788314819 2.032563776688952 1.2480653524398804 1.1063767671585083
390 0.9352033734321594 10.374860516205878 3.242753267288208 2.482337474822998 0.5333812236785889 2.0229688352701354 1.2467389106750488 1.1056758165359497
391 0.9352033734321594 10.374860516205878 3.242753267288208 2.482337474822998 0.5333812236785889 2.0229688352701354 1.2467389106750488 1.1056758165359497
392 0.9331364035606384 10.379660178450303 3.2443926334381104 2.4841065406799316 0.5285508036613464 2.102907574744976 1.275248646736145 1.105682134628296
393 0.9372704029083252 10.382226141589117 3.245349645614624 2.486529588699341 0.5355665683746338 2.1047398166038325 1.2708145380020142 1.1191245317459106
394 0.9386088252067566 10.38911576718296 3.2454745769500732 2.4887874126434326 0.5339351296424866 2.1208552879767018 1.273306965827942 1.1189278364181519
395 0.9330114126205444 10.333327173549462 3.2459566593170166 2.4894981384277344 0.5448804497718811 2.0121417003828497 1.2910064458847046 1.128982663154602
396 0.9330114126205444 10.333327173549462 3.2459566593170166 2.4894981384277344 0.5448804497718811 2.0121417003828497 1.2910064458847046 1.128982663154602
397 0.9332064986228943 10.31717622820394 3.245914936065674 2.490072250366211 0.5458526611328125 2.0236615461581584 1.2934457063674927 1.1309248208999634
398 0.9338688850402832 10.318156812789931 3.2459378242492676 2.4901204109191895 0.5463218092918396 1.9929556754479023 1.2887662649154663 1.1309481859207153
399 0.9326143264770508 10.34463088384912 3.243898868560791 2.4881601333618164 0.547041118144989 2.019867954382008 1.2689387798309326 1.1290767192840576
400 0.9265502691268921 10.346632914816862 3.24198579788208 2.4881045818328857 0.5462087392807007 2.024899155328611 1.2743104696273804 1.1341556310653687
401 0.9265502691268921 10.346632914816862 3.24198579788208 2.4881045818328857 0.5462087392807007 2.024899155328611 1.2743104696273804 1.1341556310653687
402 0.9288272857666016 10.344643096882269 3.2418179512023926 2.4876158237457275 0.5481391549110413 2.0288889981442146 1.2765169143676758 1.1344841718673706
403 0.9357897043228149 10.343389242793982 3.2409005165100098 2.4931740760803223 0.5616757273674011 2.037598498017377 1.2829971313476563 1.148211121559143
404 0.9337568283081055 10.343940357062664 3.2402164936065674 2.4939959049224854 0.5633628368377686 2.032495866691152 1.285949945449829 1.15140962600708
405 0.935385525226593 10.346557052203298 3.2441463470458984 2.494873046875 0.5639894604682922 2.025063839257132 1.292099952697754 1.1496610641479492
406 0.935385525226593 10.346557052203298 3.2441463470458984 2.494873046875 0.5639894604682922 2.025063839257132 1.292099952697754 1.1496610641479492
407 0.9363719820976257 10.41144281194408 3.243354082107544 2.4884040355682373 0.5653377771377563 2.087663149599534 1.3043876886367798 1.139099359512329
408 0.9421342015266418 10.41245443116869 3.2467048168182373 2.491821050643921 0.5715576410293579 2.133528931163549 1.3266915082931519 1.1470273733139038
409 0.9439566135406494 10.411958909098283 3.2286198139190674 2.492485284805298 0.5740198493003845 2.0895056095529863 1.3617334365844727 1.1466223001480103
410 0.9463508725166321 10.411550084327457 3.2293272018432617 2.491931438446045 0.5771828293800354 2.089570670782914 1.3636507987976074 1.1473238468170166
411 0.9463508725166321 10.411550084327457 3.2293272018432617 2.491931438446045 0.5771828293800354 2.089570670782914 1.3636507987976074 1.1473238468170166
412 0.9513905644416809 10.408685968266134 3.234726905822754 2.4943294525146484 0.5752770304679871 2.08190246054204 1.3482364416122437 1.1453635692596436
413 0.9506921768188477 10.407194889128865 3.233919620513916 2.494300127029419 0.5765491724014282 2.106620443308931 1.349226474761963 1.145803689956665
414 0.9491097331047058 10.396057333679611 3.2341549396514893 2.493267774581909 0.5725861191749573 2.1061294368022665 1.366979956626892 1.1438995599746704
415 0.958441972732544 10.377280133315608 3.23935604095459 2.4918646812438965 0.594276487827301 2.0012694655781567 1.3830724954605103 1.1411354541778564
416 0.9583486914634705 10.377182170610974 3.2393269538879395 2.491856813430786 0.5941320657730103 2.001233734604589 1.382979154586792 1.1411281824111938
417 0.9566389918327332 10.392494041798324 3.237887144088745 2.4923484325408936 0.5862427949905396 2.0551249728200753 1.3813650608062744 1.1403838396072388
418 0.9564604759216309 10.39170446397909 3.2377431392669678 2.492243766784668 0.5858755707740784 1.9800381568281862 1.3792881965637207 1.1400924921035767
419 0.9535512328147888 10.392523616776751 3.24291729927063 2.5557308197021484 0.5770185589790344 1.9746822617496764 1.3928985595703125 1.2262455224990845
420 0.9532698392868042 10.392530702692255 3.2418601512908936 2.5549402236938477 0.5749274492263794 1.9758503449755038 1.3907101154327393 1.2271020412445068
421 0.9532698392868042 10.392530702692255 3.2418601512908936 2.5549402236938477 0.5749274492263794 1.9758503449755038 1.3907101154327393 1.2271020412445068
422 0.9546819925308228 10.406080964762213 3.2423927783966064 2.5144801139831543 0.5741999745368958 2.0050208218853034 1.382892370223999 1.1379313468933105
423 0.9641000628471375 10.419191112500087 3.2510342597961426 2.5197203159332275 0.5825174450874329 2.0122963448720177 1.3849749565124512 1.141506552696228
424 0.9566540122032166 10.413584907581741 3.247432231903076 2.514241933822632 0.5617135167121887 1.9941855950218665 1.370517611503601 1.1194199323654175
425 0.9560054540634155 10.420398578219014 3.2518317699432373 2.529825210571289 0.5566145777702332 1.9960193993162108 1.3786542415618896 1.1145790815353394
426 0.9560054540634155 10.420398578219014 3.2518317699432373 2.529825210571289 0.5566145777702332 1.9960193993162108 1.3786542415618896 1.1145790815353394
427 0.9490117430686951 10.436094233853314 3.239013195037842 2.494025945663452 0.5522008538246155 1.993172008851712 1.3648825883865356 1.0963499546051025
428 0.9490468502044678 10.436192434832058 3.236879348754883 2.4941723346710205 0.5527544617652893 1.9928129194646609 1.3726732730865479 1.0963234901428223
429 0.9555269479751587 10.400576658126088 3.2444570064544678 2.500657558441162 0.5627246499061584 1.9770508899597063 1.38571035861969 1.1084065437316895
430 0.9580705165863037 10.400332661397092 3.2446134090423584 2.5018579959869385 0.5687235593795776 1.9835399300613183 1.3907365798950195 1.1162189245224
431 0.9580705165863037 10.400332661397092 3.2446134090423584 2.5018579959869385 0.5687235593795776 1.9835399300613183 1.3907365798950195 1.1162189245224
432 0.9620850682258606 10.398179052122403 3.243762493133545 2.5031604766845703 0.5712348818778992 1.9637671859634636 1.3784286975860596 1.1185511350631714
433 0.9620850682258606 10.376593347086194 3.243762493133545 2.5031604766845703 0.5712348818778992 1.9452061161056484 1.3752409219741821 1.1185511350631714
434 0.9613388180732727 10.381185787025005 3.2432241439819336 2.5032882690429688 0.5694763660430908 1.961257294573219 1.3791556358337402 1.119436264038086
435 0.9613558650016785 10.38112676353736 3.2431952953338623 2.5033018589019775 0.5695857405662537 1.9615685328025385 1.3793245553970337 1.1195690631866455
436 0.9613558650016785 10.38112676353736 3.2431952953338623 2.5033018589019775 0.5695857405662537 1.9615685328025385 1.3793245553970337 1.1195690631866455
437 0.960055410861969 10.392685830967304 3.243076801300049 2.5033745765686035 0.567649781703949 1.9656967972794837 1.379832148551941 1.1201225519180298
438 0.9584470391273499 10.406036890588686 3.246034860610962 2.5012459754943848 0.5646222233772278 2.0211005004061167 1.3929766416549683 1.1183252334594727
439 0.9666712880134583 10.395749292451418 3.244658946990967 2.5008432865142822 0.5676877498626709 1.950642848406399 1.3684483766555786 1.1123018264770508
440 0.9682856798171997 10.399230573834236 3.2443864345550537 2.501706600189209 0.5676574110984802 1.9836148872448185 1.3701093196868896 1.1119986772537231
441 0.9682856798171997 10.399230573834236 3.2443864345550537 2.501706600189209 0.5676574110984802 1.9836148872448185 1.3701093196868896 1.1119986772537231
442 0.955985963344574 10.382613782461208 3.2337217330932617 2.4968717098236084 0.5616564750671387 1.8883114345688892 1.3441482782363892 1.1133724451065063
443 0.9544238448143005 10.373999224150323 3.234562635421753 2.4986371994018555 0.5599855184555054 1.8655180791677242 1.3374385833740234 1.1187461614608765
444 0.9557941555976868 10.416621054593476 3.234851837158203 2.499140501022339 0.5625894069671631 1.8413170803030312 1.3123823404312134 1.11949622631073
445 0.9559462666511536 10.414410381655152 3.234344720840454 2.4981069564819336 0.563035786151886 1.84004170847421 1.3352272510528564 1.1195300817489624
446 0.9559462666511536 10.414410381655152 3.234344720840454 2.4981069564819336 0.563035786151886 1.84004170847421 1.3352272510528564 1.1195300817489624
447 0.9558252096176147 10.455612947284196 3.233368396759033 2.498136281967163 0.5629742741584778 1.9179837315935904 1.3322478532791138 1.1196603775024414
448 0.9557708501815796 10.455570176720471 3.2332923412323 2.4981307983398438 0.5629352331161499 1.9275291388754305 1.3361839056015015 1.1196686029434204
449 0.9573168754577637 10.457442631182124 3.2314605712890625 2.4949429035186768 0.5694003105163574 1.9370106020028146 1.2906250953674316 1.1141911745071411
450 0.947262704372406 10.470704088793903 3.2391531467437744 2.5146381855010986 0.5589351654052734 1.9546567307047413 1.2989102602005005 1.1035921573638916
451 0.947262704372406 10.470704088793903 3.2391531467437744 2.5146381855010986 0.5589351654052734 1.9546567307047413 1.2989102602005005 1.1035921573638916
452 0.955309271812439 10.469858920314907 3.2422502040863037 2.5268166065216064 0.5778671503067017 1.96098961991892 1.3064409494400024 1.1346334218978882
453 0.9706377983093262 10.464336526693518 3.2411231994628906 2.5256540775299072 0.5912731289863586 1.9611913613332537 1.3071343898773193 1.133548617362976
454 0.9730464816093445 10.483539209589267 3.2408576011657715 2.524261474609375 0.5920194983482361 1.9398018612624703 1.3021131753921509 1.1313174962997437
455 0.9727977514266968 10.493906215516212 3.259174108505249 2.5239782333374023 0.5911948680877686 1.9611797695237199 1.2629095315933228 1.1310086250305176
456 0.9727977514266968 10.493906215516212 3.259174108505249 2.5239782333374023 0.5911948680877686 1.9611797695237199 1.2629095315933228 1.1310086250305176
457 0.9741353392601013 10.467370418331868 3.2575526237487793 2.523862361907959 0.5899373888969421 1.8648463672012596 1.246077060699463 1.1294201612472534
458 0.9535945653915405 10.493101026614335 3.2536849975585938 2.5228383541107178 0.5590469241142273 1.8780795995388868 1.2474923133850098 1.1191699504852295
459 0.9542844891548157 10.492827272894601 3.2503862380981445 2.522796630859375 0.5600595474243164 1.8779817833886001 1.242841362953186 1.1191478967666626
460 0.9466299414634705 10.503435522513909 3.2502636909484863 2.526090383529663 0.5490285754203796 1.882471768320899 1.2393128871917725 1.115737795829773
461 0.9466299414634705 10.503435522513909 3.2502636909484863 2.526090383529663 0.5490285754203796 1.882471768320899 1.2393128871917725 1.115737795829773
462 0.949227511882782 10.490049073216655 3.245593786239624 2.519561529159546 0.5547333359718323 1.8830181409815845 1.2383629083633423 1.1094852685928345
463 0.9494706988334656 10.490036962567988 3.244540214538574 2.532996416091919 0.5550510287284851 1.8823059119089074 1.2378191947937012 1.1281089782714844
464 0.9470224380493164 10.493554663808057 3.245314359664917 2.5303080081939697 0.547311544418335 1.883950591002726 1.235925316810608 1.117383599281311
465 0.9505853056907654 10.495385965091362 3.24556565284729 2.5332648754119873 0.552267849445343 1.8924351817522014 1.2373260259628296 1.121071457862854
466 0.9505853056907654 10.495385965091362 3.24556565284729 2.5332648754119873 0.552267849445343 1.8924351817522014 1.2373260259628296 1.121071457862854
467 0.9494155049324036 10.520856446439703 3.2449798583984375 2.5322070121765137 0.551353931427002 1.9965551349338422 1.2757810354232788 1.118666172027588
468 0.9493076205253601 10.52018807332219 3.2450149059295654 2.5327911376953125 0.5515801310539246 2.0375430233440843 1.2831686735153198 1.1179280281066895
469 0.9496144652366638 10.519045440107337 3.2450082302093506 2.5327212810516357 0.5518520474433899 2.0215518805170514 1.2804793119430542 1.1177990436553955
470 0.9499346017837524 10.518859258958864 3.2468881607055664 2.532350778579712 0.5530681610107422 2.00998525997231 1.2827364206314087 1.1173754930496216
471 0.9499346017837524 10.518859258958864 3.2468881607055664 2.532350778579712 0.5530681610107422 2.00998525997231 1.2827364206314087 1.1173754930496216
472 0.9495986104011536 10.531643116687352 3.2463254928588867 2.5325214862823486 0.5524182319641113 1.9935222594206192 1.282707929611206 1.1176432371139526
473 0.9507272243499756 10.531445963133812 3.2465109825134277 2.5325093269348145 0.553997278213501 1.9990949167659648 1.2838157415390015 1.1178147792816162
474 0.947830080986023 10.52774520374776 3.2478394508361816 2.529174327850342 0.5476807355880737 1.9843292395828718 1.2823905944824219 1.1096605062484741
475 0.9513506889343262 10.527259248623636 3.2468299865722656 2.5619773864746094 0.5487447381019592 1.999718821967083 1.2826629877090454 1.1812726259231567
476 0.9513506889343262 10.527259248623636 3.2468299865722656 2.5619773864746094 0.5487447381019592 1.999718821967083 1.2826629877090454 1.1812726259231567
477 0.9490506649017334 10.527304360683585 3.2444136142730713 2.5599563121795654 0.544599175453186 2.0134888986263646 1.25521981716156 1.1765857934951782
478 0.9489632248878479 10.526651069109503 3.263066053390503 2.559363842010498 0.5441757440567017 2.0136250359946044 1.3137532472610474 1.176020622253418
479 0.953147828578949 10.530555299344222 3.264282703399658 2.561981201171875 0.5548257827758789 2.0072324983222543 1.316646933555603 1.186264991760254
480 0.9475173354148865 10.518441440259988 3.2577695846557617 2.557861804962158 0.5511476397514343 2.0051319079963337 1.3122045993804932 1.1846219301223755
481 0.9475173354148865 10.518441440259988 3.2577695846557617 2.557861804962158 0.5511476397514343 2.0051319079963337 1.3122045993804932 1.1846219301223755
482 0.9518519043922424 10.51382778908433 3.2595908641815186 2.5588016510009766 0.5575934052467346 2.02114689549539 1.3054397106170654 1.1883671283721924
483 0.9520978331565857 10.500344678639905 3.2585973739624023 2.5592522621154785 0.5579048991203308 2.0388598560070794 1.3077876567840576 1.1890677213668823
484 0.9553096890449524 10.500262552562418 3.2598705291748047 2.5616438388824463 0.563295304775238 1.949605066977573 1.3036147356033325 1.1941289901733398
485 0.9542129039764404 10.498696172914114 3.257874011993408 2.560903549194336 0.5618453621864319 1.9973029705657415 1.3057829141616821 1.193022608757019
486 0.9542129039764404 10.498696172914114 3.257874011993408 2.560903549194336 0.5618453621864319 1.9973029705657415 1.3057829141616821 1.193022608757019
487 0.9540884494781494 10.49594910903308 3.259077548980713 2.563230276107788 0.5611322522163391 1.9272700155910416 1.2940713167190552 1.1977018117904663
488 0.9548794031143188 10.494188772339204 3.2590866088867188 2.562551498413086 0.5618748664855957 1.9263871208028303 1.29385507106781 1.1953895092010498
489 0.9552100896835327 10.494382154855806 3.242835521697998 2.562758684158325 0.5634345412254333 1.9256738950913164 1.2480498552322388 1.1951462030410767
490 0.9554332494735718 10.481806322491254 3.241568088531494 2.5530333518981934 0.5643714666366577 1.9300655719450248 1.2450799942016602 1.1825861930847168
491 0.9554332494735718 10.481806322491254 3.241568088531494 2.5530333518981934 0.5643714666366577 1.9300655719450248 1.2450799942016602 1.1825861930847168
492 0.9593508839607239 10.479687164568002 3.24491810798645 2.5676968097686768 0.5731871128082275 1.8891964352758772 1.245477318763733 1.2110986709594727
493 0.9596974849700928 10.481283819629056 3.24200177192688 2.502696990966797 0.5736182928085327 1.8907845607641247 1.2308483123779297 1.1157231330871582
494 0.9657202363014221 10.475868190130255 3.2440497875213623 2.5104055404663086 0.5797690153121948 1.9193156342364375 1.2398483753204346 1.1301168203353882
495 0.9652025103569031 10.480217475831466 3.243964433670044 2.5129079818725586 0.5783635377883911 1.9252735644298071 1.2403477430343628 1.132132649421692
496 0.9652025103569031 10.480217475831466 3.243964433670044 2.5129079818725586 0.5783635377883911 1.9252735644298071 1.2403477430343628 1.132132649421692
497 0.9646087884902954 10.482162627181822 3.244694709777832 2.513352394104004 0.5762884020805359 1.9824071677901343 1.2479681968688965 1.1305979490280151
498 0.9656416773796082 10.48418080167302 3.245626211166382 2.5152180194854736 0.5752888321876526 1.983350687768152 1.248853325843811 1.1325381994247437
499 0.9666512608528137 10.523016795697528 3.2502176761627197 2.516873359680176 0.5763807892799377 2.0786985992162736 1.2665871381759644 1.135074496269226
500 0.9633116722106934 10.515064220532052 3.2494308948516846 2.486212968826294 0.5728093981742859 2.058873427858712 1.261476993560791 1.064763069152832
