init 0.5740702152252197 4.722988805697715 3.422760248184204 2.0726211071014404 0.0 0.0 0.0 0.0
1 0.5740702152252197 4.723005907979491 3.422760248184204 2.0726211071014404 0.0 0.0004973718317360655 0.00012473335664253682 0.0
2 0.6486933827400208 4.737218000088682 3.4497623443603516 2.0734708309173584 0.23308880627155304 0.21279200607588633 0.3992714583873749 0.24739430844783783
3 0.8419318795204163 4.725023061855336 3.4917752742767334 2.103400945663452 0.5643051266670227 0.630877339524429 0.6613466143608093 0.45413923263549805
4 0.8399282097816467 4.755968790231276 3.4804840087890625 2.103278160095215 0.5614643096923828 0.566999443860564 0.673927903175354 0.45441341400146484
5 0.8022703528404236 4.7283876856465925 3.5088398456573486 2.1253223419189453 0.5177069306373596 0.5633867223970144 0.7153053879737854 0.4845921993255615
6 0.8022703528404236 4.7283876856465925 3.5088398456573486 2.1253223419189453 0.5177069306373596 0.5633867223970144 0.7153053879737854 0.4845921993255615
7 0.8025187849998474 4.728290056943397 3.5106472969055176 2.1148171424865723 0.5176590085029602 0.5647107206740983 0.7346572279930115 0.6924983263015747
8 0.80247962474823 4.735712793695692 3.5114634037017822 2.1078929901123047 0.5176684260368347 0.7913859498015461 0.8475139737129211 0.6874704957008362
9 0.7450131773948669 4.73695159224291 3.4542856216430664 2.090869426727295 0.46212780475616455 0.6191834276179419 0.8305566906929016 0.6540458798408508
10 0.7506164312362671 4.743932445358716 3.4490139484405518 2.117450714111328 0.5170924663543701 0.6709626111820701 0.8626340627670288 0.6974097490310669
11 0.7506164312362671 4.743932445358716 3.4490139484405518 2.117450714111328 0.5170924663543701 0.6709626111820701 0.8626340627670288 0.6974097490310669
12 0.7506164312362671 4.743932445358716 3.4480538368225098 2.1989481449127197 0.5170924663543701 0.6709626111820701 0.8755025267601013 0.9732151031494141
13 0.7454617023468018 4.731924118134318 3.4465503692626953 2.1879849433898926 0.5022549629211426 0.7693920596237122 0.8745321035385132 0.9626106023788452
14 0.7488321661949158 4.7364695317414895 3.439425230026245 2.189962148666382 0.5161587595939636 0.7650698998704406 0.8854796886444092 0.9707417488098145
15 0.7638006210327148 3.1750819016849414 3.449051856994629 2.197953939437866 0.5268505215644836 3.4565672069321907 1.266348123550415 0.9695548415184021
16 0.7638006210327148 3.1750819016849414 3.449051856994629 2.197953939437866 0.5268505215644836 3.4565672069321907 1.266348123550415 0.9695548415184021
17 0.7531671524047852 3.186800718877369 3.4440395832061768 2.214061975479126 0.5168697834014893 3.462533106729314 1.2675100564956665 0.9678483605384827
18 0.7488622665405273 3.1970390829729673 3.459859609603882 2.2046751976013184 0.5003934502601624 3.4696081199508346 1.2767436504364014 0.952366828918457
19 0.7409008145332336 3.128258503742622 3.4547054767608643 2.1749231815338135 0.43095147609710693 3.480559955628696 1.2638282775878906 0.9200957417488098
20 0.7289754748344421 3.1775268727441097 3.443537473678589 2.1840932369232178 0.43147584795951843 3.478383383269945 1.2751957178115845 0.9389676451683044
21 0.7183104157447815 3.183814778057323 3.4403741359710693 2.1827807426452637 0.4165540039539337 3.478349716762975 1.2727651596069336 0.9404364228248596
22 0.7036763429641724 3.202509996082127 3.4244256019592285 2.17933988571167 0.4009253978729248 3.4845987315220497 1.2550519704818726 0.9120676517486572
23 0.7031115889549255 3.202701270350695 3.416923999786377 2.1793148517608643 0.3990035951137543 3.4845387910986605 1.2360328435897827 0.912327766418457
24 0.6936596035957336 3.202299757067082 3.4081482887268066 2.178917646408081 0.38538333773612976 3.4874330904875377 1.2419321537017822 0.9097244739532471
25 0.6987062692642212 3.171712510145788 3.406660556793213 2.18263840675354 0.39907798171043396 3.4673744068054617 1.2342870235443115 0.9088096022605896
26 0.6987062692642212 3.171712510145788 3.406660556793213 2.18263840675354 0.39907798171043396 3.4673744068054617 1.2342870235443115 0.9088096022605896
27 0.6984618306159973 3.1622428834491276 3.408454179763794 2.1837453842163086 0.38757479190826416 3.467384192757152 1.230477213859558 0.8974014520645142
28 0.6908910274505615 3.1593866734911664 3.4073429107666016 2.183518409729004 0.38141176104545593 3.468474202958982 1.2315350770950317 0.8999298810958862
29 0.680415689945221 3.162543849085387 3.4045846462249756 2.1765177249908447 0.3675980865955353 3.467466386131205 1.239555835723877 0.897197425365448
30 0.6939542293548584 3.109318123504276 3.420273542404175 2.186455726623535 0.380727618932724 3.4712423950232183 1.2536590099334717 0.8960516452789307
31 0.6939542293548584 3.1160786989127556 3.420273542404175 2.186455726623535 0.380727618932724 3.470466691866822 1.2538655996322632 0.8960516452789307
32 0.6893414258956909 3.1282953569075485 3.4181606769561768 2.186042547225952 0.3938184976577759 3.4715889843121643 1.2528369426727295 0.9011496901512146
33 0.6993706226348877 3.1405819313203236 3.4231910705566406 2.188157320022583 0.3925328552722931 3.4763871392619152 1.256669282913208 0.9074274301528931
34 0.6819806098937988 3.137049770482526 3.415806770324707 2.1927897930145264 0.37705135345458984 3.476355422316998 1.2478177547454834 0.9229409694671631
35 0.6818144917488098 3.1163538787032268 3.416804790496826 2.1844420433044434 0.36671218276023865 3.4773278535256837 1.242586612701416 0.9089479446411133
36 0.6818144917488098 3.1163538787032268 3.416804790496826 2.1844420433044434 0.36671218276023865 3.4773278535256837 1.242586612701416 0.9089479446411133
37 0.6825685501098633 3.1206650678777885 3.4156384468078613 2.1860005855560303 0.3735222816467285 3.4751299416849872 1.2328875064849854 0.9106383323669434
38 0.6869880557060242 3.123798705131743 3.4145872592926025 2.187023878097534 0.3774537146091461 3.4768583339885177 1.2508203983306885 0.912615180015564
39 0.6853949427604675 3.123052948482132 3.412593126296997 2.16353702545166 0.3757834732532501 3.47892755791365 1.2415695190429688 0.8161908388137817
40 0.6865894794464111 3.138102906270283 3.4144561290740967 2.1670925617218018 0.3800360858440399 3.4653187557309026 1.23785400390625 0.8155947923660278
41 0.6865894794464111 3.138102906270283 3.4144561290740967 2.1670925617218018 0.3800360858440399 3.4653187557309026 1.23785400390625 0.8155947923660278
42 0.6768143773078918 3.1479641840406596 3.411879539489746 2.1658809185028076 0.36861228942871094 3.466564355962055 1.2366955280303955 0.8183576464653015
43 0.6471404433250427 3.146832088325629 3.415043354034424 2.163123846054077 0.3246191442012787 3.4750175309929268 1.2378405332565308 0.8208309412002563
44 0.6423150300979614 3.151198521640668 3.4094765186309814 2.16353440284729 0.3221220076084137 3.4707855548243884 1.2311979532241821 0.8169195055961609
45 0.667245090007782 3.160564937252985 3.419062376022339 2.1649818420410156 0.35314834117889404 3.4538707483270743 1.238193154335022 0.8112841248512268
46 0.667245090007782 3.160564937252985 3.419062376022339 2.1649818420410156 0.35314834117889404 3.4538707483270743 1.238193154335022 0.8112841248512268
47 0.6676281690597534 3.1457350649413804 3.424121856689453 2.164888381958008 0.35221853852272034 3.480991220305169 1.236509084701538 0.8117824792861938
48 0.652320146560669 3.1053679706266943 3.414717197418213 2.161630630493164 0.3392471671104431 3.475173367141486 1.2301794290542603 0.8101711273193359
49 0.6382017731666565 3.071321523438966 3.400952100753784 2.158268451690674 0.31910398602485657 3.4859726159613498 1.2273504734039307 0.8144959211349487
50 0.6381187438964844 3.0712295609728457 3.4009597301483154 2.158289909362793 0.31901559233665466 3.4859906793100204 1.2273298501968384 0.8144363760948181
51 0.6381187438964844 3.0712295609728457 3.4009597301483154 2.158289909362793 0.31901559233665466 3.4859906793100204 1.2273298501968384 0.8144363760948181
52 0.640608012676239 3.071306403069754 3.394817352294922 2.1491949558258057 0.3238081932067871 3.485463013444139 1.2578792572021484 0.813743531703949
53 0.6427703499794006 3.0662348949581095 3.397470712661743 2.1492767333984375 0.32250648736953735 3.4872567053746253 1.2480509281158447 0.8123877644538879
54 0.6441519260406494 3.0663297128204317 3.3974788188934326 2.1495912075042725 0.32352694869041443 3.4870252209808648 1.2484853267669678 0.8107693195343018
55 0.6297945380210876 3.0550139232529427 3.390444755554199 2.1540958881378174 0.31050747632980347 3.4985063125889924 1.2607245445251465 0.8117184042930603
56 0.6297945380210876 3.0550139232529427 3.390444755554199 2.1540958881378174 0.31050747632980347 3.4985063125889924 1.2607245445251465 0.8117184042930603
57 0.6257150173187256 3.0498031531283822 3.3950679302215576 2.156064510345459 0.3172557055950165 3.4977070222606286 1.2639989852905273 0.8055168390274048
58 0.63004070520401 3.049584828650168 3.397399425506592 2.1550369262695313 0.3153882324695587 3.4965467831644124 1.2661941051483154 0.8033351302146912
59 0.6274035573005676 3.0508304879577235 3.3970181941986084 2.15472412109375 0.31063029170036316 3.50216888709517 1.2671676874160767 0.8069268465042114
60 0.6291223764419556 3.0682350286728393 3.3989930152893066 2.1549277305603027 0.31422799825668335 3.5073654638075333 1.2670013904571533 0.8055229187011719
61 0.6291223764419556 3.0682350286728393 3.3989930152893066 2.1549277305603027 0.31422799825668335 3.5073654638075333 1.2670013904571533 0.8055229187011719
62 0.6285054683685303 3.0669870324568187 3.3978960514068604 2.1554574966430664 0.31488341093063354 3.5083784286892876 1.2679142951965332 0.8060025572776794
63 0.6258169412612915 3.0621314286913663 3.4003353118896484 2.1266305446624756 0.30533912777900696 3.510914337900824 1.268567681312561 0.8244259357452393
64 0.6294050216674805 3.061163106302738 3.402050733566284 2.1269402503967285 0.30725884437561035 3.5093303032935323 1.2688798904418945 0.8231208920478821
65 0.6307262182235718 3.061441092544841 3.403852939605713 2.1270205974578857 0.3083512485027313 3.5104180522296398 1.2699068784713745 0.8211377263069153
66 0.6307262182235718 3.061441092544841 3.403852939605713 2.1270205974578857 0.3083512485027313 3.5104180522296398 1.2699068784713745 0.8211377263069153
67 0.6295620203018188 3.0617529005566313 3.403168201446533 2.1258976459503174 0.2990124523639679 3.51556224821468 1.2701551914215088 0.8186670541763306
68 0.6180834770202637 3.064492263057293 3.3994662761688232 2.1219589710235596 0.2864921987056732 3.514370600903073 1.2690520286560059 0.8214417099952698
69 0.6268416047096252 3.063318400264758 3.4033284187316895 2.122927188873291 0.2842805087566376 3.5185594469140336 1.2709771394729614 0.8194039463996887
70 0.6268999576568604 3.0631506543153035 3.403148651123047 2.122938394546509 0.28440138697624207 3.518625534090463 1.2710469961166382 0.819503903388977
71 0.6268999576568604 3.0631506543153035 3.403148651123047 2.122938394546509 0.28440138697624207 3.518625534090463 1.2710469961166382 0.819503903388977
72 0.6290717124938965 3.062805711744236 3.4026737213134766 2.120971441268921 0.2822549641132355 3.525738061285631 1.2664953470230103 0.8202054500579834
73 0.6298600435256958 3.064675715034724 3.410691976547241 2.1171531677246094 0.26628488302230835 3.5298558457948532 1.2486748695373535 0.8104785084724426
74 0.6326698660850525 3.053135689369973 3.4111838340759277 2.1178574562072754 0.27306318283081055 3.5383583437667934 1.2461782693862915 0.8086470365524292
75 0.6260308027267456 3.05293718661299 3.407902956008911 2.117586851119995 0.26718974113464355 3.5330683456981493 1.2455660104751587 0.8109427094459534
76 0.6260308027267456 3.05293718661299 3.407902956008911 2.117586851119995 0.26718974113464355 3.5330683456981493 1.2455660104751587 0.8109427094459534
77 0.6303741931915283 3.064639279786568 3.4132111072540283 2.1224896907806396 0.27145472168922424 3.5308720051072324 1.2524617910385132 0.8181864023208618
78 0.6308666467666626 3.0539179419464464 3.4165756702423096 2.123944044113159 0.26506507396698 3.539569791820183 1.252087950706482 0.8119992017745972
79 0.6313474178314209 3.0975634957298523 3.4185791015625 2.1251630783081055 0.2585347890853882 3.534177244445741 1.2622772455215454 0.8157139420509338
80 0.6220698952674866 3.099469108398168 3.414048671722412 2.1246674060821533 0.25263360142707825 3.5328302915333976 1.2597923278808594 0.8156000375747681
81 0.6220698952674866 3.099469108398168 3.414048671722412 2.1246674060821533 0.25263360142707825 3.5328302915333976 1.2597923278808594 0.8156000375747681
82 0.623130738735199 3.1092652324048187 3.410433530807495 2.1290030479431152 0.2574782371520996 3.5286257715637634 1.2641584873199463 0.8238558173179626
83 0.6206865310668945 3.1122163302805514 3.4092767238616943 2.125486373901367 0.24819575250148773 3.5283703616433812 1.261565923690796 0.8183793425559998
84 0.6211133003234863 3.1121768693322434 3.410646915435791 2.1255288124084473 0.24945686757564545 3.5281903652255346 1.2788159847259521 0.8182822465896606
85 0.6206726431846619 3.098027546577452 3.4134304523468018 2.1224536895751953 0.25309640169143677 3.5270247015618366 1.2587813138961792 0.8091956377029419
86 0.6206726431846619 3.098027546577452 3.4134304523468018 2.1224536895751953 0.25309640169143677 3.5270247015618366 1.2587813138961792 0.8091956377029419
87 0.6205747127532959 3.099091069593707 3.4133527278900146 2.121734142303467 0.25033339858055115 3.5264900019673693 1.2561849355697632 0.8101005554199219
88 0.6210296750068665 3.0989786738945613 3.4167697429656982 2.1215434074401855 0.24775460362434387 3.5254459913882084 1.2528387308120728 0.8088675737380981
89 0.6188521385192871 3.097870582049334 3.415580987930298 2.1210854053497314 0.2481871396303177 3.524839861407453 1.2524688243865967 0.8110159039497375
90 0.6167393922805786 3.104360107249178 3.413151502609253 2.1213877201080322 0.24792145192623138 3.5245480508488836 1.2500191926956177 0.812791109085083
91 0.6167393922805786 3.104360107249178 3.413151502609253 2.1213877201080322 0.24792145192623138 3.5245480508488836 1.2500191926956177 0.812791109085083
92 0.6161451935768127 3.1032150979246187 3.413029909133911 2.121919631958008 0.2515454590320587 3.5233037424179403 1.2505894899368286 0.8130562901496887
93 0.6081104874610901 3.0949290276385506 3.4061367511749268 2.119965076446533 0.24674361944198608 3.5218743360277887 1.2630962133407593 0.8065935373306274
94 0.5987710952758789 3.094740115892526 3.4031128883361816 2.1200265884399414 0.2411746382713318 3.5230405522139305 1.2604972124099731 0.8053791522979736
95 0.5976439118385315 3.0521921900595195 3.4038925170898438 2.120210647583008 0.24287788569927216 3.5392605040761214 1.2659229040145874 0.8091639876365662
96 0.5976439118385315 3.0521921900595195 3.4038925170898438 2.120210647583008 0.24287788569927216 3.5392605040761214 1.2659229040145874 0.8091639876365662
97 0.5978635549545288 3.053962563255911 3.4035773277282715 2.119462490081787 0.23883719742298126 3.53835240422492 1.2651028633117676 0.8094800710678101
98 0.6006653904914856 3.0535864564239183 3.405336618423462 2.1136605739593506 0.2386591136455536 3.539104384968951 1.2673043012619019 0.8018984794616699
99 0.6206375956535339 3.055372631318376 3.4036364555358887 2.1215147972106934 0.2670912742614746 3.532938985801024 1.268532395362854 0.8080234527587891
100 0.6218846440315247 3.094414826546925 3.4120912551879883 2.1216094493865967 0.267597496509552 3.534040747529964 1.2701762914657593 0.8065690398216248
101 0.6218846440315247 3.094414826546925 3.4120912551879883 2.1216094493865967 0.267597496509552 3.534040747529964 1.2701762914657593 0.8065690398216248
102 0.6249269843101501 3.090394348364005 3.411616563796997 2.1224515438079834 0.2719765901565552 3.531318337661039 1.2714502811431885 0.8042173385620117
103 0.6235933899879456 3.0880819394714885 3.4103355407714844 2.123419761657715 0.2710108160972595 3.5320734569489263 1.2724132537841797 0.8053010106086731
104 0.6293718218803406 3.0693280450266864 3.413989543914795 2.123922824859619 0.2771894633769989 3.527957974345731 1.2709890604019165 0.8018653988838196
105 0.6317461729049683 3.0709672284972043 3.4171202182769775 2.125730276107788 0.27137020230293274 3.5288847104937924 1.2734488248825073 0.8054118752479553
106 0.6317461729049683 3.0709672284972043 3.4171202182769775 2.125730276107788 0.27137020230293274 3.5288847104937924 1.2734488248825073 0.8054118752479553
107 0.6285950541496277 3.0748338928418804 3.420042037963867 2.1085269451141357 0.25575852394104004 3.5280181975355553 1.2569631338119507 0.8011350631713867
108 0.6285950541496277 3.0748338928418804 3.420042037963867 2.1085269451141357 0.25575852394104004 3.5280181975355553 1.2569631338119507 0.8011350631713867
109 0.6286306977272034 3.0750666696312563 3.4198615550994873 2.1084811687469482 0.25608739256858826 3.527899882694842 1.2569221258163452 0.801182210445404
110 0.6364172697067261 3.083542157004159 3.423645257949829 2.110060214996338 0.2563210129737854 3.5321636285205513 1.2606072425842285 0.8080517053604126
111 0.6364172697067261 3.083542157004159 3.423645257949829 2.110060214996338 0.2563210129737854 3.5321636285205513 1.2606072425842285 0.8080517053604126
112 0.6385167241096497 3.0828276970544928 3.4298932552337646 2.1092793941497803 0.25141704082489014 3.5380805255890015 1.2639087438583374 0.8085947036743164
113 0.6300752758979797 3.0822791898840496 3.432248592376709 2.108419895172119 0.24771802127361298 3.53719568999163 1.2667276859283447 0.809963047504425
114 0.6317647099494934 3.0786336304670443 3.439600706100464 2.1117537021636963 0.2532503604888916 3.5383374236978415 1.2707560062408447 0.8109426498413086
115 0.6255353093147278 3.0810008451726714 3.4347445964813232 2.111156463623047 0.25277528166770935 3.5361443450798666 1.2671300172805786 0.8107486963272095
116 0.6255353093147278 3.0810008451726714 3.4347445964813232 2.111156463623047 0.25277528166770935 3.5361443450798666 1.2671300172805786 0.8107486963272095
117 0.6241047978401184 3.0779794998119376 3.4331247806549072 2.111337423324585 0.2540675699710846 3.5375449359403826 1.2773857116699219 0.8113141059875488
118 0.5969090461730957 3.0443758284400286 3.4302291870117188 2.111539602279663 0.24321982264518738 3.564222661557633 1.2841591835021973 0.8191646933555603
119 0.5968870520591736 3.044366153874106 3.429642915725708 2.1115384101867676 0.24310357868671417 3.5642302903124623 1.2848186492919922 0.8191666007041931
120 0.5970677733421326 3.0412612724866754 3.4313786029815674 2.1109869480133057 0.24385936558246613 3.566789227592193 1.2844512462615967 0.8161247372627258
121 0.5970677733421326 3.0412612724866754 3.4313786029815674 2.1109869480133057 0.24385936558246613 3.566789227592193 1.2844512462615967 0.8161247372627258
122 0.597709596157074 3.0415648743285115 3.432290554046631 2.111299991607666 0.2430383265018463 3.5677212735221953 1.2556339502334595 0.8141118884086609
123 0.6066931486129761 3.0409466852937572 3.4357852935791016 2.1105854511260986 0.2407263219356537 3.5690974206950172 1.2531598806381226 0.8168525695800781
124 0.605130672454834 3.0438495561710215 3.434877872467041 2.105973482131958 0.2322208285331726 3.5680632930733203 1.2502987384796143 0.8099252581596375
125 0.5944886207580566 3.012226598846405 3.4135074615478516 2.1064517498016357 0.2206948697566986 3.5495445018367064 1.2388112545013428 0.8096107840538025
126 0.5944886207580566 3.012226598846405 3.4135074615478516 2.1064517498016357 0.2206948697566986 3.5495445018367064 1.2388112545013428 0.8096107840538025
127 0.5918468832969666 3.019894330295154 3.4128589630126953 2.10522198677063 0.21797452867031097 3.5504384729723246 1.236768126487732 0.8099060654640198
128 0.5910996198654175 3.019821649335649 3.4126014709472656 2.105231761932373 0.21712274849414825 3.550515530845343 1.234403133392334 0.8097279667854309
129 0.5933734774589539 3.021907171931174 3.418260097503662 2.1060264110565186 0.21468280255794525 3.5491733973647652 1.230664849281311 0.8111175894737244
130 0.5925155878067017 3.022468719844963 3.4197514057159424 2.1049861907958984 0.21221868693828583 3.5486273875461976 1.232722282409668 0.809719443321228
131 0.5925155878067017 3.022468719844963 3.4197514057159424 2.1049861907958984 0.21221868693828583 3.5486273875461976 1.232722282409668 0.809719443321228
132 0.5933549404144287 3.022104655467448 3.4232795238494873 2.1051321029663086 0.21869345009326935 3.5491904941177843 1.2366770505905151 0.8091666102409363
133 0.5987382531166077 3.0262505397143338 3.4299254417419434 2.1069412231445313 0.2244199961423874 3.5496019923081685 1.2084510326385498 0.8125962018966675
134 0.5990824699401855 3.021105653822051 3.4301376342773438 2.1069273948669434 0.22482703626155853 3.550667709955286 1.2091286182403564 0.8126007914543152
135 0.5942876935005188 3.0209368699754062 3.433401584625244 2.1068902015686035 0.2275538593530655 3.551422057258565 1.212567925453186 0.8135043978691101
136 0.5942876935005188 3.0209368699754062 3.433401584625244 2.1068902015686035 0.2275538593530655 3.551422057258565 1.212567925453186 0.8135043978691101
137 0.5887683629989624 3.013070638762429 3.4263916015625 2.108778953552246 0.2343473881483078 3.5561038338561923 1.216352105140686 0.8187312483787537
138 0.588778555393219 3.0130715039254623 3.4263932704925537 2.108778476715088 0.23434613645076752 3.5561030109035516 1.2163524627685547 0.8187322616577148
139 0.5887762308120728 3.0130716110607567 3.426316738128662 2.1087794303894043 0.2343488186597824 3.5561045729614227 1.2163883447647095 0.8187295794487
140 0.5874703526496887 3.0163350420904034 3.4263641834259033 2.1056230068206787 0.2359922230243683 3.5566505308126546 1.2166918516159058 0.8215456604957581
141 0.5874703526496887 3.0163350420904034 3.4263641834259033 2.1056230068206787 0.2359922230243683 3.5566505308126546 1.2166918516159058 0.8215456604957581
142 0.5883148312568665 3.0163033216254918 3.42635178565979 2.105635166168213 0.23542946577072144 3.5565924094613397 1.216697096824646 0.8215134143829346
143 0.588226318359375 3.01784398725842 3.4238758087158203 2.107480049133301 0.23743203282356262 3.5541522237877228 1.215707540512085 0.8255822062492371
144 0.5878969430923462 3.0177886262396605 3.423933744430542 2.1075432300567627 0.23648422956466675 3.555059536004214 1.2172051668167114 0.8256291747093201
145 0.5876216292381287 3.01738070403467 3.4289112091064453 2.107701539993286 0.23549328744411469 3.556374162066659 1.218675971031189 0.8236646056175232
146 0.5900336503982544 3.030501060275305 3.433236598968506 2.1080126762390137 0.2409910410642624 3.5632223521392055 1.2144646644592285 0.8198161721229553
147 0.5900336503982544 3.030501060275305 3.4332854747772217 2.1080126762390137 0.2409910410642624 3.5632223521392055 1.2145204544067383 0.8198161721229553
148 0.5926357507705688 3.0318237753072133 3.432387590408325 2.106865406036377 0.2419479489326477 3.5631116373373426 1.224953532218933 0.8171183466911316
149 0.5901156663894653 3.0311020853698194 3.432267904281616 2.106022834777832 0.2405785471200943 3.5642014726102484 1.226109266281128 0.8182223439216614
150 0.5920072793960571 3.016146801635341 3.4307868480682373 2.101370096206665 0.23914888501167297 3.5648900824161345 1.226068377494812 0.8165388107299805
151 0.5920072793960571 3.016146801635341 3.4307868480682373 2.101370096206665 0.23914888501167297 3.5648900824161345 1.226068377494812 0.8165388107299805
152 0.5954352617263794 3.015475259297762 3.431400775909424 2.1027753353118896 0.24439463019371033 3.5666112313284715 1.224738359451294 0.8108472228050232
153 0.603788435459137 3.0135691563369 3.435079574584961 2.101529836654663 0.24920789897441864 3.568248785488415 1.2148340940475464 0.8102595210075378
154 0.6027690172195435 3.010823965731676 3.4332005977630615 2.102806329727173 0.24061599373817444 3.5664510119557806 1.2064847946166992 0.8062673807144165
155 0.6044932007789612 3.010296430370009 3.4302358627319336 2.1030328273773193 0.24739554524421692 3.5621648902983387 1.2088611125946045 0.8083928823471069
156 0.6044932007789612 3.010296430370009 3.4302358627319336 2.1030328273773193 0.24739554524421692 3.5621648902983387 1.2088611125946045 0.8083928823471069
157 0.5984745621681213 3.009877817533423 3.4268743991851807 2.1005969047546387 0.2413545399904251 3.561572043154483 1.2059849500656128 0.8059961199760437
158 0.5984745621681213 3.0122934673865656 3.4270193576812744 2.1035547256469727 0.2413545399904251 3.5604438581425897 1.205344319343567 0.7970300316810608
159 0.5979130864143372 3.013022063767648 3.4260218143463135 2.1034483909606934 0.24321717023849487 3.5596835055150367 1.2055696249008179 0.7978895902633667
160 0.5979130864143372 3.013022063767648 3.4203312397003174 2.1034483909606934 0.24321717023849487 3.5596835055150367 1.2344605922698975 0.7978895902633667
161 0.5979130864143372 3.013022063767648 3.4203312397003174 2.1034483909606934 0.24321717023849487 3.5596835055150367 1.2344605922698975 0.7978895902633667
162 0.5986925959587097 3.01438547165652 3.425123691558838 2.1053519248962402 0.2479279339313507 3.5587060274969833 1.2036064863204956 0.7961457371711731
163 0.5987061858177185 3.0141410204761603 3.4249789714813232 2.1054980754852295 0.24770855903625488 3.558647623373343 1.2034246921539307 0.7957294583320618
164 0.5975826978683472 3.025355366844448 3.429497480392456 2.1042864322662354 0.2487977296113968 3.5585663604455013 1.2100822925567627 0.7931258082389832
165 0.5909103155136108 3.0215315053714664 3.4268078804016113 2.1045682430267334 0.2451503425836563 3.556999421936146 1.2081362009048462 0.7908410429954529
166 0.5909103155136108 3.0215315053714664 3.4268078804016113 2.1045682430267334 0.2451503425836563 3.556999421936146 1.2081362009048462 0.7908410429954529
167 0.5909103155136108 3.015867670035171 3.4268128871917725 2.1044013500213623 0.2451503425836563 3.5554198294865156 1.2091456651687622 0.7920940518379211
168 0.5895671844482422 3.015879515276938 3.4259226322174072 2.104203224182129 0.2445075511932373 3.555064318250601 1.208982229232788 0.7917560935020447
169 0.5942343473434448 3.0110477679396483 3.431424379348755 2.103724479675293 0.2550046741962433 3.5622794423389093 1.2073850631713867 0.788830041885376
170 0.5956794619560242 3.012842780422236 3.4343230724334717 2.1029720306396484 0.25441795587539673 3.5616035986629657 1.2082934379577637 0.7843831777572632
171 0.5956794619560242 3.012842780422236 3.4343230724334717 2.1029720306396484 0.25441795587539673 3.5616035986629657 1.2082934379577637 0.7843831777572632
172 0.5946694016456604 3.014434883793449 3.4333863258361816 2.10235595703125 0.2529892921447754 3.5608393606092057 1.2077537775039673 0.7885770797729492
173 0.5955203175544739 3.0240223912176574 3.4323205947875977 2.1034095287323 0.24946284294128418 3.5613927419931235 1.2070693969726563 0.7914360165596008
174 0.597389817237854 3.0242877053436055 3.433610200881958 2.1032540798187256 0.24975822865962982 3.5626305087165537 1.2080425024032593 0.7916831374168396
175 0.5916481614112854 3.0052895446187526 3.429365873336792 2.1051647663116455 0.24719108641147614 3.5698879246088344 1.214220404624939 0.8012526035308838
176 0.5916481614112854 3.0052895446187526 3.429365873336792 2.1051647663116455 0.24719108641147614 3.5698879246088344 1.214220404624939 0.8012526035308838
177 0.5872364640235901 3.0029542791614054 3.424880266189575 2.1016976833343506 0.24917344748973846 3.5703144638557194 1.211127758026123 0.7979332208633423
178 0.5884716510772705 3.0040457696784766 3.425304412841797 2.101714611053467 0.25188085436820984 3.5703266200845856 1.2088067531585693 0.7977694869041443
179 0.5914695262908936 3.003981879475744 3.427915334701538 2.1019864082336426 0.2543260157108307 3.5713853975957277 1.2092853784561157 0.7964197397232056
180 0.5906470417976379 2.99835024601166 3.426348924636841 2.1000988483428955 0.24582774937152863 3.5740317410066633 1.2013294696807861 0.7911888360977173
181 0.5906470417976379 2.99835024601166 3.426348924636841 2.1000988483428955 0.24582774937152863 3.5740317410066633 1.2013294696807861 0.7911888360977173
182 0.5774364471435547 2.9885480471312187 3.4217634201049805 2.0995590686798096 0.24299535155296326 3.5815929855909205 1.2017452716827393 0.7971106767654419
183 0.5783064961433411 2.9875925900030578 3.4218761920928955 2.100097179412842 0.242475226521492 3.58064140089799 1.1804612874984741 0.795446515083313
184 0.5790263414382935 2.9869916464660133 3.4247219562530518 2.0017595291137695 0.2412775456905365 3.5873427368824906 1.1655330657958984 0.5018522143363953
185 0.5778852701187134 2.9872345492005463 3.425170660018921 2.0014488697052 0.23356755077838898 3.587419427085876 1.1665983200073242 0.5054121613502502
186 0.5778852701187134 2.9872345492005463 3.425170660018921 2.0014488697052 0.23356755077838898 3.587419427085876 1.1665983200073242 0.5054121613502502
187 0.5781633257865906 2.9848172961972623 3.427718162536621 2.0061497688293457 0.24413937330245972 3.5890830288678557 1.1714723110198975 0.5069453120231628
188 0.5800878405570984 2.98580664925415 3.426924705505371 2.0060179233551025 0.2459278106689453 3.5891852378203346 1.1713696718215942 0.49851876497268677
189 0.5796430110931396 2.997187322034716 3.426818609237671 2.006072998046875 0.2447454333305359 3.5844689550045192 1.1706047058105469 0.49876195192337036
190 0.5816535353660583 2.9959205288312156 3.4274308681488037 2.006335973739624 0.24800007045269012 3.577740282023632 1.1665689945220947 0.49537554383277893
191 0.5816535353660583 2.9959205288312156 3.4274308681488037 2.006335973739624 0.24800007045269012 3.577740282023632 1.1665689945220947 0.49537554383277893
192 0.5832897424697876 3.019296963118354 3.433198928833008 2.007037878036499 0.24633510410785675 3.5793900368258527 1.169708013534546 0.49146509170532227
193 0.585637629032135 3.0195732380316502 3.4338912963867188 2.007098913192749 0.2443048655986786 3.580840602594098 1.1703455448150635 0.49078136682510376
194 0.5850196480751038 3.0183722951243483 3.4311726093292236 2.006685972213745 0.24753034114837646 3.5815950620233408 1.174135684967041 0.48985737562179565
195 0.5908217430114746 3.0187876392594513 3.4316182136535645 2.0071616172790527 0.24864892661571503 3.580064934632167 1.1746259927749634 0.4900326132774353
196 0.5908217430114746 3.0187876392594513 3.4316182136535645 2.0071616172790527 0.24864892661571503 3.580064934632167 1.1746259927749634 0.4900326132774353
197 0.5908210873603821 3.018787756506715 3.4309499263763428 2.0071613788604736 0.24864889681339264 3.580065087540102 1.1623125076293945 0.4900326430797577
198 0.5899990200996399 3.0192734936083836 3.4293346405029297 2.0073468685150146 0.248680979013443 3.579939634509777 1.1613264083862305 0.45765528082847595
199 0.5903478860855103 3.020239629590545 3.4298431873321533 2.0071394443511963 0.24703752994537354 3.579526961183778 1.1610661745071411 0.45686012506484985
200 0.5905164480209351 3.021101339694407 3.4299042224884033 2.007021427154541 0.24643345177173615 3.5790834626241055 1.1607873439788818 0.4558848440647125
201 0.5905164480209351 3.021101339694407 3.4299042224884033 2.007021427154541 0.24643345177173615 3.5790834626241055 1.1607873439788818 0.4558848440647125
202 0.5901505351066589 3.0212590072639474 3.4296929836273193 2.006774663925171 0.24605275690555573 3.578807706240274 1.1610671281814575 0.45821160078048706
203 0.5901505351066589 3.0213978804189185 3.431117534637451 2.006774663925171 0.24605275690555573 3.580651344433828 1.1633015871047974 0.45821160078048706
204 0.5906459093093872 3.020719441822363 3.4310693740844727 2.0071980953216553 0.24587740004062653 3.5803584784606333 1.1632204055786133 0.45614489912986755
205 0.593264639377594 3.0121040817494937 3.4286327362060547 2.0096359252929688 0.24174398183822632 3.577441707749861 1.16005539894104 0.4613884687423706
206 0.593264639377594 3.0121040817494937 3.4286327362060547 2.0096359252929688 0.24174398183822632 3.577441707749861 1.16005539894104 0.4613884687423706
207 0.5935139656066895 3.011995510804101 3.4288015365600586 2.009958505630493 0.241344153881073 3.5777171020711105 1.1598901748657227 0.46066492795944214
208 0.5935225486755371 3.011915572986798 3.4288597106933594 2.01043438911438 0.24134495854377747 3.577770633220555 1.1710995435714722 0.46072885394096375
209 0.593673050403595 2.9996401787463634 3.432487726211548 2.012932062149048 0.25481733679771423 3.583179323275636 1.1754851341247559 0.4616457521915436
210 0.5969772934913635 3.000662682165836 3.433903217315674 2.013282060623169 0.2535249888896942 3.5819787312380282 1.1738725900650024 0.46380922198295593
211 0.5969772934913635 3.000662682165836 3.433903217315674 2.013282060623169 0.2535249888896942 3.5819787312380282 1.1738725900650024 0.46380922198295593
212 0.5972664952278137 3.0001714861994007 3.434460163116455 2.01367449760437 0.25367894768714905 3.5822214646095722 1.1744436025619507 0.4639536738395691
213 0.6067949533462524 3.000345838390205 3.436708688735962 2.0166802406311035 0.2654101252555847 3.5835798381567594 1.176270604133606 0.4665278494358063
214 0.6032135486602783 3.0026560224393846 3.4339394569396973 2.0166985988616943 0.2601344883441925 3.582293501843126 1.1737539768218994 0.46495532989501953
215 0.6036704182624817 2.99905061108007 3.4343314170837402 2.1173059940338135 0.2617324888706207 3.579303906215733 1.1871111392974854 0.7707552909851074
216 0.6036704182624817 2.99905061108007 3.4343314170837402 2.1173059940338135 0.2617324888706207 3.579303906215733 1.1871111392974854 0.7707552909851074
217 0.5984179973602295 2.9962061086036034 3.4336342811584473 2.1166539192199707 0.25691384077072144 3.581599023224823 1.1864404678344727 0.7714769840240479
218 0.5939592719078064 2.995583029297254 3.43283748626709 2.1156182289123535 0.2568879723548889 3.5813907564925525 1.1741654872894287 0.7709087133407593
219 0.5939199328422546 2.9963991521452273 3.43286395072937 2.115628957748413 0.2568656802177429 3.5801738502558753 1.1739429235458374 0.7708892822265625
220 0.6010178327560425 3.0003324433744982 3.4387638568878174 2.1166722774505615 0.2649361491203308 3.578829928234675 1.1773667335510254 0.7777258157730103
221 0.6010178327560425 3.0003324433744982 3.4387638568878174 2.1166722774505615 0.2649361491203308 3.578829928234675 1.1773667335510254 0.7777258157730103
222 0.6021742820739746 2.998905742360399 3.442359447479248 2.11698317527771 0.2702955901622772 3.5790926914570753 1.1829068660736084 0.7782217264175415
223 0.6059695482254028 2.9988598826608355 3.4426183700561523 2.1180856227874756 0.2719923257827759 3.5786482817136593 1.1826194524765015 0.7770580649375916
224 0.6018165349960327 2.9996191622434867 3.440037250518799 2.121428966522217 0.2708593010902405 3.5767923967114137 1.183733582496643 0.7781206965446472
225 0.6018165349960327 2.9996191622434867 3.440037250518799 2.121428966522217 0.2708593010902405 3.5767923967114137 1.183733582496643 0.7781206965446472
226 0.6018165349960327 2.9996191622434867 3.440037250518799 2.121428966522217 0.2708593010902405 3.5767923967114137 1.183733582496643 0.7781206965446472
227 0.6022966504096985 2.9995540107623806 3.4400417804718018 2.1213324069976807 0.26983651518821716 3.576794330949784 1.1837300062179565 0.7780631184577942
228 0.5984786748886108 3.019617110126766 3.44130277633667 2.1247851848602295 0.2727609872817993 3.57184152130606 1.1878842115402222 0.7841097116470337
229 0.600307822227478 3.017726134858186 3.4480221271514893 2.1207993030548096 0.2661755084991455 3.5730503747888815 1.1921159029006958 0.7796180844306946
230 0.6005924344062805 3.0165385458529466 3.44858717918396 2.1207644939422607 0.2666311264038086 3.5743043533799783 1.1919208765029907 0.77889084815979
231 0.6005924344062805 3.0165385458529466 3.44858717918396 2.1207644939422607 0.2666311264038086 3.5743043533799783 1.1919208765029907 0.77889084815979
232 0.6006665825843811 3.0151388946762756 3.4490160942077637 2.1207635402679443 0.2666323184967041 3.576326043138689 1.1923260688781738 0.7788885235786438
233 0.5994340181350708 3.012743297419245 3.4499032497406006 2.121786117553711 0.25944948196411133 3.5777493753510305 1.1921428442001343 0.7746516466140747
234 0.6015037298202515 3.010754543851854 3.4509544372558594 2.12540602684021 0.2706187963485718 3.5795737290670173 1.2066973447799683 0.7785512208938599
235 0.5936167240142822 3.008098245316793 3.4501569271087646 2.123000383377075 0.26476532220840454 3.5830526740181887 1.2052422761917114 0.776274561882019
236 0.5936167240142822 3.008098245316793 3.4501569271087646 2.123000383377075 0.26476532220840454 3.5830526740181887 1.2052422761917114 0.776274561882019
237 0.5997930765151978 3.009917445294807 3.452214002609253 2.122424840927124 0.2639707922935486 3.5860762719918498 1.2076705694198608 0.7753214240074158
238 0.6035221219062805 3.007595073382892 3.460519552230835 2.1223034858703613 0.27149033546447754 3.5856056264336345 1.2156434059143066 0.7744445204734802
239 0.6038531064987183 3.0076063997035316 3.454918146133423 2.122309684753418 0.2713691294193268 3.58558409879238 1.2447617053985596 0.7744635343551636
240 0.6029743552207947 3.006896305894172 3.4562344551086426 2.1220433712005615 0.2811816930770874 3.587918602051955 1.249372124671936 0.7789373397827148
241 0.6029809713363647 3.0068886940648665 3.4562442302703857 2.122049570083618 0.28119900822639465 3.5879409020421686 1.2493810653686523 0.7789396643638611
242 0.6029577255249023 3.0068146027203473 3.4602768421173096 2.122206926345825 0.28125226497650146 3.5879846179530497 1.2568119764328003 0.7788599133491516
243 0.6052412986755371 3.007202411370736 3.462932825088501 2.1217265129089355 0.28468430042266846 3.588248772903676 1.2582935094833374 0.7740527987480164
244 0.6040756106376648 3.0073849525568273 3.4623894691467285 2.120133876800537 0.285266637802124 3.5878377056925794 1.2590981721878052 0.7819961309432983
245 0.5950608253479004 3.0092611727381064 3.4555752277374268 2.118453025817871 0.27539101243019104 3.5818063187730487 1.2526962757110596 0.779705286026001
246 0.5950608253479004 3.0092611727381064 3.4555752277374268 2.118453025817871 0.27539101243019104 3.5818063187730487 1.2526962757110596 0.779705286026001
247 0.6010321974754333 3.0169574566013133 3.4593796730041504 2.1157405376434326 0.2725604474544525 3.584482636161716 1.2568280696868896 0.7813822031021118
248 0.600360095500946 3.0135021543950122 3.45805287361145 2.115833282470703 0.273971289396286 3.5868319630712238 1.2516590356826782 0.782738447189331
249 0.5983695983886719 3.0148763961246705 3.4582386016845703 2.1153807640075684 0.2707403004169464 3.586184500897354 1.2524148225784302 0.7846154570579529
250 0.593678891658783 3.01692735492658 3.454988956451416 2.11720871925354 0.2678230404853821 3.584020727717836 1.2499239444732666 0.7855675220489502
251 0.593678891658783 3.01692735492658 3.454988956451416 2.11720871925354 0.2678230404853821 3.584020727717836 1.2499239444732666 0.7855675220489502
252 0.5905802249908447 3.013565951550671 3.4562597274780273 2.1182897090911865 0.27317407727241516 3.587398195072603 1.255959153175354 0.7878919243812561
253 0.5916532278060913 3.017799061503629 3.4566030502319336 2.119371175765991 0.271401584148407 3.586352326781515 1.2572041749954224 0.7916864156723022
254 0.5908696055412292 3.0169264296981226 3.456847906112671 2.1177210807800293 0.26906001567840576 3.586991660843016 1.256973385810852 0.7916614413261414
255 0.5908696055412292 3.0169264296981226 3.456847906112671 2.1177210807800293 0.26906001567840576 3.586991660843016 1.256973385810852 0.7916614413261414
256 0.5908696055412292 3.0169264296981226 3.456847906112671 2.1177210807800293 0.26906001567840576 3.586991660843016 1.256973385810852 0.7916614413261414
257 0.5909119844436646 3.0127923419591225 3.459530830383301 2.1174099445343018 0.27047693729400635 3.5881047518264775 1.257225751876831 0.7896558046340942
258 0.5904343128204346 3.025483563917247 3.45755672454834 2.115663528442383 0.2687920928001404 3.5812333967384156 1.2570247650146484 0.7923229336738586
259 0.5910953283309937 3.0254694565114675 3.4577999114990234 2.1156792640686035 0.26845136284828186 3.5812406164390223 1.2569600343704224 0.7920396327972412
260 0.5937280058860779 3.0134161491461313 3.4605555534362793 2.115604877471924 0.26538047194480896 3.5818755437435517 1.2671880722045898 0.7899851202964783
261 0.5937280058860779 3.0134161491461313 3.4605555534362793 2.115604877471924 0.26538047194480896 3.5818755437435517 1.2671880722045898 0.7899851202964783
262 0.5881621837615967 3.018687191948654 3.4564108848571777 2.115215539932251 0.2688705027103424 3.5780914971816666 1.2660831212997437 0.7926214933395386
263 0.5881621837615967 3.01996394479493 3.4564108848571777 2.115215539932251 0.2688705027103424 3.579084050929825 1.2659043073654175 0.7926214933395386
264 0.5857062339782715 3.0102476528371693 3.4599575996398926 2.11255145072937 0.26726800203323364 3.581792836078473 1.2617132663726807 0.7895104289054871
265 0.5838989019393921 3.010105473273918 3.45281982421875 2.112508535385132 0.26679807901382446 3.579493040215113 1.2472162246704102 0.7933743000030518
266 0.5838989019393921 3.010105473273918 3.45281982421875 2.112508535385132 0.26679807901382446 3.579493040215113 1.2472162246704102 0.7933743000030518
267 0.5839096307754517 3.010098617376452 3.4532463550567627 2.1125071048736572 0.2667609453201294 3.579507838407415 1.2461905479431152 0.7933574914932251
268 0.5839096307754517 3.010098617376452 3.4524784088134766 2.1125071048736572 0.2667609453201294 3.579507838407415 1.241552710533142 0.7933574914932251
269 0.5837955474853516 3.0102007357716514 3.450528383255005 2.112499475479126 0.26678094267845154 3.5794691617723196 1.2371245622634888 0.7935335040092468
270 0.5819762945175171 3.0107256394293613 3.4494757652282715 2.1122400760650635 0.2636078894138336 3.5786136616079505 1.236070990562439 0.7932135462760925
271 0.5819762945175171 3.0107256394293613 3.4494757652282715 2.1122400760650635 0.2636078894138336 3.5786136616079505 1.236070990562439 0.7932135462760925
272 0.5814089179039001 2.997483477117136 3.448357343673706 2.1124510765075684 0.2629776895046234 3.5753137624305857 1.2364532947540283 0.7912518382072449
273 0.5840036869049072 2.999812666433834 3.4470927715301514 2.112441062927246 0.25980931520462036 3.5728188596053654 1.2346338033676147 0.7887399792671204
274 0.5835152268409729 2.999763383216192 3.446683406829834 2.114914655685425 0.2619563937187195 3.5707672274950655 1.234477162361145 0.7783900499343872
275 0.5840458869934082 2.9992722583403957 3.445878744125366 2.114570379257202 0.2625539302825928 3.5704369972715293 1.2355303764343262 0.7796739935874939
276 0.5840458869934082 2.9992722583403957 3.445878744125366 2.114570379257202 0.2625539302825928 3.5704369972715293 1.2355303764343262 0.7796739935874939
277 0.5852124094963074 2.9997838639225196 3.447235107421875 2.1145377159118652 0.2652263939380646 3.5701352186491104 1.2380011081695557 0.7800405025482178
278 0.5856548547744751 2.9995910755699495 3.447282552719116 2.114588499069214 0.267177015542984 3.5701561523655525 1.2376477718353271 0.7802717685699463
279 0.5862953662872314 2.9991186269531522 3.44670033454895 2.1149256229400635 0.26758530735969543 3.5702467917047307 1.237131118774414 0.7803536057472229
280 0.5862953662872314 2.9991186269531522 3.44670033454895 2.1149256229400635 0.26758530735969543 3.5702467917047307 1.237131118774414 0.7803536057472229
281 0.5862953662872314 2.9991186269531522 3.44670033454895 2.1149256229400635 0.26758530735969543 3.5702467917047307 1.237131118774414 0.7803536057472229
282 0.5840861201286316 2.992131537001794 3.4414496421813965 2.1150574684143066 0.26318374276161194 3.572190550083479 1.2297329902648926 0.780698299407959
283 0.5840861201286316 2.9846393039977173 3.4414851665496826 2.1152074337005615 0.26318374276161194 3.583810752638489 1.2316499948501587 0.7818281650543213
284 0.5840861201286316 2.9846393039977173 3.4415664672851563 2.1152074337005615 0.26318374276161194 3.583810752638489 1.2381442785263062 0.7818281650543213
285 0.5845523476600647 2.9788783265780836 3.4428577423095703 2.1156537532806396 0.2604837119579315 3.584280993493383 1.2366551160812378 0.7802221775054932
286 0.5845523476600647 2.9788783265780836 3.4428577423095703 2.1156537532806396 0.2604837119579315 3.584280993493383 1.2366551160812378 0.7802221775054932
287 0.5827049612998962 2.9839571396052516 3.44236159324646 2.1163249015808105 0.25852811336517334 3.5806044070783924 1.2368537187576294 0.7810443043708801
288 0.5796908140182495 2.982689883885097 3.4371395111083984 2.1153061389923096 0.25623729825019836 3.576270226981529 1.235196828842163 0.7808936834335327
289 0.5839531421661377 2.9813393498170706 3.4387965202331543 2.114881992340088 0.26387080550193787 3.5782409212515107 1.2361265420913696 0.7811755537986755
290 0.5843179225921631 2.978917162373477 3.4384090900421143 2.1154356002807617 0.2654794454574585 3.579086503914036 1.2362205982208252 0.7817426323890686
291 0.5843179225921631 2.978917162373477 3.4384090900421143 2.1154356002807617 0.2654794454574585 3.579086503914036 1.2362205982208252 0.7817426323890686
292 0.5897934436798096 2.9799378308363207 3.4383766651153564 2.1164050102233887 0.26709073781967163 3.580812964067265 1.2355674505233765 0.7804440855979919
293 0.5897934436798096 2.9799378308363207 3.4383766651153564 2.1164050102233887 0.26709073781967163 3.580812964067265 1.2355674505233765 0.7804440855979919
294 0.5897934436798096 2.9799378308363207 3.4383766651153564 2.1164050102233887 0.26709073781967163 3.580812964067265 1.2355674505233765 0.7804440855979919
295 0.5848758220672607 2.9816172958976015 3.4370408058166504 2.119199275970459 0.25352218747138977 3.5778945580613857 1.23348069190979 0.7798922061920166
296 0.5848758220672607 2.9816172958976015 3.4370408058166504 2.119199275970459 0.25352218747138977 3.5778945580613857 1.23348069190979 0.7798922061920166
297 0.5834242105484009 2.982441819995517 3.43699049949646 2.1198549270629883 0.24685996770858765 3.5766847719603807 1.2320637702941895 0.7797884345054626
298 0.5829812288284302 2.9799071783157753 3.436002731323242 2.1217377185821533 0.2534961700439453 3.5792904664870586 1.2356066703796387 0.780389130115509
299 0.5815547704696655 2.9799172296124583 3.4287145137786865 2.121626853942871 0.24894241988658905 3.5791497792378126 1.229047179222107 0.7806437015533447
300 0.5828670859336853 2.9864013353853136 3.4286131858825684 2.1211352348327637 0.2499874085187912 3.5685930952601903 1.2350375652313232 0.7807716727256775
301 0.5847150087356567 2.9926453868922067 3.4226691722869873 2.1192195415496826 0.24073268473148346 3.5692154853258207 1.2336475849151611 0.7829059362411499
302 0.5852185487747192 2.999398848646596 3.4187138080596924 2.1184568405151367 0.2458144724369049 3.56221237614634 1.2397373914718628 0.783364474773407
303 0.5857501029968262 3.004136960144781 3.4195194244384766 2.118781566619873 0.24675311148166656 3.5570104035314225 1.2381435632705688 0.7812514305114746
304 0.5762891173362732 3.008294220060942 3.4182255268096924 2.1200859546661377 0.25335919857025146 3.5561757401022045 1.2376348972320557 0.7851183414459229
305 0.5773617625236511 3.008701096302784 3.4207584857940674 2.1197686195373535 0.25222232937812805 3.5561135276358016 1.2168915271759033 0.7849568128585815
306 0.5773617625236511 3.008701096302784 3.4207584857940674 2.1197686195373535 0.25222232937812805 3.5561135276358016 1.2168915271759033 0.7849568128585815
307 0.5756421089172363 3.0039143737932648 3.4202215671539307 2.1201062202453613 0.2509360909461975 3.557321807037558 1.215712547302246 0.7843612432479858
308 0.5756421089172363 3.0039143737932648 3.4202215671539307 2.1201062202453613 0.2509360909461975 3.557321807037558 1.215712547302246 0.7843612432479858
309 0.5716122388839722 3.0036345358022123 3.419238567352295 2.119762659072876 0.24836614727973938 3.555124192883696 1.21506667137146 0.7847064137458801
310 0.5718085765838623 3.010523917379393 3.423217535018921 2.1203982830047607 0.25333696603775024 3.552274143511152 1.219189167022705 0.7853779792785645
311 0.5718085765838623 3.010523917379393 3.423217535018921 2.1203982830047607 0.25333696603775024 3.552274143511152 1.219189167022705 0.7853779792785645
312 0.5719505548477173 3.009239534349197 3.423508882522583 2.1207845211029053 0.2551095187664032 3.552131928519331 1.2215906381607056 0.7854631543159485
313 0.5678368210792542 3.004865992335631 3.420349359512329 2.119384288787842 0.256356805562973 3.552895054678292 1.2170964479446411 0.7847685217857361
314 0.5822275280952454 2.9948693829553146 3.420269250869751 2.118614912033081 0.28247249126434326 3.5549144103477737 1.224836826324463 0.7907889485359192
315 0.5855509042739868 2.9893893492478285 3.421506643295288 2.1166653633117676 0.2751355767250061 3.558178777763453 1.2377279996871948 0.796920120716095
316 0.5855509042739868 2.9893893492478285 3.421506643295288 2.1166653633117676 0.2751355767250061 3.558178777763453 1.2377279996871948 0.796920120716095
317 0.5902725458145142 2.989747105669055 3.4227402210235596 2.1166951656341553 0.2744462490081787 3.5563816228735243 1.2353819608688354 0.7951598763465881
318 0.5937212109565735 2.9884750393867647 3.4235401153564453 2.116600275039673 0.27944570779800415 3.5571935290872303 1.2360293865203857 0.7947345972061157
319 0.5928177833557129 2.98806851411466 3.4229016304016113 2.1159775257110596 0.27763795852661133 3.5574011682531608 1.2356797456741333 0.7930567264556885
320 0.5921909809112549 2.9884837531440955 3.426560163497925 2.1172008514404297 0.2732928693294525 3.5599328234031278 1.2434782981872559 0.7961427569389343
321 0.5921909809112549 2.9884837531440955 3.426560163497925 2.1172008514404297 0.2732928693294525 3.5599328234031278 1.2434782981872559 0.7961427569389343
322 0.5916763544082642 2.9820369661770463 3.4268667697906494 2.118215799331665 0.26960575580596924 3.5635194092887468 1.2413135766983032 0.7928652763366699
323 0.5916763544082642 2.9820369661770463 3.4268667697906494 2.118215799331665 0.26960575580596924 3.5635194092887468 1.2413135766983032 0.7928652763366699
324 0.5799667835235596 2.987407726002149 3.4243345260620117 2.116063117980957 0.2675977945327759 3.5585816248923585 1.2405285835266113 0.7952360510826111
325 0.5884844064712524 2.9774318225419227 3.4267730712890625 2.1172149181365967 0.2760332524776459 3.5853408874448016 1.2462948560714722 0.7938310503959656
326 0.5884844064712524 2.9774318225419227 3.4267730712890625 2.1172149181365967 0.2760332524776459 3.5853408874448016 1.2462948560714722 0.7938310503959656
327 0.5861389636993408 2.9713559836744325 3.423551321029663 2.1177749633789063 0.2781793475151062 3.5921436185099997 1.2484970092773438 0.7954617738723755
328 0.5855025053024292 2.9718124418989644 3.422391176223755 2.118217706680298 0.282428503036499 3.5910570793179812 1.2492895126342773 0.7942535281181335
329 0.5888935327529907 2.9694396915513654 3.4212570190429688 2.1184985637664795 0.28515875339508057 3.592075642470325 1.251275897026062 0.7932240962982178
330 0.5812615156173706 2.9677800466685165 3.419429063796997 2.1179704666137695 0.2896631062030792 3.590907942201025 1.252883791923523 0.7974536418914795
331 0.5812615156173706 2.9677800466685165 3.419429063796997 2.1179704666137695 0.2896631062030792 3.590907942201025 1.252883791923523 0.7974536418914795
332 0.5824664831161499 2.968058519602605 3.4196372032165527 2.1176669597625732 0.289205938577652 3.5918987832767684 1.2525215148925781 0.7957179546356201
333 0.5852590799331665 2.9634092543700032 3.4201645851135254 2.1165506839752197 0.28090140223503113 3.594959697514693 1.2532309293746948 0.7960259914398193
334 0.58885657787323 2.9602102445371647 3.419934034347534 2.115591287612915 0.2758869528770447 3.5961304401619016 1.2537891864776611 0.8048477172851563
335 0.5830636620521545 2.9732314094509804 3.417745590209961 2.1113030910491943 0.26069629192352295 3.58921671335583 1.247074007987976 0.8015901446342468
336 0.5830636620521545 2.9732314094509804 3.417745590209961 2.1113030910491943 0.26069629192352295 3.58921671335583 1.247074007987976 0.8015901446342468
337 0.5872477293014526 2.9718489100890726 3.4162392616271973 2.122060537338257 0.27236273884773254 3.5904894844980295 1.2463029623031616 0.808060884475708
338 0.5882652401924133 2.964963598325008 3.418469190597534 2.1228840351104736 0.27340641617774963 3.6013155371597323 1.2482160329818726 0.8065094351768494
339 0.5898200273513794 2.962719467674691 3.419412612915039 2.123138427734375 0.2716105282306671 3.6022100437450146 1.2489076852798462 0.8052741885185242
340 0.5899719595909119 2.962687118061433 3.4194209575653076 2.1231589317321777 0.27197831869125366 3.6021855226271238 1.2489659786224365 0.805405855178833
341 0.5899719595909119 2.962687118061433 3.4194209575653076 2.1231589317321777 0.27197831869125366 3.6021855226271238 1.2489659786224365 0.805405855178833
342 0.6006792187690735 2.9776564017716383 3.4245357513427734 2.1206934452056885 0.2564942538738251 3.583138209220247 1.2372899055480957 0.8009817600250244
343 0.6016855835914612 2.972916026667495 3.424825668334961 2.1207778453826904 0.25063368678092957 3.583898094698042 1.2367219924926758 0.8004262447357178
344 0.604893684387207 2.9722416157424996 3.426501512527466 2.1214182376861572 0.24297575652599335 3.584701219746604 1.2298023700714111 0.7964277863502502
345 0.5922234058380127 2.9728845214404997 3.419740676879883 2.1209897994995117 0.23491457104682922 3.582572416265984 1.2282018661499023 0.8019407987594604
346 0.5922234058380127 2.9728845214404997 3.419740676879883 2.1209897994995117 0.23491457104682922 3.582572416265984 1.2282018661499023 0.8019407987594604
347 0.5941131114959717 2.9680481728692714 3.4181067943573 2.1229562759399414 0.23067359626293182 3.586426069909686 1.2247309684753418 0.8004012107849121
348 0.5920730829238892 2.9674831032425355 3.4192652702331543 2.1246159076690674 0.23097394406795502 3.5868932354005203 1.22553551197052 0.8002265095710754
349 0.5955517292022705 2.967215634369285 3.424017906188965 2.1099836826324463 0.2386685460805893 3.5871003900159693 1.2279324531555176 0.7996329069137573
350 0.5950817465782166 2.9659902164799665 3.4243764877319336 2.1110873222351074 0.24247752130031586 3.588570825366424 1.2290608882904053 0.7999175786972046
351 0.5950817465782166 2.9659902164799665 3.4243764877319336 2.1110873222351074 0.24247752130031586 3.588570825366424 1.2290608882904053 0.7999175786972046
352 0.5963656306266785 2.9679870709453247 3.4255893230438232 2.1108481884002686 0.24480263888835907 3.588938799485178 1.2293943166732788 0.7994007468223572
353 0.5927180051803589 2.9711697216692303 3.4240381717681885 2.11031436920166 0.24480897188186646 3.5855333590746445 1.2283961772918701 0.8009907603263855
354 0.5922691822052002 2.970675965982394 3.4236035346984863 2.110074520111084 0.2443106472492218 3.586269010307612 1.2284901142120361 0.8007275462150574
355 0.5937514901161194 2.979609500996388 3.4206690788269043 2.1091599464416504 0.2570617198944092 3.5788612155009987 1.2297004461288452 0.8051881194114685
356 0.5937514901161194 2.979609500996388 3.4206690788269043 2.1091599464416504 0.2570617198944092 3.5788612155009987 1.2297004461288452 0.8051881194114685
357 0.6093771457672119 2.9804478438925885 3.426870822906494 2.111023426055908 0.26912885904312134 3.580855551765667 1.2334412336349487 0.8093872666358948
358 0.6095753908157349 2.9805736427863763 3.4268031120300293 2.110966682434082 0.26891350746154785 3.5807544875050197 1.2333310842514038 0.8092150092124939
359 0.5922922492027283 2.9789105200442325 3.4171183109283447 2.1065597534179688 0.2536211609840393 3.5806516124909904 1.2282696962356567 0.8030964732170105
360 0.6008440852165222 2.9721190945638756 3.4247829914093018 2.11063289642334 0.2531885802745819 3.5788069491928227 1.2207335233688354 0.7990622520446777
361 0.6008440852165222 2.9721190945638756 3.4247829914093018 2.11063289642334 0.2531885802745819 3.5788069491928227 1.2207335233688354 0.7990622520446777
362 0.6009381413459778 2.9720175766271058 3.420412302017212 2.110718250274658 0.2533228099346161 3.5788409483769463 1.2489184141159058 0.7992472648620605
363 0.600573718547821 2.9720057864951843 3.421574354171753 2.1106581687927246 0.25327950716018677 3.578916959007108 1.2487300634384155 0.7991108894348145
364 0.5926653146743774 2.971784715927863 3.4192588329315186 2.1088449954986572 0.2503885328769684 3.5776467994415997 1.2505080699920654 0.7997949719429016
365 0.5928581357002258 2.971109511243535 3.4186596870422363 2.109813690185547 0.2548602521419525 3.5785607911843083 1.254815697669983 0.8001159429550171
366 0.5928581357002258 2.971109511243535 3.4186596870422363 2.109813690185547 0.2548602521419525 3.5785607911843083 1.254815697669983 0.8001159429550171
367 0.5889174938201904 2.971340584232458 3.4157207012176514 2.1055657863616943 0.24378864467144012 3.5775221679899682 1.250407099723816 0.7988397479057312
368 0.6009619832038879 2.9720735559513307 3.4158835411071777 2.104975700378418 0.25299084186553955 3.575031888339934 1.2493706941604614 0.8003488779067993
369 0.5980761647224426 2.95715971778858 3.4147837162017822 2.104865550994873 0.2508290708065033 3.5862150305512634 1.2510813474655151 0.7994534969329834
370 0.5980791449546814 2.9571516078963924 3.4147796630859375 2.10481333732605 0.2508274018764496 3.586223338326471 1.2510720491409302 0.7993953824043274
371 0.5980791449546814 2.9571516078963924 3.4147796630859375 2.10481333732605 0.2508274018764496 3.586223338326471 1.2510720491409302 0.7993953824043274
372 0.6046228408813477 2.9711960302813076 3.4205260276794434 2.111165761947632 0.25497573614120483 3.5827908581561942 1.2503753900527954 0.7981687188148499
373 0.6002016067504883 2.973238103863783 3.4182698726654053 2.112497091293335 0.26082462072372437 3.581988167329335 1.2511385679244995 0.7961524128913879
374 0.6020739078521729 2.970312635710761 3.423790693283081 2.1144297122955322 0.25770193338394165 3.5859097311966592 1.252727746963501 0.7974376082420349
375 0.6020739078521729 2.970312635710761 3.4256300926208496 2.1144297122955322 0.25770193338394165 3.5859097311966592 1.2535021305084229 0.7974376082420349
376 0.6020739078521729 2.970312635710761 3.4256300926208496 2.1144297122955322 0.25770193338394165 3.5859097311966592 1.2535021305084229 0.7974376082420349
377 0.597920835018158 2.9808546091476575 3.4258737564086914 2.1173644065856934 0.2681165039539337 3.576604359606141 1.2614645957946777 0.7932136654853821
378 0.5940206050872803 2.975365319774061 3.4220130443573 2.1151700019836426 0.2648155391216278 3.5865115028208874 1.2603707313537598 0.792671799659729
379 0.5987329483032227 2.975356275234851 3.4245896339416504 2.116281509399414 0.2656920850276947 3.5852459529371092 1.2618283033370972 0.7918742299079895
380 0.5976130366325378 2.975494389478288 3.4268057346343994 2.1152539253234863 0.2653771638870239 3.5855394537758194 1.2633532285690308 0.7903693914413452
381 0.5976130366325378 2.975494389478288 3.4268057346343994 2.1152539253234863 0.2653771638870239 3.5855394537758194 1.2633532285690308 0.7903693914413452
382 0.5974459648132324 2.978850620320589 3.427719831466675 2.1172993183135986 0.2736402451992035 3.5828900171125824 1.2633358240127563 0.7896536588668823
383 0.5967980027198792 2.9820422864441016 3.4292030334472656 2.1178579330444336 0.2719656229019165 3.5806970296889578 1.2605993747711182 0.790797770023346
384 0.5967980027198792 2.9820422864441016 3.4292030334472656 2.1178579330444336 0.2719656229019165 3.5806970296889578 1.2605993747711182 0.790797770023346
385 0.5957907438278198 2.98756631207271 3.4284932613372803 2.1176016330718994 0.27007851004600525 3.579989895836669 1.2610700130462646 0.791424036026001
386 0.5957907438278198 2.98756631207271 3.4284932613372803 2.1176016330718994 0.27007851004600525 3.579989895836669 1.2610700130462646 0.791424036026001
387 0.595804750919342 2.987560236590606 3.428433418273926 2.117602825164795 0.2700634300708771 3.579990448573956 1.26091468334198 0.7914294004440308
388 0.5959846377372742 2.9882081509819467 3.427288293838501 2.117412567138672 0.2705746591091156 3.579349050122819 1.2615845203399658 0.7913885116577148
389 0.5958070755004883 2.9881045116010734 3.4260988235473633 2.117461681365967 0.2709444463253021 3.579615901376687 1.2610362768173218 0.791531503200531
390 0.5953328609466553 2.989421119235146 3.4271202087402344 2.114168405532837 0.2703767418861389 3.5808718904871744 1.2605829238891602 0.7959688305854797
391 0.5953328609466553 2.989421119235146 3.4271202087402344 2.114168405532837 0.2703767418861389 3.5808718904871744 1.2605829238891602 0.7959688305854797
392 0.5953328609466553 2.9917419056364216 3.425868272781372 2.114168405532837 0.2703767418861389 3.5773748887859798 1.2539094686508179 0.7959688305854797
393 0.5953317880630493 2.9917416948870894 3.4250895977020264 2.114168405532837 0.27037596702575684 3.5773750651954734 1.252927303314209 0.7959686517715454
394 0.5961970090866089 2.992248175073169 3.4250307083129883 2.114097833633423 0.2725054919719696 3.5739007062867527 1.2542978525161743 0.7951269745826721
395 0.5951673984527588 2.9925274375655913 3.424981117248535 2.1141765117645264 0.272146612405777 3.573721880496044 1.2542344331741333 0.794833779335022
396 0.5951673984527588 2.9925274375655913 3.424981117248535 2.1141765117645264 0.272146612405777 3.573721880496044 1.2542344331741333 0.794833779335022
397 0.6008644104003906 2.9932010389421158 3.4240105152130127 2.1138057708740234 0.2824498116970062 3.5717203552187864 1.2538803815841675 0.797476053237915
398 0.6008644104003906 2.9932010389421158 3.4239165782928467 2.1138057708740234 0.2824498116970062 3.5717203552187864 1.2532260417938232 0.797476053237915
399 0.6002179980278015 2.992845955655787 3.423795700073242 2.1137521266937256 0.2871605455875397 3.57274362834705 1.2531288862228394 0.7977073788642883
400 0.6002928614616394 2.9945022993832513 3.429821491241455 2.113751173019409 0.28759893774986267 3.572320334276056 1.2241629362106323 0.7977098226547241
401 0.6002928614616394 2.9945022993832513 3.429821491241455 2.113751173019409 0.28759893774986267 3.572320334276056 1.2241629362106323 0.7977098226547241
402 0.6002928614616394 2.9945022993832513 3.429821491241455 2.113751173019409 0.28759893774986267 3.572320334276056 1.2241629362106323 0.7977098226547241
403 0.6004087924957275 2.9945351429710994 3.430403470993042 2.113736391067505 0.28711143136024475 3.5722784484705077 1.2184597253799438 0.7977350950241089
404 0.6019353270530701 2.993149697297057 3.429889440536499 2.1107089519500732 0.28485527634620667 3.5710610063239914 1.2218130826950073 0.8018186688423157
405 0.6020117998123169 2.997114764237408 3.429858446121216 2.110696792602539 0.2851286232471466 3.568503798617669 1.2221148014068604 0.801932692527771
406 0.6020117998123169 2.997114764237408 3.429858446121216 2.110696792602539 0.2851286232471466 3.568503798617669 1.2221148014068604 0.801932692527771
407 0.6013913750648499 2.9974033737126704 3.429612636566162 2.1108627319335938 0.2856481969356537 3.5681604035317727 1.2225624322891235 0.8025141954421997
408 0.6013913750648499 2.9974033737126704 3.4279088973999023 2.1108627319335938 0.2856481969356537 3.5681604035317727 1.2299948930740356 0.8025141954421997
409 0.5996216535568237 2.9966890903614165 3.4280238151550293 2.111137628555298 0.2822377681732178 3.5691878211506953 1.2310130596160889 0.8017997145652771
410 0.5959102511405945 2.9879392223625976 3.419848918914795 2.1126835346221924 0.2809359133243561 3.5647836276694154 1.2336702346801758 0.7986000776290894
411 0.5959102511405945 2.9879392223625976 3.419848918914795 2.1126835346221924 0.2809359133243561 3.5647836276694154 1.2336702346801758 0.7986000776290894
412 0.594702959060669 2.9889782706508554 3.4205546379089355 2.112607717514038 0.27921661734580994 3.5679960096817163 1.2352912425994873 0.7966206073760986
413 0.5981776118278503 2.9874616458433314 3.4219932556152344 2.113603115081787 0.2815437316894531 3.5701370979529305 1.2352747917175293 0.7967610955238342
414 0.6019328236579895 2.9908305456359985 3.4214961528778076 2.1127986907958984 0.2864721119403839 3.5672004202470355 1.2348034381866455 0.7968165278434753
415 0.6060600876808167 2.9904424941911123 3.4230706691741943 2.1136856079101563 0.2956525683403015 3.568261427604041 1.234204649925232 0.8007098436355591
416 0.6060600876808167 2.9904424941911123 3.4230706691741943 2.1136856079101563 0.2956525683403015 3.568261427604041 1.234204649925232 0.8007098436355591
417 0.6010338664054871 2.994237098775345 3.4238317012786865 2.1122701168060303 0.2963131070137024 3.563263034312515 1.2382421493530273 0.8054064512252808
418 0.6010338664054871 3.0315482414698507 3.4238317012786865 2.1122701168060303 0.2963131070137024 3.5526370689055637 1.2363202571868896 0.8054064512252808
419 0.6010338664054871 3.0315482414698507 3.4238317012786865 2.1122701168060303 0.2963131070137024 3.5526370689055637 1.2363202571868896 0.8054064512252808
420 0.6030030250549316 3.0325668163460606 3.425548553466797 2.1125173568725586 0.29704931378364563 3.5524141083685996 1.2250111103057861 0.8060125112533569
421 0.6030030250549316 3.0325668163460606 3.425548553466797 2.1125173568725586 0.29704931378364563 3.5524141083685996 1.2250111103057861 0.8060125112533569
422 0.6187317371368408 3.019759963628583 3.4421393871307373 2.1108129024505615 0.3242168128490448 3.5462928869204453 1.2000995874404907 0.802630603313446
423 0.6233757138252258 3.020008228227944 3.4399302005767822 2.110774040222168 0.32330411672592163 3.5449594007101717 1.1999409198760986 0.8064126372337341
424 0.6199082732200623 3.018726233919711 3.439431667327881 2.1120452880859375 0.3258674442768097 3.546756622985171 1.2001316547393799 0.810764729976654
425 0.6176523566246033 3.0208780419117933 3.4340450763702393 2.110433578491211 0.3339836895465851 3.5404628787966557 1.1963852643966675 0.8089265823364258
426 0.6203199625015259 3.0213332732614804 3.43341064453125 2.110694169998169 0.3380642235279083 3.5396311435629983 1.1966098546981812 0.8101763725280762
427 0.6210864186286926 3.020882773667609 3.43324613571167 2.110703945159912 0.3378921449184418 3.5395642344397458 1.1968361139297485 0.8101247549057007
428 0.6229503154754639 3.0198785682557174 3.4344542026519775 2.1103341579437256 0.33924856781959534 3.540118951767879 1.1977146863937378 0.8104215860366821
429 0.6213836669921875 3.01978024135608 3.435387372970581 2.109936475753784 0.33605000376701355 3.5397969429373606 1.2114638090133667 0.809321939945221
430 0.6213783025741577 3.0093766062208522 3.4354360103607178 2.110431671142578 0.33603349328041077 3.5453948346081425 1.2109524011611938 0.80402010679245
431 0.6213783025741577 3.0093766062208522 3.4354360103607178 2.110431671142578 0.33603349328041077 3.5453948346081425 1.2109524011611938 0.80402010679245
432 0.6199924349784851 3.005225316804933 3.433044672012329 2.110008955001831 0.3279933035373688 3.5505428005178294 1.2062077522277832 0.8060232996940613
433 0.6199924349784851 3.0088264977400137 3.433044672012329 2.110008955001831 0.3279933035373688 3.549858173833329 1.206695318222046 0.8060232996940613
434 0.6253946423530579 3.004770641790949 3.435323715209961 2.106811285018921 0.32682761549949646 3.552322442185714 1.2128212451934814 0.9161041378974915
435 0.6270428895950317 3.0045806585044104 3.4381892681121826 2.1070046424865723 0.32752883434295654 3.55278853712741 1.2120602130889893 0.9160910248756409
436 0.6270428895950317 3.0045806585044104 3.4381892681121826 2.1070046424865723 0.32752883434295654 3.55278853712741 1.2120602130889893 0.9160910248756409
437 0.6286822557449341 3.0039321419274687 3.4402332305908203 2.1098148822784424 0.3243544101715088 3.5558716034993254 1.212746024131775 0.9232051372528076
438 0.6286442279815674 2.9903167951951444 3.4402809143066406 2.1108384132385254 0.3233770728111267 3.563328960756334 1.213232159614563 0.9228194952011108
439 0.6197441220283508 2.991499721938151 3.4362075328826904 2.110037326812744 0.3220162093639374 3.558594367453952 1.2179770469665527 0.9188775420188904
440 0.6167577505111694 2.9924669304147096 3.4372141361236572 2.110883951187134 0.31490761041641235 3.5621383884081697 1.2166967391967773 0.9211385846138
441 0.6167577505111694 2.9924669304147096 3.4372141361236572 2.110883951187134 0.31490761041641235 3.5621383884081697 1.2166967391967773 0.9211385846138
442 0.6168872117996216 2.9897582027935004 3.437081813812256 2.11255145072937 0.31395578384399414 3.5619704055831476 1.2174365520477295 0.9198563098907471
443 0.6168782114982605 3.0013586637093996 3.4370808601379395 2.112551212310791 0.3139527142047882 3.5517717075567625 1.2156322002410889 0.9198567271232605
444 0.6152333617210388 3.0050420049314717 3.4354441165924072 2.1122610569000244 0.3182027339935303 3.5484010220927282 1.2177335023880005 0.9228399991989136
445 0.6249004602432251 3.0020988198565366 3.434048891067505 2.1148746013641357 0.3474317789077759 3.54740503122189 1.2270783185958862 0.932021975517273
446 0.6249004602432251 3.0020988198565366 3.434048891067505 2.1148746013641357 0.3474317789077759 3.54740503122189 1.2270783185958862 0.932021975517273
447 0.6244548559188843 3.0034574209844975 3.4326300621032715 2.1136093139648438 0.3473678529262543 3.5460775930850343 1.2277417182922363 0.9326289296150208
448 0.6244548559188843 3.0034574209844975 3.433570384979248 2.1136093139648438 0.3473678529262543 3.5460775930850343 1.2292752265930176 0.9326289296150208
449 0.6190842390060425 3.000985569032786 3.433711290359497 2.113680601119995 0.3392386734485626 3.550300906146219 1.228855013847351 0.9313826560974121
450 0.6114969253540039 2.9993390651501333 3.4359657764434814 2.112717866897583 0.3253447413444519 3.553403826175142 1.2263712882995605 0.9272898435592651
451 0.6114969253540039 2.9993390651501333 3.4359657764434814 2.112717866897583 0.3253447413444519 3.553403826175142 1.2263712882995605 0.9272898435592651
452 0.6140313744544983 3.000473506922569 3.4386022090911865 2.1123077869415283 0.32996106147766113 3.5525057755564458 1.2195409536361694 0.9267258644104004
453 0.6139881610870361 3.0041689522811086 3.4386305809020996 2.1123316287994385 0.3302291929721832 3.551109992104415 1.2191892862319946 0.9268053770065308
454 0.6196479797363281 3.00570341585656 3.442070245742798 2.1134655475616455 0.3253297805786133 3.552561489547441 1.2216755151748657 0.9294790029525757
455 0.6228966116905212 3.005953685511185 3.4377143383026123 2.114217519760132 0.31921759247779846 3.553509565706757 1.2163068056106567 0.9322932362556458
456 0.6228966116905212 3.005953685511185 3.4377143383026123 2.114217519760132 0.31921759247779846 3.553509565706757 1.2163068056106567 0.9322932362556458
457 0.6246589422225952 3.0042990107983263 3.4383325576782227 2.1145577430725098 0.3188245892524719 3.557191829465132 1.2164934873580933 0.9350587129592896
458 0.6232405304908752 3.00418958816011 3.4340271949768066 2.114630699157715 0.31600257754325867 3.557263942307078 1.2146326303482056 0.9354727268218994
459 0.6135898232460022 3.00350093298788 3.4347798824310303 2.1172447204589844 0.31496232748031616 3.5520183042205766 1.216049075126648 0.9380573630332947
460 0.6139271855354309 3.0048568033739884 3.4402732849121094 2.116732358932495 0.31442421674728394 3.5529948732768766 1.2189359664916992 0.9371965527534485
461 0.6139271855354309 3.0048568033739884 3.4402732849121094 2.116732358932495 0.31442421674728394 3.5529948732768766 1.2189359664916992 0.9371965527534485
462 0.6133426427841187 3.00369608953053 3.4402217864990234 2.1169421672821045 0.31454697251319885 3.5538513908158165 1.2191061973571777 0.9374725818634033
463 0.6132768988609314 3.003705269538645 3.4397361278533936 2.1169612407684326 0.3145263195037842 3.553716489457341 1.2180215120315552 0.9374741911888123
464 0.6042578816413879 3.007023711103537 3.4312686920166016 2.1142311096191406 0.3140505850315094 3.5511450305848 1.2111237049102783 0.933103621006012
465 0.5980929136276245 3.0061361919847447 3.428311586380005 2.1119658946990967 0.3122849762439728 3.549923636038774 1.2073339223861694 0.9291780591011047
466 0.601523756980896 3.0004429108400017 3.438626289367676 2.1151065826416016 0.30884119868278503 3.5581958188931546 1.2197327613830566 0.9306212067604065
467 0.5983237028121948 2.9969173013697517 3.441859006881714 2.1160876750946045 0.3046770393848419 3.5648081126598656 1.219318151473999 0.9255731701850891
468 0.6023982763290405 2.9949749716423897 3.44224214553833 2.1159915924072266 0.30314362049102783 3.5630851523046605 1.22011137008667 0.9247728586196899
469 0.6045524477958679 2.993582259843707 3.443314790725708 2.116424322128296 0.30854690074920654 3.565546829254289 1.2196398973464966 0.9221490025520325
470 0.6045524477958679 2.993582259843707 3.4433653354644775 2.116424322128296 0.30854690074920654 3.565546829254289 1.219752311706543 0.9221490025520325
471 0.6045524477958679 2.993582259843707 3.4433653354644775 2.116424322128296 0.30854690074920654 3.565546829254289 1.219752311706543 0.9221490025520325
472 0.6037644743919373 2.9977774989957227 3.440700054168701 2.113741874694824 0.3070049285888672 3.57321924467296 1.2155497074127197 0.8493802547454834
473 0.6042277812957764 2.99781829333266 3.440650224685669 2.1140458583831787 0.30741557478904724 3.5729713656260205 1.2156238555908203 0.8495070934295654
474 0.6095119714736938 2.9967026526591463 3.4434080123901367 2.114522695541382 0.3106037378311157 3.5748068052146813 1.2147841453552246 0.8487075567245483
475 0.609334409236908 2.996658654170008 3.4445040225982666 2.115748167037964 0.3058694899082184 3.575454153147616 1.2112925052642822 0.8367881178855896
476 0.609334409236908 2.996658654170008 3.4445040225982666 2.115748167037964 0.3058694899082184 3.575454153147616 1.2112925052642822 0.8367881178855896
477 0.6231030821800232 2.9910966326502884 3.444815158843994 2.116925001144409 0.3172575831413269 3.572116904688575 1.2115352153778076 0.7999474406242371
478 0.6223672032356262 2.989791407993155 3.440875768661499 2.1175379753112793 0.31795045733451843 3.5736312337408096 1.200688362121582 0.7987897992134094
479 0.6204531788825989 2.9913290613282753 3.437047004699707 2.1160829067230225 0.3178466260433197 3.5716650935304464 1.199283480644226 0.7981969714164734
480 0.612521231174469 2.99056617608957 3.433147668838501 2.1116790771484375 0.3012946546077728 3.5724579713977134 1.1952228546142578 0.7941626906394958
481 0.612521231174469 2.99056617608957 3.433147668838501 2.1116790771484375 0.3012946546077728 3.5724579713977134 1.1952228546142578 0.7941626906394958
482 0.6107353568077087 2.9886844652506714 3.433152675628662 2.1110894680023193 0.3000391125679016 3.573153194297466 1.1946401596069336 0.7937069535255432
483 0.6123915314674377 2.988158667400144 3.4358880519866943 2.1113080978393555 0.3021724224090576 3.5738275923967278 1.1964420080184937 0.7940074801445007
484 0.6124491095542908 3.004095543701902 3.438396692276001 2.1115164756774902 0.3029785752296448 3.5567208223761915 1.1959702968597412 0.869963526725769
485 0.6129633188247681 3.0042036891434365 3.4389169216156006 2.111517906188965 0.3040347695350647 3.5565215294370276 1.196662425994873 0.8703467845916748
486 0.6129633188247681 3.0042036891434365 3.4389169216156006 2.111517906188965 0.3040347695350647 3.5565215294370276 1.196662425994873 0.8703467845916748
487 0.6174530982971191 3.002895717320044 3.441880702972412 2.1123111248016357 0.30452144145965576 3.5596864341758936 1.1985810995101929 0.8722900152206421
488 0.6179401278495789 3.002873172171383 3.4419455528259277 2.112335205078125 0.30521804094314575 3.5595922813028547 1.1986733675003052 0.8723512291908264
489 0.6199933290481567 3.003977703504729 3.4404356479644775 2.112459897994995 0.31043440103530884 3.5588603783957082 1.1974129676818848 0.8725952506065369
490 0.6178392767906189 3.0005804703552896 3.4363081455230713 2.112607002258301 0.3071310818195343 3.559201999397427 1.1966373920440674 0.8736814260482788
491 0.6178392767906189 3.0005804703552896 3.4363081455230713 2.112607002258301 0.3071310818195343 3.559201999397427 1.1966373920440674 0.8736814260482788
492 0.6173210740089417 3.004516930033574 3.435823678970337 2.112244129180908 0.3059314489364624 3.560146204550857 1.1956886053085327 0.8740251064300537
493 0.6156487464904785 3.004852694988127 3.4360687732696533 2.111790418624878 0.30072325468063354 3.560920448841846 1.1958752870559692 0.8720968961715698
494 0.6154924631118774 3.0045004187859643 3.436405658721924 2.1124536991119385 0.3015819787979126 3.561136366778346 1.1959830522537231 0.8730149865150452
495 0.6153239607810974 3.004463589977409 3.435110092163086 2.1124651432037354 0.301457017660141 3.5611589912987562 1.1950379610061646 0.873071551322937
496 0.6153239607810974 3.004463589977409 3.435110092163086 2.1124651432037354 0.301457017660141 3.5611589912987562 1.1950379610061646 0.873071551322937
497 0.6120665073394775 3.0019981745849127 3.4308383464813232 2.111538887023926 0.30359283089637756 3.559909398705877 1.1933413743972778 0.8700781464576721
498 0.6119140386581421 3.0022689928212922 3.430882215499878 2.1113882064819336 0.3029302954673767 3.5596555900059483 1.1929073333740234 0.8697968125343323
499 0.6090391874313354 3.002941312311454 3.430121898651123 2.111039161682129 0.3010629117488861 3.5605134137994985 1.1950613260269165 0.8722307085990906
500 0.6161724328994751 3.00094447466236 3.432009220123291 2.1117353439331055 0.31626665592193604 3.564162004325554 1.1948450803756714 0.8670439124107361
