init 1.1026134490966797 5.350043490462783 3.3468868732452393 2.047734022140503 0.0 0.0 0.0 0.0
1 1.451965093612671 4.933652110361118 3.450202465057373 2.3718225955963135 0.7676483988761902 1.789030569783456 1.3172460794448853 1.0715665817260742
2 1.549328088760376 5.099086177986782 3.4910054206848145 2.4068851470947266 0.9206362962722778 2.097626978957634 1.4231760501861572 1.119006633758545
3 1.6261231899261475 5.267316268880911 3.5311059951782227 2.4620351791381836 1.0408387184143066 2.1462273871428454 1.520344614982605 1.2617037296295166
4 1.743981122970581 5.31831851436992 3.5521860122680664 2.5700833797454834 1.1615312099456787 2.0748872371362777 1.5221672058105469 1.325252890586853
5 1.7979178428649902 5.286062061438874 3.6203200817108154 2.5938498973846436 1.2193821668624878 2.1295567454610254 1.569080114364624 1.4498088359832764
6 1.7979178428649902 5.286062061438874 3.6203200817108154 2.5938498973846436 1.2193821668624878 2.1295567454610254 1.569080114364624 1.4498088359832764
7 1.8982136249542236 5.517534338828261 3.6574809551239014 2.742466688156128 1.3281502723693848 2.2261528866122258 1.6718535423278809 1.665704607963562
8 1.861480474472046 5.373315884703692 3.670966863632202 2.842646837234497 1.2756600379943848 2.3950142697581027 1.7557569742202759 1.8406237363815308
9 1.8617048263549805 5.466197733946129 3.667757034301758 2.8423655033111572 1.275743842124939 2.192647639438697 1.7374300956726074 1.8403552770614624
10 1.8597824573516846 5.074309358404971 3.64500093460083 2.8442063331604004 1.2769105434417725 1.694431552269107 1.682429552078247 1.8487859964370728
11 1.8597824573516846 5.074309358404971 3.64500093460083 2.8442063331604004 1.2769105434417725 1.694431552269107 1.682429552078247 1.8487859964370728
12 1.9250112771987915 5.02539007034851 3.707925319671631 2.928223133087158 1.3434358835220337 1.7469667701191924 1.7772408723831177 1.9675266742706299
13 1.9030439853668213 5.062415665701405 3.696298837661743 2.9191854000091553 1.3078503608703613 1.7439761860732177 1.7491620779037476 1.9458515644073486
14 1.8934873342514038 5.170379723231593 3.6906960010528564 2.9261436462402344 1.2908371686935425 1.9031587550628375 1.7715681791305542 2.049731731414795
15 1.8919596672058105 5.052565701879179 3.689863920211792 2.9149789810180664 1.2909730672836304 1.7894033060462657 1.7596325874328613 2.033738851547241
16 1.8919596672058105 5.052565701879179 3.689863920211792 2.9149789810180664 1.2909730672836304 1.7894033060462657 1.7596325874328613 2.033738851547241
17 1.931525468826294 5.059115678293606 3.710519552230835 3.0000431537628174 1.3380776643753052 2.049831139415107 1.818660020828247 2.085716485977173
18 1.9285184144973755 5.464587332241712 3.7189993858337402 3.039438009262085 1.324070930480957 2.030711745805993 1.8492156267166138 2.147562265396118
19 1.9311203956604004 5.262525999059532 3.7265594005584717 3.0403921604156494 1.3285472393035889 2.0706141458910317 1.8659632205963135 2.1483266353607178
20 1.8930479288101196 5.156780702740207 3.7333884239196777 3.0289885997772217 1.2766773700714111 2.050478053881052 1.8928200006484985 2.1445748805999756
21 1.8930479288101196 5.156780702740207 3.7333884239196777 3.0289885997772217 1.2766773700714111 2.050478053881052 1.8928200006484985 2.1445748805999756
22 1.8613052368164063 5.086823976476227 3.7263388633728027 3.057072639465332 1.2417644262313843 1.9898899732139803 1.8757338523864746 2.1532886028289795
23 1.861782431602478 5.046210086023569 3.7283897399902344 3.0564708709716797 1.242803931236267 2.0711523381256813 1.8960515260696411 2.1535799503326416
24 1.859926462173462 5.044896067962071 3.7277400493621826 3.0560736656188965 1.2389317750930786 2.066756959429979 1.8946938514709473 2.1537094116210938
25 1.84311842918396 5.030886407258973 3.725738286972046 3.0515129566192627 1.2236454486846924 2.1133701055399228 1.930651068687439 2.274625778198242
26 1.84311842918396 5.030886407258973 3.725738286972046 3.0515129566192627 1.2236454486846924 2.1133701055399228 1.930651068687439 2.274625778198242
27 1.8449229001998901 5.009818244013794 3.7243096828460693 3.054234743118286 1.2262556552886963 2.1055476357334983 1.9269704818725586 2.2763137817382813
28 1.8484994173049927 5.004566069210761 3.72935152053833 3.0245180130004883 1.2329751253128052 2.104815531176174 1.9320601224899292 2.2096104621887207
29 1.8405550718307495 5.016118775860412 3.7284090518951416 3.0598926544189453 1.225097894668579 2.079730599494122 1.9285551309585571 2.2315545082092285
30 1.8453835248947144 4.951766443813799 3.743415117263794 3.0598180294036865 1.2323216199874878 2.0989604493440903 1.9627940654754639 2.2347607612609863
31 1.8453835248947144 4.951766443813799 3.743415117263794 3.0598180294036865 1.2323216199874878 2.0989604493440903 1.9627940654754639 2.2347607612609863
32 1.8315376043319702 4.941225465111826 3.7484304904937744 3.0432260036468506 1.2139469385147095 2.1209425767918644 1.9853438138961792 2.2153427600860596
33 1.8306313753128052 4.985701869420169 3.734766721725464 3.0430757999420166 1.2128993272781372 2.3097408550462193 1.9937584400177002 2.216116189956665
34 1.8327394723892212 4.985818084184723 3.738981008529663 3.05470609664917 1.2142153978347778 2.3047004022341144 1.9820470809936523 2.1450436115264893
35 1.807631015777588 4.981898917130777 3.715242624282837 3.005126953125 1.1955554485321045 2.277806452729276 1.9708508253097534 2.078768491744995
36 1.807631015777588 4.981898917130777 3.715242624282837 3.005126953125 1.1955554485321045 2.277806452729276 1.9708508253097534 2.078768491744995
37 1.7942821979522705 4.984319622363059 3.7180521488189697 2.9860546588897705 1.186491847038269 2.262776654618923 1.9677976369857788 2.0597727298736572
38 1.7769335508346558 4.992046601256171 3.7211124897003174 2.974848747253418 1.1639710664749146 2.25121378716037 1.9861233234405518 2.0598397254943848
39 1.7767221927642822 4.997587203087839 3.723423957824707 2.978166103363037 1.1643004417419434 2.242380687484948 1.9965986013412476 2.068596601486206
40 1.7765402793884277 4.996760856966111 3.722651481628418 2.9816272258758545 1.1640057563781738 2.243580397993382 1.9987331628799438 2.082280397415161
41 1.7765402793884277 4.996760856966111 3.722651481628418 2.9816272258758545 1.1640057563781738 2.243580397993382 1.9987331628799438 2.082280397415161
42 1.7639554738998413 4.988501375589187 3.7183279991149902 2.964348793029785 1.1485929489135742 2.247094248918486 1.9862059354782104 2.0593316555023193
43 1.7606085538864136 4.990463858937773 3.720693349838257 2.9651992321014404 1.1427196264266968 2.244699509245127 1.9913122653961182 2.0617711544036865
44 1.7669689655303955 4.994467082759299 3.720510959625244 2.963921308517456 1.1507742404937744 2.2423719263826034 1.9853416681289673 2.0517399311065674
45 1.7507331371307373 4.985440290162048 3.716437816619873 2.9514353275299072 1.1331841945648193 2.236355549995451 1.9775515794754028 2.0461583137512207
46 1.7507331371307373 4.985440290162048 3.716437816619873 2.9514353275299072 1.1331841945648193 2.236355549995451 1.9775515794754028 2.0461583137512207
47 1.7721738815307617 4.978062250357069 3.742701530456543 2.987596273422241 1.1584419012069702 2.2418133069881305 2.0223655700683594 2.0944883823394775
48 1.7574840784072876 4.953036552338061 3.7496938705444336 2.976508140563965 1.1357814073562622 2.251604155106742 2.0344719886779785 2.0746195316314697
49 1.755592703819275 4.9544497027027345 3.750431776046753 2.9741873741149902 1.1324270963668823 2.2499228988799986 2.035108804702759 2.0720391273498535
50 1.753393530845642 4.9377375105405195 3.7548744678497314 2.9672882556915283 1.13278067111969 2.2330806726971986 2.0411572456359863 2.055428981781006
51 1.753393530845642 4.9377375105405195 3.7548744678497314 2.9672882556915283 1.13278067111969 2.2330806726971986 2.0411572456359863 2.055428981781006
52 1.753460168838501 4.937852242716242 3.7551169395446777 2.9671571254730225 1.132948637008667 2.23329982879736 2.0414657592773438 2.05537486076355
53 1.746799111366272 4.933856286460731 3.7384748458862305 2.966611862182617 1.1236200332641602 2.2368672524196307 2.005063533782959 2.053323745727539
54 1.7422903776168823 4.935195013024895 3.730379581451416 2.900085687637329 1.117713451385498 2.2345406704015915 1.9223406314849854 1.7409965991973877
55 1.7458220720291138 4.928847760472277 3.7312893867492676 2.9111387729644775 1.1215825080871582 2.2281226841002475 1.9234063625335693 1.7579184770584106
56 1.7458220720291138 4.928847760472277 3.7312893867492676 2.9111387729644775 1.1215825080871582 2.2281226841002475 1.9234063625335693 1.7579184770584106
57 1.7824647426605225 5.018786607910537 3.748237371444702 3.045459032058716 1.164343237876892 2.1908435116528135 1.9778348207473755 2.008986711502075
58 1.7449345588684082 4.973167906270825 3.6925692558288574 3.0051934719085693 1.1182464361190796 2.21998733170501 1.892803430557251 1.9479767084121704
59 1.702487826347351 4.979348175942873 3.6889944076538086 2.9691784381866455 1.0728012323379517 2.2195342856820175 1.8746585845947266 1.8912816047668457
60 1.6998276710510254 4.979017558072324 3.6756575107574463 2.977052688598633 1.0600254535675049 2.2307176458098055 1.850341796875 1.8863284587860107
61 1.6998276710510254 4.979017558072324 3.6756575107574463 2.977052688598633 1.0600254535675049 2.2307176458098055 1.850341796875 1.8863284587860107
62 1.6998331546783447 4.979019825280049 3.6768798828125 2.873380661010742 1.060031771659851 2.230715452502412 1.835904598236084 1.704898476600647
63 1.6979718208312988 4.982978854926929 3.6742467880249023 2.876100778579712 1.0570813417434692 2.242313987051824 1.834118127822876 1.7090157270431519
64 1.7016324996948242 5.015913548521729 3.6762149333953857 2.8755340576171875 1.0641236305236816 2.359786926553904 1.8473902940750122 1.707521677017212
65 1.70469331741333 5.0141563717808655 3.676323175430298 2.8764448165893555 1.0663574934005737 2.3731835532539827 1.846346139907837 1.701183557510376
66 1.70469331741333 5.0141563717808655 3.676323175430298 2.8764448165893555 1.0663574934005737 2.3731835532539827 1.846346139907837 1.701183557510376
67 1.7083173990249634 5.013327388337739 3.6750223636627197 2.878809690475464 1.0700936317443848 2.373479285307539 1.8425122499465942 1.70078444480896
68 1.7083371877670288 5.013322784947547 3.6749343872070313 2.8788483142852783 1.0701014995574951 2.373373510940342 1.838333249092102 1.700798511505127
69 1.7201706171035767 5.037510685953973 3.6843924522399902 2.895944595336914 1.0850510597229004 2.357522626231884 1.8601852655410767 1.7333674430847168
70 1.7155896425247192 5.038963829690323 3.6957619190216064 2.892806053161621 1.0784558057785034 2.353430442503205 1.873639702796936 1.732751488685608
71 1.7155896425247192 5.038963829690323 3.6957619190216064 2.892806053161621 1.0784558057785034 2.353430442503205 1.873639702796936 1.732751488685608
72 1.7150920629501343 5.038933769621295 3.6957576274871826 2.892326593399048 1.077863097190857 2.3536009264112225 1.8729033470153809 1.7320380210876465
73 1.7150920629501343 5.038933769621295 3.7038090229034424 2.957451343536377 1.077863097190857 2.3536009264112225 1.8843458890914917 1.8436164855957031
74 1.7074695825576782 5.035126802208906 3.6971237659454346 2.971661329269409 1.0632236003875732 2.359076030245277 1.8682996034622192 1.846078872680664
75 1.7670845985412598 5.067187850864342 3.7203938961029053 3.021375894546509 1.1537100076675415 2.3330579263225197 1.8967820405960083 1.9592679738998413
76 1.7670845985412598 5.067187850864342 3.7203938961029053 3.021375894546509 1.1537100076675415 2.3330579263225197 1.8967820405960083 1.9592679738998413
77 1.7832868099212646 5.091875488492523 3.7167747020721436 3.0207924842834473 1.1646195650100708 2.0805269712020573 1.863026738166809 1.9423909187316895
78 1.7759332656860352 5.09031835508801 3.714759349822998 3.0515360832214355 1.1543467044830322 2.088702829819019 1.8681045770645142 1.9682331085205078
79 1.7901897430419922 5.099934444007903 3.7280359268188477 3.078056573867798 1.170530080795288 2.1222280962481013 1.898278832435608 2.0094692707061768
80 1.7859593629837036 5.148169190479456 3.717446804046631 3.15553617477417 1.1629506349563599 2.3297214836636093 1.9198333024978638 2.148975372314453
81 1.7859593629837036 5.148169190479456 3.717446804046631 3.15553617477417 1.1629506349563599 2.3297214836636093 1.9198333024978638 2.148975372314453
82 1.790337324142456 5.154907668471655 3.7161505222320557 3.1635096073150635 1.164734959602356 2.3349133115449168 1.9144749641418457 2.1539576053619385
83 1.7570070028305054 5.1784455506253515 3.705207109451294 3.116673231124878 1.1405248641967773 2.311581128792619 1.8881055116653442 2.1281208992004395
84 1.7313761711120605 5.159608719077821 3.6929068565368652 3.0981903076171875 1.0998426675796509 2.3154344957578736 1.8800147771835327 2.0909056663513184
85 1.7505271434783936 5.156886339669582 3.7010703086853027 3.1094367504119873 1.115285038948059 2.3277054384913076 1.878499150276184 2.096651554107666
86 1.7505271434783936 5.156886339669582 3.7010703086853027 3.1094367504119873 1.115285038948059 2.3277054384913076 1.878499150276184 2.096651554107666
87 1.7480462789535522 5.1523627346358065 3.6814422607421875 3.1049249172210693 1.1106383800506592 2.3281140372017384 1.8657740354537964 2.0886638164520264
88 1.764905571937561 5.147888768879055 3.6924614906311035 3.1326754093170166 1.132286548614502 2.349996502511155 1.8759593963623047 2.1337804794311523
89 1.764905571937561 5.077351187480531 3.6924614906311035 3.1326754093170166 1.132286548614502 2.030257873673949 1.8361526727676392 2.1337804794311523
90 1.7645621299743652 5.07646848833448 3.7080636024475098 3.132417917251587 1.1314778327941895 2.0294994903017045 1.8703193664550781 2.133955240249634
91 1.7645621299743652 5.07646848833448 3.7080636024475098 3.132417917251587 1.1314778327941895 2.0294994903017045 1.8703193664550781 2.133955240249634
92 1.7655895948410034 5.034276789530011 3.6971983909606934 3.1313560009002686 1.1339154243469238 2.0274817570673136 1.847509503364563 2.134014844894409
93 1.7650386095046997 5.042221244456756 3.6972482204437256 3.1319398880004883 1.1326690912246704 2.14713923798932 1.860271692276001 2.1342291831970215
94 1.762269377708435 5.050829860931932 3.6884875297546387 3.131746292114258 1.1279624700546265 2.1735820185096424 1.8439726829528809 2.1344730854034424
95 1.764133334159851 5.057890460011662 3.693429708480835 3.130751609802246 1.1336669921875 2.169106323676586 1.8746858835220337 2.139195680618286
96 1.764133334159851 5.057890460011662 3.693429708480835 3.130751609802246 1.1336669921875 2.169106323676586 1.8746858835220337 2.139195680618286
97 1.7656348943710327 5.058711315569878 3.693751335144043 3.1302895545959473 1.135581135749817 2.16952557208169 1.8756334781646729 2.1384546756744385
98 1.7650957107543945 5.0590216147976985 3.694547176361084 3.129807949066162 1.1349377632141113 2.16585782211897 1.876405954360962 2.1387529373168945
99 1.7607892751693726 5.098112952185652 3.691725254058838 3.106677293777466 1.1324869394302368 2.172869422158596 1.8754329681396484 2.1130144596099854
100 1.7541821002960205 5.095187592731362 3.6905860900878906 3.0948448181152344 1.125425100326538 2.1695106102709945 1.866708755493164 2.1039862632751465
101 1.7541821002960205 5.095187592731362 3.6905860900878906 3.0948448181152344 1.125425100326538 2.1695106102709945 1.866708755493164 2.1039862632751465
102 1.754188895225525 5.126357390050841 3.690507650375366 3.094825267791748 1.1253316402435303 2.283319996274515 1.8745322227478027 2.104158401489258
103 1.7544606924057007 5.13156035451708 3.6878867149353027 3.088446855545044 1.130069613456726 2.280946446814277 1.8736406564712524 2.1021568775177
104 1.7785214185714722 5.125875602670184 3.691779851913452 3.127098798751831 1.1575700044631958 2.294586855412216 1.8696805238723755 2.1541547775268555
105 1.778914213180542 5.125000226761719 3.6920716762542725 3.1258890628814697 1.1578975915908813 2.2938277458831964 1.8707796335220337 2.1523964405059814
106 1.778914213180542 5.125000226761719 3.6920716762542725 3.1258890628814697 1.1578975915908813 2.2938277458831964 1.8707796335220337 2.1523964405059814
107 1.7488701343536377 5.1063634994317475 3.675006151199341 2.994060754776001 1.1134411096572876 2.2715527623179055 1.8186477422714233 1.9442195892333984
108 1.7309635877609253 5.14626147321042 3.6774182319641113 2.9816200733184814 1.1091530323028564 2.2453822409668325 1.8128275871276855 1.9650413990020752
109 1.749074935913086 5.171290818599226 3.6796300411224365 3.0024287700653076 1.1285004615783691 2.264983951983103 1.815086841583252 1.9794871807098389
110 1.749074935913086 5.150902011083179 3.6776063442230225 3.0024287700653076 1.1285004615783691 2.204668479831225 1.8161793947219849 1.9794871807098389
111 1.749074935913086 5.150902011083179 3.6776063442230225 3.0024287700653076 1.1285004615783691 2.204668479831225 1.8161793947219849 1.9794871807098389
112 1.7490712404251099 5.150900557869054 3.6776061058044434 3.002427339553833 1.128494381904602 2.204673459355315 1.8161805868148804 1.9794853925704956
113 1.7487200498580933 5.15366704262471 3.672013998031616 3.003169298171997 1.1312817335128784 2.2027839173545822 1.8235888481140137 1.9809038639068604
114 1.7408926486968994 5.145739671498243 3.666046619415283 2.975194215774536 1.1180919408798218 2.1986651873375385 1.8059031963348389 1.9666532278060913
115 1.7403161525726318 5.144085321933625 3.663374662399292 2.9746251106262207 1.1169182062149048 2.196969339050411 1.8022990226745605 1.9663524627685547
116 1.7403161525726318 5.144085321933625 3.663374662399292 2.9746251106262207 1.1169182062149048 2.196969339050411 1.8022990226745605 1.9663524627685547
117 1.7429925203323364 5.135685031033863 3.6664340496063232 2.9747889041900635 1.1137850284576416 2.1864075438698394 1.807115077972412 1.9589731693267822
118 1.7736254930496216 5.163604520698983 3.680748224258423 3.0226593017578125 1.1414086818695068 2.161916875698577 1.830501914024353 2.005795955657959
119 1.7749581336975098 5.183913221609541 3.687293767929077 3.022569417953491 1.143467664718628 2.22297258524083 1.8461905717849731 2.0079174041748047
120 1.7726118564605713 5.159426389800297 3.698951005935669 3.026843547821045 1.1354217529296875 2.1347657080868365 1.8334470987319946 2.0129168033599854
121 1.7726118564605713 5.159426389800297 3.698951005935669 3.026843547821045 1.1354217529296875 2.1347657080868365 1.8334470987319946 2.0129168033599854
122 1.7728910446166992 5.15916550442775 3.6998331546783447 3.0268709659576416 1.1362944841384888 2.133853359707149 1.8343497514724731 2.0132131576538086
123 1.7529126405715942 5.1749959004633785 3.6880481243133545 3.034276247024536 1.0885515213012695 2.1430085692669887 1.8116204738616943 1.9875277280807495
124 1.74220609664917 5.167746524931446 3.685255527496338 3.0192878246307373 1.0832459926605225 2.1758582276102456 1.8073582649230957 1.9730331897735596
125 1.7166439294815063 5.1732735591284795 3.6747400760650635 2.9594979286193848 1.0541765689849854 2.1515562390814913 1.7665431499481201 1.8745425939559937
126 1.7166439294815063 5.1732735591284795 3.6747400760650635 2.9594979286193848 1.0541765689849854 2.1515562390814913 1.7665431499481201 1.8745425939559937
127 1.8367948532104492 5.181897252780965 3.755244493484497 3.123595952987671 1.1867700815200806 2.2053315079591598 1.9046502113342285 2.0741801261901855
128 1.8367520570755005 5.155516007677593 3.7558577060699463 3.1278035640716553 1.187127709388733 2.190596157882083 1.9042447805404663 2.0783441066741943
129 1.8367520570755005 5.155516007677593 3.7563164234161377 3.1278035640716553 1.1871283054351807 2.1905950122380657 1.9044873714447021 2.0783443450927734
130 1.8367520570755005 5.155516007677593 3.7577548027038574 3.1278035640716553 1.1871283054351807 2.1905950122380657 1.8975216150283813 2.0783443450927734
131 1.8367520570755005 5.155516007677593 3.7577548027038574 3.1278035640716553 1.1871283054351807 2.1905950122380657 1.8975216150283813 2.0783443450927734
132 1.835590124130249 5.155257544140748 3.7576193809509277 3.129406213760376 1.1859828233718872 2.1914844666334465 1.894624948501587 2.0789804458618164
133 1.8199031352996826 5.160791944962728 3.754277229309082 3.133164644241333 1.158345103263855 2.192482163774559 1.8896777629852295 2.0788471698760986
134 1.8202354907989502 5.161162315269597 3.754324197769165 3.133328676223755 1.158638596534729 2.1930127714566283 1.8902482986450195 2.0789456367492676
135 1.8281888961791992 5.170864882458076 3.7645843029022217 3.1301522254943848 1.169430136680603 2.1784513813675064 1.905625581741333 2.1010468006134033
136 1.8281888961791992 5.170864882458076 3.7645843029022217 3.1301522254943848 1.169430136680603 2.1784513813675064 1.905625581741333 2.1010468006134033
137 1.8282212018966675 5.17017080003956 3.7630178928375244 3.130382537841797 1.1694304943084717 2.179056514398824 1.900823950767517 2.1010634899139404
138 1.8232020139694214 5.182019575568527 3.760739803314209 3.127227783203125 1.1606922149658203 2.18494900489415 1.8843238353729248 2.0954220294952393
139 1.8263192176818848 5.180318418982646 3.757296085357666 3.1301960945129395 1.1629483699798584 2.1947242551190516 1.8816145658493042 2.093076229095459
140 1.8248887062072754 5.2513684645642185 3.7589731216430664 3.1436586380004883 1.1513373851776123 2.1680136033536783 1.8691805601119995 2.1018290519714355
141 1.8248887062072754 5.2513684645642185 3.7589731216430664 3.1436586380004883 1.1513373851776123 2.1680136033536783 1.8691805601119995 2.1018290519714355
142 1.8252285718917847 5.206084678694942 3.748244524002075 3.1431214809417725 1.1518604755401611 2.413942180309224 1.9398666620254517 2.1032919883728027
143 1.7966846227645874 5.176706183122597 3.735563039779663 3.0859012603759766 1.1195327043533325 2.1482151998033703 1.8965225219726563 2.0281546115875244
144 1.8003818988800049 5.1790597650158325 3.7400217056274414 3.0952789783477783 1.1198300123214722 2.1620600056515413 1.9010379314422607 2.0401082038879395
145 1.818406343460083 5.18833307362066 3.73634934425354 3.1191999912261963 1.143151879310608 2.1229101745762966 1.8985919952392578 2.0644607543945313
146 1.818406343460083 5.18833307362066 3.73634934425354 3.1191999912261963 1.143151879310608 2.1229101745762966 1.8985919952392578 2.0644607543945313
147 1.8072565793991089 5.172850124993058 3.7276113033294678 3.0875821113586426 1.131020426750183 2.1328818690828206 1.8950719833374023 2.0286002159118652
148 1.7783745527267456 5.1539964477515765 3.7113945484161377 3.047166585922241 1.105888843536377 2.056097853435219 1.8651713132858276 1.9868407249450684
149 1.7783474922180176 5.146946371936992 3.7110507488250732 3.050914764404297 1.106019139289856 2.0178614977684948 1.8644556999206543 1.990116000175476
150 1.7779927253723145 5.17210704665494 3.7095842361450195 3.0501327514648438 1.1053739786148071 2.119878198355678 1.873592734336853 1.988341212272644
151 1.7779927253723145 5.17210704665494 3.7095842361450195 3.0501327514648438 1.1053739786148071 2.119878198355678 1.873592734336853 1.988341212272644
152 1.779550552368164 5.135456565595647 3.701961040496826 3.0508289337158203 1.1075254678726196 2.1350900325432383 1.844860315322876 1.9896694421768188
153 1.780908226966858 5.135335352907878 3.7040956020355225 3.053874969482422 1.111292839050293 2.126393091732158 1.8485695123672485 1.9983166456222534
154 1.7934823036193848 5.144793201664742 3.71763014793396 3.0751450061798096 1.1234122514724731 2.121357526267513 1.8591322898864746 2.0239744186401367
155 1.780509114265442 5.148838208309301 3.70837664604187 3.0452158451080322 1.1083320379257202 2.1150984454304766 1.8472893238067627 1.992009162902832
156 1.780509114265442 5.148838208309301 3.70837664604187 3.0452158451080322 1.1083320379257202 2.1150984454304766 1.8472893238067627 1.992009162902832
157 1.769325852394104 5.171533610033364 3.7010860443115234 3.02485990524292 1.0982248783111572 2.0955438588857374 1.827836513519287 1.9742097854614258
158 1.7538973093032837 5.153865710709625 3.690044403076172 3.009056329727173 1.0803403854370117 2.1297031913743476 1.8173856735229492 1.9527405500411987
159 1.7448837757110596 5.153682393621954 3.678565263748169 2.9990732669830322 1.072878360748291 2.1279171019348766 1.809033989906311 1.9358633756637573
160 1.747069001197815 5.147148443450927 3.67856764793396 2.99784255027771 1.077344536781311 2.1207712140718016 1.8221683502197266 1.9373010396957397
161 1.747069001197815 5.147148443450927 3.67856764793396 2.99784255027771 1.077344536781311 2.1207712140718016 1.8221683502197266 1.9373010396957397
162 1.7466857433319092 5.14706407234258 3.678874969482422 2.998028039932251 1.0770949125289917 2.1203433812978107 1.822493553161621 1.937494158744812
163 1.7502951622009277 5.1744360635499485 3.6831142902374268 3.003176212310791 1.0801621675491333 2.1177645192294854 1.82575523853302 1.9433790445327759
164 1.75652277469635 5.178657954331917 3.687492609024048 3.012200117111206 1.0878428220748901 2.1161687714250363 1.8346863985061646 1.9514597654342651
165 1.7547941207885742 5.178466504494227 3.687047004699707 3.0087311267852783 1.08673095703125 2.1178368001951346 1.8341997861862183 1.9474893808364868
166 1.7547941207885742 5.178466504494227 3.687047004699707 3.0087311267852783 1.08673095703125 2.1178368001951346 1.8341997861862183 1.9474893808364868
167 1.751236081123352 5.156064854901222 3.6855783462524414 3.009193181991577 1.080179214477539 2.032356486613842 1.8185685873031616 1.9466350078582764
168 1.7418034076690674 5.158262327914036 3.6809778213500977 2.9970362186431885 1.071675181388855 2.0279360297261153 1.8119189739227295 1.9309803247451782
169 1.7421680688858032 5.15837303690894 3.678795099258423 2.9969944953918457 1.0718908309936523 2.028455202572015 1.810951590538025 1.9309138059616089
170 1.7436398267745972 5.153841274712739 3.681209087371826 2.996715545654297 1.0727964639663696 2.027628490064751 1.8073228597640991 1.9309042692184448
171 1.7436398267745972 5.153841274712739 3.681209087371826 2.996715545654297 1.0727964639663696 2.027628490064751 1.8073228597640991 1.9309042692184448
172 1.7340601682662964 5.140115560821988 3.6817188262939453 2.9917004108428955 1.0580828189849854 2.0403926419217093 1.808390736579895 1.929650068283081
173 1.7435572147369385 5.156510960501047 3.6881322860717773 3.004441022872925 1.07003653049469 2.0286599279911557 1.8185863494873047 1.9486007690429688
174 1.742840051651001 5.135296767759478 3.6904242038726807 3.0226614475250244 1.0702017545700073 2.047616910512909 1.8392645120620728 1.9756526947021484
175 1.737177848815918 5.1347900542831315 3.690519332885742 3.082165479660034 1.065223217010498 2.0442095554236577 1.8311192989349365 1.993658423423767
176 1.737177848815918 5.1347900542831315 3.690519332885742 3.082165479660034 1.065223217010498 2.0442095554236577 1.8311192989349365 1.993658423423767
177 1.7352758646011353 5.141352983295206 3.68811297416687 3.080660343170166 1.062867522239685 2.10378328791181 1.8337141275405884 1.9904837608337402
178 1.738468050956726 5.145312175378699 3.6789674758911133 3.0814013481140137 1.0657485723495483 2.1034926639811613 1.7964688539505005 1.9908760786056519
179 1.7602535486221313 5.131125545173463 3.692657709121704 3.1118698120117188 1.0943654775619507 2.1223055242392608 1.8252201080322266 2.0458805561065674
180 1.761204719543457 5.127303251933419 3.6924424171447754 3.1272690296173096 1.0958776473999023 2.1283783472006017 1.813778281211853 2.0591378211975098
181 1.761204719543457 5.127303251933419 3.6924424171447754 3.1272690296173096 1.0958776473999023 2.1283783472006017 1.813778281211853 2.0591378211975098
182 1.761137843132019 5.147796688346129 3.696866035461426 3.127255916595459 1.0958622694015503 2.1326598574529507 1.8132776021957397 2.0591564178466797
183 1.7490533590316772 5.167976261871055 3.690807819366455 3.108649492263794 1.083865761756897 2.1288605127300073 1.8010063171386719 2.0388476848602295
184 1.7515798807144165 5.174129865742096 3.6909239292144775 3.1160271167755127 1.0841363668441772 2.111511285849277 1.8000351190567017 2.043999195098877
185 1.7493096590042114 5.1433547821469885 3.684009313583374 3.107766628265381 1.0811039209365845 2.1630202889108694 1.7890511751174927 2.0287468433380127
186 1.7493096590042114 5.1433547821469885 3.684009313583374 3.107766628265381 1.0811039209365845 2.1630202889108694 1.7890511751174927 2.0287468433380127
187 1.7542380094528198 5.1524302425818105 3.684448719024658 3.101717472076416 1.0914247035980225 2.1819979322134677 1.7940468788146973 2.0225045680999756
188 1.7191338539123535 5.151387545681955 3.6557722091674805 3.0629825592041016 1.0439066886901855 2.138813046620678 1.740042805671692 1.956727147102356
189 1.7131943702697754 5.191600836405532 3.664048671722412 3.051384449005127 1.034649133682251 2.0848927173658596 1.743743896484375 1.9376517534255981
190 1.7249171733856201 5.1874865643473544 3.6676204204559326 3.069082021713257 1.0481712818145752 2.0827733221177955 1.7628926038742065 2.0326879024505615
191 1.7249171733856201 5.1874865643473544 3.6676204204559326 3.069082021713257 1.0481712818145752 2.0827733221177955 1.7628926038742065 2.0326879024505615
192 1.7308251857757568 5.185096365185573 3.6802425384521484 3.0837981700897217 1.0584158897399902 2.0873885620180026 1.7879558801651 2.0596535205841064
193 1.7135679721832275 5.1697433675678015 3.666822910308838 3.073028802871704 1.0304700136184692 2.0813871776549377 1.7603574991226196 2.0362181663513184
194 1.715669870376587 5.167038265190361 3.6902246475219727 3.070957660675049 1.0419081449508667 2.077798003924887 1.8030692338943481 2.049250364303589
195 1.7278038263320923 5.090091490247605 3.6900863647460938 3.0844614505767822 1.0526422262191772 2.077496180520228 1.7994064092636108 2.054258108139038
196 1.7278038263320923 5.090091490247605 3.6900863647460938 3.0844614505767822 1.0526422262191772 2.077496180520228 1.7994064092636108 2.054258108139038
197 1.727513313293457 5.079307225412552 3.683842182159424 3.07861065864563 1.0525516271591187 2.0210562619893846 1.7943004369735718 2.046001434326172
198 1.727379322052002 5.079189720850936 3.6839444637298584 3.099682331085205 1.0524401664733887 2.0212795477124654 1.8020827770233154 2.0725719928741455
199 1.727661371231079 5.084933842148548 3.6843771934509277 3.102062940597534 1.0526002645492554 2.0248975185312066 1.8039048910140991 2.0739378929138184
200 1.7399803400039673 5.075790939979559 3.6956405639648438 3.1215124130249023 1.065875768661499 2.0340668630664696 1.8159575462341309 2.098702907562256
201 1.7399803400039673 5.075790939979559 3.6956405639648438 3.1215124130249023 1.065875768661499 2.0340668630664696 1.8159575462341309 2.098702907562256
202 1.7405740022659302 5.07587069308805 3.6968350410461426 3.048936605453491 1.0656702518463135 2.0342702089805824 1.8025604486465454 1.9671440124511719
203 1.7386877536773682 5.076110383468123 3.690788745880127 3.0486342906951904 1.0626795291900635 2.0356241108056654 1.7896037101745605 1.9668474197387695
204 1.7398227453231812 5.076202282113993 3.6926867961883545 3.108792304992676 1.0637141466140747 2.0321547552505903 1.8072834014892578 2.0888450145721436
205 1.7386698722839355 5.076694083158388 3.6926512718200684 3.1111538410186768 1.0618010759353638 2.0324634606993106 1.806830644607544 2.090092182159424
206 1.7386698722839355 5.076694083158388 3.6926512718200684 3.1111538410186768 1.0618010759353638 2.0324634606993106 1.806830644607544 2.090092182159424
207 1.7392446994781494 5.042030317408731 3.692427635192871 3.11183762550354 1.0630297660827637 1.8823417657869896 1.7871452569961548 2.0916759967803955
208 1.73587167263031 5.0299358463961275 3.689387559890747 3.105776309967041 1.0619549751281738 1.8700274637334489 1.7807101011276245 2.089545965194702
209 1.7665321826934814 5.024632165664237 3.703406572341919 3.1485519409179688 1.0872182846069336 1.8859667486970135 1.8002740144729614 2.117238998413086
210 1.7573658227920532 5.086084751163435 3.6958556175231934 3.1402623653411865 1.0756243467330933 2.0580919146123557 1.8117927312850952 2.107814073562622
211 1.7573658227920532 5.086084751163435 3.6958556175231934 3.1402623653411865 1.0756243467330933 2.0580919146123557 1.8117927312850952 2.107814073562622
212 1.7605137825012207 5.085744865183354 3.695021867752075 3.141768455505371 1.0783265829086304 2.0557072252843476 1.8101752996444702 2.1086575984954834
213 1.7644386291503906 5.086000142477535 3.6977603435516357 3.1463708877563477 1.082213282585144 2.0855583218258777 1.8218939304351807 2.1218817234039307
214 1.76510751247406 5.086833282425672 3.6971113681793213 3.1462833881378174 1.0823174715042114 2.0814486229518576 1.8207793235778809 2.122664451599121
215 1.7596406936645508 5.086685253520036 3.6785569190979004 3.1336488723754883 1.0746631622314453 2.087945811184961 1.7927944660186768 2.1085970401763916
216 1.7596406936645508 5.086685253520036 3.6785569190979004 3.1336488723754883 1.0746631622314453 2.087945811184961 1.7927944660186768 2.1085970401763916
217 1.7632815837860107 5.107729413293625 3.683518886566162 3.1299619674682617 1.080865502357483 2.086130945866305 1.7995134592056274 2.1084723472595215
218 1.7648468017578125 5.109695163578105 3.684995651245117 3.136887788772583 1.0819933414459229 2.08033965978981 1.7942981719970703 2.116029739379883
219 1.732471227645874 5.098472616425705 3.665874719619751 3.0924320220947266 1.0364866256713867 2.0767536873257586 1.7655750513076782 2.043290853500366
220 1.7255789041519165 5.127362048626307 3.686471939086914 3.0819942951202393 1.0305633544921875 2.056768008036611 1.8061530590057373 2.030627965927124
221 1.7255789041519165 5.127362048626307 3.686471939086914 3.0819942951202393 1.0305633544921875 2.056768008036611 1.8061530590057373 2.030627965927124
222 1.7268121242523193 5.088569562257387 3.6883742809295654 3.080528974533081 1.0335034132003784 1.9021902894923446 1.7914974689483643 2.0320398807525635
223 1.706407070159912 5.097886851141147 3.681558847427368 3.0518798828125 1.0156121253967285 1.9304889630404956 1.7850637435913086 2.0052027702331543
224 1.6970996856689453 5.11215880471908 3.6678590774536133 3.0559208393096924 1.0013242959976196 1.9232863799361326 1.7684364318847656 2.013267993927002
225 1.681753158569336 5.113621588737337 3.6652069091796875 3.0335590839385986 0.9872728586196899 1.9028752851578072 1.7593259811401367 1.9925159215927124
226 1.681753158569336 5.113621588737337 3.6652069091796875 3.0335590839385986 0.9872728586196899 1.9028752851578072 1.7593259811401367 1.9925159215927124
227 1.7044851779937744 5.113162656093748 3.683288097381592 3.0625269412994385 1.019400954246521 1.9948754563445712 1.7969794273376465 2.0379550457000732
228 1.701046347618103 5.0991986353406675 3.6547961235046387 3.059230327606201 1.013386845588684 2.0069033640139495 1.7575100660324097 2.0302443504333496
229 1.702118158340454 5.089556072498283 3.676865577697754 3.0605976581573486 1.012120246887207 2.0043057781084146 1.786520004272461 2.0262904167175293
230 1.7027732133865356 5.092072703255702 3.676814317703247 3.0613574981689453 1.0125223398208618 2.005961895589743 1.78690505027771 2.0270767211914063
231 1.7027732133865356 5.092072703255702 3.676814317703247 3.0613574981689453 1.0125223398208618 2.005961895589743 1.78690505027771 2.0270767211914063
232 1.710266351699829 5.0980565515009 3.6918959617614746 3.0976831912994385 1.0223203897476196 1.995067148013329 1.8160289525985718 2.0624892711639404
233 1.712633490562439 5.111856313307933 3.6838457584381104 3.10243558883667 1.0246798992156982 1.994778794733467 1.8001421689987183 2.068390130996704
234 1.709977626800537 5.137032835556851 3.6611032485961914 3.1011722087860107 1.0238368511199951 2.0016632253646027 1.763397455215454 2.068495273590088
235 1.704134464263916 5.087632308095452 3.6612954139709473 3.098555326461792 1.0168964862823486 2.040616374832365 1.7638970613479614 2.062908887863159
236 1.704134464263916 5.087632308095452 3.6612954139709473 3.098555326461792 1.0168964862823486 2.040616374832365 1.7638970613479614 2.062908887863159
237 1.7032225131988525 5.086378781070336 3.660651445388794 3.099177122116089 1.0160945653915405 2.042350786235382 1.7657029628753662 2.0635666847229004
238 1.7088465690612793 5.087555674768401 3.6608846187591553 3.106627941131592 1.02243173122406 2.0375213941996346 1.7703930139541626 2.0690834522247314
239 1.6889612674713135 5.077859379366929 3.641397476196289 3.0682413578033447 0.9980269074440002 2.016575003453108 1.7288360595703125 2.018167734146118
240 1.6829510927200317 5.079015788900892 3.707449436187744 3.0595579147338867 0.9906775951385498 2.01173732425404 1.8434996604919434 2.014206647872925
241 1.6778641939163208 5.1224794149372235 3.6725549697875977 3.0628559589385986 0.9833889007568359 2.188617868960583 1.8451255559921265 2.0050501823425293
242 1.6778433322906494 5.122541228724528 3.6726741790771484 3.0629639625549316 0.9834309816360474 2.1885427617153423 1.8453375101089478 2.0052647590637207
243 1.6776021718978882 5.122635383249633 3.672577142715454 3.0629446506500244 0.9830061197280884 2.1884903021836193 1.843178153038025 2.005265474319458
244 1.6751385927200317 5.106953574741864 3.673333168029785 3.0663251876831055 0.9767442941665649 2.122937471591544 1.8417612314224243 2.0058724880218506
245 1.6754841804504395 5.106980593116605 3.6790826320648193 3.0671424865722656 0.9774957299232483 2.123369821323518 1.8465608358383179 2.0080816745758057
246 1.6754841804504395 5.106980593116605 3.6790826320648193 3.0671424865722656 0.9774957299232483 2.123369821323518 1.8465608358383179 2.0080816745758057
247 1.6782220602035522 5.106642773718235 3.68302321434021 3.0713839530944824 0.9818148016929626 2.126379534887613 1.8608659505844116 2.012787342071533
248 1.6760365962982178 5.117911435940228 3.6861395835876465 3.0664329528808594 0.9773340225219727 2.118896046719952 1.8576096296310425 2.0102577209472656
249 1.6734936237335205 5.120014444021533 3.6848316192626953 3.063622236251831 0.9729492664337158 2.1346245745086287 1.8551077842712402 2.0089738368988037
250 1.6734936237335205 5.120014444021533 3.6820175647735596 3.061751127243042 0.9729492664337158 2.1346245745086287 1.833045244216919 2.007981777191162
251 1.6734936237335205 5.120014444021533 3.6820175647735596 3.061751127243042 0.9729492664337158 2.1346245745086287 1.833045244216919 2.007981777191162
252 1.6677922010421753 5.133868178173479 3.676027297973633 3.064429998397827 0.9649450778961182 1.969694268843985 1.7987881898880005 2.010495185852051
253 1.6675530672073364 5.14605525104838 3.6736133098602295 3.0645463466644287 0.9646924734115601 1.9701587529183944 1.7969533205032349 2.0107319355010986
254 1.690665602684021 5.090632594266229 3.6762545108795166 3.0933878421783447 0.9906750917434692 1.9599317137285486 1.8026338815689087 2.0315427780151367
255 1.690142035484314 5.098869578280193 3.6763224601745605 3.0933971405029297 0.9902428388595581 2.1188742605032407 1.8208155632019043 2.0315682888031006
256 1.690142035484314 5.098869578280193 3.6763224601745605 3.0933971405029297 0.9902428388595581 2.1188742605032407 1.8208155632019043 2.0315682888031006
257 1.6870851516723633 5.1013550073196745 3.6746726036071777 3.0889620780944824 0.9865124225616455 2.1390525308090513 1.8200342655181885 2.0254504680633545
258 1.6870851516723633 5.087485747453409 3.674628734588623 3.0889620780944824 0.9865124225616455 1.8878258452930288 1.792088270187378 2.0254504680633545
259 1.6875203847885132 5.089416971183647 3.673733949661255 3.0876011848449707 0.9871096014976501 1.888165525773092 1.7907193899154663 2.024350881576538
260 1.6879150867462158 5.124209688696818 3.67566180229187 3.0870895385742188 0.9870715737342834 2.129652803351943 1.8126837015151978 2.0242671966552734
261 1.6879150867462158 5.124209688696818 3.67566180229187 3.0870895385742188 0.9870715737342834 2.129652803351943 1.8126837015151978 2.0242671966552734
262 1.6897555589675903 5.128723829401076 3.679839849472046 3.0479116439819336 0.9895039796829224 2.1278949304695587 1.8065072298049927 1.9176231622695923
263 1.6845442056655884 5.119625487285868 3.6783688068389893 3.041126251220703 0.9839361310005188 2.117668238209708 1.8167165517807007 1.9107394218444824
264 1.68340003490448 5.09073306337864 3.6783764362335205 3.0405917167663574 0.9824848175048828 2.1110511995032644 1.8163403272628784 1.910599946975708
265 1.6839159727096558 5.090972295271571 3.676957845687866 3.0430755615234375 0.9829140305519104 2.11212589042537 1.81588613986969 1.9119946956634521
266 1.6839159727096558 5.090972295271571 3.676957845687866 3.0430755615234375 0.9829140305519104 2.11212589042537 1.81588613986969 1.9119946956634521
267 1.684041142463684 5.092044388802241 3.6772451400756836 3.0429606437683105 0.9825212359428406 2.1131763960603474 1.8198378086090088 1.9115357398986816
268 1.684890866279602 5.092509443919824 3.6774258613586426 3.043755531311035 0.9839257597923279 2.111272258434612 1.8197544813156128 1.9116218090057373
269 1.6852529048919678 5.115570205092326 3.6773979663848877 3.043680191040039 0.9846038818359375 2.1613128550758343 1.8267029523849487 1.9116718769073486
270 1.6851710081100464 5.115747392155231 3.676825523376465 3.0427839756011963 0.9842150807380676 2.1609084463875137 1.8249105215072632 1.9110888242721558
271 1.6851710081100464 5.115747392155231 3.676825523376465 3.0427839756011963 0.9842150807380676 2.1609084463875137 1.8249105215072632 1.9110888242721558
272 1.6840198040008545 5.116458038987707 3.6751174926757813 3.0342278480529785 0.9821941256523132 2.1595643618312663 1.820573329925537 1.9021801948547363
273 1.6658686399459839 5.086886233210401 3.6654531955718994 2.9826719760894775 0.9600692987442017 2.167364614985152 1.7986878156661987 1.8324373960494995
274 1.670736312866211 5.085285391709636 3.6684346199035645 2.9905688762664795 0.9614143967628479 2.158515009730264 1.802322268486023 1.8410762548446655
275 1.6844648122787476 5.075916875829151 3.6777584552764893 3.0098485946655273 0.9815585613250732 2.158195098967782 1.8220421075820923 1.875983715057373
276 1.718206524848938 5.2438538040873315 3.7049977779388428 2.986990451812744 1.0126475095748901 2.212619491674023 1.8563313484191895 1.8515969514846802
277 1.711858868598938 5.2873288835379 3.6768643856048584 2.9859392642974854 1.0021820068359375 2.3273068301057402 1.8223304748535156 1.8496203422546387
278 1.7137538194656372 5.200781399068128 3.676520824432373 2.9867935180664063 1.0038444995880127 2.1703791306353777 1.8024377822875977 1.850874423980713
279 1.7122379541397095 5.200545715729068 3.673903226852417 2.98089861869812 1.005174160003662 2.1741468333465206 1.798362374305725 1.8458930253982544
280 1.6875156164169312 5.1373251466049705 3.6473731994628906 2.961559534072876 0.9932218790054321 2.1660279567095406 1.7600703239440918 1.9009678363800049
281 1.6875156164169312 5.1373251466049705 3.6473731994628906 2.961559534072876 0.9932218790054321 2.1660279567095406 1.7600703239440918 1.9009678363800049
282 1.6879128217697144 5.135281147669838 3.6529815196990967 2.962085723876953 0.9923214316368103 2.168396917095426 1.7777774333953857 1.8975392580032349
283 1.7185577154159546 5.126379222333399 3.6788249015808105 2.987722635269165 1.0186612606048584 2.1602001850138364 1.809669852256775 1.9004908800125122
284 1.7222270965576172 5.125096046512259 3.6772735118865967 2.989450454711914 1.0254861116409302 2.16607618656753 1.8131238222122192 1.9055540561676025
285 1.7264373302459717 5.151348248309225 3.677381753921509 2.9952030181884766 1.0308066606521606 2.2553066386738467 1.828573226928711 1.9150712490081787
286 1.7264373302459717 5.151348248309225 3.677381753921509 2.9952030181884766 1.0308066606521606 2.2553066386738467 1.828573226928711 1.9150712490081787
287 1.7311699390411377 5.157719201856222 3.68506121635437 3.002316474914551 1.0365066528320313 2.2464225308978913 1.8551520109176636 1.9241513013839722
288 1.7230345010757446 5.176340918850951 3.6898162364959717 2.9975194931030273 1.0283499956130981 2.311828725865654 1.863872766494751 1.927961826324463
289 1.723164677619934 5.113858090665713 3.6883766651153564 2.998459815979004 1.027121901512146 2.1547796593988156 1.8403518199920654 1.9267023801803589
290 1.7233246564865112 5.114006107328929 3.688028335571289 2.9981043338775635 1.0280569791793823 2.153004333162039 1.8398323059082031 1.9267487525939941
291 1.7233246564865112 5.114006107328929 3.688028335571289 2.9981043338775635 1.0280569791793823 2.153004333162039 1.8398323059082031 1.9267487525939941
292 1.7233638763427734 5.142311306608087 3.687976837158203 2.99809193611145 1.0278804302215576 2.1596967147628052 1.8407562971115112 1.9272781610488892
293 1.7248013019561768 5.148105771975609 3.691236734390259 2.994328022003174 1.0311602354049683 2.170878103446393 1.8471275568008423 1.9229953289031982
294 1.7251538038253784 5.145602720001764 3.6917529106140137 2.999922037124634 1.0277584791183472 2.1627855800845377 1.8410853147506714 1.925352692604065
295 1.7252172231674194 5.145189413123392 3.6909408569335938 2.9996836185455322 1.0277166366577148 2.163232085098389 1.8403841257095337 1.9246121644973755
296 1.7252172231674194 5.145189413123392 3.6909408569335938 2.9996836185455322 1.0277166366577148 2.163232085098389 1.8403841257095337 1.9246121644973755
297 1.7252172231674194 5.145189413123392 3.690593957901001 2.999160051345825 1.0277166366577148 2.163232085098389 1.8401631116867065 1.9237889051437378
298 1.725084662437439 5.147613246356889 3.6905548572540283 2.9991722106933594 1.0276235342025757 2.164454878050555 1.8403156995773315 1.9238181114196777
299 1.7238935232162476 5.10353526562236 3.677023410797119 2.997058153152466 1.02638578414917 2.0757711928157176 1.7847486734390259 1.9212021827697754
300 1.7221673727035522 5.10605718480231 3.676927089691162 2.9936015605926514 1.0257632732391357 2.0753385765280465 1.785118818283081 1.9183133840560913
301 1.7221673727035522 5.10605718480231 3.676927089691162 2.9936015605926514 1.0257632732391357 2.0753385765280465 1.785118818283081 1.9183133840560913
302 1.7204976081848145 5.107890949285414 3.6763179302215576 2.992339849472046 1.021573781967163 2.0757678883611153 1.7835437059402466 1.9197031259536743
303 1.721640706062317 5.107329382020644 3.675687551498413 2.992607831954956 1.0211111307144165 2.074940146275937 1.7814311981201172 1.9193828105926514
304 1.7220035791397095 5.122951233320079 3.673387289047241 2.979804754257202 1.0186612606048584 2.102068257767168 1.7861206531524658 1.9057140350341797
305 1.7220035791397095 5.122951233320079 3.673387289047241 2.979804754257202 1.0186612606048584 2.102068257767168 1.7861206531524658 1.9057140350341797
306 1.7220035791397095 5.122951233320079 3.673387289047241 2.979804754257202 1.0186612606048584 2.102068257767168 1.7861206531524658 1.9057140350341797
307 1.7426749467849731 5.1108384798935305 3.681192398071289 3.01548433303833 1.0481833219528198 2.11402130564853 1.8020036220550537 1.9702377319335938
308 1.7420885562896729 5.081804225801987 3.6744253635406494 3.013551712036133 1.0481410026550293 2.0651190695430617 1.7822787761688232 1.9701985120773315
309 1.738856315612793 5.083170180372238 3.671288251876831 2.9991841316223145 1.0424540042877197 2.068393657843157 1.776124358177185 1.9452048540115356
310 1.7392503023147583 5.088741426923511 3.6736624240875244 2.9976024627685547 1.045741081237793 2.0648571910636337 1.7834100723266602 1.948294758796692
311 1.7392503023147583 5.088741426923511 3.6736624240875244 2.9976024627685547 1.045741081237793 2.0648571910636337 1.7834100723266602 1.948294758796692
312 1.7375202178955078 5.162381737889942 3.6716513633728027 2.9914684295654297 1.0441100597381592 2.248394001881027 1.8041319847106934 1.9393211603164673
313 1.720076322555542 5.14174330839758 3.6635637283325195 2.9691457748413086 1.026623249053955 2.252922458924878 1.7969388961791992 1.922252893447876
314 1.7146987915039063 5.113035536659014 3.6605911254882813 2.9620137214660645 1.0175749063491821 2.247233581898931 1.7902249097824097 1.9116679430007935
315 1.713911533355713 5.116451662387316 3.6596240997314453 2.9597437381744385 1.0172172784805298 2.2601974953087955 1.7842015027999878 1.9093379974365234
316 1.713911533355713 5.116451662387316 3.6594865322113037 2.9597437381744385 1.0172172784805298 2.2601974953087955 1.783549189567566 1.9093379974365234
317 1.7136614322662354 5.124742323405681 3.6593496799468994 2.9634790420532227 1.0162404775619507 2.2401814182108986 1.7809923887252808 1.9158823490142822
318 1.713758945465088 5.125023577108362 3.6570334434509277 2.963287115097046 1.0165420770645142 2.239890681346405 1.7837587594985962 1.9159774780273438
319 1.7213523387908936 5.107287938191123 3.665532112121582 2.9729902744293213 1.020795226097107 2.235692268177209 1.7943570613861084 1.9167025089263916
320 1.7213523387908936 5.107287938191123 3.6660189628601074 2.9729902744293213 1.020795226097107 2.235692268177209 1.8018800020217896 1.9167025089263916
321 1.7213523387908936 5.107287938191123 3.6660189628601074 2.9729902744293213 1.020795226097107 2.235692268177209 1.8018800020217896 1.9167025089263916
322 1.719783067703247 5.110549813774367 3.665815830230713 2.973048686981201 1.0179892778396606 2.1906457138363424 1.7951233386993408 1.9164018630981445
323 1.7185982465744019 5.112636683840755 3.6639482975006104 2.971972703933716 1.0179295539855957 2.191336651895605 1.796195149421692 1.9126057624816895
324 1.7156797647476196 5.1014273678956 3.6587493419647217 2.973755121231079 1.012386441230774 2.0644020950782216 1.7661681175231934 1.9132765531539917
325 1.7156797647476196 5.1014273678956 3.6587493419647217 2.973755121231079 1.012386441230774 2.0644020950782216 1.7661681175231934 1.9132765531539917
326 1.7156797647476196 5.1014273678956 3.6587493419647217 2.973755121231079 1.012386441230774 2.0644020950782216 1.7661681175231934 1.9132765531539917
327 1.7155686616897583 5.087631278917176 3.661285161972046 2.9744369983673096 1.012202501296997 2.041102194350572 1.762479543685913 1.9141067266464233
328 1.7168179750442505 5.086610362027601 3.659681558609009 2.978039503097534 1.014056921005249 2.039780580237879 1.7592767477035522 1.9218403100967407
329 1.7176644802093506 5.089711609627365 3.6597816944122314 2.9717648029327393 1.0154695510864258 2.038091527483276 1.7565784454345703 1.9164454936981201
330 1.7195982933044434 4.985680077631276 3.661590099334717 2.9758291244506836 1.0183697938919067 2.1878422751576503 1.7802780866622925 1.9239047765731812
331 1.7085998058319092 4.994376572578227 3.6568443775177 2.964930534362793 0.9998552203178406 2.188914983188085 1.7708053588867188 1.901707410812378
332 1.7105128765106201 5.079093871791202 3.6653103828430176 2.968628168106079 0.9947283864021301 2.277973354139152 1.794376015663147 1.892289638519287
333 1.7091758251190186 5.061189924706405 3.664858102798462 2.9691455364227295 0.9923620223999023 2.1902028540048484 1.7817118167877197 1.8921077251434326
334 1.715775966644287 5.020090520428525 3.6609654426574707 2.9754371643066406 1.0009148120880127 2.0634545255704113 1.7686580419540405 1.895979404449463
335 1.7169386148452759 5.0187743078403075 3.6613874435424805 2.9756593704223633 1.002901554107666 2.066179435988351 1.7698827981948853 1.8976634740829468
336 1.7169386148452759 5.0187743078403075 3.6613874435424805 2.9756593704223633 1.002901554107666 2.066179435988351 1.7698827981948853 1.8976634740829468
337 1.716240644454956 4.961737107203136 3.661759853363037 2.975701093673706 1.0032895803451538 2.083449144823469 1.7730728387832642 1.8981045484542847
338 1.7168306112289429 5.016438793524606 3.6665520668029785 2.976336717605591 1.0060951709747314 2.1321178987719756 1.7998578548431396 1.9036425352096558
339 1.714461326599121 5.022684925023101 3.6668541431427 2.974909782409668 1.0027927160263062 2.144793249655166 1.7996618747711182 1.9036366939544678
340 1.7201734781265259 5.030726265100852 3.667065382003784 2.9781479835510254 1.012407898902893 2.150059873142594 1.8077120780944824 1.9082376956939697
341 1.7201734781265259 5.030726265100852 3.667065382003784 2.9781479835510254 1.012407898902893 2.150059873142594 1.8077120780944824 1.9082376956939697
342 1.7201734781265259 5.030726265100852 3.667065382003784 2.9781479835510254 1.012407898902893 2.150059873142594 1.8077120780944824 1.9082376956939697
343 1.7200040817260742 5.031983900543485 3.666738986968994 2.9738283157348633 1.012150764465332 2.1506451727999747 1.805935025215149 1.8990710973739624
344 1.7217427492141724 5.040901081085184 3.6707234382629395 2.9779343605041504 1.0166884660720825 2.1779665229583145 1.8180632591247559 1.9080573320388794
345 1.7210675477981567 4.987886082807119 3.675816059112549 2.973766326904297 1.0170878171920776 2.2237611999359883 1.8292790651321411 1.9057880640029907
346 1.7080016136169434 5.292188002314627 3.6622416973114014 2.9555630683898926 1.0040067434310913 2.3718400512713678 1.8371049165725708 1.8809021711349487
347 1.7127230167388916 5.2875870052516 3.6582932472229004 2.961236000061035 1.0101348161697388 2.3755164542951124 1.8426275253295898 1.8837214708328247
348 1.7127485275268555 5.287633760379407 3.657963752746582 2.961239814758301 1.0101866722106934 2.3755798975790428 1.8427329063415527 1.8837004899978638
349 1.7128812074661255 5.131975502042057 3.657822370529175 2.961414098739624 1.0100698471069336 2.3008870400690706 1.8334838151931763 1.8836909532546997
350 1.7128862142562866 5.131978753027896 3.6578216552734375 2.9614081382751465 1.0100818872451782 2.3008998552930238 1.8334828615188599 1.8836840391159058
351 1.7128862142562866 5.131978753027896 3.6578216552734375 2.9614081382751465 1.0100818872451782 2.3008998552930238 1.8334828615188599 1.8836840391159058
352 1.6936739683151245 5.197611644852614 3.651212453842163 2.9286646842956543 0.9772326946258545 2.4199655168771375 1.8395768404006958 1.8207942247390747
353 1.692792296409607 5.199175833353537 3.6512818336486816 2.9313666820526123 0.9765121340751648 2.4212157202222486 1.840683102607727 1.8238788843154907
354 1.69264554977417 5.104647451622999 3.651529550552368 2.9327218532562256 0.9762643575668335 2.3291516573485103 1.8266950845718384 1.8239662647247314
355 1.6916322708129883 5.099566460430243 3.6448378562927246 2.931558609008789 0.974890410900116 2.3336656245308074 1.810775637626648 1.821650505065918
356 1.6916322708129883 5.099566460430243 3.6448378562927246 2.931558609008789 0.974890410900116 2.3336656245308074 1.810775637626648 1.821650505065918
357 1.6916027069091797 5.099546103610635 3.647702693939209 2.9315662384033203 0.9748541712760925 2.3336555495743014 1.8041702508926392 1.8216633796691895
358 1.6975412368774414 5.114520863888226 3.6582629680633545 2.93887996673584 0.9865562915802002 2.2885016773895526 1.8108474016189575 1.8451285362243652
359 1.697814702987671 5.114751808293131 3.658263683319092 2.9391849040985107 0.9868811368942261 2.2883824697689676 1.8109079599380493 1.8454811573028564
360 1.6953270435333252 5.083152317179053 3.651984930038452 2.9367942810058594 0.9821503162384033 2.2703005198393647 1.8005943298339844 1.8378801345825195
361 1.6953270435333252 5.083152317179053 3.651984930038452 2.9367942810058594 0.9821503162384033 2.2703005198393647 1.8005943298339844 1.8378801345825195
362 1.6937998533248901 5.079700075839871 3.6518359184265137 2.9370357990264893 0.9789121747016907 2.271032760053219 1.799813985824585 1.8375130891799927
363 1.6935899257659912 5.108355914203253 3.655078649520874 2.9348654747009277 0.9803072214126587 2.3726785711628313 1.811462640762329 1.8319082260131836
364 1.7082607746124268 5.137908000335057 3.6639955043792725 2.9576492309570313 0.9975404739379883 2.351539324715397 1.8334112167358398 1.8674834966659546
365 1.6987959146499634 5.123558336388939 3.658963918685913 2.9409759044647217 0.9878369569778442 2.347637863558923 1.8251889944076538 1.8499594926834106
366 1.6987959146499634 5.123558336388939 3.658963918685913 2.9409759044647217 0.9878369569778442 2.347637863558923 1.8251889944076538 1.8499594926834106
367 1.6987744569778442 5.1231812276460795 3.6589221954345703 2.940950632095337 0.9877982139587402 2.3474443801493954 1.8250653743743896 1.849949598312378
368 1.7066078186035156 5.1845154504627615 3.6652488708496094 2.9611427783966064 0.9972078800201416 2.334112571297234 1.8317220211029053 1.8757572174072266
369 1.7067289352416992 5.316267770089678 3.6660728454589844 2.9620814323425293 0.9977291226387024 2.3721089734313954 1.8378514051437378 1.8773281574249268
370 1.689009666442871 5.315516435680261 3.654365062713623 2.9251456260681152 0.9813597798347473 2.4706255242119584 1.8208656311035156 1.8213109970092773
371 1.6873958110809326 5.312185948570383 3.653567314147949 2.923550605773926 0.9790502190589905 2.4705147037650033 1.8195704221725464 1.8193219900131226
372 1.7191579341888428 5.13770238113834 3.6671407222747803 2.976020097732544 1.0145857334136963 2.2176479641810056 1.8127315044403076 1.8909152746200562
373 1.7065759897232056 5.1580836471236475 3.6582324504852295 2.9626145362854004 0.9993054270744324 2.3348422387517935 1.8160499334335327 1.882270097732544
374 1.7047748565673828 5.1556335225659184 3.656944990158081 2.962571859359741 0.9972071051597595 2.3357782562617833 1.814626932144165 1.8824628591537476
375 1.6995519399642944 5.158989150695203 3.654010772705078 2.9612231254577637 0.9924824237823486 2.3398977236023755 1.8110779523849487 1.8841967582702637
376 1.6995519399642944 5.158989150695203 3.654010772705078 2.9612231254577637 0.9924824237823486 2.3398977236023755 1.8110779523849487 1.8841967582702637
377 1.727270483970642 5.293586161666735 3.667492151260376 3.014173984527588 1.0274934768676758 2.287556489422664 1.8120797872543335 1.9736384153366089
378 1.7386934757232666 5.282757477350409 3.6719164848327637 3.021365165710449 1.0412862300872803 2.273591834365236 1.8203951120376587 1.9786313772201538
379 1.738742709159851 5.3419226679163625 3.6710727214813232 3.0487678050994873 1.0414056777954102 2.3591681735181997 1.8494057655334473 2.013747453689575
380 1.7317841053009033 5.323096802726605 3.673715114593506 3.0403144359588623 1.0251615047454834 2.3336042012675824 1.832385778427124 2.0063607692718506
381 1.7317841053009033 5.323096802726605 3.673715114593506 3.0403144359588623 1.0251615047454834 2.3336042012675824 1.832385778427124 2.0063607692718506
382 1.730850100517273 5.32339911497584 3.6738784313201904 3.0391898155212402 1.0242496728897095 2.3326978911082725 1.8320287466049194 2.006028413772583
383 1.7334624528884888 5.337003971998809 3.6849021911621094 3.029275417327881 1.0281713008880615 2.3496420290331432 1.8519084453582764 1.994542121887207
384 1.729272723197937 5.3365290328753 3.686250686645508 3.0282607078552246 1.0224883556365967 2.3548707619592983 1.854239821434021 1.9924947023391724
385 1.7331548929214478 5.342490788069957 3.6878507137298584 3.033557653427124 1.026366949081421 2.338135302679022 1.8562523126602173 1.996934413909912
386 1.7331548929214478 5.342490788069957 3.6878507137298584 3.033557653427124 1.026366949081421 2.338135302679022 1.8562523126602173 1.996934413909912
387 1.7331548929214478 5.284434054567094 3.6857857704162598 3.033557653427124 1.026366949081421 2.4430895274883038 1.8757668733596802 1.996934413909912
388 1.7298952341079712 5.283410141578765 3.6851601600646973 3.0090508460998535 1.017890214920044 2.3989070141455264 1.853567361831665 1.9541362524032593
389 1.7341372966766357 5.30576443495906 3.686291217803955 3.017387628555298 1.0231635570526123 2.3915455118563362 1.853563904762268 1.9693794250488281
390 1.7342321872711182 5.205311532332576 3.6863739490509033 3.0174784660339355 1.0233848094940186 2.026029403120913 1.8107235431671143 1.9694746732711792
391 1.7342321872711182 5.205311532332576 3.6863739490509033 3.0174784660339355 1.0233848094940186 2.026029403120913 1.8107235431671143 1.9694746732711792
392 1.743135929107666 5.204014986894942 3.6880578994750977 3.029837131500244 1.0332181453704834 2.1379103504119037 1.8256860971450806 1.981099009513855
393 1.7450013160705566 5.219131176246612 3.688803195953369 3.030658006668091 1.0333068370819092 2.1399239333112594 1.8274407386779785 1.9810407161712646
394 1.7410067319869995 5.188442558001385 3.701422691345215 3.0324599742889404 1.0277934074401855 2.114961564230167 1.843343734741211 1.9853516817092896
395 1.7406649589538574 5.158194021808919 3.7042734622955322 3.029919147491455 1.0268518924713135 2.1757810601751957 1.853843331336975 1.9790273904800415
396 1.7406649589538574 5.158194021808919 3.7042734622955322 3.029919147491455 1.0268518924713135 2.1757810601751957 1.853843331336975 1.9790273904800415
397 1.7376030683517456 5.169593270316787 3.6938233375549316 3.03056001663208 1.0180059671401978 2.2191569261897115 1.8504326343536377 1.9700664281845093
398 1.7326234579086304 5.086120628167678 3.7129476070404053 3.0241312980651855 1.0122417211532593 2.0944725654882728 1.8765109777450562 1.9583384990692139
399 1.733181357383728 5.084436682925591 3.713487386703491 3.02626371383667 1.0112236738204956 2.0930762708308297 1.8762075901031494 1.9628734588623047
400 1.733181118965149 5.0844580374770985 3.713865280151367 3.026834726333618 1.0113039016723633 2.093433706609543 1.8764238357543945 1.9614636898040771
401 1.733181118965149 5.0844580374770985 3.713865280151367 3.026834726333618 1.0113039016723633 2.093433706609543 1.8764238357543945 1.9614636898040771
402 1.725036382675171 5.064698390074263 3.678907871246338 3.0151827335357666 1.004108190536499 2.091030850990546 1.8182907104492188 1.9495140314102173
403 1.7315196990966797 5.074620764901522 3.684345245361328 3.026087760925293 1.0133157968521118 2.1011724822319766 1.8315913677215576 1.9665862321853638
404 1.7316097021102905 5.074937481870603 3.684338092803955 3.025907278060913 1.0135449171066284 2.1021229177179985 1.8317393064498901 1.9662023782730103
405 1.7348675727844238 5.077197708668561 3.6832170486450195 3.029345750808716 1.0161919593811035 2.103869686546233 1.843192219734192 1.9701086282730103
406 1.7348675727844238 5.077197708668561 3.6832170486450195 3.029345750808716 1.0161919593811035 2.103869686546233 1.843192219734192 1.9701086282730103
407 1.732273817062378 5.051847459723383 3.6800382137298584 3.0224521160125732 1.0121861696243286 1.9154857562586247 1.8174924850463867 1.9616954326629639
408 1.739720344543457 5.065614044090487 3.713773488998413 3.0278501510620117 1.0224617719650269 1.9080132412532325 1.847141981124878 1.9741709232330322
409 1.7393946647644043 5.06768008969108 3.7131218910217285 3.0231611728668213 1.0220860242843628 1.9108605649867825 1.8466849327087402 1.9701015949249268
410 1.7416470050811768 5.083124114983733 3.7118468284606934 3.0264222621917725 1.024766206741333 1.9183525959895076 1.8416141271591187 1.9757616519927979
411 1.7416470050811768 5.083124114983733 3.7118468284606934 3.0264222621917725 1.024766206741333 1.9183525959895076 1.8416141271591187 1.9757616519927979
412 1.7344295978546143 5.144022504130605 3.712055206298828 3.010205030441284 1.0131171941757202 1.9076274727022529 1.8355633020401 1.9473625421524048
413 1.7435901165008545 5.3276394344173355 3.7147703170776367 3.0199778079986572 1.022834062576294 2.0349349628123994 1.8535525798797607 1.9556788206100464
414 1.7432777881622314 5.32769454141515 3.715791702270508 3.0199546813964844 1.0223101377487183 2.035186158643592 1.8557305335998535 1.9557242393493652
415 1.752509593963623 5.339704248114401 3.722289800643921 3.0294089317321777 1.0423636436462402 2.062517410064864 1.8708068132400513 1.9828274250030518
416 1.752509593963623 5.339704248114401 3.722289800643921 3.0294089317321777 1.0423636436462402 2.062517410064864 1.8708068132400513 1.9828274250030518
417 1.7532142400741577 5.299804188492748 3.726106643676758 3.028735637664795 1.0436592102050781 2.1811156231136315 1.8912439346313477 1.9820607900619507
418 1.754521131515503 5.29509085747283 3.7159640789031982 3.030752658843994 1.0467100143432617 2.1832834511618158 1.8625807762145996 1.9824156761169434
419 1.7529839277267456 5.308906332940768 3.7168667316436768 3.0296099185943604 1.044979214668274 2.1326370602526947 1.8652994632720947 1.9803330898284912
420 1.747674584388733 5.312989984878641 3.7139170169830322 3.022634744644165 1.0356132984161377 2.130489703986518 1.860034704208374 1.9655430316925049
421 1.747674584388733 5.312989984878641 3.7139170169830322 3.022634744644165 1.0356132984161377 2.130489703986518 1.860034704208374 1.9655430316925049
422 1.7439992427825928 5.39454292087419 3.713217258453369 3.0222551822662354 1.035355567932129 2.1332638396696924 1.8645342588424683 1.9725666046142578
423 1.7443511486053467 5.367129217735845 3.7130978107452393 3.022660255432129 1.0362892150878906 2.071932328458916 1.8568623065948486 1.9733890295028687
424 1.7443500757217407 5.2838482830333975 3.713097333908081 3.0226597785949707 1.0362884998321533 2.120569269510731 1.8631151914596558 1.9733890295028687
425 1.7527321577072144 5.291806840386713 3.7146337032318115 3.0344016551971436 1.0459911823272705 2.071680020654694 1.8595147132873535 1.9877218008041382
426 1.7527321577072144 5.291806840386713 3.7146337032318115 3.0344016551971436 1.0459911823272705 2.071680020654694 1.8595147132873535 1.9877218008041382
427 1.7573264837265015 5.350238041865516 3.7168667316436768 3.0622851848602295 1.0514678955078125 2.115744430190027 1.8736858367919922 2.022162675857544
428 1.7573264837265015 5.350238041865516 3.716421127319336 3.0622851848602295 1.0514678955078125 2.115744430190027 1.8710505962371826 2.022162675857544
429 1.7581062316894531 5.3513485123283635 3.717050313949585 3.060629367828369 1.0527933835983276 2.118229547504251 1.8737784624099731 2.0210416316986084
430 1.758270502090454 5.351723631573216 3.716970205307007 3.0605974197387695 1.0530236959457397 2.1231437173203096 1.8742567300796509 2.021460771560669
431 1.758270502090454 5.351723631573216 3.716970205307007 3.0605974197387695 1.0530236959457397 2.1231437173203096 1.8742567300796509 2.021460771560669
432 1.7585068941116333 5.343547575741667 3.7169036865234375 3.0617282390594482 1.053392767906189 2.0061531252199836 1.8621602058410645 2.0215625762939453
433 1.7564728260040283 5.3945268057351825 3.7151949405670166 3.052116632461548 1.0505784749984741 2.2670654833953834 1.889643669128418 2.0048482418060303
434 1.7569024562835693 5.511596984241801 3.7156033515930176 3.0527970790863037 1.0509858131408691 2.392646669578223 1.9059404134750366 2.0055086612701416
435 1.758752465248108 5.515138995914509 3.7135121822357178 3.053217649459839 1.0527265071868896 2.3959687315356266 1.9006420373916626 2.0046656131744385
436 1.758752465248108 5.515138995914509 3.7135121822357178 3.053217649459839 1.0527265071868896 2.3959687315356266 1.9006420373916626 2.0046656131744385
437 1.7577704191207886 5.504823625886342 3.7119052410125732 3.030203342437744 1.0518124103546143 2.3216441817228777 1.8860015869140625 1.975665807723999
438 1.77027428150177 5.427235975720142 3.7285258769989014 3.045320510864258 1.0667407512664795 2.294348770961011 1.9084290266036987 1.9977633953094482
439 1.7696255445480347 5.430001114141814 3.7282791137695313 3.043794870376587 1.065932273864746 2.2957374483429236 1.9082509279251099 1.9955178499221802
440 1.7785472869873047 5.55101796943087 3.732862710952759 3.0509209632873535 1.079553484916687 2.305869514879515 1.919986605644226 2.006584644317627
441 1.7785472869873047 5.55101796943087 3.732862710952759 3.0509209632873535 1.079553484916687 2.305869514879515 1.919986605644226 2.006584644317627
442 1.7785142660140991 5.4513673652629935 3.7328457832336426 3.0507450103759766 1.0797706842422485 2.2130161848203334 1.9088475704193115 2.0065419673919678
443 1.7785142660140991 5.395996036361202 3.7328457832336426 3.0507450103759766 1.0797706842422485 2.1616512503557495 1.9028314352035522 2.0065419673919678
444 1.7727105617523193 5.384084592161968 3.7210910320281982 3.0325958728790283 1.0721949338912964 2.1666537821899983 1.8769304752349854 1.9686739444732666
445 1.7738360166549683 5.339214710913701 3.7133374214172363 3.036052703857422 1.0737180709838867 2.2160842318732903 1.8687949180603027 1.974321961402893
446 1.7738360166549683 5.339214710913701 3.7133374214172363 3.036052703857422 1.0737180709838867 2.2160842318732903 1.8687949180603027 1.974321961402893
447 1.7744804620742798 5.339881778763254 3.7220120429992676 3.057080030441284 1.074023723602295 2.214044788970414 1.8793399333953857 2.003575086593628
448 1.772016167640686 5.336080870021481 3.720573663711548 3.0602903366088867 1.067525029182434 2.2084736292484237 1.8739488124847412 2.0045948028564453
449 1.7724690437316895 5.3160981483277645 3.720850706100464 3.0608458518981934 1.0686184167861938 2.2513173007226364 1.8801567554473877 2.0058321952819824
450 1.7719306945800781 5.31713912256722 3.720151901245117 3.060255527496338 1.0686819553375244 2.249344715835967 1.8782503604888916 2.005976915359497
451 1.7719306945800781 5.31713912256722 3.720151901245117 3.060255527496338 1.0686819553375244 2.249344715835967 1.8782503604888916 2.005976915359497
452 1.7632719278335571 5.32457695691404 3.71529483795166 3.0487937927246094 1.0576159954071045 2.2478719709928545 1.8693405389785767 1.9882880449295044
453 1.7868210077285767 5.343338354127122 3.73659086227417 3.0777461528778076 1.0906959772109985 2.2565628587697444 1.9063937664031982 2.0350453853607178
454 1.7862775325775146 5.335402830156232 3.7286057472229004 3.0639331340789795 1.090022087097168 2.207360753714 1.888400912284851 2.0196352005004883
455 1.7852638959884644 5.321855962713341 3.7281720638275146 3.0659046173095703 1.08725106716156 2.2029750356626434 1.8861701488494873 2.0204880237579346
456 1.7890238761901855 5.322050375173599 3.7085700035095215 3.0689120292663574 1.0809270143508911 2.2521386322423833 1.856563925743103 2.008692741394043
457 1.7915966510772705 5.325536968450243 3.7080330848693848 3.073421001434326 1.085735559463501 2.249915106299413 1.8612442016601563 2.0171427726745605
458 1.7915966510772705 5.344382179243757 3.7080330848693848 3.073421001434326 1.0857445001602173 2.3521969792343937 1.8752588033676147 2.0171449184417725
459 1.7918590307235718 5.345036110316895 3.706237316131592 3.072998523712158 1.0860157012939453 2.355952759590415 1.872819185256958 2.015488624572754
460 1.7994099855422974 5.339769405043586 3.7083396911621094 3.102630615234375 1.0882850885391235 2.331185424802866 1.8708384037017822 2.045990467071533
461 1.7994099855422974 5.339769405043586 3.7083396911621094 3.102630615234375 1.0882850885391235 2.331185424802866 1.8708384037017822 2.045990467071533
462 1.8021111488342285 5.337402239879765 3.7083067893981934 3.1047720909118652 1.0912513732910156 2.3277835476744286 1.8734592199325562 2.0460355281829834
463 1.804452657699585 5.308859479314557 3.7141294479370117 3.1062822341918945 1.094351887702942 2.3588715008996473 1.8864858150482178 2.046160936355591
464 1.80483877658844 5.309391432052393 3.716728925704956 3.106462001800537 1.0945792198181152 2.358174706888283 1.8916860818862915 2.0466103553771973
465 1.8160210847854614 5.3827813495103225 3.720853328704834 3.1299283504486084 1.1085237264633179 2.4213765770928397 1.906761884689331 2.0826940536499023
466 1.8160210847854614 5.3827813495103225 3.720853328704834 3.1299283504486084 1.1085237264633179 2.4213765770928397 1.906761884689331 2.0826940536499023
467 1.8139793872833252 5.383726333436518 3.721625804901123 3.1323962211608887 1.1070270538330078 2.4251748655017975 1.9128443002700806 2.0872061252593994
468 1.8075920343399048 5.498047376573095 3.7236266136169434 3.120806932449341 1.0978573560714722 2.3178411771146186 1.9227408170700073 2.077069044113159
469 1.807035207748413 5.497269651524628 3.725665330886841 3.1230287551879883 1.0963472127914429 2.324889642374239 1.925875186920166 2.076958179473877
470 1.8060426712036133 5.531607332200635 3.724464178085327 3.119887590408325 1.0957376956939697 2.3292727410571668 1.9263161420822144 2.0742738246917725
471 1.8060426712036133 5.531607332200635 3.724464178085327 3.119887590408325 1.0957376956939697 2.3292727410571668 1.9263161420822144 2.0742738246917725
472 1.8097105026245117 5.3530896818710225 3.7288739681243896 3.125905990600586 1.1018962860107422 2.289033905597959 1.9289911985397339 2.0841176509857178
473 1.7841883897781372 5.32409835454155 3.7139387130737305 3.143779993057251 1.0741870403289795 2.3144518016008204 1.9005266427993774 2.0956077575683594
474 1.7844537496566772 5.326674801524404 3.7143852710723877 3.143004894256592 1.075675368309021 2.3186570655033414 1.9028109312057495 2.0948052406311035
475 1.782147765159607 5.328326159563524 3.7140135765075684 3.141835927963257 1.0728002786636353 2.318344749107033 1.902348518371582 2.093245029449463
476 1.782147765159607 5.328326159563524 3.7140135765075684 3.141835927963257 1.0728002786636353 2.318344749107033 1.902348518371582 2.093245029449463
477 1.7831230163574219 5.350543241494934 3.735225200653076 3.1391656398773193 1.0769129991531372 2.340284079003421 1.9351691007614136 2.0900847911834717
478 1.7848671674728394 5.288688293359267 3.7333221435546875 3.1450183391571045 1.0806517601013184 2.291937924934493 1.9293122291564941 2.1383914947509766
479 1.7848953008651733 5.2877361379553545 3.732455253601074 3.1450271606445313 1.0796242952346802 2.2929315377590225 1.92789888381958 2.1373345851898193
480 1.785566806793213 5.287699286621694 3.735011577606201 3.132911205291748 1.0798550844192505 2.288143649207536 1.9182209968566895 2.045043706893921
481 1.785566806793213 5.287699286621694 3.735011577606201 3.132911205291748 1.0798550844192505 2.288143649207536 1.9182209968566895 2.045043706893921
482 1.791276216506958 5.285827202846472 3.737090826034546 3.1436452865600586 1.083724021911621 2.271504841846694 1.918398380279541 2.051997423171997
483 1.7914353609085083 5.307977218607873 3.7318570613861084 3.1380720138549805 1.08407723903656 2.2992209768487037 1.9237112998962402 2.0435712337493896
484 1.7931386232376099 5.334975976980261 3.73252272605896 3.1391494274139404 1.083889126777649 2.306837572832421 1.9201698303222656 2.0449109077453613
485 1.7938193082809448 5.337882535894132 3.7352187633514404 3.1393725872039795 1.0849374532699585 2.3208098930702334 1.9264570474624634 2.045200824737549
486 1.7938193082809448 5.337882535894132 3.7352187633514404 3.1393725872039795 1.0849374532699585 2.3208098930702334 1.9264570474624634 2.045200824737549
487 1.795586109161377 5.347201384618343 3.7410552501678467 3.140544891357422 1.087933897972107 2.317143806728125 1.937061071395874 2.0489094257354736
488 1.7956018447875977 5.275279418026431 3.740905284881592 3.1405341625213623 1.0879106521606445 2.2357825582588964 1.9262070655822754 2.048889636993408
489 1.7977319955825806 5.274975254093281 3.740873336791992 3.1409666538238525 1.090713620185852 2.2347552686357317 1.926934838294983 2.0495779514312744
490 1.795608639717102 5.26874651605504 3.7394304275512695 3.137958288192749 1.0890320539474487 2.205889091013371 1.9231061935424805 2.0474512577056885
491 1.795608639717102 5.26874651605504 3.7394304275512695 3.137958288192749 1.0890320539474487 2.205889091013371 1.9231061935424805 2.0474512577056885
492 1.7976950407028198 5.2728616008155305 3.7406392097473145 3.1401138305664063 1.092208981513977 2.205843029237627 1.9256653785705566 2.051132917404175
493 1.7981723546981812 5.273036789426995 3.738226890563965 3.1402981281280518 1.0929293632507324 2.2039049235776567 1.9131795167922974 2.05155873298645
494 1.797835111618042 5.291430209355217 3.7341067790985107 3.1690330505371094 1.0935903787612915 2.312581663917595 2.008894920349121 2.3497097492218018
495 1.797835111618042 5.3010644507988545 3.7341277599334717 3.168950319290161 1.0935903787612915 2.3395906928993297 2.01186203956604 2.349432945251465
496 1.797835111618042 5.3010644507988545 3.7341277599334717 3.168950319290161 1.0935903787612915 2.3395906928993297 2.01186203956604 2.349432945251465
497 1.797835111618042 5.3010644507988545 3.734130620956421 3.1679799556732178 1.0935903787612915 2.3395906928993297 2.011749267578125 2.3487203121185303
498 1.8016979694366455 5.300770759206075 3.7359871864318848 3.172118902206421 1.0962387323379517 2.340794046450536 2.012998342514038 2.343989372253418
499 1.7976174354553223 5.298607777904077 3.735100746154785 3.1679646968841553 1.0917632579803467 2.339306244996165 2.0110363960266113 2.3421132564544678
500 1.8205024003982544 5.292539908936334 3.7486648559570313 3.2042222023010254 1.1187421083450317 2.350044288953368 2.033247709274292 2.3847668170928955
