init 0.6793391108512878 6.4037532792518235 3.180170774459839 1.5521160364151 0.0 0.0 0.0 0.0
1 0.6793391108512878 6.40380005919948 3.180170774459839 1.5521160364151 0.0 0.0005534824900447955 0.00012857989349868149 0.0
2 0.7703800201416016 6.541612868239069 3.191437005996704 1.6117256879806519 0.4381047189235687 0.8933107078196215 0.551335334777832 0.4679945707321167
3 0.7920635938644409 6.539398098695247 3.1929891109466553 1.6704710721969604 0.4997011423110962 1.0993290644396287 0.6725741624832153 0.6384585499763489
4 0.804010808467865 6.6442606507373725 3.1951253414154053 1.6760058403015137 0.5201830267906189 1.3635211379573255 0.768700897693634 0.6407557129859924
5 0.8006495237350464 6.642396789037246 3.1957216262817383 1.6764312982559204 0.5111425518989563 1.3650484507603948 0.708340585231781 0.6405195593833923
6 0.8006495237350464 6.642396789037246 3.1957216262817383 1.6764312982559204 0.5111425518989563 1.3650484507603948 0.708340585231781 0.6405195593833923
7 0.8843366503715515 6.614882240941391 3.198512554168701 1.6624585390090942 0.5898450613021851 1.3301231887133098 0.6571255326271057 0.5882917642593384
8 0.8723671436309814 6.611764700924447 3.1934659481048584 1.578964114189148 0.5807287096977234 1.3112816402163838 0.6964924335479736 0.7831615209579468
9 0.8527034521102905 6.614117262154749 3.1924796104431152 1.5751755237579346 0.5481559038162231 1.3193270862423578 0.704473614692688 0.776397705078125
10 0.7955928444862366 6.610278507731648 3.1807453632354736 1.5180823802947998 0.4774758815765381 1.3105562760242262 0.7641152143478394 0.894070565700531
11 0.7955928444862366 6.610278507731648 3.1807453632354736 1.5180823802947998 0.4774758815765381 1.3105562760242262 0.7641152143478394 0.894070565700531
12 0.7838202714920044 6.624485374834117 3.1798882484436035 1.514278769493103 0.46173790097236633 1.2570263759138889 0.8528727293014526 0.8933228850364685
13 0.785564124584198 6.620711249610868 3.178967237472534 1.514722228050232 0.4553624391555786 1.2454640739212024 0.8424801230430603 0.898239254951477
14 0.7574999928474426 6.624907938485726 3.1758365631103516 1.5244686603546143 0.4205929934978485 1.2675347745292733 0.8097013235092163 0.9972246885299683
15 0.7458056807518005 6.657114373707885 3.1762332916259766 1.5310972929000854 0.40858176350593567 1.3025539689852508 0.856005072593689 1.0083367824554443
16 0.7458056807518005 6.657114373707885 3.1762332916259766 1.5310972929000854 0.40858176350593567 1.3025539689852508 0.856005072593689 1.0083367824554443
17 0.7144185304641724 6.266453789085841 3.168523073196411 1.5117660760879517 0.35071393847465515 2.920250272271514 0.995980978012085 0.9804990887641907
18 0.7044687271118164 6.142899332019063 3.177432060241699 1.50989830493927 0.33185309171676636 2.833178828282854 1.0408776998519897 0.9714982509613037
19 0.6978075504302979 6.1537204701336465 3.176485776901245 1.5007314682006836 0.3185085356235504 2.8541355264332116 1.0683730840682983 0.9636872410774231
20 0.6857467293739319 6.132229265475323 3.1801414489746094 1.4781111478805542 0.31080809235572815 2.7867884425110536 1.0724899768829346 0.9304187297821045
21 0.6857467293739319 6.132229265475323 3.1801414489746094 1.4781111478805542 0.31080809235572815 2.7867884425110536 1.0724899768829346 0.9304187297821045
22 0.7164851427078247 6.0829569688823515 3.1802704334259033 1.4859795570373535 0.34663403034210205 2.7487670648343374 1.080908179283142 0.9373295903205872
23 0.7172092795372009 6.089616044936204 3.1801095008850098 1.4884775876998901 0.34783312678337097 2.760873895801572 1.0981401205062866 0.9394585490226746
24 0.7171447277069092 6.099989416824214 3.1801767349243164 1.4883331060409546 0.34757253527641296 2.7693423599529807 1.0996525287628174 0.9394113421440125
25 0.7161504030227661 6.099613597044094 3.1792478561401367 1.4869356155395508 0.34483981132507324 2.7691283197841976 1.1053564548492432 0.9430245161056519
26 0.7161504030227661 6.099613597044094 3.1792478561401367 1.4869356155395508 0.34483981132507324 2.7691283197841976 1.1053564548492432 0.9430245161056519
27 0.7153595685958862 6.099707956835251 3.181788206100464 1.4835759401321411 0.3385998010635376 2.7735662886611356 1.0826144218444824 0.9371464848518372
28 0.7153568267822266 6.0985141663297275 3.181788206100464 1.4835768938064575 0.33858728408813477 2.7706598242003055 1.1009348630905151 0.9371509552001953
29 0.7230892777442932 6.100474844713915 3.1828105449676514 1.4844167232513428 0.3470601439476013 2.771232405504171 1.1166118383407593 0.9405584931373596
30 0.7218683958053589 6.100331084426754 3.1861298084259033 1.4804084300994873 0.3456265330314636 2.771574491710356 1.127560019493103 0.937792181968689
31 0.7218683958053589 6.100331084426754 3.1861298084259033 1.4804084300994873 0.3456265330314636 2.771574491710356 1.127560019493103 0.937792181968689
32 0.7215583920478821 6.066434338037287 3.191704511642456 1.5178331136703491 0.34531429409980774 2.7316189743238217 1.0906904935836792 0.7970688939094543
33 0.7203096151351929 6.068537558147938 3.191431999206543 1.5186208486557007 0.3422589898109436 2.7349551758423076 1.0706422328948975 0.7970556020736694
34 0.7198513746261597 6.069560030398727 3.1910574436187744 1.5057528018951416 0.34123751521110535 2.734731284153935 1.0594980716705322 0.787132203578949
35 0.719865083694458 6.069482343110997 3.186830520629883 1.5048516988754272 0.34119004011154175 2.734425926121885 1.0755034685134888 0.7904074788093567
36 0.719865083694458 6.069482343110997 3.186830520629883 1.5048516988754272 0.34119004011154175 2.734425926121885 1.0755034685134888 0.7904074788093567
37 0.7198967933654785 6.069919986343689 3.1842269897460938 1.506654143333435 0.34650662541389465 2.73080657018747 1.0950710773468018 0.8050975203514099
38 0.718988835811615 6.066494732542306 3.1842033863067627 1.5024070739746094 0.3460269570350647 2.7275680011666146 1.0965876579284668 0.8059083223342896
39 0.7165044546127319 6.072120424416926 3.1782431602478027 1.502327799797058 0.3419913351535797 2.7346589370084002 1.108385682106018 0.8054271936416626
40 0.70851731300354 6.087065033530661 3.1789917945861816 1.5013619661331177 0.3424982726573944 2.7420365031723763 1.0979715585708618 0.8002909421920776
41 0.70851731300354 6.087065033530661 3.1789917945861816 1.5013619661331177 0.3424982726573944 2.7420365031723763 1.0979715585708618 0.8002909421920776
42 0.7120419144630432 6.074830856578488 3.1794583797454834 1.5022296905517578 0.35116341710090637 2.738870863897824 1.0832399129867554 0.8037381768226624
43 0.7103022933006287 6.077303492389768 3.179744243621826 1.5023468732833862 0.35045474767684937 2.7462026127731165 1.0855598449707031 0.8060340285301208
44 0.7109184265136719 6.076794914788005 3.1803340911865234 1.5017931461334229 0.3491937518119812 2.741169586288726 1.0840567350387573 0.8056830167770386
45 0.7105153799057007 6.076437035329846 3.1802351474761963 1.5008305311203003 0.3472745716571808 2.7412343863103397 1.0836280584335327 0.8036690950393677
46 0.7105153799057007 6.076437035329846 3.1802351474761963 1.5008305311203003 0.3472745716571808 2.7412343863103397 1.0836280584335327 0.8036690950393677
47 0.7113041281700134 6.076696940336813 3.1799283027648926 1.4992183446884155 0.34780606627464294 2.7409308586916317 1.0952706336975098 0.8106265068054199
48 0.7125731706619263 6.0744021445650835 3.180037498474121 1.4882614612579346 0.34815624356269836 2.7364709664293505 1.1116493940353394 0.8067443370819092
49 0.7139743566513062 6.075556169798997 3.1796278953552246 1.488584280014038 0.34640032052993774 2.7449253102344677 1.1130738258361816 0.8012654781341553
50 0.7319356799125671 6.0740460320792105 3.182924509048462 1.484618067741394 0.35786890983581543 2.751379087561823 1.1225935220718384 0.8022918701171875
51 0.7319356799125671 6.0740460320792105 3.182924509048462 1.484618067741394 0.35786890983581543 2.751379087561823 1.1225935220718384 0.8022918701171875
52 0.7281935811042786 6.070440992258842 3.182269334793091 1.4863001108169556 0.35486096143722534 2.7380066265563654 1.1211260557174683 0.8095316886901855
53 0.7215437889099121 6.0741664337133505 3.177724838256836 1.4834070205688477 0.34125298261642456 2.7357916792278525 1.1797807216644287 0.8033729791641235
54 0.7077558636665344 5.975386894160021 3.179593086242676 1.4751299619674683 0.31033480167388916 2.729250464138417 1.166623830795288 0.7901089787483215
55 0.7080908417701721 6.030839939934274 3.1794791221618652 1.4753592014312744 0.3090027868747711 2.767287391137011 1.171311616897583 0.7904120683670044
56 0.7080908417701721 6.030839939934274 3.1794791221618652 1.4753592014312744 0.3090027868747711 2.767287391137011 1.171311616897583 0.7904120683670044
57 0.710181474685669 6.0327253269886745 3.177140951156616 1.4737582206726074 0.3027200996875763 2.762154188076221 1.1639676094055176 0.7895590662956238
58 0.7131938338279724 6.0631004037626655 3.1746513843536377 1.486851453781128 0.31675735116004944 2.8186630477876475 1.1961147785186768 0.8199414014816284
59 0.7131938338279724 6.0631004037626655 3.1757349967956543 1.486851453781128 0.31675735116004944 2.8186630477876475 1.1926970481872559 0.8199414014816284
60 0.7107760310173035 6.079342344266683 3.175962448120117 1.4875686168670654 0.31750741600990295 2.7672568819346273 1.1705117225646973 0.825271487236023
61 0.7107760310173035 6.079342344266683 3.175962448120117 1.4875686168670654 0.31750741600990295 2.7672568819346273 1.1705117225646973 0.825271487236023
62 0.7117471098899841 6.083585983145379 3.175973892211914 1.488731861114502 0.32041996717453003 2.7711450824343324 1.1890732049942017 0.8265620470046997
63 0.7147454619407654 6.085185500444471 3.1790504455566406 1.466210126876831 0.32567307353019714 2.7701872484387504 1.1877596378326416 0.7083939909934998
64 0.7126167416572571 6.063933143965101 3.1791980266571045 1.4658498764038086 0.32615989446640015 2.7561223949547973 1.1875449419021606 0.7093657851219177
65 0.7121981382369995 6.063683505224919 3.1787517070770264 1.4659702777862549 0.32749396562576294 2.7546262306714766 1.191635251045227 0.7089868187904358
66 0.7121981382369995 6.063683505224919 3.1787517070770264 1.4659702777862549 0.32749396562576294 2.7546262306714766 1.191635251045227 0.7089868187904358
67 0.7129831910133362 6.061603068812026 3.1787490844726563 1.4660149812698364 0.32721686363220215 2.7517929103706193 1.1918164491653442 0.7089248299598694
68 0.7143580317497253 6.063804824300341 3.1773555278778076 1.4660290479660034 0.32640141248703003 2.752013243912148 1.1922093629837036 0.7051111459732056
69 0.7158266305923462 6.065038980943888 3.177274227142334 1.4652552604675293 0.3277534544467926 2.753580441575629 1.191588282585144 0.7055341005325317
70 0.7158392071723938 6.074380742892763 3.1788525581359863 1.465102195739746 0.327424019575119 2.7665715000450835 1.2232762575149536 0.7054387927055359
71 0.7158392071723938 6.074380742892763 3.1788525581359863 1.465102195739746 0.327424019575119 2.7665715000450835 1.2232762575149536 0.7054387927055359
72 0.7173267602920532 6.072775401413262 3.178215265274048 1.4658920764923096 0.32930710911750793 2.7659322282299907 1.223036527633667 0.7058967351913452
73 0.7175794839859009 6.071916743746172 3.1804234981536865 1.468849778175354 0.3336460590362549 2.764517068035722 1.2299996614456177 0.7122554183006287
74 0.7181077003479004 6.072361609222922 3.1802608966827393 1.4689006805419922 0.3336522579193115 2.7650004812081646 1.232029914855957 0.7121322751045227
75 0.7175389528274536 6.018137155820817 3.1804769039154053 1.4689078330993652 0.335412859916687 2.752385102877997 1.2321943044662476 0.7044487595558167
76 0.7175389528274536 6.018137155820817 3.1804769039154053 1.4689078330993652 0.335412859916687 2.752385102877997 1.2321943044662476 0.7044487595558167
77 0.716749370098114 6.016319326708766 3.1811234951019287 1.4658101797103882 0.3350701332092285 2.751484229202343 1.2320560216903687 0.6964049935340881
78 0.716860294342041 6.013030487009423 3.181206226348877 1.4789601564407349 0.33668652176856995 2.747240272189459 1.2141823768615723 0.710838794708252
79 0.716860294342041 6.013030487009423 3.181206226348877 1.4789601564407349 0.33668652176856995 2.747240272189459 1.2141823768615723 0.710838794708252
80 0.7116349339485168 6.0346917317524325 3.1830954551696777 1.4813350439071655 0.3321307301521301 2.7745057499040717 1.21064031124115 0.7125942707061768
81 0.7116349339485168 6.0346917317524325 3.1830954551696777 1.4813350439071655 0.3321307301521301 2.7745057499040717 1.21064031124115 0.7125942707061768
82 0.7114642858505249 6.033440146578139 3.1836330890655518 1.4819215536117554 0.3351565897464752 2.774913871102414 1.2124607563018799 0.7137667536735535
83 0.7165157198905945 6.031011813184376 3.184211015701294 1.4825361967086792 0.33612558245658875 2.774534607286969 1.184019684791565 0.7174314856529236
84 0.7168477177619934 6.033796135319803 3.1834564208984375 1.4829208850860596 0.33766287565231323 2.7759504626806577 1.2048217058181763 0.7179785966873169
85 0.7179479002952576 6.032666675023013 3.1836867332458496 1.4847697019577026 0.34160763025283813 2.774523298025073 1.1888031959533691 0.7223327159881592
86 0.7179479002952576 6.032666675023013 3.1836867332458496 1.4847697019577026 0.34160763025283813 2.774523298025073 1.1888031959533691 0.7223327159881592
87 0.7206816077232361 6.033361463180592 3.184539556503296 1.4839838743209839 0.34222903847694397 2.77483155156466 1.198056697845459 0.722474217414856
88 0.7206816077232361 6.03358971891504 3.184539556503296 1.4839838743209839 0.34222903847694397 2.776347652528201 1.180147409439087 0.722474217414856
89 0.7206816077232361 6.03358971891504 3.184417247772217 1.4839838743209839 0.34222903847694397 2.776347652528201 1.1909910440444946 0.722474217414856
90 0.720413863658905 6.1101780547302385 3.184439182281494 1.4838755130767822 0.34190085530281067 2.7865618054669006 1.1920338869094849 0.7222225069999695
91 0.720413863658905 6.1101780547302385 3.184439182281494 1.4838755130767822 0.34190085530281067 2.7865618054669006 1.1920338869094849 0.7222225069999695
92 0.7234243750572205 6.107298715122599 3.1859116554260254 1.4922021627426147 0.3476298451423645 2.78481613787533 1.2142367362976074 0.7435376048088074
93 0.7227379083633423 6.013548314853753 3.185053586959839 1.491639494895935 0.34462544322013855 2.764057384689606 1.209624171257019 0.7424423694610596
94 0.7210906744003296 6.019474866738436 3.1844353675842285 1.485843539237976 0.3455600142478943 2.856341926819076 1.2468595504760742 0.7306389212608337
95 0.7210871577262878 6.009605366688193 3.1834557056427 1.485235571861267 0.34391072392463684 2.839125258936673 1.224770426750183 0.7309995889663696
96 0.7210871577262878 6.009605366688193 3.1834557056427 1.485235571861267 0.34391072392463684 2.839125258936673 1.224770426750183 0.7309995889663696
97 0.7207406163215637 6.033949008834662 3.1838207244873047 1.485145926475525 0.34381163120269775 2.806798174439054 1.221198558807373 0.7299561500549316
98 0.7215973138809204 6.030706127023815 3.1838626861572266 1.4854130744934082 0.3442378044128418 2.7982831243750717 1.2206319570541382 0.731034517288208
99 0.7213178277015686 6.056639627963769 3.180795192718506 1.4851279258728027 0.3435293734073639 2.7910837171085316 1.2244856357574463 0.7293909788131714
100 0.7209039926528931 6.056667335370776 3.1868584156036377 1.4851888418197632 0.34333962202072144 2.7909460942545246 1.184136152267456 0.7292969822883606
101 0.7209039926528931 6.056667335370776 3.1868584156036377 1.4851888418197632 0.34333962202072144 2.7909460942545246 1.184136152267456 0.7292969822883606
102 0.7196111679077148 6.055019447055011 3.191465377807617 1.4861336946487427 0.3439783751964569 2.7911593776587824 1.1709290742874146 0.732690155506134
103 0.720484733581543 6.055702592243271 3.192478895187378 1.486081838607788 0.3501474857330322 2.7920429103455424 1.1709911823272705 0.7329491972923279
104 0.7210315465927124 6.0571214215465075 3.19140625 1.4890576601028442 0.3523949682712555 2.8020517946153363 1.1724165678024292 0.7346612215042114
105 0.720113217830658 6.05704619468854 3.190577507019043 1.488600492477417 0.3554695248603821 2.8090016661653894 1.1796512603759766 0.7334513068199158
106 0.720113217830658 6.05704619468854 3.190577507019043 1.488600492477417 0.3554695248603821 2.8090016661653894 1.1796512603759766 0.7334513068199158
107 0.7194913029670715 6.0572305784007225 3.1903750896453857 1.4885817766189575 0.35568901896476746 2.808736112601733 1.1797373294830322 0.7330057621002197
108 0.720574140548706 6.0461346063491765 3.1912050247192383 1.4886752367019653 0.3585069179534912 2.8238434261377847 1.1786069869995117 0.733339250087738
109 0.7229350805282593 6.048273368650129 3.1908891201019287 1.4893091917037964 0.36303314566612244 2.8259295833102684 1.1787747144699097 0.7332990169525146
110 0.7224959135055542 6.048052376915516 3.1906232833862305 1.4895612001419067 0.36235347390174866 2.825981654993592 1.1786808967590332 0.7337203025817871
111 0.7224959135055542 6.048052376915516 3.1906232833862305 1.4895612001419067 0.36235347390174866 2.825981654993592 1.1786808967590332 0.7337203025817871
112 0.7164396643638611 6.065964466713529 3.1884589195251465 1.4807137250900269 0.3543582260608673 2.8326695743206165 1.1668388843536377 0.7125557065010071
113 0.7130956649780273 6.082402750390769 3.1889731884002686 1.4727827310562134 0.3321068584918976 2.8252789635603435 1.1508487462997437 0.6956716179847717
114 0.7274954915046692 6.051506301568519 3.1908159255981445 1.480859637260437 0.3502848744392395 2.8208440402359685 1.1684613227844238 0.7049662470817566
115 0.7243941426277161 6.050494004100666 3.1919455528259277 1.4803659915924072 0.336449533700943 2.803990350757964 1.1785520315170288 0.7077769637107849
116 0.7243941426277161 6.050494004100666 3.1919455528259277 1.4803659915924072 0.336449533700943 2.803990350757964 1.1785520315170288 0.7077769637107849
117 0.7275947332382202 6.0426743089332575 3.1919028759002686 1.481494665145874 0.34034162759780884 2.75728986833514 1.1618289947509766 0.7074226140975952
118 0.7253549695014954 6.0430757553208 3.1916511058807373 1.4831589460372925 0.3361029028892517 2.7579814076168274 1.1622118949890137 0.7054567933082581
119 0.7218634486198425 6.038369896811232 3.191318988800049 1.4825372695922852 0.32754072546958923 2.7544928021662503 1.1610462665557861 0.7024528384208679
120 0.7235404253005981 6.03624354022131 3.191420078277588 1.485573172569275 0.32758674025535583 2.7583025789027142 1.1635777950286865 0.7037498354911804
121 0.7235404253005981 6.03624354022131 3.191420078277588 1.485573172569275 0.32758674025535583 2.7583025789027142 1.1635777950286865 0.7037498354911804
122 0.7085480690002441 6.038860756218891 3.1892900466918945 1.4862747192382813 0.31552061438560486 2.7527799855529036 1.161745309829712 0.7022392153739929
123 0.7085670828819275 6.038836074006636 3.1892940998077393 1.4862868785858154 0.31530630588531494 2.7527278261420443 1.1617400646209717 0.7022257447242737
124 0.716468870639801 6.038722101612466 3.1899328231811523 1.4860788583755493 0.32153263688087463 2.757766239110411 1.1856199502944946 0.705307126045227
125 0.7163212299346924 6.040033778035381 3.190906047821045 1.4851467609405518 0.32093343138694763 2.7592011824024087 1.1859636306762695 0.7037175893783569
126 0.7163212299346924 6.040033778035381 3.190906047821045 1.4851467609405518 0.32093343138694763 2.7592011824024087 1.1859636306762695 0.7037175893783569
127 0.7163212299346924 6.040033778035381 3.190906047821045 1.4851467609405518 0.32093343138694763 2.7592011824024087 1.1859636306762695 0.7037175893783569
128 0.7226693034172058 6.039996218084185 3.1918118000030518 1.4835035800933838 0.3302939832210541 2.7600989292011664 1.1805574893951416 0.7056501507759094
129 0.7218087911605835 6.043934429081825 3.192671775817871 1.4847297668457031 0.3287164270877838 2.7586051697570864 1.175222396850586 0.7303776741027832
130 0.7243769764900208 6.038340362469823 3.193254232406616 1.4867148399353027 0.33177006244659424 2.7549943101157077 1.1594834327697754 0.7334520220756531
131 0.7243769764900208 6.038340362469823 3.193254232406616 1.4867148399353027 0.33177006244659424 2.7549943101157077 1.1594834327697754 0.7334520220756531
132 0.7217570543289185 6.039512516639161 3.1929991245269775 1.4856539964675903 0.33000448346138 2.7571711825317795 1.1599030494689941 0.7421342730522156
133 0.7219356894493103 6.0404833869542545 3.192382574081421 1.4895302057266235 0.33214905858039856 2.7571840896923923 1.1615601778030396 0.76076340675354
134 0.7208331823348999 6.043320572494155 3.180621385574341 1.4901454448699951 0.3354097008705139 2.7557594330141604 1.2193971872329712 0.7641786336898804
135 0.7249369621276855 6.044605011624757 3.1820015907287598 1.499982476234436 0.33936500549316406 2.7595953225594814 1.2182426452636719 0.7756415009498596
136 0.7138996124267578 6.077834739031572 3.1794745922088623 1.4863688945770264 0.317229300737381 2.7622200154461223 1.2267735004425049 0.7514238953590393
137 0.7164307236671448 6.077664232588407 3.1786437034606934 1.4843498468399048 0.3201889395713806 2.762316676610457 1.2079224586486816 0.7485413551330566
138 0.7183193564414978 6.073967814776738 3.1819865703582764 1.4820970296859741 0.31162765622138977 2.7780807696290775 1.2038158178329468 0.7488963603973389
139 0.708527147769928 6.0759837370895475 3.1787543296813965 1.4757599830627441 0.3041091859340668 2.7784011968967084 1.1906242370605469 0.7435364127159119
140 0.7046584486961365 6.0665348286824266 3.1763558387756348 1.476223349571228 0.31388041377067566 2.786488711649936 1.1919158697128296 0.7386863231658936
141 0.7046584486961365 6.0665348286824266 3.1763558387756348 1.476223349571228 0.31388041377067566 2.786488711649936 1.1919158697128296 0.7386863231658936
142 0.7075421214103699 6.061887376725442 3.183253049850464 1.475213646888733 0.30552682280540466 2.7893673802835144 1.1559877395629883 0.7411476969718933
143 0.6993960738182068 6.075233055211971 3.1786694526672363 1.4725435972213745 0.29962626099586487 2.8003104494313487 1.153943657875061 0.7345382571220398
144 0.7025775909423828 6.059309430262749 3.182202100753784 1.477553367614746 0.3125251829624176 2.777694867875488 1.1619892120361328 0.7437323927879333
145 0.7032300233840942 6.057543418972089 3.1827902793884277 1.478355050086975 0.3116272985935211 2.776491237258771 1.1603169441223145 0.7437722682952881
146 0.7032300233840942 6.057543418972089 3.1827902793884277 1.478355050086975 0.3116272985935211 2.776491237258771 1.1603169441223145 0.7437722682952881
147 0.7042537927627563 6.052632374628628 3.1824874877929688 1.477777123451233 0.3156900405883789 2.7723709192611756 1.1654911041259766 0.7442397475242615
148 0.7024546265602112 6.058042920857217 3.1830458641052246 1.4756417274475098 0.3149120807647705 2.7836411380783663 1.1667300462722778 0.7363864183425903
149 0.7020946741104126 6.057948251067177 3.183044195175171 1.475648045539856 0.314754843711853 2.783553062491863 1.1667762994766235 0.7363784313201904
150 0.702339768409729 6.077460075227243 3.18564772605896 1.4798054695129395 0.3147117495536804 2.7805531417480696 1.1848549842834473 0.7222968935966492
151 0.702339768409729 6.077460075227243 3.18564772605896 1.4798054695129395 0.3147117495536804 2.7805531417480696 1.1848549842834473 0.7222968935966492
152 0.7023475170135498 6.078216610649528 3.18526029586792 1.480462670326233 0.31654977798461914 2.7805518209381317 1.1859729290008545 0.7235032916069031
153 0.7092818021774292 6.074775309132734 3.1859748363494873 1.4846283197402954 0.32184866070747375 2.7841907403878934 1.1874200105667114 0.7327766418457031
154 0.7092818021774292 6.074775309132734 3.185875654220581 1.4846283197402954 0.32184866070747375 2.7841907403878934 1.1874041557312012 0.7327766418457031
155 0.7102996706962585 6.078227770187169 3.1862337589263916 1.4846677780151367 0.32323241233825684 2.7598920871324086 1.1841429471969604 0.733351469039917
156 0.7102996706962585 6.078227770187169 3.1862337589263916 1.4846677780151367 0.32323241233825684 2.7598920871324086 1.1841429471969604 0.733351469039917
157 0.7126669883728027 6.079481523882648 3.1862406730651855 1.484394907951355 0.3135162889957428 2.7590949373783653 1.1831481456756592 0.7304879426956177
158 0.7128261923789978 6.079646389452242 3.18782901763916 1.4822345972061157 0.31371283531188965 2.759561609356537 1.1829957962036133 0.7300131320953369
159 0.7108834385871887 6.0765701037447135 3.1876633167266846 1.4794896841049194 0.31447750329971313 2.755570154921738 1.1835975646972656 0.7338130474090576
160 0.7015705108642578 6.0729240495338255 3.184880018234253 1.4679292440414429 0.29713600873947144 2.756594509712928 1.1747751235961914 0.7037901282310486
161 0.7015705108642578 6.0729240495338255 3.184880018234253 1.4679292440414429 0.29713600873947144 2.756594509712928 1.1747751235961914 0.7037901282310486
162 0.7013244032859802 6.087108018810782 3.183911085128784 1.469022512435913 0.30002903938293457 2.8593112341818183 1.1894521713256836 0.7034409046173096
163 0.7015175819396973 6.085138194152269 3.1837058067321777 1.4691777229309082 0.29897022247314453 2.857820368847905 1.1893237829208374 0.7044483423233032
164 0.6995149254798889 6.0865473493450635 3.1822030544281006 1.4686404466629028 0.2964826822280884 2.858451781219971 1.1875079870224 0.7038449645042419
165 0.6978041529655457 6.087264215727422 3.182422399520874 1.468069076538086 0.2968289852142334 2.8581381535780213 1.1876182556152344 0.6989854574203491
166 0.6978041529655457 6.087264215727422 3.182422399520874 1.468069076538086 0.2968289852142334 2.8581381535780213 1.1876182556152344 0.6989854574203491
167 0.6970148682594299 6.092024087502372 3.182340145111084 1.4681639671325684 0.2969440519809723 2.8061085951493916 1.1820337772369385 0.6985816955566406
168 0.696641206741333 6.088920018431413 3.1821484565734863 1.469512701034546 0.30170661211013794 2.807784352737308 1.1668411493301392 0.7013503313064575
169 0.6965692639350891 6.0502512006456435 3.1822845935821533 1.4687823057174683 0.30227333307266235 2.7817061273067347 1.1643147468566895 0.699842631816864
170 0.6970825791358948 6.051808040140048 3.1791350841522217 1.4682930707931519 0.299211710691452 2.781917410601386 1.182214617729187 0.6957039833068848
171 0.7057833671569824 6.051050186022365 3.178161144256592 1.4736021757125854 0.31277939677238464 2.784162077322932 1.1982382535934448 0.7154721617698669
172 0.7060146331787109 6.048781131285432 3.1784722805023193 1.473222255706787 0.3129815459251404 2.7732808043022885 1.196969985961914 0.7147203683853149
173 0.7062245011329651 6.047427772737436 3.1771461963653564 1.4764755964279175 0.3129633963108063 2.7725158558304708 1.1969071626663208 0.7183657288551331
174 0.7050561308860779 6.04877407400696 3.1758463382720947 1.4739763736724854 0.31056496500968933 2.7758870747155244 1.1808418035507202 0.711489737033844
175 0.7052642703056335 6.048562641978332 3.1757404804229736 1.4741942882537842 0.3112089931964874 2.775540496735267 1.1806756258010864 0.71102374792099
176 0.7052642703056335 6.048562641978332 3.1757404804229736 1.4741942882537842 0.3112089931964874 2.775540496735267 1.1806756258010864 0.71102374792099
177 0.7042856812477112 6.049690124793103 3.1764307022094727 1.47303307056427 0.31105151772499084 2.776655303141059 1.1812869310379028 0.709463894367218
178 0.7031558156013489 6.049101707318458 3.1762537956237793 1.4743008613586426 0.30916628241539 2.7745834140225156 1.182416319847107 0.710934042930603
179 0.7033335566520691 6.049118769160658 3.176159381866455 1.4743552207946777 0.308833509683609 2.775286148229454 1.1822620630264282 0.7105563282966614
180 0.7031483054161072 6.048737186407653 3.174328327178955 1.4740169048309326 0.310484379529953 2.7757443644541135 1.1525309085845947 0.7110242247581482
181 0.7031483054161072 6.048737186407653 3.174328327178955 1.4740169048309326 0.310484379529953 2.7757443644541135 1.1525309085845947 0.7110242247581482
182 0.6989765167236328 6.043239843366093 3.1740996837615967 1.4759334325790405 0.321454793214798 2.771959761443011 1.1534086465835571 0.7226163148880005
183 0.699492871761322 6.042324515915762 3.1724226474761963 1.476247787475586 0.32207319140434265 2.7702777495473145 1.1492687463760376 0.7234333157539368
184 0.6995684504508972 6.048460577731485 3.172461748123169 1.4772168397903442 0.3234000504016876 2.777235284714974 1.1326699256896973 0.7259281277656555
185 0.6989882588386536 6.048557905561375 3.1725621223449707 1.4769320487976074 0.3237340450286865 2.7771758980703964 1.1329009532928467 0.7252283096313477
186 0.6989882588386536 6.048557905561375 3.1725621223449707 1.4769320487976074 0.3237340450286865 2.7771758980703964 1.1329009532928467 0.7252283096313477
187 0.6967697739601135 6.050393452785493 3.1713013648986816 1.4777597188949585 0.31969836354255676 2.7740554330729474 1.127765417098999 0.7203993201255798
188 0.6947795748710632 6.043336728906221 3.168736696243286 1.4798672199249268 0.3235611021518707 2.7642776959250885 1.1208696365356445 0.7211494445800781
189 0.6961826086044312 6.042626525487367 3.1704554557800293 1.480198860168457 0.3243164122104645 2.763941723725751 1.1257702112197876 0.7220712900161743
190 0.6961289644241333 6.045019784686341 3.169588327407837 1.4801723957061768 0.32435885071754456 2.766762365883956 1.126001000404358 0.7220393419265747
191 0.6961289644241333 6.045019784686341 3.169588327407837 1.4801723957061768 0.32435885071754456 2.766762365883956 1.126001000404358 0.7220393419265747
192 0.6961873769760132 6.045052554445966 3.1695897579193115 1.4801321029663086 0.32411202788352966 2.766841267345774 1.1260329484939575 0.7219907641410828
193 0.6919223070144653 6.047478112086568 3.170584201812744 1.47829270362854 0.31904685497283936 2.7704961599774136 1.1265658140182495 0.7183560132980347
194 0.6919226050376892 6.030645214386896 3.170600652694702 1.4784455299377441 0.3190470337867737 2.7889175656444216 1.128957986831665 0.7150560021400452
195 0.6855810284614563 6.032393057579939 3.170290946960449 1.4767251014709473 0.3123742640018463 2.7858978575841506 1.1240277290344238 0.7101559638977051
196 0.6855810284614563 6.032393057579939 3.170290946960449 1.4767251014709473 0.3123742640018463 2.7858978575841506 1.1240277290344238 0.7101559638977051
197 0.6851506233215332 6.1257956428099005 3.1702632904052734 1.4762961864471436 0.311213880777359 2.812695520401039 1.1277490854263306 0.710209846496582
198 0.6847413182258606 6.125275126428586 3.1727237701416016 1.4773637056350708 0.31019115447998047 2.8125269223926472 1.129595398902893 0.7094747424125671
199 0.6838133335113525 6.124914230319759 3.165666103363037 1.4796379804611206 0.3047630488872528 2.8103669869098207 1.0970205068588257 0.7238695621490479
200 0.6886253356933594 6.093375774292169 3.1671059131622314 1.4832744598388672 0.31116536259651184 2.7735773722868 1.0999921560287476 0.7293782830238342
201 0.6886253356933594 6.093375774292169 3.1671059131622314 1.4832744598388672 0.31116536259651184 2.7735773722868 1.0999921560287476 0.7293782830238342
202 0.6886253356933594 6.093261528081758 3.1671059131622314 1.4832744598388672 0.31116536259651184 2.7734258292987857 1.0999714136123657 0.7293782830238342
203 0.6897749304771423 6.092997006473755 3.167161226272583 1.483583927154541 0.31421610713005066 2.774490119598849 1.1009712219238281 0.7304444909095764
204 0.6888359785079956 6.092347251419057 3.168248176574707 1.484267234802246 0.31298571825027466 2.7741463250149287 1.0947681665420532 0.7317366600036621
205 0.6888663172721863 6.07800949083318 3.16817045211792 1.4845911264419556 0.31153881549835205 2.846659211062864 1.1048964262008667 0.7328324913978577
206 0.6888663172721863 6.07800949083318 3.16817045211792 1.4845911264419556 0.31153881549835205 2.846659211062864 1.1048964262008667 0.7328324913978577
207 0.6924662590026855 6.058622359444804 3.1683509349823 1.4850863218307495 0.31723275780677795 2.7920036633371863 1.1178048849105835 0.7349681854248047
208 0.692503809928894 6.120326042452537 3.168335437774658 1.4851140975952148 0.3173148036003113 2.81975112164292 1.1212129592895508 0.7349913716316223
209 0.696169912815094 6.0398131315656 3.169727325439453 1.4889460802078247 0.32947808504104614 2.797772762768315 1.1246782541275024 0.7454521656036377
210 0.6962836384773254 6.112930607055473 3.178588628768921 1.4890960454940796 0.3293484151363373 2.843012973929459 1.1411432027816772 0.745707094669342
211 0.6962836384773254 6.112930607055473 3.178588628768921 1.4890960454940796 0.3293484151363373 2.843012973929459 1.1411432027816772 0.745707094669342
212 0.6978923678398132 6.0723651621362285 3.1805944442749023 1.4900704622268677 0.32773950695991516 2.8471002885635763 1.156798243522644 0.7463122606277466
213 0.6995876431465149 6.031599160920923 3.1757192611694336 1.4925358295440674 0.33494308590888977 2.782602929699455 1.1603771448135376 0.7531468272209167
214 0.6948235034942627 6.031812816889908 3.175654649734497 1.4910991191864014 0.32652369141578674 2.7785393405227046 1.157188057899475 0.7488755583763123
215 0.6911898255348206 6.032818811149902 3.177816390991211 1.4904570579528809 0.3288238048553467 2.7763601512317404 1.1616623401641846 0.745390772819519
216 0.6911898255348206 6.032818811149902 3.177816390991211 1.4904570579528809 0.3288238048553467 2.7763601512317404 1.1616623401641846 0.745390772819519
217 0.6862054467201233 6.0349787733071585 3.173023223876953 1.488144874572754 0.3240797221660614 2.7917861410118383 1.1343656778335571 0.7443132400512695
218 0.6862054467201233 6.036024033819293 3.1738412380218506 1.488144874572754 0.3240797221660614 2.7918084202781106 1.1519060134887695 0.7443132400512695
219 0.6866884231567383 6.0360740147679515 3.1695687770843506 1.488925814628601 0.3251822888851166 2.7911947446527354 1.1684644222259521 0.7470437288284302
220 0.6822673678398132 6.038271560850807 3.1690921783447266 1.4878946542739868 0.32664087414741516 2.7880876760860653 1.167848825454712 0.7480012774467468
221 0.6822673678398132 6.038271560850807 3.1690921783447266 1.4878946542739868 0.32664087414741516 2.7880876760860653 1.167848825454712 0.7480012774467468
222 0.6822673678398132 6.037707713688245 3.1690971851348877 1.4874454736709595 0.32664087414741516 2.787378455711522 1.1678093671798706 0.7457916140556335
223 0.6835859417915344 6.0390287313872495 3.167881488800049 1.4894028902053833 0.32422131299972534 2.7898625037932665 1.1668347120285034 0.746385931968689
224 0.6837590336799622 6.029477596346024 3.170689582824707 1.486056923866272 0.3257421553134918 2.782216686700608 1.1478878259658813 0.7433286905288696
225 0.6848056316375732 6.02638430759238 3.171607732772827 1.4855619668960571 0.3260708153247833 2.7771029031826284 1.1699684858322144 0.7601711750030518
226 0.6848056316375732 6.02638430759238 3.171607732772827 1.4855619668960571 0.3260708153247833 2.7771029031826284 1.1699684858322144 0.7601711750030518
227 0.6907609105110168 6.027773215613859 3.1689367294311523 1.486887812614441 0.3237600326538086 2.7709673983807033 1.1667503118515015 0.7748713493347168
228 0.6887481808662415 6.027174074281794 3.1702349185943604 1.4824614524841309 0.32235902547836304 2.7731695139300863 1.167121410369873 0.7665010094642639
229 0.6880786418914795 6.025654264960746 3.174989938735962 1.4815852642059326 0.324052095413208 2.7696115793994407 1.2046419382095337 0.763788640499115
230 0.6886304616928101 6.027336701371902 3.1748032569885254 1.4822498559951782 0.3248431384563446 2.7714899081946363 1.2235275506973267 0.765726625919342
231 0.6886304616928101 6.027336701371902 3.1748032569885254 1.4822498559951782 0.3248431384563446 2.7714899081946363 1.2235275506973267 0.765726625919342
232 0.6876819133758545 6.024796355801165 3.1747090816497803 1.4821513891220093 0.32654255628585815 2.773144535829131 1.21772301197052 0.7644093632698059
233 0.6866152882575989 6.024971340029311 3.17468523979187 1.4817546606063843 0.3267492353916168 2.772581908150182 1.2175230979919434 0.7632307410240173
234 0.6890174150466919 6.0196372785693795 3.17383074760437 1.4804117679595947 0.34236815571784973 2.774514464515936 1.2275687456130981 0.7592134475708008
235 0.6866099238395691 6.018486999842326 3.1729366779327393 1.4784945249557495 0.34530454874038696 2.771697587855446 1.2322202920913696 0.7563691735267639
236 0.6866099238395691 6.018486999842326 3.1729366779327393 1.4784945249557495 0.34530454874038696 2.771697587855446 1.2322202920913696 0.7563691735267639
237 0.6874797940254211 6.011268614156469 3.179227352142334 1.4686931371688843 0.3355598449707031 2.759501854686465 1.2188305854797363 0.7345320582389832
238 0.6790593266487122 6.019065405447346 3.176987409591675 1.4673960208892822 0.32334738969802856 2.7589538994097134 1.196615219116211 0.7332397699356079
239 0.6791752576828003 6.018618605150878 3.177264451980591 1.4670648574829102 0.3221319615840912 2.759041578203776 1.1913801431655884 0.7330589890480042
240 0.6783772110939026 6.018152546391166 3.1768574714660645 1.4678140878677368 0.32133740186691284 2.7570885577068807 1.2079603672027588 0.7334801554679871
241 0.6783772110939026 6.018152546391166 3.1768574714660645 1.4678140878677368 0.32133740186691284 2.7570885577068807 1.2079603672027588 0.7334801554679871
242 0.6767838001251221 6.018255407630471 3.176866054534912 1.4643794298171997 0.3155404329299927 2.761561371326265 1.2092617750167847 0.7287917137145996
243 0.6764135360717773 6.015438928816438 3.1775596141815186 1.557084321975708 0.3125263452529907 2.7580556241916434 1.1943663358688354 0.5290005207061768
244 0.6732543110847473 6.017132374258075 3.1774868965148926 1.5573787689208984 0.3149825930595398 2.7593294367499444 1.1753215789794922 0.5265465378761292
245 0.6732397675514221 6.017387633913868 3.1759414672851563 1.5630511045455933 0.3142128586769104 2.7666281912781616 1.1874908208847046 0.5215462446212769
246 0.6732397675514221 6.017387633913868 3.1759414672851563 1.5630511045455933 0.3142128586769104 2.7666281912781616 1.1874908208847046 0.5215462446212769
247 0.6825942993164063 6.018816350071023 3.176236867904663 1.5679608583450317 0.3175041675567627 2.7696779448266406 1.1978198289871216 0.5467467904090881
248 0.6825645565986633 6.018153779192507 3.1766397953033447 1.567840576171875 0.3179572820663452 2.7698961250420426 1.1745136976242065 0.5463894009590149
249 0.682786226272583 6.019555697497704 3.1767678260803223 1.568212866783142 0.32095444202423096 2.7727845996772764 1.1932111978530884 0.5480220317840576
250 0.6829424500465393 6.04590683565493 3.1740500926971436 1.5532130002975464 0.3209255337715149 2.8179492165837092 1.1960668563842773 0.4216841459274292
251 0.6829424500465393 6.04590683565493 3.1740500926971436 1.5532130002975464 0.3209255337715149 2.8179492165837092 1.1960668563842773 0.4216841459274292
252 0.6820712089538574 6.049655778107546 3.1740427017211914 1.5516330003738403 0.31682249903678894 2.818482259458777 1.1938139200210571 0.41474655270576477
253 0.6886035203933716 6.049520299282175 3.175258159637451 1.5513489246368408 0.3175627887248993 2.8041419617400685 1.1900744438171387 0.43413209915161133
254 0.6884673833847046 6.049520164926845 3.1752521991729736 1.5513594150543213 0.3174404501914978 2.804080030518399 1.1907418966293335 0.4341762661933899
255 0.6925395727157593 6.045086141553452 3.173570156097412 1.5540732145309448 0.32517489790916443 2.8031949645208174 1.191644310951233 0.4449639618396759
256 0.6925395727157593 6.045086141553452 3.173570156097412 1.5540732145309448 0.32517489790916443 2.8031949645208174 1.191644310951233 0.4449639618396759
257 0.6925175189971924 6.045749450163651 3.173892021179199 1.5551434755325317 0.3267141580581665 2.8019644670574895 1.1919467449188232 0.44828203320503235
258 0.6886207461357117 6.0506961206805325 3.175206184387207 1.5540179014205933 0.32147732377052307 2.806707478019316 1.1915937662124634 0.43701595067977905
259 0.6886207461357117 6.0506961206805325 3.1748697757720947 1.556670069694519 0.32147732377052307 2.806707478019316 1.1911678314208984 0.43538355827331543
260 0.6890949010848999 6.050584237460691 3.1749911308288574 1.5577964782714844 0.3215874433517456 2.806592958759261 1.19080650806427 0.4378955066204071
261 0.6890949010848999 6.050584237460691 3.1749911308288574 1.5577964782714844 0.3215874433517456 2.806592958759261 1.19080650806427 0.4378955066204071
262 0.6856945753097534 6.0505004042838415 3.175405979156494 1.5571284294128418 0.3242684006690979 2.8046694877201106 1.1910587549209595 0.43051770329475403
263 0.6853882670402527 6.051324663440265 3.1753344535827637 1.563076376914978 0.3260669708251953 2.805928560783643 1.1932721138000488 0.48747748136520386
264 0.6855973601341248 6.046280186956829 3.168517827987671 1.5629403591156006 0.3309236764907837 2.8050501034513613 1.1604907512664795 0.49088582396507263
265 0.686926543712616 6.04317857289697 3.166856527328491 1.563429355621338 0.32672885060310364 2.804878110236386 1.17079496383667 0.4940742552280426
266 0.686926543712616 6.04317857289697 3.166856527328491 1.563429355621338 0.32672885060310364 2.804878110236386 1.17079496383667 0.4940742552280426
267 0.6875107288360596 6.043280037016601 3.1670141220092773 1.562798261642456 0.3270750939846039 2.8048444649576223 1.1711208820343018 0.491726279258728
268 0.6886866688728333 6.059328857719151 3.166766881942749 1.5637401342391968 0.3303511142730713 2.8092354626790907 1.169856309890747 0.5014970302581787
269 0.6893259286880493 6.045024012719075 3.1664366722106934 1.5637669563293457 0.334027498960495 2.7342008246748377 1.155197262763977 0.5047570466995239
270 0.6883348822593689 6.016453577753656 3.1669087409973145 1.5641530752182007 0.33026984333992004 2.712731843863188 1.1408528089523315 0.5012004375457764
271 0.6883348822593689 6.016453577753656 3.1669087409973145 1.5641530752182007 0.33026984333992004 2.712731843863188 1.1408528089523315 0.5012004375457764
272 0.6888393759727478 6.012653224852064 3.1669178009033203 1.5637484788894653 0.3320062458515167 2.7266896902161473 1.1428295373916626 0.4990844428539276
273 0.6877816319465637 6.015699117867541 3.1670913696289063 1.5629183053970337 0.3305288255214691 2.731711964174828 1.143849492073059 0.49797913432121277
274 0.6914807558059692 6.004168725138434 3.170412063598633 1.5660600662231445 0.32738423347473145 2.721413806361868 1.1376416683197021 0.4994250535964966
275 0.688913881778717 6.003982619384261 3.1704037189483643 1.5652275085449219 0.32601943612098694 2.724780208118755 1.139187216758728 0.49913811683654785
276 0.688913881778717 6.003982619384261 3.1704037189483643 1.5652275085449219 0.32601943612098694 2.724780208118755 1.139187216758728 0.49913811683654785
277 0.6884611248970032 6.00633902432849 3.170088052749634 1.5694383382797241 0.32889237999916077 2.726993670096183 1.1386935710906982 0.5013220906257629
278 0.6942192912101746 5.9441533907766475 3.171172857284546 1.5777956247329712 0.3454967439174652 2.7547763229934605 1.1554940938949585 0.5313198566436768
279 0.6939118504524231 5.942333592288662 3.170300006866455 1.577675461769104 0.34256625175476074 2.7538864094506463 1.1608054637908936 0.5307782292366028
280 0.6939118504524231 6.092674850577339 3.1693625450134277 1.577675461769104 0.34256625175476074 2.832325026543748 1.1729742288589478 0.5307782292366028
281 0.6939118504524231 6.092674850577339 3.1693625450134277 1.577675461769104 0.34256625175476074 2.832325026543748 1.1729742288589478 0.5307782292366028
282 0.6941035985946655 6.092444419822053 3.1696419715881348 1.5777161121368408 0.3428208529949188 2.8344209133486546 1.1739052534103394 0.5308345556259155
283 0.692420244216919 6.095430281536831 3.1693525314331055 1.5762500762939453 0.34208616614341736 2.841540143984823 1.174346923828125 0.5239862203598022
284 0.6929911971092224 6.109539126480566 3.1687092781066895 1.4726243019104004 0.34593379497528076 2.8531807872386197 1.1929115056991577 0.7133479118347168
285 0.6930269598960876 6.11227084035699 3.1686599254608154 1.477111577987671 0.3453417420387268 2.8548474243473927 1.1915627717971802 0.7016943097114563
286 0.6930269598960876 6.11227084035699 3.1686599254608154 1.477111577987671 0.3453417420387268 2.8548474243473927 1.1915627717971802 0.7016943097114563
287 0.6930850148200989 6.109296257401763 3.168388605117798 1.4643704891204834 0.34426650404930115 2.851745681397401 1.191548228263855 0.7087401151657104
288 0.6930285692214966 6.109294963685766 3.158902168273926 1.4643725156784058 0.3441940248012543 2.851712578581046 1.2387970685958862 0.7088028788566589
289 0.6918011903762817 6.012904062243417 3.1588494777679443 1.4638357162475586 0.34345337748527527 2.7839505652619585 1.230560541152954 0.7063804268836975
290 0.6918011903762817 6.011165694750012 3.1587367057800293 1.4638357162475586 0.34345337748527527 2.780359228556568 1.248919129371643 0.7063804268836975
291 0.6918011903762817 6.011165694750012 3.1587367057800293 1.4638357162475586 0.34345337748527527 2.780359228556568 1.248919129371643 0.7063804268836975
292 0.6914067268371582 6.010151997530412 3.157837152481079 1.464940071105957 0.342117041349411 2.7792191172505825 1.2489324808120728 0.706645667552948
293 0.6880106925964355 6.012434474706357 3.157087802886963 1.467347264289856 0.3386063873767853 2.7831847961665717 1.1985394954681396 0.7045357823371887
294 0.6867612600326538 6.077259506103537 3.157456398010254 1.4667023420333862 0.3400212228298187 2.835391244323527 1.2241030931472778 0.7021854519844055
295 0.6858699917793274 6.077649523279204 3.157323122024536 1.4694762229919434 0.3390200734138489 2.834877774378969 1.2125554084777832 0.7067965269088745
296 0.6971947550773621 6.072918666775916 3.1565284729003906 1.4628236293792725 0.3531108498573303 2.8363943625032495 1.2061357498168945 0.6555430889129639
297 0.6942328810691833 6.056819842043252 3.157320737838745 1.463077425956726 0.35169196128845215 2.811944207681559 1.2056032419204712 0.6593281626701355
298 0.6944540739059448 6.060328237013386 3.1573596000671387 1.4642035961151123 0.3525775372982025 2.8147378327208328 1.2243163585662842 0.6651191711425781
299 0.6945177912712097 6.06066383517015 3.157161235809326 1.4632104635238647 0.3519726097583771 2.815936308569222 1.2232705354690552 0.6596713066101074
300 0.6920878887176514 6.06027304380777 3.1554598808288574 1.463774561882019 0.3506718873977661 2.8120091919688903 1.226483941078186 0.6597537994384766
301 0.6920878887176514 6.06027304380777 3.1554598808288574 1.463774561882019 0.3506718873977661 2.8120091919688903 1.226483941078186 0.6597537994384766
302 0.6923548579216003 6.06153611507834 3.155189037322998 1.463483214378357 0.3508537709712982 2.812915191437541 1.2263587713241577 0.6579418182373047
303 0.6858211159706116 6.066381907729212 3.1546196937561035 1.4621490240097046 0.33707544207572937 2.8136566206406286 1.2222771644592285 0.6536853313446045
304 0.6860322952270508 6.061732995205792 3.1564078330993652 1.4614993333816528 0.3366110622882843 2.807025363240363 1.2321408987045288 0.6534251570701599
305 0.6862217783927917 6.065706608706916 3.1563849449157715 1.4614685773849487 0.3357285261154175 2.8135529564483663 1.2152372598648071 0.6538212299346924
306 0.6862217783927917 6.065706608706916 3.1563849449157715 1.4614685773849487 0.3357285261154175 2.8135529564483663 1.2152372598648071 0.6538212299346924
307 0.6878232359886169 6.06516758129011 3.156299114227295 1.4615068435668945 0.33405402302742004 2.814816861813768 1.2312768697738647 0.653312623500824
308 0.6865065693855286 6.059662172438135 3.1559700965881348 1.4606385231018066 0.33374783396720886 2.808901841018018 1.2152059078216553 0.6515552401542664
309 0.6794598698616028 6.069617775959519 3.154742956161499 1.4614226818084717 0.32531335949897766 2.812383216786876 1.2175164222717285 0.6551574468612671
310 0.6796260476112366 6.071197542178938 3.1546804904937744 1.4614746570587158 0.3263656795024872 2.8133328547685807 1.2352397441864014 0.6556166410446167
311 0.6796260476112366 6.071197542178938 3.1546804904937744 1.4614746570587158 0.3263656795024872 2.8133328547685807 1.2352397441864014 0.6556166410446167
312 0.6835665702819824 6.06775021699637 3.1562652587890625 1.464870810508728 0.32855430245399475 2.8175545294978024 1.2382899522781372 0.657658040523529
313 0.6882129311561584 6.069308716315252 3.158733606338501 1.4634382724761963 0.33618831634521484 2.8185142431611188 1.2647418975830078 0.6567240357398987
314 0.6901252865791321 6.071358039352196 3.1594974994659424 1.4657742977142334 0.33649659156799316 2.8261982660498224 1.244760513305664 0.6609184741973877
315 0.6901252865791321 6.071358039352196 3.1594974994659424 1.4657742977142334 0.33649659156799316 2.8261982660498224 1.244760513305664 0.6609184741973877
316 0.6901252865791321 6.071358039352196 3.1594974994659424 1.4657742977142334 0.33649659156799316 2.8261982660498224 1.244760513305664 0.6609184741973877
317 0.6890491843223572 6.070339306763777 3.1566905975341797 1.4672695398330688 0.3351314961910248 2.817751151133412 1.2506747245788574 0.6676428318023682
318 0.6834611296653748 6.069847116504389 3.1571340560913086 1.4661915302276611 0.3364154100418091 2.816900450760741 1.233066439628601 0.6628676056861877
319 0.6861706376075745 6.061586401221195 3.1657416820526123 1.462929129600525 0.3335326015949249 2.8035307645385665 1.2712568044662476 0.6690645217895508
320 0.6855323314666748 6.058654953201098 3.1660661697387695 1.4630149602890015 0.332845538854599 2.801339738479312 1.2562057971954346 0.6694676280021667
321 0.6855323314666748 6.058654953201098 3.1660661697387695 1.4630149602890015 0.332845538854599 2.801339738479312 1.2562057971954346 0.6694676280021667
322 0.683548629283905 6.062975929519876 3.1667492389678955 1.4633620977401733 0.33868810534477234 2.7977862376814224 1.2593775987625122 0.6736000180244446
323 0.6859411597251892 6.064012300755861 3.1678106784820557 1.4651343822479248 0.3382415473461151 2.7900161790269244 1.26091730594635 0.6747651696205139
324 0.6855295300483704 6.064276488487802 3.1663436889648438 1.471773624420166 0.3376554548740387 2.7912310624601284 1.259021282196045 0.6871559619903564
325 0.6855219602584839 6.009169861297424 3.167239189147949 1.4686849117279053 0.33780011534690857 2.764597335682789 1.2725486755371094 0.6872020363807678
326 0.6855219602584839 6.009169861297424 3.167239189147949 1.4686849117279053 0.33780011534690857 2.764597335682789 1.2725486755371094 0.6872020363807678
327 0.6857004165649414 6.009180386086031 3.1685612201690674 1.4655944108963013 0.3377912938594818 2.7649715794684138 1.2697551250457764 0.6804016828536987
328 0.6862390041351318 6.010392497690108 3.169146776199341 1.4603363275527954 0.3388788402080536 2.7643262754622713 1.2648015022277832 0.6683382987976074
329 0.6861183643341064 6.012319970903743 3.1691341400146484 1.4602962732315063 0.33824434876441956 2.7660324550534368 1.2643810510635376 0.6680982112884521
330 0.6871223449707031 6.011543953010656 3.169492483139038 1.460335373878479 0.3381558358669281 2.764987858587682 1.2556748390197754 0.6710487604141235
331 0.6871223449707031 6.011543953010656 3.169492483139038 1.460335373878479 0.3381558358669281 2.764987858587682 1.2556748390197754 0.6710487604141235
332 0.6871223449707031 6.011543953010656 3.1681690216064453 1.460335373878479 0.3381558358669281 2.764987858587682 1.2586907148361206 0.6710487604141235
333 0.6894102692604065 6.0108389762150916 3.168515920639038 1.460505485534668 0.339781790971756 2.7663934775062997 1.2605799436569214 0.6725870966911316
334 0.6894147992134094 6.008966684880477 3.1855647563934326 1.4605090618133545 0.339805543422699 2.765348665217311 1.1953768730163574 0.6726012229919434
335 0.691466212272644 6.020822589993855 3.1855835914611816 1.4614814519882202 0.3459250032901764 2.7821976333693033 1.210885763168335 0.6757929921150208
336 0.691466212272644 6.020822589993855 3.1855835914611816 1.4614814519882202 0.3459250032901764 2.7821976333693033 1.210885763168335 0.6757929921150208
337 0.6851317882537842 6.022194742273404 3.1859290599823 1.460822582244873 0.3439888656139374 2.7837135097943966 1.2100247144699097 0.6734929084777832
338 0.6852589249610901 6.0221603087151845 3.186401128768921 1.4684544801712036 0.3473533093929291 2.7821715023246543 1.214040756225586 0.6686969995498657
339 0.6853716969490051 6.02495853510623 3.1851279735565186 1.4649810791015625 0.3592170476913452 2.8043442146494226 1.2178382873535156 0.6652125716209412
340 0.6816838979721069 6.015766821746284 3.1850554943084717 1.5666024684906006 0.34225642681121826 2.8000857549211835 1.2064242362976074 0.4565875232219696
341 0.6816838979721069 6.015766821746284 3.1850554943084717 1.5666024684906006 0.34225642681121826 2.8000857549211835 1.2064242362976074 0.4565875232219696
342 0.681266725063324 6.01467835358284 3.1854941844940186 1.5674538612365723 0.34260037541389465 2.7963944173595165 1.2018669843673706 0.45795148611068726
343 0.6789751052856445 6.014057068943572 3.1848716735839844 1.5675359964370728 0.33376267552375793 2.7968354475108104 1.1909838914871216 0.45754238963127136
344 0.6799871921539307 6.019366926428588 3.184199810028076 1.5719671249389648 0.3518032133579254 2.795229647641999 1.2011539936065674 0.4846276342868805
345 0.6884126663208008 6.021492328078934 3.1837692260742188 1.5759841203689575 0.36160942912101746 2.805054061263713 1.2026853561401367 0.5125271081924438
346 0.6884126663208008 6.021492328078934 3.1837692260742188 1.5759841203689575 0.36160942912101746 2.805054061263713 1.2026853561401367 0.5125271081924438
347 0.6884111762046814 6.02239352623858 3.183560848236084 1.4701796770095825 0.36160796880722046 2.807395441282704 1.1960502862930298 0.704698920249939
348 0.6889635920524597 6.007652864398303 3.182699203491211 1.472328543663025 0.3693271577358246 2.7686830209219346 1.1888978481292725 0.709325909614563
349 0.6892023086547852 6.004822908790425 3.182678699493408 1.469204306602478 0.3682428300380707 2.7659955582495384 1.204356074333191 0.7048355937004089
350 0.6857301592826843 6.003090958941784 3.1820263862609863 1.4723639488220215 0.373503178358078 2.7574195630854854 1.1857823133468628 0.7051072716712952
351 0.6857301592826843 6.003090958941784 3.1820263862609863 1.4723639488220215 0.373503178358078 2.7574195630854854 1.1857823133468628 0.7051072716712952
352 0.6849759817123413 5.994713935478489 3.180819272994995 1.4721832275390625 0.36626505851745605 2.7703097501851786 1.2029309272766113 0.7026870250701904
353 0.6807762980461121 5.990554211056466 3.1811037063598633 1.4701485633850098 0.3636510372161865 2.7678262621833287 1.2036559581756592 0.6956785321235657
354 0.6782974600791931 5.9924993441565 3.181117534637451 1.4683691263198853 0.36203643679618835 2.7672589558139116 1.2010619640350342 0.6907917261123657
355 0.6795518398284912 5.99697729717941 3.1784865856170654 1.4679794311523438 0.3604871332645416 2.7549135742440782 1.1956924200057983 0.6878907084465027
356 0.6795518398284912 5.99697729717941 3.1784865856170654 1.4679794311523438 0.3604871332645416 2.7549135742440782 1.1956924200057983 0.6878907084465027
357 0.6795838475227356 5.996163252170954 3.178463935852051 1.4679697751998901 0.360597163438797 2.7701136737453846 1.1791247129440308 0.6879792213439941
358 0.6795738339424133 5.99616811562181 3.1784462928771973 1.4679789543151855 0.36059296131134033 2.77011923954963 1.1791222095489502 0.6879687905311584
359 0.6795279383659363 5.996202026470213 3.178439140319824 1.4679601192474365 0.3605540692806244 2.770126683305856 1.1790961027145386 0.6878997087478638
360 0.6817116141319275 6.006664837911068 3.179859161376953 1.4662151336669922 0.34705159068107605 2.7714139551125156 1.172469973564148 0.6800087094306946
361 0.6817116141319275 6.006664837911068 3.179859161376953 1.4662151336669922 0.34705159068107605 2.7714139551125156 1.172469973564148 0.6800087094306946
362 0.6817166805267334 6.006481565104636 3.179753065109253 1.4689944982528687 0.3548264503479004 2.7657470949610974 1.176316738128662 0.6880626082420349
363 0.6818134188652039 6.006640101741613 3.179666757583618 1.4692118167877197 0.3552745580673218 2.7656352919122904 1.1786638498306274 0.688612163066864
364 0.6818687915802002 6.008000069051204 3.1796722412109375 1.4691977500915527 0.3553626239299774 2.766114716074647 1.1963574886322021 0.6885897517204285
365 0.6839237213134766 6.007069453055224 3.1794447898864746 1.4683053493499756 0.3525198698043823 2.766896498145904 1.1983927488327026 0.689094603061676
366 0.6839237213134766 6.007069453055224 3.1794447898864746 1.4683053493499756 0.3525198698043823 2.766896498145904 1.1983927488327026 0.689094603061676
367 0.6813691854476929 6.008944955800476 3.1801867485046387 1.467337965965271 0.34584277868270874 2.7728042263552775 1.193976879119873 0.6819835305213928
368 0.6810462474822998 6.035558453613966 3.1789870262145996 1.4607610702514648 0.35525816679000854 2.7712975505934625 1.1996508836746216 0.6915979981422424
369 0.6810314059257507 6.0350138441982235 3.1789557933807373 1.4597222805023193 0.35207369923591614 2.7731726771700416 1.1802425384521484 0.6876023411750793
370 0.6820456981658936 6.064087118717164 3.1793975830078125 1.4566389322280884 0.3385617733001709 2.775007197400101 1.167138934135437 0.6741440892219543
371 0.6820456981658936 6.064087118717164 3.1793975830078125 1.4566389322280884 0.3385617733001709 2.775007197400101 1.167138934135437 0.6741440892219543
372 0.6875274181365967 6.068847834041363 3.1822826862335205 1.4641910791397095 0.3508356809616089 2.7760158504614716 1.1734215021133423 0.6955437064170837
373 0.6875185370445251 6.066776860067653 3.182281970977783 1.4641892910003662 0.3508985638618469 2.772046674292283 1.1911206245422363 0.6955370903015137
374 0.6869480609893799 5.989578579370046 3.1813576221466064 1.4648207426071167 0.3525388836860657 2.718844612069958 1.186550498008728 0.6962456703186035
375 0.6869571208953857 6.07979735939995 3.1813645362854004 1.4648174047470093 0.352599173784256 2.801593687833156 1.1969835758209229 0.6962499022483826
376 0.6869571208953857 6.07979735939995 3.1813645362854004 1.4648174047470093 0.352599173784256 2.801593687833156 1.1969835758209229 0.6962499022483826
377 0.6887000203132629 6.021922974015822 3.1818971633911133 1.4677298069000244 0.3542132079601288 2.7522645527775125 1.1756455898284912 0.6996189951896667
378 0.6878053545951843 6.031391097491629 3.1813864707946777 1.461701512336731 0.33323240280151367 2.748607840044927 1.1822453737258911 0.6764587759971619
379 0.6883118748664856 6.031798755169469 3.1825368404388428 1.461492657661438 0.3329651653766632 2.749195488912529 1.189226746559143 0.6763556599617004
380 0.6887204647064209 6.030814139370045 3.182638168334961 1.4621381759643555 0.3318991959095001 2.749470240493618 1.1902598142623901 0.6782543063163757
381 0.6887204647064209 6.030814139370045 3.182638168334961 1.4621381759643555 0.3318991959095001 2.749470240493618 1.1902598142623901 0.6782543063163757
382 0.6881353259086609 6.027131143780748 3.178062915802002 1.462630033493042 0.3360040783882141 2.7477460134870477 1.1908048391342163 0.6823163032531738
383 0.6865476369857788 6.040006152235008 3.1782264709472656 1.4588607549667358 0.33003029227256775 2.7487663646899363 1.1851330995559692 0.6722920536994934
384 0.6855996251106262 6.0726799007982235 3.1756935119628906 1.457782506942749 0.33518072962760925 2.804114496827253 1.1927409172058105 0.6690065264701843
385 0.6861828565597534 6.072626823726076 3.1757352352142334 1.4578907489776611 0.3326725661754608 2.8048053223667715 1.193523645401001 0.6699078679084778
386 0.6861828565597534 6.072626823726076 3.1757352352142334 1.4578907489776611 0.3326725661754608 2.8048053223667715 1.193523645401001 0.6699078679084778
387 0.6857091784477234 6.072273552602057 3.1687653064727783 1.4573750495910645 0.3318648338317871 2.8040629589866466 1.1622421741485596 0.6679500341415405
388 0.6857091784477234 6.072273552602057 3.1687653064727783 1.4573750495910645 0.3318648338317871 2.8040629589866466 1.1622421741485596 0.6679500341415405
389 0.68524569272995 6.0703308720751 3.1686155796051025 1.4573442935943604 0.33184701204299927 2.800504777557113 1.1727890968322754 0.6681244373321533
390 0.686121940612793 6.072744145829375 3.1679415702819824 1.4593092203140259 0.3349315822124481 2.801112641920103 1.1801952123641968 0.6732608079910278
391 0.686121940612793 6.072744145829375 3.1679415702819824 1.4593092203140259 0.3349315822124481 2.801112641920103 1.1801952123641968 0.6732608079910278
392 0.6863000988960266 6.072339643437397 3.168118476867676 1.4592245817184448 0.33663302659988403 2.80017502194903 1.1797116994857788 0.672621488571167
393 0.6863000988960266 6.075221597175057 3.1680781841278076 1.4592245817184448 0.33663302659988403 2.80522408374105 1.1497209072113037 0.672621488571167
394 0.6862783432006836 6.0740272282191246 3.168020248413086 1.4592061042785645 0.3366568982601166 2.803551453533796 1.1437768936157227 0.6725699305534363
395 0.6850736737251282 6.038916619917269 3.168612480163574 1.5611101388931274 0.3374602794647217 2.8199691625893792 1.1309581995010376 0.46475934982299805
396 0.6850736737251282 6.038916619917269 3.168612480163574 1.5611101388931274 0.3374602794647217 2.8199691625893792 1.1309581995010376 0.46475934982299805
397 0.6849613785743713 6.036102767926536 3.168618679046631 1.561126947402954 0.33744707703590393 2.8165112075957373 1.1325856447219849 0.4646301865577698
398 0.6814660429954529 6.039980882794616 3.167924642562866 1.5606601238250732 0.3368353247642517 2.818691634422433 1.130447506904602 0.4600249230861664
399 0.6819400787353516 6.039252726023185 3.167616128921509 1.5611140727996826 0.34055888652801514 2.818216734084753 1.1351152658462524 0.4619843065738678
400 0.6804462671279907 6.037924713629393 3.1682515144348145 1.5613012313842773 0.33577248454093933 2.8217277512372245 1.137482762336731 0.4596385061740875
401 0.6804462671279907 6.037924713629393 3.1682515144348145 1.5613012313842773 0.33577248454093933 2.8217277512372245 1.137482762336731 0.4596385061740875
402 0.681450605392456 6.0373908362587105 3.1683192253112793 1.5617960691452026 0.33572158217430115 2.8215258535617616 1.1384761333465576 0.4606897830963135
403 0.6808760166168213 6.037268909171162 3.166987180709839 1.5617984533309937 0.33548223972320557 2.821562654519618 1.136481761932373 0.4610075056552887
404 0.6810975670814514 6.036975389509047 3.166811466217041 1.5617647171020508 0.33508968353271484 2.821238949035439 1.136429786682129 0.46130093932151794
405 0.6810975670814514 6.036462555050963 3.1652626991271973 1.5620936155319214 0.33508968353271484 2.8206014693264714 1.1307272911071777 0.46796929836273193
406 0.6810975670814514 6.036462555050963 3.1652626991271973 1.5620936155319214 0.33508968353271484 2.8206014693264714 1.1307272911071777 0.46796929836273193
407 0.6803374886512756 6.092793870607286 3.1655197143554688 1.5613651275634766 0.333091676235199 2.8520487953875904 1.1333513259887695 0.4645295739173889
408 0.6804082989692688 6.094796606416445 3.1656723022460938 1.561329960823059 0.33335205912590027 2.8535014708707664 1.151060700416565 0.4646199345588684
409 0.6801708936691284 6.096028758893315 3.1649820804595947 1.5602822303771973 0.3290605843067169 2.857463911930519 1.1491148471832275 0.4626740515232086
410 0.6871941685676575 6.01357983814555 3.164759635925293 1.5603487491607666 0.321208119392395 2.7988017443990016 1.1301007270812988 0.47025904059410095
411 0.6871941685676575 6.01357983814555 3.164759635925293 1.5603487491607666 0.321208119392395 2.7988017443990016 1.1301007270812988 0.47025904059410095
412 0.6859452724456787 6.01258537912418 3.1660706996917725 1.5592328310012817 0.31937268376350403 2.797514741511799 1.1314647197723389 0.46518754959106445
413 0.6867873668670654 6.014434747095481 3.1655900478363037 1.5602126121520996 0.3222722113132477 2.794115094696002 1.1473002433776855 0.46383950114250183
414 0.6870332360267639 6.011429269294967 3.165646553039551 1.5619267225265503 0.32701295614242554 2.7907314024527525 1.148749589920044 0.46820273995399475
415 0.6876544952392578 6.011758295530494 3.1657495498657227 1.5605902671813965 0.3297307789325714 2.7922402933073855 1.1484925746917725 0.45840075612068176
416 0.6876544952392578 6.011758295530494 3.1657495498657227 1.5605902671813965 0.3297307789325714 2.7922402933073855 1.1484925746917725 0.45840075612068176
417 0.683954119682312 6.013454016069579 3.1660654544830322 1.5612035989761353 0.33010295033454895 2.7899670515139907 1.1464893817901611 0.4582888185977936
418 0.6913729906082153 6.006318885994565 3.168182373046875 1.5608989000320435 0.3306545615196228 2.785843018655652 1.1476476192474365 0.4577760696411133
419 0.6896287202835083 6.020673179195678 3.1673784255981445 1.5623741149902344 0.3269652724266052 2.8104661583343598 1.1528387069702148 0.461343914270401
420 0.6899462342262268 6.020651691869789 3.1673858165740967 1.562369704246521 0.32697227597236633 2.8104889254593273 1.1528735160827637 0.46142175793647766
421 0.6894000172615051 6.0936146490150565 3.1550192832946777 1.567646861076355 0.3301500082015991 2.8671477494064637 1.1925485134124756 0.4732375144958496
422 0.6892727017402649 6.034414518384171 3.154642105102539 1.5676745176315308 0.3310840129852295 2.823604165895444 1.18744695186615 0.4731174409389496
423 0.6892954111099243 6.034458531679556 3.155160427093506 1.5657774209976196 0.3311379849910736 2.823634075852146 1.188427209854126 0.4675406217575073
424 0.6856411099433899 6.033692959545209 3.1553046703338623 1.5649327039718628 0.3240768313407898 2.885719140710261 1.1954433917999268 0.46597257256507874
425 0.6812992691993713 6.024407319449153 3.168400526046753 1.557213544845581 0.3017835021018982 2.820016913696214 1.1384929418563843 0.4358655512332916
426 0.6812992691993713 6.024407319449153 3.168400526046753 1.557213544845581 0.3017835021018982 2.820016913696214 1.1384929418563843 0.4358655512332916
427 0.6826855540275574 6.02084631968484 3.1693472862243652 1.5577610731124878 0.30575522780418396 2.8180496587057777 1.1428725719451904 0.4396058917045593
428 0.682379424571991 6.02076563459458 3.1697158813476563 1.5574487447738647 0.3051827549934387 2.8178971037903375 1.1427502632141113 0.4394092857837677
429 0.6800751090049744 6.018272697870746 3.168081283569336 1.5544592142105103 0.29992592334747314 2.8197714249819104 1.1360191106796265 0.42371413111686707
430 0.6865440011024475 6.027911947763963 3.1615803241729736 1.5625022649765015 0.33505958318710327 2.8227961202443357 1.1327980756759644 0.4616345763206482
431 0.6865440011024475 6.027911947763963 3.1615803241729736 1.5625022649765015 0.33505958318710327 2.8227961202443357 1.1327980756759644 0.4616345763206482
432 0.6948449015617371 6.030980723716053 3.1636574268341064 1.5671685934066772 0.3538530468940735 2.8229644588767826 1.145829439163208 0.48375794291496277
433 0.6949116587638855 6.081094223452485 3.16430926322937 1.5671586990356445 0.35389792919158936 2.83275333517571 1.1465266942977905 0.4837343692779541
434 0.6949044466018677 6.079478668011243 3.163578510284424 1.567201852798462 0.35388946533203125 2.8314398972878623 1.127941370010376 0.4832878112792969
435 0.6909620761871338 6.079359060995859 3.163041591644287 1.5694035291671753 0.34756800532341003 2.820819858938661 1.1265064477920532 0.483909010887146
436 0.6909620761871338 6.079359060995859 3.163041591644287 1.5694035291671753 0.34756800532341003 2.820819858938661 1.1265064477920532 0.483909010887146
437 0.696774423122406 6.079050696178816 3.1626272201538086 1.571146011352539 0.3539053201675415 2.8180443544798646 1.1438090801239014 0.49480491876602173
438 0.6978500485420227 6.083718543368626 3.162317991256714 1.5712037086486816 0.3547857403755188 2.8266177928995435 1.126538634300232 0.49583691358566284
439 0.6966914534568787 6.083089367689907 3.1625921726226807 1.5713837146759033 0.3493882119655609 2.828588870134364 1.128821611404419 0.49756211042404175
440 0.6979467868804932 6.079258157751158 3.163712739944458 1.5741806030273438 0.35386455059051514 2.8273081414867893 1.126933217048645 0.5019474625587463
441 0.6979467868804932 6.079258157751158 3.163712739944458 1.5741806030273438 0.35386455059051514 2.8273081414867893 1.126933217048645 0.5019474625587463
442 0.6987069845199585 6.073979749143053 3.1633100509643555 1.5720961093902588 0.3492424786090851 2.823289337448248 1.1420481204986572 0.49609607458114624
443 0.6905609369277954 6.079202592386907 3.16210675239563 1.5552949905395508 0.3050081431865692 2.8201211878629255 1.1124387979507446 0.4314994513988495
444 0.6930074095726013 6.056815553135772 3.1618356704711914 1.5564165115356445 0.31243276596069336 2.814678202167451 1.1173535585403442 0.43863946199417114
445 0.6953826546669006 6.058293226942535 3.162490129470825 1.5585136413574219 0.3156542479991913 2.8163503191245165 1.1216392517089844 0.44829392433166504
446 0.6953826546669006 6.058293226942535 3.162490129470825 1.5585136413574219 0.3156542479991913 2.8163503191245165 1.1216392517089844 0.44829392433166504
447 0.6951563954353333 6.058261343143564 3.1623077392578125 1.5581995248794556 0.3149799406528473 2.8163572276213102 1.1210503578186035 0.447920560836792
448 0.6936435103416443 6.075766004008977 3.1618971824645996 1.5714465379714966 0.34822309017181396 2.813387474244449 1.1414436101913452 0.49634188413619995
449 0.6941636204719543 6.075587016714426 3.1625072956085205 1.5714508295059204 0.34836581349372864 2.8134113349720162 1.1399282217025757 0.4959797263145447
450 0.6938114762306213 6.075256345458931 3.1624817848205566 1.5716485977172852 0.3485378921031952 2.812767669166334 1.1400885581970215 0.49637994170188904
451 0.6938114762306213 6.075256345458931 3.1624817848205566 1.5716485977172852 0.3485378921031952 2.812767669166334 1.1400885581970215 0.49637994170188904
452 0.6930513381958008 6.073631553114756 3.162367343902588 1.5711033344268799 0.3461640179157257 2.809589663718647 1.1394617557525635 0.494840145111084
453 0.6927198767662048 6.073803961341731 3.1624045372009277 1.5711952447891235 0.34730011224746704 2.808445916238827 1.1398634910583496 0.4965807795524597
454 0.6906976103782654 6.075154472153628 3.161937713623047 1.5719428062438965 0.34794482588768005 2.810525786308817 1.141348958015442 0.4979111850261688
455 0.6913418173789978 6.075903763136648 3.161978006362915 1.571958065032959 0.34923577308654785 2.8128969625915685 1.1232155561447144 0.4980158805847168
456 0.6913418173789978 6.075903763136648 3.161978006362915 1.571958065032959 0.34923577308654785 2.8128969625915685 1.1232155561447144 0.4980158805847168
457 0.6931949257850647 6.081504351121308 3.163156747817993 1.5714470148086548 0.3472977578639984 2.8216259576232634 1.124220371246338 0.49250277876853943
458 0.6931434273719788 6.081528310934647 3.164527177810669 1.5714340209960938 0.34724003076553345 2.8216826818802585 1.1322308778762817 0.49254414439201355
459 0.6943033337593079 6.084017561688059 3.164665460586548 1.5715888738632202 0.3494679629802704 2.824994536571729 1.1504416465759277 0.49435484409332275
460 0.6947107315063477 6.0824037471983 3.1647350788116455 1.5716054439544678 0.3498872220516205 2.831538619181117 1.1517084836959839 0.4946439564228058
461 0.6947107315063477 6.0824037471983 3.1647350788116455 1.5716054439544678 0.3498872220516205 2.831538619181117 1.1517084836959839 0.4946439564228058
462 0.6947107315063477 6.08367492872713 3.1647350788116455 1.5716054439544678 0.3498872220516205 2.83340335359064 1.151465892791748 0.4946439564228058
463 0.6879028677940369 6.147925058553676 3.162337303161621 1.5683720111846924 0.3311060667037964 2.861724447035862 1.1442046165466309 0.4616158902645111
464 0.6913430094718933 6.163087056986082 3.156304121017456 1.5677531957626343 0.32549217343330383 2.890883846484775 1.131174921989441 0.45848608016967773
465 0.6914027333259583 6.163073213434544 3.1551544666290283 1.56773841381073 0.3255212903022766 2.890888017144888 1.1227099895477295 0.4584936797618866
466 0.6914027333259583 6.163073213434544 3.1551544666290283 1.56773841381073 0.3255212903022766 2.890888017144888 1.1227099895477295 0.4584936797618866
467 0.6912727355957031 6.1622809564829755 3.155118227005005 1.567630410194397 0.3253962993621826 2.88863890667047 1.1407842636108398 0.4583662450313568
468 0.6922053098678589 6.1623136999466 3.154334306716919 1.5676612854003906 0.3275858461856842 2.8889327486111127 1.1407864093780518 0.45846492052078247
469 0.7079458832740784 6.07870401088717 3.1559910774230957 1.5786625146865845 0.3592933118343353 2.828238463521809 1.1525737047195435 0.5036341547966003
470 0.7316180467605591 6.070761986073986 3.1585512161254883 1.5809271335601807 0.39411020278930664 2.8324576481875914 1.1661057472229004 0.5157191157341003
471 0.7316180467605591 6.070761986073986 3.1585512161254883 1.5809271335601807 0.39411020278930664 2.8324576481875914 1.1661057472229004 0.5157191157341003
472 0.732516348361969 6.075617314834627 3.1589295864105225 1.5811015367507935 0.3965481221675873 2.841964697687464 1.1604918241500854 0.5168554186820984
473 0.7307581305503845 6.074530108427304 3.1584174633026123 1.5819988250732422 0.3968948423862457 2.841174521114971 1.1594849824905396 0.5179118514060974
474 0.7178353667259216 6.078448789466367 3.1571288108825684 1.580362319946289 0.38100531697273254 2.8388550632991962 1.1670902967453003 0.5100203156471252
475 0.7214231491088867 6.076939253990586 3.1572935581207275 1.5771815776824951 0.36887404322624207 2.839733752964321 1.1652206182479858 0.5091813206672668
476 0.7214231491088867 6.076939253990586 3.1572935581207275 1.5771815776824951 0.36887404322624207 2.839733752964321 1.1652206182479858 0.5091813206672668
477 0.724920928478241 6.081268939890442 3.1560466289520264 1.579696536064148 0.3621665835380554 2.8553060240568757 1.1724311113357544 0.5042432546615601
478 0.724442720413208 6.081475492065209 3.1561434268951416 1.579473614692688 0.36062732338905334 2.855518608574742 1.1721982955932617 0.5040639042854309
479 0.7243934869766235 6.081574022017048 3.156262159347534 1.5800338983535767 0.36051660776138306 2.8560462225557774 1.172745943069458 0.5049473643302917
480 0.7261617183685303 6.072620104314864 3.1564443111419678 1.5802557468414307 0.36371132731437683 2.842809155486899 1.1738237142562866 0.5108064413070679
481 0.7261617183685303 6.072620104314864 3.1564443111419678 1.5802557468414307 0.36371132731437683 2.842809155486899 1.1738237142562866 0.5108064413070679
482 0.726150631904602 6.084310564794096 3.1555047035217285 1.578729510307312 0.3695850670337677 2.8319301841528057 1.1653145551681519 0.5025492310523987
483 0.7216259837150574 6.10021708046358 3.15358567237854 1.5737484693527222 0.36152055859565735 2.8422060659939206 1.1573572158813477 0.4920583665370941
484 0.7241879105567932 6.083711656867904 3.155412435531616 1.577597975730896 0.368136465549469 2.8195166680588386 1.162166953086853 0.5022359490394592
485 0.7206149697303772 6.0803965962371365 3.1530508995056152 1.5761200189590454 0.36094534397125244 2.809814369084319 1.1527053117752075 0.4906615912914276
486 0.7206149697303772 6.0803965962371365 3.1530508995056152 1.5761200189590454 0.36094534397125244 2.809814369084319 1.1527053117752075 0.4906615912914276
487 0.7231256365776062 6.076920643222885 3.1576807498931885 1.5768219232559204 0.35005566477775574 2.8111658336158727 1.1264337301254272 0.49474695324897766
488 0.714165449142456 6.069795224401361 3.158808469772339 1.5701534748077393 0.33351826667785645 2.7996689730185373 1.116487979888916 0.4721966087818146
489 0.712412416934967 6.071934507099828 3.166811466217041 1.5706019401550293 0.3391612768173218 2.8061210345333594 1.168636679649353 0.4828253984451294
490 0.7103357315063477 6.070713084811593 3.1663661003112793 1.570725440979004 0.3333812355995178 2.807881987618904 1.1693041324615479 0.4863189160823822
491 0.7103363871574402 6.070712266476679 3.166370391845703 1.5707229375839233 0.33338266611099243 2.807882146720847 1.169385552406311 0.48631590604782104
492 0.7113829255104065 6.071425554965218 3.1662943363189697 1.5777761936187744 0.3378107249736786 2.8092517367930725 1.1579647064208984 0.5117572546005249
493 0.7135488390922546 6.0662252855162535 3.1667561531066895 1.5776638984680176 0.34796369075775146 2.816950373617403 1.1654340028762817 0.5239001512527466
494 0.7161746621131897 6.066377384178402 3.1675806045532227 1.5797032117843628 0.3511964678764343 2.81648253519256 1.1852660179138184 0.5326223373413086
495 0.7149708271026611 6.0600526647585395 3.166940927505493 1.5784608125686646 0.3457843065261841 2.8141799212668164 1.1765193939208984 0.5164207816123962
496 0.7149708271026611 6.0600526647585395 3.166940927505493 1.5784608125686646 0.3457843065261841 2.8141799212668164 1.1765193939208984 0.5164207816123962
497 0.7121081352233887 6.057073584476752 3.166503667831421 1.5769591331481934 0.3434024453163147 2.8110353698270734 1.1748661994934082 0.5109741687774658
498 0.7119163870811462 6.116538282944971 3.1665031909942627 1.57694673538208 0.3438524901866913 2.8478665783032815 1.1800788640975952 0.5104649066925049
499 0.7119137048721313 6.149472877919846 3.1656839847564697 1.5763596296310425 0.343763142824173 2.905718466064257 1.1866940259933472 0.509121835231781
500 0.71254962682724 6.1495616084832205 3.1664533615112305 1.5766584873199463 0.3447546362876892 2.906118309231381 1.1863435506820679 0.5106123089790344
